  0.00532470   0.02301890
  0.00532730   0.02291670
  0.00532990   0.02281440
  0.00533240   0.02271210
  0.00533500   0.02260990
  0.00533750   0.02250760
  0.00534010   0.02240540
  0.00534260   0.02230310
  0.00534520   0.02220090
  0.00534770   0.02209860
  0.00535030   0.02199640
  0.00535280   0.02189410
  0.00535540   0.02179190
  0.00535790   0.02168960
  0.00536050   0.02158740
  0.00536300   0.02148510
  0.00536560   0.02138290
  0.00536810   0.02128060
  0.00537070   0.02117840
  0.00537330   0.02107610
  0.00537580   0.02097390
  0.00537840   0.02087160
  0.00538090   0.02076940
  0.00538350   0.02066710
  0.00538600   0.02056490
  0.00538860   0.02046260
  0.00539110   0.02036040
  0.00539370   0.02025810
  0.00539620   0.02015590
  0.00539880   0.02005360
  0.00540130   0.01995140
  0.00540390   0.01984910
  0.00540640   0.01974680
  0.00540900   0.01964460
  0.00541160   0.01954230
  0.00541410   0.01944010
  0.00541670   0.01933780
  0.00541920   0.01923560
  0.00542180   0.01913330
  0.00542430   0.01903110
  0.00542690   0.01892880
  0.00542940   0.01882660
  0.00543200   0.01872430
  0.00543450   0.01862210
  0.00543710   0.01851980
  0.00543960   0.01841760
  0.00544220   0.01831530
  0.00544470   0.01821310
  0.00544730   0.01811080
  0.00544980   0.01800860
  0.00545240   0.01790630
  0.00545500   0.01780410
  0.00545750   0.01770180
  0.00546010   0.01759960
  0.00546260   0.01749730
  0.00546520   0.01739510
  0.00546770   0.01729280
  0.00547030   0.01719060
  0.00547280   0.01708830
  0.00547540   0.01698610
  0.00547790   0.01688380
  0.00548050   0.01678160
  0.00548300   0.01667930
  0.00548560   0.01657700
  0.00548810   0.01647480
  0.00549070   0.01637250
  0.00549330   0.01627030
  0.00549580   0.01616800
  0.00549840   0.01606580
  0.00550090   0.01596350
  0.00550350   0.01586130
  0.00550600   0.01575900
  0.00550860   0.01565680
  0.00551110   0.01555450
  0.00551370   0.01545230
  0.00551620   0.01535000
  0.00551880   0.01524780
  0.00552130   0.01514550
  0.00552400   0.01504330
  0.00552730   0.01494100
  0.00553140   0.01483880
  0.00553630   0.01473670
  0.00554200   0.01463460
  0.00554850   0.01453250
  0.00555580   0.01443050
  0.00556400   0.01432850
  0.00557290   0.01422660
  0.00558260   0.01412480
  0.00559310   0.01402300
  0.00560450   0.01392140
  0.00561660   0.01381980
  0.00562950   0.01371840
  0.00564320   0.01361700
  0.00565780   0.01351580
  0.00567310   0.01341460
  0.00568920   0.01331360
  0.00570610   0.01321280
  0.00572380   0.01311200
  0.00574230   0.01301140
  0.00576160   0.01291100
  0.00578160   0.01281070
  0.00580250   0.01271050
  0.00582420   0.01261060
  0.00584660   0.01251080
  0.00586980   0.01241120
  0.00589380   0.01231170
  0.00591860   0.01221250
  0.00594420   0.01211350
  0.00597050   0.01201460
  0.00599760   0.01191600
  0.00602550   0.01181760
  0.00605420   0.01171940
  0.00608360   0.01162150
  0.00611380   0.01152370
  0.00614480   0.01142630
  0.00617650   0.01132900
  0.00620900   0.01123200
  0.00624230   0.01113530
  0.00627630   0.01103890
  0.00631110   0.01094270
  0.00634670   0.01084680
  0.00638300   0.01075110
  0.00642000   0.01065580
  0.00645780   0.01056080
  0.00649630   0.01046600
  0.00653560   0.01037160
  0.00657570   0.01027750
  0.00661640   0.01018360
  0.00665790   0.01009020
  0.00670020   0.00999700
  0.00674310   0.00990420
  0.00678680   0.00981170
  0.00683130   0.00971960
  0.00687640   0.00962780
  0.00692230   0.00953640
  0.00696890   0.00944530
  0.00701620   0.00935460
  0.00706420   0.00926430
  0.00711290   0.00917440
  0.00716230   0.00908480
  0.00721250   0.00899570
  0.00726330   0.00890690
  0.00731480   0.00881860
  0.00736710   0.00873060
  0.00742000   0.00864310
  0.00747360   0.00855600
  0.00752780   0.00846930
  0.00758280   0.00838300
  0.00763850   0.00829720
  0.00769480   0.00821180
  0.00775180   0.00812690
  0.00780940   0.00804240
  0.00786770   0.00795840
  0.00792670   0.00787480
  0.00798630   0.00779170
  0.00804660   0.00770910
  0.00810750   0.00762690
  0.00816910   0.00754520
  0.00823130   0.00746400
  0.00829420   0.00738330
  0.00835770   0.00730310
  0.00842180   0.00722350
  0.00848650   0.00714430
  0.00855190   0.00706560
  0.00861780   0.00698740
  0.00868440   0.00690980
  0.00875160   0.00683270
  0.00881940   0.00675610
  0.00888780   0.00668010
  0.00895680   0.00660450
  0.00902640   0.00652960
  0.00909660   0.00645520
  0.00916740   0.00638130
  0.00923870   0.00630800
  0.00931060   0.00623530
  0.00938310   0.00616310
  0.00945620   0.00609150
  0.00952980   0.00602050
  0.00960390   0.00595010
  0.00967870   0.00588020
  0.00975390   0.00581100
  0.00982970   0.00574230
  0.00990610   0.00567430
  0.00998300   0.00560680
  0.01006040   0.00553990
  0.01013830   0.00547370
  0.01021680   0.00540810
  0.01029570   0.00534310
  0.01037520   0.00527870
  0.01045520   0.00521490
  0.01053570   0.00515180
  0.01061660   0.00508930
  0.01069810   0.00502740
  0.01078010   0.00496620
  0.01086250   0.00490570
  0.01094540   0.00484580
  0.01102870   0.00478650
  0.01111260   0.00472790
  0.01119690   0.00467000
  0.01128160   0.00461270
  0.01136680   0.00455610
  0.01145240   0.00450010
  0.01153850   0.00444490
  0.01162500   0.00439030
  0.01171190   0.00433640
  0.01179930   0.00428320
  0.01188710   0.00423070
  0.01197520   0.00417880
  0.01206380   0.00412770
  0.01215280   0.00407730
  0.01224220   0.00402750
  0.01233190   0.00397850
  0.01242210   0.00393020
  0.01251260   0.00388260
  0.01260350   0.00383570
  0.01269480   0.00378950
  0.01278640   0.00374400
  0.01287840   0.00369930
  0.01297070   0.00365530
  0.01306340   0.00361200
  0.01315640   0.00356940
  0.01324970   0.00352760
  0.01334340   0.00348650
  0.01343740   0.00344620
  0.01353170   0.00340650
  0.01362630   0.00336770
  0.01372120   0.00332960
  0.01381640   0.00329220
  0.01391190   0.00325560
  0.01400770   0.00321970
  0.01410380   0.00318460
  0.01420010   0.00315020
  0.01429670   0.00311660
  0.01439360   0.00308380
  0.01449070   0.00305170
  0.01458810   0.00302040
  0.01468570   0.00298990
  0.01478360   0.00296010
  0.01488170   0.00293110
  0.01498000   0.00290290
  0.01507850   0.00287540
  0.01517720   0.00284870
  0.01527620   0.00282280
  0.01537530   0.00279740
  0.01547440   0.00277210
  0.01557350   0.00274700
  0.01567270   0.00272200
  0.01577190   0.00269710
  0.01587120   0.00267230
  0.01597040   0.00264770
  0.01606970   0.00262320
  0.01616910   0.00259880
  0.01626840   0.00257450
  0.01636780   0.00255040
  0.01646730   0.00252640
  0.01656670   0.00250250
  0.01666620   0.00247880
  0.01676570   0.00245520
  0.01686530   0.00243170
  0.01696480   0.00240830
  0.01706450   0.00238510
  0.01716410   0.00236200
  0.01726380   0.00233900
  0.01736350   0.00231610
  0.01746320   0.00229340
  0.01756290   0.00227080
  0.01766270   0.00224830
  0.01776250   0.00222600
  0.01786240   0.00220370
  0.01796220   0.00218170
  0.01806210   0.00215970
  0.01816210   0.00213790
  0.01826200   0.00211610
  0.01836200   0.00209460
  0.01846200   0.00207310
  0.01856200   0.00205180
  0.01866210   0.00203060
  0.01876220   0.00200950
  0.01886230   0.00198860
  0.01896250   0.00196780
  0.01906260   0.00194710
  0.01916280   0.00192650
  0.01926310   0.00190610
  0.01936330   0.00188580
  0.01946360   0.00186560
  0.01956390   0.00184560
  0.01966420   0.00182570
  0.01976460   0.00180590
  0.01986490   0.00178620
  0.01996530   0.00176670
  0.02006580   0.00174730
  0.02016620   0.00172800
  0.02026670   0.00170890
  0.02036720   0.00168990
  0.02046770   0.00167100
  0.02056830   0.00165220
  0.02066880   0.00163360
  0.02076940   0.00161510
  0.02087000   0.00159670
  0.02097070   0.00157850
  0.02107140   0.00156030
  0.02117200   0.00154230
  0.02127280   0.00152450
  0.02137350   0.00150680
  0.02147420   0.00148920
  0.02157500   0.00147170
  0.02167580   0.00145430
  0.02177670   0.00143710
  0.02187750   0.00142000
  0.02197840   0.00140310
  0.02207930   0.00138630
  0.02218020   0.00136960
  0.02228110   0.00135300
  0.02238210   0.00133650
  0.02248300   0.00132020
  0.02258400   0.00130400
  0.02268500   0.00128800
  0.02278610   0.00127210
  0.02288710   0.00125630
  0.02298820   0.00124060
  0.02308930   0.00122510
  0.02319040   0.00120970
  0.02329160   0.00119440
  0.02339270   0.00117920
  0.02349390   0.00116420
  0.02359510   0.00114930
  0.02369630   0.00113460
  0.02379750   0.00111990
  0.02389880   0.00110540
  0.02400000   0.00109110
  0.02410130   0.00107680
  0.02420260   0.00106270
  0.02430400   0.00104870
  0.02440530   0.00103490
  0.02450670   0.00102110
  0.02460800   0.00100750
  0.02470940   0.00099410
  0.02481080   0.00098070
  0.02491230   0.00096750
  0.02501370   0.00095450
  0.02511520   0.00094150
  0.02521660   0.00092870
  0.02531810   0.00091600
  0.02541970   0.00090340
  0.02552120   0.00089100
  0.02562270   0.00087870
  0.02572430   0.00086660
  0.02582580   0.00085450
  0.02592740   0.00084260
  0.02602900   0.00083080
  0.02613070   0.00081920
  0.02623230   0.00080770
  0.02633390   0.00079630
  0.02643560   0.00078500
  0.02653730   0.00077390
  0.02663900   0.00076290
  0.02674070   0.00075200
  0.02684240   0.00074130
  0.02694410   0.00073070
  0.02704590   0.00072020
  0.02714760   0.00070980
  0.02724940   0.00069960
  0.02735120   0.00068950
  0.02745300   0.00067960
  0.02755480   0.00066970
  0.02765660   0.00066000
  0.02775840   0.00065050
  0.02786030   0.00064100
  0.02796220   0.00063170
  0.02806400   0.00062260
  0.02816590   0.00061350
  0.02826780   0.00060460
  0.02836970   0.00059580
  0.02847160   0.00058720
  0.02857360   0.00057860
  0.02867550   0.00057020
  0.02877740   0.00056200
  0.02887940   0.00055380
  0.02898140   0.00054580
  0.02908330   0.00053800
  0.02918530   0.00053020
  0.02928730   0.00052260
  0.02938930   0.00051510
  0.02949140   0.00050780
  0.02959340   0.00050050
  0.02969540   0.00049340
  0.02979750   0.00048650
  0.02989950   0.00047970
  0.03000160   0.00047300
  0.03010370   0.00046640
  0.03020580   0.00046000
  0.03030780   0.00045360
  0.03040990   0.00044750
  0.03051200   0.00044140
  0.03061410   0.00043540
  0.03071630   0.00042950
  0.03081840   0.00042360
  0.03092050   0.00041770
  0.03102260   0.00041180
  0.03112470   0.00040600
  0.03122680   0.00040020
  0.03132900   0.00039450
  0.03143110   0.00038870
  0.03153320   0.00038310
  0.03163530   0.00037740
  0.03173750   0.00037180
  0.03183960   0.00036620
  0.03194170   0.00036070
  0.03204390   0.00035520
  0.03214600   0.00034970
  0.03224810   0.00034430
  0.03235030   0.00033890
  0.03245240   0.00033350
  0.03255460   0.00032820
  0.03265670   0.00032290
  0.03275890   0.00031760
  0.03286100   0.00031240
  0.03296320   0.00030720
  0.03306530   0.00030200
  0.03316750   0.00029690
  0.03326960   0.00029180
  0.03337180   0.00028670
  0.03347390   0.00028170
  0.03357610   0.00027670
  0.03367830   0.00027180
  0.03378040   0.00026690
  0.03388260   0.00026200
  0.03398480   0.00025710
  0.03408690   0.00025230
  0.03418910   0.00024760
  0.03429130   0.00024280
  0.03439350   0.00023810
  0.03449560   0.00023340
  0.03459780   0.00022880
  0.03470000   0.00022420
  0.03480220   0.00021960
  0.03490440   0.00021510
  0.03500660   0.00021060
  0.03510870   0.00020610
  0.03521090   0.00020170
  0.03531310   0.00019730
  0.03541530   0.00019300
  0.03551750   0.00018860
  0.03561970   0.00018440
  0.03572190   0.00018010
  0.03582410   0.00017590
  0.03592630   0.00017170
  0.03602850   0.00016760
  0.03613070   0.00016340
  0.03623290   0.00015940
  0.03633510   0.00015530
  0.03643730   0.00015130
  0.03653950   0.00014730
  0.03664170   0.00014340
  0.03674390   0.00013950
  0.03684610   0.00013560
  0.03694830   0.00013180
  0.03705050   0.00012800
  0.03715280   0.00012420
  0.03725500   0.00012050
  0.03735720   0.00011680
  0.03745940   0.00011310
  0.03756160   0.00010950
  0.03766390   0.00010590
  0.03776610   0.00010240
  0.03786830   0.00009880
  0.03797050   0.00009530
  0.03807270   0.00009190
  0.03817500   0.00008850
  0.03827720   0.00008510
  0.03837940   0.00008170
  0.03848170   0.00007840
  0.03858390   0.00007520
  0.03868610   0.00007190
  0.03878840   0.00006870
  0.03889060   0.00006550
  0.03899280   0.00006240
  0.03909510   0.00005930
  0.03919730   0.00005620
  0.03929950   0.00005320
  0.03940180   0.00005020
  0.03950400   0.00004720
  0.03960630   0.00004430
  0.03970850   0.00004140
  0.03981070   0.00003850
  0.03991300   0.00003570
  0.04001520   0.00003290
  0.04011750   0.00003020
  0.04021970   0.00002750
  0.04032200   0.00002480
  0.04042420   0.00002210
  0.04052650   0.00001950
  0.04062870   0.00001700
  0.04073100   0.00001450
  0.04083320   0.00001200
  0.04093550   0.00000960
  0.04103770   0.00000730
  0.04114000   0.00000490
  0.04124230   0.00000260
  0.04134450   0.00000040
  0.04144680  -0.00000190
  0.04154900  -0.00000410
  0.04165130  -0.00000620
  0.04175360  -0.00000840
  0.04185580  -0.00001050
  0.04195810  -0.00001250
  0.04206030  -0.00001460
  0.04216260  -0.00001650
  0.04226490  -0.00001850
  0.04236710  -0.00002040
  0.04246940  -0.00002230
  0.04257170  -0.00002420
  0.04267390  -0.00002600
  0.04277620  -0.00002780
  0.04287850  -0.00002950
  0.04298070  -0.00003120
  0.04308300  -0.00003290
  0.04318530  -0.00003450
  0.04328760  -0.00003610
  0.04338980  -0.00003770
  0.04349210  -0.00003920
  0.04359440  -0.00004070
  0.04369660  -0.00004220
  0.04379890  -0.00004360
  0.04390120  -0.00004500
  0.04400350  -0.00004640
  0.04410570  -0.00004770
  0.04420800  -0.00004900
  0.04431030  -0.00005030
  0.04441260  -0.00005150
  0.04451480  -0.00005270
  0.04461710  -0.00005390
  0.04471940  -0.00005500
  0.04482170  -0.00005610
  0.04492400  -0.00005710
  0.04502620  -0.00005810
  0.04512850  -0.00005910
  0.04523080  -0.00006000
  0.04533310  -0.00006090
  0.04543540  -0.00006180
  0.04553760  -0.00006270
  0.04563990  -0.00006350
  0.04574220  -0.00006420
  0.04584450  -0.00006500
  0.04594680  -0.00006570
  0.04604900  -0.00006630
  0.04615130  -0.00006700
  0.04625360  -0.00006760
  0.04635590  -0.00006810
  0.04645820  -0.00006870
  0.04656040  -0.00006910
  0.04666270  -0.00006960
  0.04676500  -0.00007000
  0.04686730  -0.00007040
  0.04696960  -0.00007080
  0.04707190  -0.00007110
  0.04717410  -0.00007140
  0.04727640  -0.00007160
  0.04737870  -0.00007180
  0.04748100  -0.00007200
  0.04758330  -0.00007210
  0.04768560  -0.00007220
  0.04778780  -0.00007230
  0.04789010  -0.00007240
  0.04799240  -0.00007240
  0.04809470  -0.00007230
  0.04819700  -0.00007230
  0.04829930  -0.00007220
  0.04840150  -0.00007200
  0.04850380  -0.00007180
  0.04860610  -0.00007160
  0.04870840  -0.00007140
  0.04881070  -0.00007110
  0.04891300  -0.00007080
  0.04901520  -0.00007050
  0.04911750  -0.00007010
  0.04921980  -0.00006970
  0.04932210  -0.00006920
  0.04942440  -0.00006870
  0.04952670  -0.00006820
  0.04962890  -0.00006770
  0.04973120  -0.00006710
  0.04983350  -0.00006640
  0.04993580  -0.00006580
  0.05003810  -0.00006510
  0.05014030  -0.00006440
  0.05024260  -0.00006360
  0.05034490  -0.00006280
  0.05044720  -0.00006200
  0.05054950  -0.00006110
  0.05065170  -0.00006020
  0.05075400  -0.00005920
  0.05085630  -0.00005810
  0.05095860  -0.00005680
  0.05106090  -0.00005540
  0.05116310  -0.00005390
  0.05126540  -0.00005220
  0.05136770  -0.00005040
  0.05146990  -0.00004850
  0.05157220  -0.00004640
  0.05167450  -0.00004420
  0.05177670  -0.00004190
  0.05187900  -0.00003950
  0.05198120  -0.00003690
  0.05208350  -0.00003420
  0.05218570  -0.00003140
  0.05228790  -0.00002840
  0.05239020  -0.00002530
  0.05249240  -0.00002210
  0.05259460  -0.00001870
  0.05269690  -0.00001520
  0.05279910  -0.00001160
  0.05290130  -0.00000780
  0.05300350  -0.00000390
  0.05310570   0.00000010
  0.05320790   0.00000420
  0.05331010   0.00000850
  0.05341230   0.00001290
  0.05351450   0.00001740
  0.05361670   0.00002210
  0.05371880   0.00002690
  0.05382100   0.00003180
  0.05392320   0.00003690
  0.05402530   0.00004210
  0.05412740   0.00004740
  0.05422960   0.00005290
  0.05433170   0.00005840
  0.05443380   0.00006420
  0.05453600   0.00007000
  0.05463810   0.00007600
  0.05474020   0.00008210
  0.05484230   0.00008830
  0.05494430   0.00009470
  0.05504640   0.00010120
  0.05514850   0.00010780
  0.05525060   0.00011460
  0.05535260   0.00012140
  0.05545460   0.00012850
  0.05555670   0.00013560
  0.05565870   0.00014290
  0.05576070   0.00015030
  0.05586270   0.00015780
  0.05596470   0.00016550
  0.05606670   0.00017330
  0.05616870   0.00018120
  0.05627060   0.00018930
  0.05637260   0.00019750
  0.05647450   0.00020580
  0.05657650   0.00021430
  0.05667840   0.00022290
  0.05678030   0.00023160
  0.05688220   0.00024040
  0.05698410   0.00024940
  0.05708600   0.00025850
  0.05718780   0.00026770
  0.05728970   0.00027710
  0.05739150   0.00028660
  0.05749340   0.00029620
  0.05759520   0.00030600
  0.05769700   0.00031590
  0.05779880   0.00032590
  0.05790060   0.00033600
  0.05800230   0.00034630
  0.05810410   0.00035670
  0.05820580   0.00036720
  0.05830750   0.00037790
  0.05840930   0.00038870
  0.05851100   0.00039960
  0.05861260   0.00041070
  0.05871430   0.00042190
  0.05881600   0.00043320
  0.05891760   0.00044460
  0.05901920   0.00045620
  0.05912080   0.00046790
  0.05922240   0.00047970
  0.05932400   0.00049170
  0.05942560   0.00050380
  0.05952710   0.00051600
  0.05962870   0.00052840
  0.05973020   0.00054090
  0.05983170   0.00055350
  0.05993320   0.00056620
  0.06003470   0.00057910
  0.06013610   0.00059210
  0.06023750   0.00060520
  0.06033900   0.00061850
  0.06044040   0.00063190
  0.06054180   0.00064540
  0.06064310   0.00065910
  0.06074450   0.00067290
  0.06084580   0.00068680
  0.06094710   0.00070080
  0.06104840   0.00071500
  0.06114970   0.00072930
  0.06125100   0.00074370
  0.06135220   0.00075830
  0.06145340   0.00077300
  0.06155460   0.00078780
  0.06165580   0.00080270
  0.06175700   0.00081780
  0.06185810   0.00083300
  0.06195930   0.00084830
  0.06206040   0.00086380
  0.06216140   0.00087940
  0.06226250   0.00089510
  0.06236360   0.00091100
  0.06246460   0.00092700
  0.06256560   0.00094310
  0.06266660   0.00095930
  0.06276750   0.00097570
  0.06286850   0.00099220
  0.06296940   0.00100880
  0.06307030   0.00102560
  0.06317120   0.00104240
  0.06327210   0.00105940
  0.06337290   0.00107660
  0.06347370   0.00109390
  0.06357450   0.00111130
  0.06367530   0.00112880
  0.06377600   0.00114650
  0.06387670   0.00116420
  0.06397740   0.00118220
  0.06407810   0.00120020
  0.06417880   0.00121840
  0.06427940   0.00123670
  0.06438000   0.00125510
  0.06448060   0.00127370
  0.06458120   0.00129240
  0.06468170   0.00131120
  0.06478220   0.00133010
  0.06488270   0.00134920
  0.06498320   0.00136840
  0.06508360   0.00138770
  0.06518400   0.00140720
  0.06528440   0.00142680
  0.06538480   0.00144650
  0.06548510   0.00146630
  0.06558540   0.00148630
  0.06568570   0.00150640
  0.06578600   0.00152660
  0.06588620   0.00154700
  0.06598640   0.00156760
  0.06608640   0.00158890
  0.06618630   0.00161110
  0.06628600   0.00163400
  0.06638550   0.00165770
  0.06648480   0.00168220
  0.06658390   0.00170750
  0.06668280   0.00173350
  0.06678150   0.00176030
  0.06688000   0.00178790
  0.06697830   0.00181630
  0.06707630   0.00184540
  0.06717410   0.00187540
  0.06727170   0.00190600
  0.06736900   0.00193750
  0.06746610   0.00196970
  0.06756290   0.00200270
  0.06765950   0.00203640
  0.06775580   0.00207090
  0.06785180   0.00210620
  0.06794750   0.00214220
  0.06804300   0.00217900
  0.06813810   0.00221650
  0.06823300   0.00225470
  0.06832760   0.00229370
  0.06842180   0.00233350
  0.06851570   0.00237400
  0.06860930   0.00241520
  0.06870260   0.00245710
  0.06879560   0.00249980
  0.06888820   0.00254330
  0.06898040   0.00258740
  0.06907230   0.00263230
  0.06916390   0.00267790
  0.06925510   0.00272420
  0.06934590   0.00277120
  0.06943640   0.00281900
  0.06952650   0.00286740
  0.06961620   0.00291660
  0.06970550   0.00296640
  0.06979440   0.00301700
  0.06988290   0.00306830
  0.06997100   0.00312020
  0.07005870   0.00317290
  0.07014590   0.00322620
  0.07023280   0.00328030
  0.07031920   0.00333500
  0.07040520   0.00339030
  0.07049080   0.00344640
  0.07057590   0.00350310
  0.07066050   0.00356050
  0.07074470   0.00361860
  0.07082850   0.00367730
  0.07091180   0.00373670
  0.07099460   0.00379670
  0.07107690   0.00385740
  0.07115880   0.00391870
  0.07124010   0.00398070
  0.07132100   0.00404330
  0.07140140   0.00410660
  0.07148130   0.00417040
  0.07156070   0.00423500
  0.07163960   0.00430010
  0.07171790   0.00436580
  0.07179570   0.00443220
  0.07187310   0.00449910
  0.07194980   0.00456670
  0.07202610   0.00463490
  0.07210180   0.00470370
  0.07217700   0.00477300
  0.07225160   0.00484300
  0.07232570   0.00491350
  0.07239920   0.00498470
  0.07247210   0.00505640
  0.07254450   0.00512860
  0.07261630   0.00520150
  0.07268750   0.00527490
  0.07275820   0.00534880
  0.07282830   0.00542330
  0.07289770   0.00549840
  0.07296660   0.00557400
  0.07303490   0.00565010
  0.07310260   0.00572680
  0.07316970   0.00580400
  0.07323620   0.00588180
  0.07330200   0.00596000
  0.07336730   0.00603880
  0.07343190   0.00611810
  0.07349590   0.00619790
  0.07355930   0.00627820
  0.07362200   0.00635890
  0.07368410   0.00644020
  0.07374560   0.00652200
  0.07380640   0.00660420
  0.07386650   0.00668690
  0.07392600   0.00677010
  0.07398490   0.00685380
  0.07404310   0.00693790
  0.07410060   0.00702250
  0.07415750   0.00710750
  0.07421370   0.00719300
  0.07426920   0.00727890
  0.07432400   0.00736520
  0.07437820   0.00745200
  0.07443160   0.00753920
  0.07448440   0.00762680
  0.07453650   0.00771480
  0.07458790   0.00780320
  0.07463860   0.00789210
  0.07468860   0.00798130
  0.07473790   0.00807090
  0.07478650   0.00816090
  0.07483440   0.00825130
  0.07488160   0.00834210
  0.07492800   0.00843320
  0.07497380   0.00852470
  0.07501880   0.00861650
  0.07506310   0.00870870
  0.07510660   0.00880130
  0.07514950   0.00889410
  0.07519160   0.00898740
  0.07523290   0.00908090
  0.07527360   0.00917480
  0.07531350   0.00926890
  0.07535260   0.00936340
  0.07539100   0.00945820
  0.07542870   0.00955330
  0.07546560   0.00964870
  0.07550170   0.00974440
  0.07553710   0.00984040
  0.07557180   0.00993660
  0.07560570   0.01003310
  0.07563880   0.01012990
  0.07567120   0.01022690
  0.07570280   0.01032420
  0.07573360   0.01042170
  0.07576370   0.01051950
  0.07579290   0.01061750
  0.07582150   0.01071570
  0.07584920   0.01081420
  0.07587620   0.01091280
  0.07590240   0.01101170
  0.07592780   0.01111080
  0.07595240   0.01121000
  0.07597630   0.01130950
  0.07599940   0.01140910
  0.07602170   0.01150900
  0.07604320   0.01160900
  0.07606390   0.01170910
  0.07608380   0.01180950
  0.07610290   0.01190990
  0.07612130   0.01201060
  0.07613880   0.01211130
  0.07615560   0.01221220
  0.07617160   0.01231330
  0.07618670   0.01241440
  0.07620110   0.01251570
  0.07621470   0.01261710
  0.07622750   0.01271850
  0.07623940   0.01282010
  0.07625060   0.01292180
  0.07626100   0.01302350
  0.07627060   0.01312540
  0.07627940   0.01322730
  0.07628730   0.01332930
  0.07629500   0.01343120
  0.07630270   0.01353320
  0.07631030   0.01363520
  0.07631800   0.01373720
  0.07632560   0.01383920
  0.07633330   0.01394120
  0.07634100   0.01404320
  0.07634860   0.01414520
  0.07635630   0.01424720
  0.07636390   0.01434920
  0.07637160   0.01445120
  0.07637920   0.01455320
  0.07638690   0.01465520
  0.07639460   0.01475720
  0.07640220   0.01485920
  0.07640990   0.01496120
  0.07641750   0.01506320
  0.07642520   0.01516520
  0.07643290   0.01526720
  0.07644050   0.01536920
  0.07644820   0.01547120
  0.07645580   0.01557320
  0.07646350   0.01567520
  0.07647120   0.01577720
  0.07647880   0.01587920
  0.07648650   0.01598120
  0.07649410   0.01608320
  0.07650180   0.01618510
  0.07650950   0.01628710
  0.07651710   0.01638910
  0.07652480   0.01649110
  0.07653240   0.01659310
  0.07654010   0.01669510
  0.07654780   0.01679710
  0.07655540   0.01689910
  0.07656310   0.01700110
  0.07657070   0.01710310
  0.07657840   0.01720510
  0.07658600   0.01730710
  0.07659370   0.01740910
  0.07660140   0.01751110
  0.07660900   0.01761310
  0.07661670   0.01771510
  0.07662430   0.01781710
  0.07663200   0.01791910
  0.07663970   0.01802110
  0.07664730   0.01812310
  0.07665500   0.01822510
  0.07666260   0.01832710
  0.07667030   0.01842910
  0.07667800   0.01853110
  0.07668560   0.01863310
  0.07669330   0.01873510
  0.07670090   0.01883710
  0.07670860   0.01893900
  0.07671630   0.01904100
  0.07672390   0.01914300
  0.07673160   0.01924500
  0.07673920   0.01934700
  0.07674690   0.01944900
  0.07675460   0.01955100
  0.07676220   0.01965300
  0.07676990   0.01975500
  0.07677750   0.01985700
  0.07678520   0.01995900
  0.07679290   0.02006100
  0.07680050   0.02016300
  0.07680820   0.02026500
  0.07681580   0.02036700
  0.07682350   0.02046900
  0.07683110   0.02057100
  0.07683880   0.02067300
  0.07684650   0.02077500
  0.07685410   0.02087700
  0.07686180   0.02097900
  0.07686940   0.02108100
  0.07687710   0.02118300
  0.07688480   0.02128500
  0.07689240   0.02138700
  0.07690010   0.02148900
  0.07690770   0.02159100
  0.07691540   0.02169300
  0.07692310   0.02179490
  0.07693070   0.02189690
  0.07693840   0.02199890
  0.07694600   0.02210090
  0.07695370   0.02220290
  0.07696140   0.02230490
  0.07696900   0.02240690
  0.07697670   0.02250890
  0.07698430   0.02261090
  0.07699200   0.02271290
  0.07699970   0.02281490
  0.07700730   0.02291690
  0.07701360   0.02300000
