 -0.02367530   0.02301890
 -0.02367270   0.02291670
 -0.02367010   0.02281440
 -0.02366760   0.02271210
 -0.02366500   0.02260990
 -0.02366250   0.02250760
 -0.02365990   0.02240540
 -0.02365740   0.02230310
 -0.02365480   0.02220090
 -0.02365230   0.02209860
 -0.02364970   0.02199640
 -0.02364720   0.02189410
 -0.02364460   0.02179190
 -0.02364210   0.02168960
 -0.02363950   0.02158740
 -0.02363700   0.02148510
 -0.02363440   0.02138290
 -0.02363190   0.02128060
 -0.02362930   0.02117840
 -0.02362670   0.02107610
 -0.02362420   0.02097390
 -0.02362160   0.02087160
 -0.02361910   0.02076940
 -0.02361650   0.02066710
 -0.02361400   0.02056490
 -0.02361140   0.02046260
 -0.02360890   0.02036040
 -0.02360630   0.02025810
 -0.02360380   0.02015590
 -0.02360120   0.02005360
 -0.02359870   0.01995140
 -0.02359610   0.01984910
 -0.02359360   0.01974680
 -0.02359100   0.01964460
 -0.02358840   0.01954230
 -0.02358590   0.01944010
 -0.02358330   0.01933780
 -0.02358080   0.01923560
 -0.02357820   0.01913330
 -0.02357570   0.01903110
 -0.02357310   0.01892880
 -0.02357060   0.01882660
 -0.02356800   0.01872430
 -0.02356550   0.01862210
 -0.02356290   0.01851980
 -0.02356040   0.01841760
 -0.02355780   0.01831530
 -0.02355530   0.01821310
 -0.02355270   0.01811080
 -0.02355020   0.01800860
 -0.02354760   0.01790630
 -0.02354500   0.01780410
 -0.02354250   0.01770180
 -0.02353990   0.01759960
 -0.02353740   0.01749730
 -0.02353480   0.01739510
 -0.02353230   0.01729280
 -0.02352970   0.01719060
 -0.02352720   0.01708830
 -0.02352460   0.01698610
 -0.02352210   0.01688380
 -0.02351950   0.01678160
 -0.02351700   0.01667930
 -0.02351440   0.01657700
 -0.02351190   0.01647480
 -0.02350930   0.01637250
 -0.02350670   0.01627030
 -0.02350420   0.01616800
 -0.02350160   0.01606580
 -0.02349910   0.01596350
 -0.02349650   0.01586130
 -0.02349400   0.01575900
 -0.02349140   0.01565680
 -0.02348890   0.01555450
 -0.02348630   0.01545230
 -0.02348380   0.01535000
 -0.02348120   0.01524780
 -0.02347870   0.01514550
 -0.02347600   0.01504330
 -0.02347270   0.01494100
 -0.02346860   0.01483880
 -0.02346370   0.01473670
 -0.02345800   0.01463460
 -0.02345150   0.01453250
 -0.02344420   0.01443050
 -0.02343600   0.01432850
 -0.02342710   0.01422660
 -0.02341740   0.01412480
 -0.02340690   0.01402300
 -0.02339550   0.01392140
 -0.02338340   0.01381980
 -0.02337050   0.01371840
 -0.02335680   0.01361700
 -0.02334220   0.01351580
 -0.02332690   0.01341460
 -0.02331080   0.01331360
 -0.02329390   0.01321280
 -0.02327620   0.01311200
 -0.02325770   0.01301140
 -0.02323840   0.01291100
 -0.02321840   0.01281070
 -0.02319750   0.01271050
 -0.02317580   0.01261060
 -0.02315340   0.01251080
 -0.02313020   0.01241120
 -0.02310620   0.01231170
 -0.02308140   0.01221250
 -0.02305580   0.01211350
 -0.02302950   0.01201460
 -0.02300240   0.01191600
 -0.02297450   0.01181760
 -0.02294580   0.01171940
 -0.02291640   0.01162150
 -0.02288620   0.01152370
 -0.02285520   0.01142630
 -0.02282350   0.01132900
 -0.02279100   0.01123200
 -0.02275770   0.01113530
 -0.02272370   0.01103890
 -0.02268890   0.01094270
 -0.02265330   0.01084680
 -0.02261700   0.01075110
 -0.02258000   0.01065580
 -0.02254220   0.01056080
 -0.02250370   0.01046600
 -0.02246440   0.01037160
 -0.02242430   0.01027750
 -0.02238360   0.01018360
 -0.02234210   0.01009020
 -0.02229980   0.00999700
 -0.02225690   0.00990420
 -0.02221320   0.00981170
 -0.02216870   0.00971960
 -0.02212360   0.00962780
 -0.02207770   0.00953640
 -0.02203110   0.00944530
 -0.02198380   0.00935460
 -0.02193580   0.00926430
 -0.02188710   0.00917440
 -0.02183770   0.00908480
 -0.02178750   0.00899570
 -0.02173670   0.00890690
 -0.02168520   0.00881860
 -0.02163290   0.00873060
 -0.02158000   0.00864310
 -0.02152640   0.00855600
 -0.02147220   0.00846930
 -0.02141720   0.00838300
 -0.02136150   0.00829720
 -0.02130520   0.00821180
 -0.02124820   0.00812690
 -0.02119060   0.00804240
 -0.02113230   0.00795840
 -0.02107330   0.00787480
 -0.02101370   0.00779170
 -0.02095340   0.00770910
 -0.02089250   0.00762690
 -0.02083090   0.00754520
 -0.02076870   0.00746400
 -0.02070580   0.00738330
 -0.02064230   0.00730310
 -0.02057820   0.00722350
 -0.02051350   0.00714430
 -0.02044810   0.00706560
 -0.02038220   0.00698740
 -0.02031560   0.00690980
 -0.02024840   0.00683270
 -0.02018060   0.00675610
 -0.02011220   0.00668010
 -0.02004320   0.00660450
 -0.01997360   0.00652960
 -0.01990340   0.00645520
 -0.01983260   0.00638130
 -0.01976130   0.00630800
 -0.01968940   0.00623530
 -0.01961690   0.00616310
 -0.01954380   0.00609150
 -0.01947020   0.00602050
 -0.01939610   0.00595010
 -0.01932130   0.00588020
 -0.01924610   0.00581100
 -0.01917030   0.00574230
 -0.01909390   0.00567430
 -0.01901700   0.00560680
 -0.01893960   0.00553990
 -0.01886170   0.00547370
 -0.01878320   0.00540810
 -0.01870430   0.00534310
 -0.01862480   0.00527870
 -0.01854480   0.00521490
 -0.01846430   0.00515180
 -0.01838340   0.00508930
 -0.01830190   0.00502740
 -0.01821990   0.00496620
 -0.01813750   0.00490570
 -0.01805460   0.00484580
 -0.01797130   0.00478650
 -0.01788740   0.00472790
 -0.01780310   0.00467000
 -0.01771840   0.00461270
 -0.01763320   0.00455610
 -0.01754760   0.00450010
 -0.01746150   0.00444490
 -0.01737500   0.00439030
 -0.01728810   0.00433640
 -0.01720070   0.00428320
 -0.01711290   0.00423070
 -0.01702480   0.00417880
 -0.01693620   0.00412770
 -0.01684720   0.00407730
 -0.01675780   0.00402750
 -0.01666810   0.00397850
 -0.01657790   0.00393020
 -0.01648740   0.00388260
 -0.01639650   0.00383570
 -0.01630520   0.00378950
 -0.01621360   0.00374400
 -0.01612160   0.00369930
 -0.01602930   0.00365530
 -0.01593660   0.00361200
 -0.01584360   0.00356940
 -0.01575030   0.00352760
 -0.01565660   0.00348650
 -0.01556260   0.00344620
 -0.01546830   0.00340650
 -0.01537370   0.00336770
 -0.01527880   0.00332960
 -0.01518360   0.00329220
 -0.01508810   0.00325560
 -0.01499230   0.00321970
 -0.01489620   0.00318460
 -0.01479990   0.00315020
 -0.01470330   0.00311660
 -0.01460640   0.00308380
 -0.01450930   0.00305170
 -0.01441190   0.00302040
 -0.01431430   0.00298990
 -0.01421640   0.00296010
 -0.01411830   0.00293110
 -0.01402000   0.00290290
 -0.01392150   0.00287540
 -0.01382280   0.00284870
 -0.01372380   0.00282280
 -0.01362470   0.00279740
 -0.01352560   0.00277210
 -0.01342650   0.00274700
 -0.01332730   0.00272200
 -0.01322810   0.00269710
 -0.01312880   0.00267230
 -0.01302960   0.00264770
 -0.01293030   0.00262320
 -0.01283090   0.00259880
 -0.01273160   0.00257450
 -0.01263220   0.00255040
 -0.01253270   0.00252640
 -0.01243330   0.00250250
 -0.01233380   0.00247880
 -0.01223430   0.00245520
 -0.01213470   0.00243170
 -0.01203520   0.00240830
 -0.01193550   0.00238510
 -0.01183590   0.00236200
 -0.01173620   0.00233900
 -0.01163650   0.00231610
 -0.01153680   0.00229340
 -0.01143710   0.00227080
 -0.01133730   0.00224830
 -0.01123750   0.00222600
 -0.01113760   0.00220370
 -0.01103780   0.00218170
 -0.01093790   0.00215970
 -0.01083790   0.00213790
 -0.01073800   0.00211610
 -0.01063800   0.00209460
 -0.01053800   0.00207310
 -0.01043800   0.00205180
 -0.01033790   0.00203060
 -0.01023780   0.00200950
 -0.01013770   0.00198860
 -0.01003750   0.00196780
 -0.00993740   0.00194710
 -0.00983720   0.00192650
 -0.00973690   0.00190610
 -0.00963670   0.00188580
 -0.00953640   0.00186560
 -0.00943610   0.00184560
 -0.00933580   0.00182570
 -0.00923540   0.00180590
 -0.00913510   0.00178620
 -0.00903470   0.00176670
 -0.00893420   0.00174730
 -0.00883380   0.00172800
 -0.00873330   0.00170890
 -0.00863280   0.00168990
 -0.00853230   0.00167100
 -0.00843170   0.00165220
 -0.00833120   0.00163360
 -0.00823060   0.00161510
 -0.00813000   0.00159670
 -0.00802930   0.00157850
 -0.00792860   0.00156030
 -0.00782800   0.00154230
 -0.00772720   0.00152450
 -0.00762650   0.00150680
 -0.00752580   0.00148920
 -0.00742500   0.00147170
 -0.00732420   0.00145430
 -0.00722330   0.00143710
 -0.00712250   0.00142000
 -0.00702160   0.00140310
 -0.00692070   0.00138630
 -0.00681980   0.00136960
 -0.00671890   0.00135300
 -0.00661790   0.00133650
 -0.00651700   0.00132020
 -0.00641600   0.00130400
 -0.00631500   0.00128800
 -0.00621390   0.00127210
 -0.00611290   0.00125630
 -0.00601180   0.00124060
 -0.00591070   0.00122510
 -0.00580960   0.00120970
 -0.00570840   0.00119440
 -0.00560730   0.00117920
 -0.00550610   0.00116420
 -0.00540490   0.00114930
 -0.00530370   0.00113460
 -0.00520250   0.00111990
 -0.00510120   0.00110540
 -0.00500000   0.00109110
 -0.00489870   0.00107680
 -0.00479740   0.00106270
 -0.00469600   0.00104870
 -0.00459470   0.00103490
 -0.00449330   0.00102110
 -0.00439200   0.00100750
 -0.00429060   0.00099410
 -0.00418920   0.00098070
 -0.00408770   0.00096750
 -0.00398630   0.00095450
 -0.00388480   0.00094150
 -0.00378340   0.00092870
 -0.00368190   0.00091600
 -0.00358030   0.00090340
 -0.00347880   0.00089100
 -0.00337730   0.00087870
 -0.00327570   0.00086660
 -0.00317420   0.00085450
 -0.00307260   0.00084260
 -0.00297100   0.00083080
 -0.00286930   0.00081920
 -0.00276770   0.00080770
 -0.00266610   0.00079630
 -0.00256440   0.00078500
 -0.00246270   0.00077390
 -0.00236100   0.00076290
 -0.00225930   0.00075200
 -0.00215760   0.00074130
 -0.00205590   0.00073070
 -0.00195410   0.00072020
 -0.00185240   0.00070980
 -0.00175060   0.00069960
 -0.00164880   0.00068950
 -0.00154700   0.00067960
 -0.00144520   0.00066970
 -0.00134340   0.00066000
 -0.00124160   0.00065050
 -0.00113970   0.00064100
 -0.00103780   0.00063170
 -0.00093600   0.00062260
 -0.00083410   0.00061350
 -0.00073220   0.00060460
 -0.00063030   0.00059580
 -0.00052840   0.00058720
 -0.00042640   0.00057860
 -0.00032450   0.00057020
 -0.00022260   0.00056200
 -0.00012060   0.00055380
 -0.00001860   0.00054580
  0.00008330   0.00053800
  0.00018530   0.00053020
  0.00028730   0.00052260
  0.00038930   0.00051510
  0.00049140   0.00050780
  0.00059340   0.00050050
  0.00069540   0.00049340
  0.00079750   0.00048650
  0.00089950   0.00047970
  0.00100160   0.00047300
  0.00110370   0.00046640
  0.00120580   0.00046000
  0.00130780   0.00045360
  0.00140990   0.00044750
  0.00151200   0.00044140
  0.00161410   0.00043540
  0.00171630   0.00042950
  0.00181840   0.00042360
  0.00192050   0.00041770
  0.00202260   0.00041180
  0.00212470   0.00040600
  0.00222680   0.00040020
  0.00232900   0.00039450
  0.00243110   0.00038870
  0.00253320   0.00038310
  0.00263530   0.00037740
  0.00273750   0.00037180
  0.00283960   0.00036620
  0.00294170   0.00036070
  0.00304390   0.00035520
  0.00314600   0.00034970
  0.00324810   0.00034430
  0.00335030   0.00033890
  0.00345240   0.00033350
  0.00355460   0.00032820
  0.00365670   0.00032290
  0.00375890   0.00031760
  0.00386100   0.00031240
  0.00396320   0.00030720
  0.00406530   0.00030200
  0.00416750   0.00029690
  0.00426960   0.00029180
  0.00437180   0.00028670
  0.00447390   0.00028170
  0.00457610   0.00027670
  0.00467830   0.00027180
  0.00478040   0.00026690
  0.00488260   0.00026200
  0.00498480   0.00025710
  0.00508690   0.00025230
  0.00518910   0.00024760
  0.00529130   0.00024280
  0.00539350   0.00023810
  0.00549560   0.00023340
  0.00559780   0.00022880
  0.00570000   0.00022420
  0.00580220   0.00021960
  0.00590440   0.00021510
  0.00600660   0.00021060
  0.00610870   0.00020610
  0.00621090   0.00020170
  0.00631310   0.00019730
  0.00641530   0.00019300
  0.00651750   0.00018860
  0.00661970   0.00018440
  0.00672190   0.00018010
  0.00682410   0.00017590
  0.00692630   0.00017170
  0.00702850   0.00016760
  0.00713070   0.00016340
  0.00723290   0.00015940
  0.00733510   0.00015530
  0.00743730   0.00015130
  0.00753950   0.00014730
  0.00764170   0.00014340
  0.00774390   0.00013950
  0.00784610   0.00013560
  0.00794830   0.00013180
  0.00805050   0.00012800
  0.00815280   0.00012420
  0.00825500   0.00012050
  0.00835720   0.00011680
  0.00845940   0.00011310
  0.00856160   0.00010950
  0.00866390   0.00010590
  0.00876610   0.00010240
  0.00886830   0.00009880
  0.00897050   0.00009530
  0.00907270   0.00009190
  0.00917500   0.00008850
  0.00927720   0.00008510
  0.00937940   0.00008170
  0.00948170   0.00007840
  0.00958390   0.00007520
  0.00968610   0.00007190
  0.00978840   0.00006870
  0.00989060   0.00006550
  0.00999280   0.00006240
  0.01009510   0.00005930
  0.01019730   0.00005620
  0.01029950   0.00005320
  0.01040180   0.00005020
  0.01050400   0.00004720
  0.01060630   0.00004430
  0.01070850   0.00004140
  0.01081070   0.00003850
  0.01091300   0.00003570
  0.01101520   0.00003290
  0.01111750   0.00003020
  0.01121970   0.00002750
  0.01132200   0.00002480
  0.01142420   0.00002210
  0.01152650   0.00001950
  0.01162870   0.00001700
  0.01173100   0.00001450
  0.01183320   0.00001200
  0.01193550   0.00000960
  0.01203770   0.00000730
  0.01214000   0.00000490
  0.01224230   0.00000260
  0.01234450   0.00000040
  0.01244680  -0.00000190
  0.01254900  -0.00000410
  0.01265130  -0.00000620
  0.01275360  -0.00000840
  0.01285580  -0.00001050
  0.01295810  -0.00001250
  0.01306030  -0.00001460
  0.01316260  -0.00001650
  0.01326490  -0.00001850
  0.01336710  -0.00002040
  0.01346940  -0.00002230
  0.01357170  -0.00002420
  0.01367390  -0.00002600
  0.01377620  -0.00002780
  0.01387850  -0.00002950
  0.01398070  -0.00003120
  0.01408300  -0.00003290
  0.01418530  -0.00003450
  0.01428760  -0.00003610
  0.01438980  -0.00003770
  0.01449210  -0.00003920
  0.01459440  -0.00004070
  0.01469660  -0.00004220
  0.01479890  -0.00004360
  0.01490120  -0.00004500
  0.01500350  -0.00004640
  0.01510570  -0.00004770
  0.01520800  -0.00004900
  0.01531030  -0.00005030
  0.01541260  -0.00005150
  0.01551480  -0.00005270
  0.01561710  -0.00005390
  0.01571940  -0.00005500
  0.01582170  -0.00005610
  0.01592400  -0.00005710
  0.01602620  -0.00005810
  0.01612850  -0.00005910
  0.01623080  -0.00006000
  0.01633310  -0.00006090
  0.01643540  -0.00006180
  0.01653760  -0.00006270
  0.01663990  -0.00006350
  0.01674220  -0.00006420
  0.01684450  -0.00006500
  0.01694680  -0.00006570
  0.01704900  -0.00006630
  0.01715130  -0.00006700
  0.01725360  -0.00006760
  0.01735590  -0.00006810
  0.01745820  -0.00006870
  0.01756040  -0.00006910
  0.01766270  -0.00006960
  0.01776500  -0.00007000
  0.01786730  -0.00007040
  0.01796960  -0.00007080
  0.01807190  -0.00007110
  0.01817410  -0.00007140
  0.01827640  -0.00007160
  0.01837870  -0.00007180
  0.01848100  -0.00007200
  0.01858330  -0.00007210
  0.01868560  -0.00007220
  0.01878780  -0.00007230
  0.01889010  -0.00007240
  0.01899240  -0.00007240
  0.01909470  -0.00007230
  0.01919700  -0.00007230
  0.01929930  -0.00007220
  0.01940150  -0.00007200
  0.01950380  -0.00007180
  0.01960610  -0.00007160
  0.01970840  -0.00007140
  0.01981070  -0.00007110
  0.01991300  -0.00007080
  0.02001520  -0.00007050
  0.02011750  -0.00007010
  0.02021980  -0.00006970
  0.02032210  -0.00006920
  0.02042440  -0.00006870
  0.02052670  -0.00006820
  0.02062890  -0.00006770
  0.02073120  -0.00006710
  0.02083350  -0.00006640
  0.02093580  -0.00006580
  0.02103810  -0.00006510
  0.02114030  -0.00006440
  0.02124260  -0.00006360
  0.02134490  -0.00006280
  0.02144720  -0.00006200
  0.02154950  -0.00006110
  0.02165170  -0.00006020
  0.02175400  -0.00005920
  0.02185630  -0.00005810
  0.02195860  -0.00005680
  0.02206090  -0.00005540
  0.02216310  -0.00005390
  0.02226540  -0.00005220
  0.02236770  -0.00005040
  0.02246990  -0.00004850
  0.02257220  -0.00004640
  0.02267450  -0.00004420
  0.02277670  -0.00004190
  0.02287900  -0.00003950
  0.02298120  -0.00003690
  0.02308350  -0.00003420
  0.02318570  -0.00003140
  0.02328790  -0.00002840
  0.02339020  -0.00002530
  0.02349240  -0.00002210
  0.02359460  -0.00001870
  0.02369690  -0.00001520
  0.02379910  -0.00001160
  0.02390130  -0.00000780
  0.02400350  -0.00000390
  0.02410570   0.00000010
  0.02420790   0.00000420
  0.02431010   0.00000850
  0.02441230   0.00001290
  0.02451450   0.00001740
  0.02461670   0.00002210
  0.02471880   0.00002690
  0.02482100   0.00003180
  0.02492320   0.00003690
  0.02502530   0.00004210
  0.02512740   0.00004740
  0.02522960   0.00005290
  0.02533170   0.00005840
  0.02543380   0.00006420
  0.02553600   0.00007000
  0.02563810   0.00007600
  0.02574020   0.00008210
  0.02584230   0.00008830
  0.02594430   0.00009470
  0.02604640   0.00010120
  0.02614850   0.00010780
  0.02625060   0.00011460
  0.02635260   0.00012140
  0.02645460   0.00012850
  0.02655670   0.00013560
  0.02665870   0.00014290
  0.02676070   0.00015030
  0.02686270   0.00015780
  0.02696470   0.00016550
  0.02706670   0.00017330
  0.02716870   0.00018120
  0.02727060   0.00018930
  0.02737260   0.00019750
  0.02747450   0.00020580
  0.02757650   0.00021430
  0.02767840   0.00022290
  0.02778030   0.00023160
  0.02788220   0.00024040
  0.02798410   0.00024940
  0.02808600   0.00025850
  0.02818780   0.00026770
  0.02828970   0.00027710
  0.02839150   0.00028660
  0.02849340   0.00029620
  0.02859520   0.00030600
  0.02869700   0.00031590
  0.02879880   0.00032590
  0.02890060   0.00033600
  0.02900230   0.00034630
  0.02910410   0.00035670
  0.02920580   0.00036720
  0.02930750   0.00037790
  0.02940930   0.00038870
  0.02951100   0.00039960
  0.02961260   0.00041070
  0.02971430   0.00042190
  0.02981600   0.00043320
  0.02991760   0.00044460
  0.03001920   0.00045620
  0.03012080   0.00046790
  0.03022240   0.00047970
  0.03032400   0.00049170
  0.03042560   0.00050380
  0.03052710   0.00051600
  0.03062870   0.00052840
  0.03073020   0.00054090
  0.03083170   0.00055350
  0.03093320   0.00056620
  0.03103470   0.00057910
  0.03113610   0.00059210
  0.03123750   0.00060520
  0.03133900   0.00061850
  0.03144040   0.00063190
  0.03154180   0.00064540
  0.03164310   0.00065910
  0.03174450   0.00067290
  0.03184580   0.00068680
  0.03194710   0.00070080
  0.03204840   0.00071500
  0.03214970   0.00072930
  0.03225100   0.00074370
  0.03235220   0.00075830
  0.03245340   0.00077300
  0.03255460   0.00078780
  0.03265580   0.00080270
  0.03275700   0.00081780
  0.03285810   0.00083300
  0.03295930   0.00084830
  0.03306040   0.00086380
  0.03316140   0.00087940
  0.03326250   0.00089510
  0.03336360   0.00091100
  0.03346460   0.00092700
  0.03356560   0.00094310
  0.03366660   0.00095930
  0.03376750   0.00097570
  0.03386850   0.00099220
  0.03396940   0.00100880
  0.03407030   0.00102560
  0.03417120   0.00104240
  0.03427210   0.00105940
  0.03437290   0.00107660
  0.03447370   0.00109390
  0.03457450   0.00111130
  0.03467530   0.00112880
  0.03477600   0.00114650
  0.03487670   0.00116420
  0.03497740   0.00118220
  0.03507810   0.00120020
  0.03517880   0.00121840
  0.03527940   0.00123670
  0.03538000   0.00125510
  0.03548060   0.00127370
  0.03558120   0.00129240
  0.03568170   0.00131120
  0.03578220   0.00133010
  0.03588270   0.00134920
  0.03598320   0.00136840
  0.03608360   0.00138770
  0.03618400   0.00140720
  0.03628440   0.00142680
  0.03638480   0.00144650
  0.03648510   0.00146630
  0.03658540   0.00148630
  0.03668570   0.00150640
  0.03678600   0.00152660
  0.03688620   0.00154700
  0.03698640   0.00156760
  0.03708640   0.00158890
  0.03718630   0.00161110
  0.03728600   0.00163400
  0.03738550   0.00165770
  0.03748480   0.00168220
  0.03758390   0.00170750
  0.03768280   0.00173350
  0.03778150   0.00176030
  0.03788000   0.00178790
  0.03797830   0.00181630
  0.03807630   0.00184540
  0.03817410   0.00187540
  0.03827170   0.00190600
  0.03836900   0.00193750
  0.03846610   0.00196970
  0.03856290   0.00200270
  0.03865950   0.00203640
  0.03875580   0.00207090
  0.03885180   0.00210620
  0.03894750   0.00214220
  0.03904300   0.00217900
  0.03913810   0.00221650
  0.03923300   0.00225470
  0.03932760   0.00229370
  0.03942180   0.00233350
  0.03951570   0.00237400
  0.03960930   0.00241520
  0.03970260   0.00245710
  0.03979560   0.00249980
  0.03988820   0.00254330
  0.03998040   0.00258740
  0.04007230   0.00263230
  0.04016390   0.00267790
  0.04025510   0.00272420
  0.04034590   0.00277120
  0.04043640   0.00281900
  0.04052650   0.00286740
  0.04061620   0.00291660
  0.04070550   0.00296640
  0.04079440   0.00301700
  0.04088290   0.00306830
  0.04097100   0.00312020
  0.04105870   0.00317290
  0.04114590   0.00322620
  0.04123280   0.00328030
  0.04131920   0.00333500
  0.04140520   0.00339030
  0.04149080   0.00344640
  0.04157590   0.00350310
  0.04166050   0.00356050
  0.04174470   0.00361860
  0.04182850   0.00367730
  0.04191180   0.00373670
  0.04199460   0.00379670
  0.04207690   0.00385740
  0.04215880   0.00391870
  0.04224010   0.00398070
  0.04232100   0.00404330
  0.04240140   0.00410660
  0.04248130   0.00417040
  0.04256070   0.00423500
  0.04263960   0.00430010
  0.04271790   0.00436580
  0.04279570   0.00443220
  0.04287310   0.00449910
  0.04294980   0.00456670
  0.04302610   0.00463490
  0.04310180   0.00470370
  0.04317700   0.00477300
  0.04325160   0.00484300
  0.04332570   0.00491350
  0.04339920   0.00498470
  0.04347210   0.00505640
  0.04354450   0.00512860
  0.04361630   0.00520150
  0.04368750   0.00527490
  0.04375820   0.00534880
  0.04382830   0.00542330
  0.04389770   0.00549840
  0.04396660   0.00557400
  0.04403490   0.00565010
  0.04410260   0.00572680
  0.04416970   0.00580400
  0.04423620   0.00588180
  0.04430200   0.00596000
  0.04436730   0.00603880
  0.04443190   0.00611810
  0.04449590   0.00619790
  0.04455930   0.00627820
  0.04462200   0.00635890
  0.04468410   0.00644020
  0.04474560   0.00652200
  0.04480640   0.00660420
  0.04486650   0.00668690
  0.04492600   0.00677010
  0.04498490   0.00685380
  0.04504310   0.00693790
  0.04510060   0.00702250
  0.04515750   0.00710750
  0.04521370   0.00719300
  0.04526920   0.00727890
  0.04532400   0.00736520
  0.04537820   0.00745200
  0.04543160   0.00753920
  0.04548440   0.00762680
  0.04553650   0.00771480
  0.04558790   0.00780320
  0.04563860   0.00789210
  0.04568860   0.00798130
  0.04573790   0.00807090
  0.04578650   0.00816090
  0.04583440   0.00825130
  0.04588160   0.00834210
  0.04592800   0.00843320
  0.04597380   0.00852470
  0.04601880   0.00861650
  0.04606310   0.00870870
  0.04610660   0.00880130
  0.04614950   0.00889410
  0.04619160   0.00898740
  0.04623290   0.00908090
  0.04627360   0.00917480
  0.04631350   0.00926890
  0.04635260   0.00936340
  0.04639100   0.00945820
  0.04642870   0.00955330
  0.04646560   0.00964870
  0.04650170   0.00974440
  0.04653710   0.00984040
  0.04657180   0.00993660
  0.04660570   0.01003310
  0.04663880   0.01012990
  0.04667120   0.01022690
  0.04670280   0.01032420
  0.04673360   0.01042170
  0.04676370   0.01051950
  0.04679290   0.01061750
  0.04682150   0.01071570
  0.04684920   0.01081420
  0.04687620   0.01091280
  0.04690240   0.01101170
  0.04692780   0.01111080
  0.04695240   0.01121000
  0.04697630   0.01130950
  0.04699940   0.01140910
  0.04702170   0.01150900
  0.04704320   0.01160900
  0.04706390   0.01170910
  0.04708380   0.01180950
  0.04710290   0.01190990
  0.04712130   0.01201060
  0.04713880   0.01211130
  0.04715560   0.01221220
  0.04717160   0.01231330
  0.04718670   0.01241440
  0.04720110   0.01251570
  0.04721470   0.01261710
  0.04722750   0.01271850
  0.04723940   0.01282010
  0.04725060   0.01292180
  0.04726100   0.01302350
  0.04727060   0.01312540
  0.04727940   0.01322730
  0.04728730   0.01332930
  0.04729500   0.01343120
  0.04730270   0.01353320
  0.04731030   0.01363520
  0.04731800   0.01373720
  0.04732560   0.01383920
  0.04733330   0.01394120
  0.04734100   0.01404320
  0.04734860   0.01414520
  0.04735630   0.01424720
  0.04736390   0.01434920
  0.04737160   0.01445120
  0.04737920   0.01455320
  0.04738690   0.01465520
  0.04739460   0.01475720
  0.04740220   0.01485920
  0.04740990   0.01496120
  0.04741750   0.01506320
  0.04742520   0.01516520
  0.04743290   0.01526720
  0.04744050   0.01536920
  0.04744820   0.01547120
  0.04745580   0.01557320
  0.04746350   0.01567520
  0.04747120   0.01577720
  0.04747880   0.01587920
  0.04748650   0.01598120
  0.04749410   0.01608320
  0.04750180   0.01618510
  0.04750950   0.01628710
  0.04751710   0.01638910
  0.04752480   0.01649110
  0.04753240   0.01659310
  0.04754010   0.01669510
  0.04754780   0.01679710
  0.04755540   0.01689910
  0.04756310   0.01700110
  0.04757070   0.01710310
  0.04757840   0.01720510
  0.04758600   0.01730710
  0.04759370   0.01740910
  0.04760140   0.01751110
  0.04760900   0.01761310
  0.04761670   0.01771510
  0.04762430   0.01781710
  0.04763200   0.01791910
  0.04763970   0.01802110
  0.04764730   0.01812310
  0.04765500   0.01822510
  0.04766260   0.01832710
  0.04767030   0.01842910
  0.04767800   0.01853110
  0.04768560   0.01863310
  0.04769330   0.01873510
  0.04770090   0.01883710
  0.04770860   0.01893900
  0.04771630   0.01904100
  0.04772390   0.01914300
  0.04773160   0.01924500
  0.04773920   0.01934700
  0.04774690   0.01944900
  0.04775460   0.01955100
  0.04776220   0.01965300
  0.04776990   0.01975500
  0.04777750   0.01985700
  0.04778520   0.01995900
  0.04779290   0.02006100
  0.04780050   0.02016300
  0.04780820   0.02026500
  0.04781580   0.02036700
  0.04782350   0.02046900
  0.04783110   0.02057100
  0.04783880   0.02067300
  0.04784650   0.02077500
  0.04785410   0.02087700
  0.04786180   0.02097900
  0.04786940   0.02108100
  0.04787710   0.02118300
  0.04788480   0.02128500
  0.04789240   0.02138700
  0.04790010   0.02148900
  0.04790770   0.02159100
  0.04791540   0.02169300
  0.04792310   0.02179490
  0.04793070   0.02189690
  0.04793840   0.02199890
  0.04794600   0.02210090
  0.04795370   0.02220290
  0.04796140   0.02230490
  0.04796900   0.02240690
  0.04797670   0.02250890
  0.04798430   0.02261090
  0.04799200   0.02271290
  0.04799970   0.02281490
  0.04800730   0.02291690
  0.04801360   0.02300000
