  0.02132470   0.02301890
  0.02132730   0.02291670
  0.02132990   0.02281440
  0.02133240   0.02271210
  0.02133500   0.02260990
  0.02133750   0.02250760
  0.02134010   0.02240540
  0.02134260   0.02230310
  0.02134520   0.02220090
  0.02134770   0.02209860
  0.02135030   0.02199640
  0.02135280   0.02189410
  0.02135540   0.02179190
  0.02135790   0.02168960
  0.02136050   0.02158740
  0.02136300   0.02148510
  0.02136560   0.02138290
  0.02136810   0.02128060
  0.02137070   0.02117840
  0.02137330   0.02107610
  0.02137580   0.02097390
  0.02137840   0.02087160
  0.02138090   0.02076940
  0.02138350   0.02066710
  0.02138600   0.02056490
  0.02138860   0.02046260
  0.02139110   0.02036040
  0.02139370   0.02025810
  0.02139620   0.02015590
  0.02139880   0.02005360
  0.02140130   0.01995140
  0.02140390   0.01984910
  0.02140640   0.01974680
  0.02140900   0.01964460
  0.02141160   0.01954230
  0.02141410   0.01944010
  0.02141670   0.01933780
  0.02141920   0.01923560
  0.02142180   0.01913330
  0.02142430   0.01903110
  0.02142690   0.01892880
  0.02142940   0.01882660
  0.02143200   0.01872430
  0.02143450   0.01862210
  0.02143710   0.01851980
  0.02143960   0.01841760
  0.02144220   0.01831530
  0.02144470   0.01821310
  0.02144730   0.01811080
  0.02144980   0.01800860
  0.02145240   0.01790630
  0.02145500   0.01780410
  0.02145750   0.01770180
  0.02146010   0.01759960
  0.02146260   0.01749730
  0.02146520   0.01739510
  0.02146770   0.01729280
  0.02147030   0.01719060
  0.02147280   0.01708830
  0.02147540   0.01698610
  0.02147790   0.01688380
  0.02148050   0.01678160
  0.02148300   0.01667930
  0.02148560   0.01657700
  0.02148810   0.01647480
  0.02149070   0.01637250
  0.02149330   0.01627030
  0.02149580   0.01616800
  0.02149840   0.01606580
  0.02150090   0.01596350
  0.02150350   0.01586130
  0.02150600   0.01575900
  0.02150860   0.01565680
  0.02151110   0.01555450
  0.02151370   0.01545230
  0.02151620   0.01535000
  0.02151880   0.01524780
  0.02152130   0.01514550
  0.02152400   0.01504330
  0.02152730   0.01494100
  0.02153140   0.01483880
  0.02153630   0.01473670
  0.02154200   0.01463460
  0.02154850   0.01453250
  0.02155580   0.01443050
  0.02156400   0.01432850
  0.02157290   0.01422660
  0.02158260   0.01412480
  0.02159310   0.01402300
  0.02160450   0.01392140
  0.02161660   0.01381980
  0.02162950   0.01371840
  0.02164320   0.01361700
  0.02165780   0.01351580
  0.02167310   0.01341460
  0.02168920   0.01331360
  0.02170610   0.01321280
  0.02172380   0.01311200
  0.02174230   0.01301140
  0.02176160   0.01291100
  0.02178160   0.01281070
  0.02180250   0.01271050
  0.02182420   0.01261060
  0.02184660   0.01251080
  0.02186980   0.01241120
  0.02189380   0.01231170
  0.02191860   0.01221250
  0.02194420   0.01211350
  0.02197050   0.01201460
  0.02199760   0.01191600
  0.02202550   0.01181760
  0.02205420   0.01171940
  0.02208360   0.01162150
  0.02211380   0.01152370
  0.02214480   0.01142630
  0.02217650   0.01132900
  0.02220900   0.01123200
  0.02224230   0.01113530
  0.02227630   0.01103890
  0.02231110   0.01094270
  0.02234670   0.01084680
  0.02238300   0.01075110
  0.02242000   0.01065580
  0.02245780   0.01056080
  0.02249630   0.01046600
  0.02253560   0.01037160
  0.02257570   0.01027750
  0.02261640   0.01018360
  0.02265790   0.01009020
  0.02270020   0.00999700
  0.02274310   0.00990420
  0.02278680   0.00981170
  0.02283130   0.00971960
  0.02287640   0.00962780
  0.02292230   0.00953640
  0.02296890   0.00944530
  0.02301620   0.00935460
  0.02306420   0.00926430
  0.02311290   0.00917440
  0.02316230   0.00908480
  0.02321250   0.00899570
  0.02326330   0.00890690
  0.02331480   0.00881860
  0.02336710   0.00873060
  0.02342000   0.00864310
  0.02347360   0.00855600
  0.02352780   0.00846930
  0.02358280   0.00838300
  0.02363850   0.00829720
  0.02369480   0.00821180
  0.02375180   0.00812690
  0.02380940   0.00804240
  0.02386770   0.00795840
  0.02392670   0.00787480
  0.02398630   0.00779170
  0.02404660   0.00770910
  0.02410750   0.00762690
  0.02416910   0.00754520
  0.02423130   0.00746400
  0.02429420   0.00738330
  0.02435770   0.00730310
  0.02442180   0.00722350
  0.02448650   0.00714430
  0.02455190   0.00706560
  0.02461780   0.00698740
  0.02468440   0.00690980
  0.02475160   0.00683270
  0.02481940   0.00675610
  0.02488780   0.00668010
  0.02495680   0.00660450
  0.02502640   0.00652960
  0.02509660   0.00645520
  0.02516740   0.00638130
  0.02523870   0.00630800
  0.02531060   0.00623530
  0.02538310   0.00616310
  0.02545620   0.00609150
  0.02552980   0.00602050
  0.02560390   0.00595010
  0.02567870   0.00588020
  0.02575390   0.00581100
  0.02582970   0.00574230
  0.02590610   0.00567430
  0.02598300   0.00560680
  0.02606040   0.00553990
  0.02613830   0.00547370
  0.02621680   0.00540810
  0.02629570   0.00534310
  0.02637520   0.00527870
  0.02645520   0.00521490
  0.02653570   0.00515180
  0.02661660   0.00508930
  0.02669810   0.00502740
  0.02678010   0.00496620
  0.02686250   0.00490570
  0.02694540   0.00484580
  0.02702870   0.00478650
  0.02711260   0.00472790
  0.02719690   0.00467000
  0.02728160   0.00461270
  0.02736680   0.00455610
  0.02745240   0.00450010
  0.02753850   0.00444490
  0.02762500   0.00439030
  0.02771190   0.00433640
  0.02779930   0.00428320
  0.02788710   0.00423070
  0.02797520   0.00417880
  0.02806380   0.00412770
  0.02815280   0.00407730
  0.02824220   0.00402750
  0.02833190   0.00397850
  0.02842210   0.00393020
  0.02851260   0.00388260
  0.02860350   0.00383570
  0.02869480   0.00378950
  0.02878640   0.00374400
  0.02887840   0.00369930
  0.02897070   0.00365530
  0.02906340   0.00361200
  0.02915640   0.00356940
  0.02924970   0.00352760
  0.02934340   0.00348650
  0.02943740   0.00344620
  0.02953170   0.00340650
  0.02962630   0.00336770
  0.02972120   0.00332960
  0.02981640   0.00329220
  0.02991190   0.00325560
  0.03000770   0.00321970
  0.03010380   0.00318460
  0.03020010   0.00315020
  0.03029670   0.00311660
  0.03039360   0.00308380
  0.03049070   0.00305170
  0.03058810   0.00302040
  0.03068570   0.00298990
  0.03078360   0.00296010
  0.03088170   0.00293110
  0.03098000   0.00290290
  0.03107850   0.00287540
  0.03117720   0.00284870
  0.03127620   0.00282280
  0.03137530   0.00279740
  0.03147440   0.00277210
  0.03157350   0.00274700
  0.03167270   0.00272200
  0.03177190   0.00269710
  0.03187120   0.00267230
  0.03197040   0.00264770
  0.03206970   0.00262320
  0.03216910   0.00259880
  0.03226840   0.00257450
  0.03236780   0.00255040
  0.03246730   0.00252640
  0.03256670   0.00250250
  0.03266620   0.00247880
  0.03276570   0.00245520
  0.03286530   0.00243170
  0.03296480   0.00240830
  0.03306450   0.00238510
  0.03316410   0.00236200
  0.03326380   0.00233900
  0.03336350   0.00231610
  0.03346320   0.00229340
  0.03356290   0.00227080
  0.03366270   0.00224830
  0.03376250   0.00222600
  0.03386240   0.00220370
  0.03396220   0.00218170
  0.03406210   0.00215970
  0.03416210   0.00213790
  0.03426200   0.00211610
  0.03436200   0.00209460
  0.03446200   0.00207310
  0.03456200   0.00205180
  0.03466210   0.00203060
  0.03476220   0.00200950
  0.03486230   0.00198860
  0.03496250   0.00196780
  0.03506260   0.00194710
  0.03516280   0.00192650
  0.03526310   0.00190610
  0.03536330   0.00188580
  0.03546360   0.00186560
  0.03556390   0.00184560
  0.03566420   0.00182570
  0.03576460   0.00180590
  0.03586490   0.00178620
  0.03596530   0.00176670
  0.03606580   0.00174730
  0.03616620   0.00172800
  0.03626670   0.00170890
  0.03636720   0.00168990
  0.03646770   0.00167100
  0.03656830   0.00165220
  0.03666880   0.00163360
  0.03676940   0.00161510
  0.03687000   0.00159670
  0.03697070   0.00157850
  0.03707140   0.00156030
  0.03717200   0.00154230
  0.03727280   0.00152450
  0.03737350   0.00150680
  0.03747420   0.00148920
  0.03757500   0.00147170
  0.03767580   0.00145430
  0.03777670   0.00143710
  0.03787750   0.00142000
  0.03797840   0.00140310
  0.03807930   0.00138630
  0.03818020   0.00136960
  0.03828110   0.00135300
  0.03838210   0.00133650
  0.03848300   0.00132020
  0.03858400   0.00130400
  0.03868500   0.00128800
  0.03878610   0.00127210
  0.03888710   0.00125630
  0.03898820   0.00124060
  0.03908930   0.00122510
  0.03919040   0.00120970
  0.03929160   0.00119440
  0.03939270   0.00117920
  0.03949390   0.00116420
  0.03959510   0.00114930
  0.03969630   0.00113460
  0.03979750   0.00111990
  0.03989880   0.00110540
  0.04000000   0.00109110
  0.04010130   0.00107680
  0.04020260   0.00106270
  0.04030400   0.00104870
  0.04040530   0.00103490
  0.04050670   0.00102110
  0.04060800   0.00100750
  0.04070940   0.00099410
  0.04081080   0.00098070
  0.04091230   0.00096750
  0.04101370   0.00095450
  0.04111520   0.00094150
  0.04121660   0.00092870
  0.04131810   0.00091600
  0.04141970   0.00090340
  0.04152120   0.00089100
  0.04162270   0.00087870
  0.04172430   0.00086660
  0.04182580   0.00085450
  0.04192740   0.00084260
  0.04202900   0.00083080
  0.04213070   0.00081920
  0.04223230   0.00080770
  0.04233390   0.00079630
  0.04243560   0.00078500
  0.04253730   0.00077390
  0.04263900   0.00076290
  0.04274070   0.00075200
  0.04284240   0.00074130
  0.04294410   0.00073070
  0.04304590   0.00072020
  0.04314760   0.00070980
  0.04324940   0.00069960
  0.04335120   0.00068950
  0.04345300   0.00067960
  0.04355480   0.00066970
  0.04365660   0.00066000
  0.04375840   0.00065050
  0.04386030   0.00064100
  0.04396220   0.00063170
  0.04406400   0.00062260
  0.04416590   0.00061350
  0.04426780   0.00060460
  0.04436970   0.00059580
  0.04447160   0.00058720
  0.04457360   0.00057860
  0.04467550   0.00057020
  0.04477740   0.00056200
  0.04487940   0.00055380
  0.04498140   0.00054580
  0.04508330   0.00053800
  0.04518530   0.00053020
  0.04528730   0.00052260
  0.04538930   0.00051510
  0.04549140   0.00050780
  0.04559340   0.00050050
  0.04569540   0.00049340
  0.04579750   0.00048650
  0.04589950   0.00047970
  0.04600160   0.00047300
  0.04610370   0.00046640
  0.04620580   0.00046000
  0.04630780   0.00045360
  0.04640990   0.00044750
  0.04651200   0.00044140
  0.04661410   0.00043540
  0.04671630   0.00042950
  0.04681840   0.00042360
  0.04692050   0.00041770
  0.04702260   0.00041180
  0.04712470   0.00040600
  0.04722680   0.00040020
  0.04732900   0.00039450
  0.04743110   0.00038870
  0.04753320   0.00038310
  0.04763530   0.00037740
  0.04773750   0.00037180
  0.04783960   0.00036620
  0.04794170   0.00036070
  0.04804390   0.00035520
  0.04814600   0.00034970
  0.04824810   0.00034430
  0.04835030   0.00033890
  0.04845240   0.00033350
  0.04855460   0.00032820
  0.04865670   0.00032290
  0.04875890   0.00031760
  0.04886100   0.00031240
  0.04896320   0.00030720
  0.04906530   0.00030200
  0.04916750   0.00029690
  0.04926960   0.00029180
  0.04937180   0.00028670
  0.04947390   0.00028170
  0.04957610   0.00027670
  0.04967830   0.00027180
  0.04978040   0.00026690
  0.04988260   0.00026200
  0.04998480   0.00025710
  0.05008690   0.00025230
  0.05018910   0.00024760
  0.05029130   0.00024280
  0.05039350   0.00023810
  0.05049560   0.00023340
  0.05059780   0.00022880
  0.05070000   0.00022420
  0.05080220   0.00021960
  0.05090440   0.00021510
  0.05100660   0.00021060
  0.05110870   0.00020610
  0.05121090   0.00020170
  0.05131310   0.00019730
  0.05141530   0.00019300
  0.05151750   0.00018860
  0.05161970   0.00018440
  0.05172190   0.00018010
  0.05182410   0.00017590
  0.05192630   0.00017170
  0.05202850   0.00016760
  0.05213070   0.00016340
  0.05223290   0.00015940
  0.05233510   0.00015530
  0.05243730   0.00015130
  0.05253950   0.00014730
  0.05264170   0.00014340
  0.05274390   0.00013950
  0.05284610   0.00013560
  0.05294830   0.00013180
  0.05305050   0.00012800
  0.05315280   0.00012420
  0.05325500   0.00012050
  0.05335720   0.00011680
  0.05345940   0.00011310
  0.05356160   0.00010950
  0.05366390   0.00010590
  0.05376610   0.00010240
  0.05386830   0.00009880
  0.05397050   0.00009530
  0.05407270   0.00009190
  0.05417500   0.00008850
  0.05427720   0.00008510
  0.05437940   0.00008170
  0.05448170   0.00007840
  0.05458390   0.00007520
  0.05468610   0.00007190
  0.05478840   0.00006870
  0.05489060   0.00006550
  0.05499280   0.00006240
  0.05509510   0.00005930
  0.05519730   0.00005620
  0.05529950   0.00005320
  0.05540180   0.00005020
  0.05550400   0.00004720
  0.05560630   0.00004430
  0.05570850   0.00004140
  0.05581070   0.00003850
  0.05591300   0.00003570
  0.05601520   0.00003290
  0.05611750   0.00003020
  0.05621970   0.00002750
  0.05632200   0.00002480
  0.05642420   0.00002210
  0.05652650   0.00001950
  0.05662870   0.00001700
  0.05673100   0.00001450
  0.05683320   0.00001200
  0.05693550   0.00000960
  0.05703770   0.00000730
  0.05714000   0.00000490
  0.05724230   0.00000260
  0.05734450   0.00000040
  0.05744680  -0.00000190
  0.05754900  -0.00000410
  0.05765130  -0.00000620
  0.05775360  -0.00000840
  0.05785580  -0.00001050
  0.05795810  -0.00001250
  0.05806030  -0.00001460
  0.05816260  -0.00001650
  0.05826490  -0.00001850
  0.05836710  -0.00002040
  0.05846940  -0.00002230
  0.05857170  -0.00002420
  0.05867390  -0.00002600
  0.05877620  -0.00002780
  0.05887850  -0.00002950
  0.05898070  -0.00003120
  0.05908300  -0.00003290
  0.05918530  -0.00003450
  0.05928760  -0.00003610
  0.05938980  -0.00003770
  0.05949210  -0.00003920
  0.05959440  -0.00004070
  0.05969660  -0.00004220
  0.05979890  -0.00004360
  0.05990120  -0.00004500
  0.06000350  -0.00004640
  0.06010570  -0.00004770
  0.06020800  -0.00004900
  0.06031030  -0.00005030
  0.06041260  -0.00005150
  0.06051480  -0.00005270
  0.06061710  -0.00005390
  0.06071940  -0.00005500
  0.06082170  -0.00005610
  0.06092400  -0.00005710
  0.06102620  -0.00005810
  0.06112850  -0.00005910
  0.06123080  -0.00006000
  0.06133310  -0.00006090
  0.06143540  -0.00006180
  0.06153760  -0.00006270
  0.06163990  -0.00006350
  0.06174220  -0.00006420
  0.06184450  -0.00006500
  0.06194680  -0.00006570
  0.06204900  -0.00006630
  0.06215130  -0.00006700
  0.06225360  -0.00006760
  0.06235590  -0.00006810
  0.06245820  -0.00006870
  0.06256040  -0.00006910
  0.06266270  -0.00006960
  0.06276500  -0.00007000
  0.06286730  -0.00007040
  0.06296960  -0.00007080
  0.06307190  -0.00007110
  0.06317410  -0.00007140
  0.06327640  -0.00007160
  0.06337870  -0.00007180
  0.06348100  -0.00007200
  0.06358330  -0.00007210
  0.06368560  -0.00007220
  0.06378780  -0.00007230
  0.06389010  -0.00007240
  0.06399240  -0.00007240
  0.06409470  -0.00007230
  0.06419700  -0.00007230
  0.06429930  -0.00007220
  0.06440150  -0.00007200
  0.06450380  -0.00007180
  0.06460610  -0.00007160
  0.06470840  -0.00007140
  0.06481070  -0.00007110
  0.06491300  -0.00007080
  0.06501520  -0.00007050
  0.06511750  -0.00007010
  0.06521980  -0.00006970
  0.06532210  -0.00006920
  0.06542440  -0.00006870
  0.06552670  -0.00006820
  0.06562890  -0.00006770
  0.06573120  -0.00006710
  0.06583350  -0.00006640
  0.06593580  -0.00006580
  0.06603810  -0.00006510
  0.06614030  -0.00006440
  0.06624260  -0.00006360
  0.06634490  -0.00006280
  0.06644720  -0.00006200
  0.06654950  -0.00006110
  0.06665170  -0.00006020
  0.06675400  -0.00005920
  0.06685630  -0.00005810
  0.06695860  -0.00005680
  0.06706090  -0.00005540
  0.06716310  -0.00005390
  0.06726540  -0.00005220
  0.06736770  -0.00005040
  0.06746990  -0.00004850
  0.06757220  -0.00004640
  0.06767450  -0.00004420
  0.06777670  -0.00004190
  0.06787900  -0.00003950
  0.06798120  -0.00003690
  0.06808350  -0.00003420
  0.06818570  -0.00003140
  0.06828790  -0.00002840
  0.06839020  -0.00002530
  0.06849240  -0.00002210
  0.06859460  -0.00001870
  0.06869690  -0.00001520
  0.06879910  -0.00001160
  0.06890130  -0.00000780
  0.06900350  -0.00000390
  0.06910570   0.00000010
  0.06920790   0.00000420
  0.06931010   0.00000850
  0.06941230   0.00001290
  0.06951450   0.00001740
  0.06961670   0.00002210
  0.06971880   0.00002690
  0.06982100   0.00003180
  0.06992320   0.00003690
  0.07002530   0.00004210
  0.07012740   0.00004740
  0.07022960   0.00005290
  0.07033170   0.00005840
  0.07043380   0.00006420
  0.07053600   0.00007000
  0.07063810   0.00007600
  0.07074020   0.00008210
  0.07084230   0.00008830
  0.07094430   0.00009470
  0.07104640   0.00010120
  0.07114850   0.00010780
  0.07125060   0.00011460
  0.07135260   0.00012140
  0.07145460   0.00012850
  0.07155670   0.00013560
  0.07165870   0.00014290
  0.07176070   0.00015030
  0.07186270   0.00015780
  0.07196470   0.00016550
  0.07206670   0.00017330
  0.07216870   0.00018120
  0.07227060   0.00018930
  0.07237260   0.00019750
  0.07247450   0.00020580
  0.07257650   0.00021430
  0.07267840   0.00022290
  0.07278030   0.00023160
  0.07288220   0.00024040
  0.07298410   0.00024940
  0.07308600   0.00025850
  0.07318780   0.00026770
  0.07328970   0.00027710
  0.07339150   0.00028660
  0.07349340   0.00029620
  0.07359520   0.00030600
  0.07369700   0.00031590
  0.07379880   0.00032590
  0.07390060   0.00033600
  0.07400230   0.00034630
  0.07410410   0.00035670
  0.07420580   0.00036720
  0.07430750   0.00037790
  0.07440930   0.00038870
  0.07451100   0.00039960
  0.07461260   0.00041070
  0.07471430   0.00042190
  0.07481600   0.00043320
  0.07491760   0.00044460
  0.07501920   0.00045620
  0.07512080   0.00046790
  0.07522240   0.00047970
  0.07532400   0.00049170
  0.07542560   0.00050380
  0.07552710   0.00051600
  0.07562870   0.00052840
  0.07573020   0.00054090
  0.07583170   0.00055350
  0.07593320   0.00056620
  0.07603470   0.00057910
  0.07613610   0.00059210
  0.07623750   0.00060520
  0.07633900   0.00061850
  0.07644040   0.00063190
  0.07654180   0.00064540
  0.07664310   0.00065910
  0.07674450   0.00067290
  0.07684580   0.00068680
  0.07694710   0.00070080
  0.07704840   0.00071500
  0.07714970   0.00072930
  0.07725100   0.00074370
  0.07735220   0.00075830
  0.07745340   0.00077300
  0.07755460   0.00078780
  0.07765580   0.00080270
  0.07775700   0.00081780
  0.07785810   0.00083300
  0.07795930   0.00084830
  0.07806040   0.00086380
  0.07816140   0.00087940
  0.07826250   0.00089510
  0.07836360   0.00091100
  0.07846460   0.00092700
  0.07856560   0.00094310
  0.07866660   0.00095930
  0.07876750   0.00097570
  0.07886850   0.00099220
  0.07896940   0.00100880
  0.07907030   0.00102560
  0.07917120   0.00104240
  0.07927210   0.00105940
  0.07937290   0.00107660
  0.07947370   0.00109390
  0.07957450   0.00111130
  0.07967530   0.00112880
  0.07977600   0.00114650
  0.07987670   0.00116420
  0.07997740   0.00118220
  0.08007810   0.00120020
  0.08017880   0.00121840
  0.08027940   0.00123670
  0.08038000   0.00125510
  0.08048060   0.00127370
  0.08058120   0.00129240
  0.08068170   0.00131120
  0.08078220   0.00133010
  0.08088270   0.00134920
  0.08098320   0.00136840
  0.08108360   0.00138770
  0.08118400   0.00140720
  0.08128440   0.00142680
  0.08138480   0.00144650
  0.08148510   0.00146630
  0.08158540   0.00148630
  0.08168570   0.00150640
  0.08178600   0.00152660
  0.08188620   0.00154700
  0.08198640   0.00156760
  0.08208640   0.00158890
  0.08218630   0.00161110
  0.08228600   0.00163400
  0.08238550   0.00165770
  0.08248480   0.00168220
  0.08258390   0.00170750
  0.08268280   0.00173350
  0.08278150   0.00176030
  0.08288000   0.00178790
  0.08297830   0.00181630
  0.08307630   0.00184540
  0.08317410   0.00187540
  0.08327170   0.00190600
  0.08336900   0.00193750
  0.08346610   0.00196970
  0.08356290   0.00200270
  0.08365950   0.00203640
  0.08375580   0.00207090
  0.08385180   0.00210620
  0.08394750   0.00214220
  0.08404300   0.00217900
  0.08413810   0.00221650
  0.08423300   0.00225470
  0.08432760   0.00229370
  0.08442180   0.00233350
  0.08451570   0.00237400
  0.08460930   0.00241520
  0.08470260   0.00245710
  0.08479560   0.00249980
  0.08488820   0.00254330
  0.08498040   0.00258740
  0.08507230   0.00263230
  0.08516390   0.00267790
  0.08525510   0.00272420
  0.08534590   0.00277120
  0.08543640   0.00281900
  0.08552650   0.00286740
  0.08561620   0.00291660
  0.08570550   0.00296640
  0.08579440   0.00301700
  0.08588290   0.00306830
  0.08597100   0.00312020
  0.08605870   0.00317290
  0.08614590   0.00322620
  0.08623280   0.00328030
  0.08631920   0.00333500
  0.08640520   0.00339030
  0.08649080   0.00344640
  0.08657590   0.00350310
  0.08666050   0.00356050
  0.08674470   0.00361860
  0.08682850   0.00367730
  0.08691180   0.00373670
  0.08699460   0.00379670
  0.08707690   0.00385740
  0.08715880   0.00391870
  0.08724010   0.00398070
  0.08732100   0.00404330
  0.08740140   0.00410660
  0.08748130   0.00417040
  0.08756070   0.00423500
  0.08763960   0.00430010
  0.08771790   0.00436580
  0.08779570   0.00443220
  0.08787310   0.00449910
  0.08794980   0.00456670
  0.08802610   0.00463490
  0.08810180   0.00470370
  0.08817700   0.00477300
  0.08825160   0.00484300
  0.08832570   0.00491350
  0.08839920   0.00498470
  0.08847210   0.00505640
  0.08854450   0.00512860
  0.08861630   0.00520150
  0.08868750   0.00527490
  0.08875820   0.00534880
  0.08882830   0.00542330
  0.08889770   0.00549840
  0.08896660   0.00557400
  0.08903490   0.00565010
  0.08910260   0.00572680
  0.08916970   0.00580400
  0.08923620   0.00588180
  0.08930200   0.00596000
  0.08936730   0.00603880
  0.08943190   0.00611810
  0.08949590   0.00619790
  0.08955930   0.00627820
  0.08962200   0.00635890
  0.08968410   0.00644020
  0.08974560   0.00652200
  0.08980640   0.00660420
  0.08986650   0.00668690
  0.08992600   0.00677010
  0.08998490   0.00685380
  0.09004310   0.00693790
  0.09010060   0.00702250
  0.09015750   0.00710750
  0.09021370   0.00719300
  0.09026920   0.00727890
  0.09032400   0.00736520
  0.09037820   0.00745200
  0.09043160   0.00753920
  0.09048440   0.00762680
  0.09053650   0.00771480
  0.09058790   0.00780320
  0.09063860   0.00789210
  0.09068860   0.00798130
  0.09073790   0.00807090
  0.09078650   0.00816090
  0.09083440   0.00825130
  0.09088160   0.00834210
  0.09092800   0.00843320
  0.09097380   0.00852470
  0.09101880   0.00861650
  0.09106310   0.00870870
  0.09110660   0.00880130
  0.09114950   0.00889410
  0.09119160   0.00898740
  0.09123290   0.00908090
  0.09127360   0.00917480
  0.09131350   0.00926890
  0.09135260   0.00936340
  0.09139100   0.00945820
  0.09142870   0.00955330
  0.09146560   0.00964870
  0.09150170   0.00974440
  0.09153710   0.00984040
  0.09157180   0.00993660
  0.09160570   0.01003310
  0.09163880   0.01012990
  0.09167120   0.01022690
  0.09170280   0.01032420
  0.09173360   0.01042170
  0.09176370   0.01051950
  0.09179290   0.01061750
  0.09182150   0.01071570
  0.09184920   0.01081420
  0.09187620   0.01091280
  0.09190240   0.01101170
  0.09192780   0.01111080
  0.09195240   0.01121000
  0.09197630   0.01130950
  0.09199940   0.01140910
  0.09202170   0.01150900
  0.09204320   0.01160900
  0.09206390   0.01170910
  0.09208380   0.01180950
  0.09210290   0.01190990
  0.09212130   0.01201060
  0.09213880   0.01211130
  0.09215560   0.01221220
  0.09217160   0.01231330
  0.09218670   0.01241440
  0.09220110   0.01251570
  0.09221470   0.01261710
  0.09222750   0.01271850
  0.09223940   0.01282010
  0.09225060   0.01292180
  0.09226100   0.01302350
  0.09227060   0.01312540
  0.09227940   0.01322730
  0.09228730   0.01332930
  0.09229500   0.01343120
  0.09230270   0.01353320
  0.09231030   0.01363520
  0.09231800   0.01373720
  0.09232560   0.01383920
  0.09233330   0.01394120
  0.09234100   0.01404320
  0.09234860   0.01414520
  0.09235630   0.01424720
  0.09236390   0.01434920
  0.09237160   0.01445120
  0.09237920   0.01455320
  0.09238690   0.01465520
  0.09239460   0.01475720
  0.09240220   0.01485920
  0.09240990   0.01496120
  0.09241750   0.01506320
  0.09242520   0.01516520
  0.09243290   0.01526720
  0.09244050   0.01536920
  0.09244820   0.01547120
  0.09245580   0.01557320
  0.09246350   0.01567520
  0.09247120   0.01577720
  0.09247880   0.01587920
  0.09248650   0.01598120
  0.09249410   0.01608320
  0.09250180   0.01618510
  0.09250950   0.01628710
  0.09251710   0.01638910
  0.09252480   0.01649110
  0.09253240   0.01659310
  0.09254010   0.01669510
  0.09254780   0.01679710
  0.09255540   0.01689910
  0.09256310   0.01700110
  0.09257070   0.01710310
  0.09257840   0.01720510
  0.09258600   0.01730710
  0.09259370   0.01740910
  0.09260140   0.01751110
  0.09260900   0.01761310
  0.09261670   0.01771510
  0.09262430   0.01781710
  0.09263200   0.01791910
  0.09263970   0.01802110
  0.09264730   0.01812310
  0.09265500   0.01822510
  0.09266260   0.01832710
  0.09267030   0.01842910
  0.09267800   0.01853110
  0.09268560   0.01863310
  0.09269330   0.01873510
  0.09270090   0.01883710
  0.09270860   0.01893900
  0.09271630   0.01904100
  0.09272390   0.01914300
  0.09273160   0.01924500
  0.09273920   0.01934700
  0.09274690   0.01944900
  0.09275460   0.01955100
  0.09276220   0.01965300
  0.09276990   0.01975500
  0.09277750   0.01985700
  0.09278520   0.01995900
  0.09279290   0.02006100
  0.09280050   0.02016300
  0.09280820   0.02026500
  0.09281580   0.02036700
  0.09282350   0.02046900
  0.09283110   0.02057100
  0.09283880   0.02067300
  0.09284650   0.02077500
  0.09285410   0.02087700
  0.09286180   0.02097900
  0.09286940   0.02108100
  0.09287710   0.02118300
  0.09288480   0.02128500
  0.09289240   0.02138700
  0.09290010   0.02148900
  0.09290770   0.02159100
  0.09291540   0.02169300
  0.09292310   0.02179490
  0.09293070   0.02189690
  0.09293840   0.02199890
  0.09294600   0.02210090
  0.09295370   0.02220290
  0.09296140   0.02230490
  0.09296900   0.02240690
  0.09297670   0.02250890
  0.09298430   0.02261090
  0.09299200   0.02271290
  0.09299970   0.02281490
  0.09300730   0.02291690
  0.09301360   0.02300000
