 -0.02767530   0.02301890
 -0.02767270   0.02291670
 -0.02767010   0.02281440
 -0.02766760   0.02271210
 -0.02766500   0.02260990
 -0.02766250   0.02250760
 -0.02765990   0.02240540
 -0.02765740   0.02230310
 -0.02765480   0.02220090
 -0.02765230   0.02209860
 -0.02764970   0.02199640
 -0.02764720   0.02189410
 -0.02764460   0.02179190
 -0.02764210   0.02168960
 -0.02763950   0.02158740
 -0.02763700   0.02148510
 -0.02763440   0.02138290
 -0.02763190   0.02128060
 -0.02762930   0.02117840
 -0.02762670   0.02107610
 -0.02762420   0.02097390
 -0.02762160   0.02087160
 -0.02761910   0.02076940
 -0.02761650   0.02066710
 -0.02761400   0.02056490
 -0.02761140   0.02046260
 -0.02760890   0.02036040
 -0.02760630   0.02025810
 -0.02760380   0.02015590
 -0.02760120   0.02005360
 -0.02759870   0.01995140
 -0.02759610   0.01984910
 -0.02759360   0.01974680
 -0.02759100   0.01964460
 -0.02758840   0.01954230
 -0.02758590   0.01944010
 -0.02758330   0.01933780
 -0.02758080   0.01923560
 -0.02757820   0.01913330
 -0.02757570   0.01903110
 -0.02757310   0.01892880
 -0.02757060   0.01882660
 -0.02756800   0.01872430
 -0.02756550   0.01862210
 -0.02756290   0.01851980
 -0.02756040   0.01841760
 -0.02755780   0.01831530
 -0.02755530   0.01821310
 -0.02755270   0.01811080
 -0.02755020   0.01800860
 -0.02754760   0.01790630
 -0.02754500   0.01780410
 -0.02754250   0.01770180
 -0.02753990   0.01759960
 -0.02753740   0.01749730
 -0.02753480   0.01739510
 -0.02753230   0.01729280
 -0.02752970   0.01719060
 -0.02752720   0.01708830
 -0.02752460   0.01698610
 -0.02752210   0.01688380
 -0.02751950   0.01678160
 -0.02751700   0.01667930
 -0.02751440   0.01657700
 -0.02751190   0.01647480
 -0.02750930   0.01637250
 -0.02750670   0.01627030
 -0.02750420   0.01616800
 -0.02750160   0.01606580
 -0.02749910   0.01596350
 -0.02749650   0.01586130
 -0.02749400   0.01575900
 -0.02749140   0.01565680
 -0.02748890   0.01555450
 -0.02748630   0.01545230
 -0.02748380   0.01535000
 -0.02748120   0.01524780
 -0.02747870   0.01514550
 -0.02747600   0.01504330
 -0.02747270   0.01494100
 -0.02746860   0.01483880
 -0.02746370   0.01473670
 -0.02745800   0.01463460
 -0.02745150   0.01453250
 -0.02744420   0.01443050
 -0.02743600   0.01432850
 -0.02742710   0.01422660
 -0.02741740   0.01412480
 -0.02740690   0.01402300
 -0.02739550   0.01392140
 -0.02738340   0.01381980
 -0.02737050   0.01371840
 -0.02735680   0.01361700
 -0.02734220   0.01351580
 -0.02732690   0.01341460
 -0.02731080   0.01331360
 -0.02729390   0.01321280
 -0.02727620   0.01311200
 -0.02725770   0.01301140
 -0.02723840   0.01291100
 -0.02721840   0.01281070
 -0.02719750   0.01271050
 -0.02717580   0.01261060
 -0.02715340   0.01251080
 -0.02713020   0.01241120
 -0.02710620   0.01231170
 -0.02708140   0.01221250
 -0.02705580   0.01211350
 -0.02702950   0.01201460
 -0.02700240   0.01191600
 -0.02697450   0.01181760
 -0.02694580   0.01171940
 -0.02691640   0.01162150
 -0.02688620   0.01152370
 -0.02685520   0.01142630
 -0.02682350   0.01132900
 -0.02679100   0.01123200
 -0.02675770   0.01113530
 -0.02672370   0.01103890
 -0.02668890   0.01094270
 -0.02665330   0.01084680
 -0.02661700   0.01075110
 -0.02658000   0.01065580
 -0.02654220   0.01056080
 -0.02650370   0.01046600
 -0.02646440   0.01037160
 -0.02642430   0.01027750
 -0.02638360   0.01018360
 -0.02634210   0.01009020
 -0.02629980   0.00999700
 -0.02625690   0.00990420
 -0.02621320   0.00981170
 -0.02616870   0.00971960
 -0.02612360   0.00962780
 -0.02607770   0.00953640
 -0.02603110   0.00944530
 -0.02598380   0.00935460
 -0.02593580   0.00926430
 -0.02588710   0.00917440
 -0.02583770   0.00908480
 -0.02578750   0.00899570
 -0.02573670   0.00890690
 -0.02568520   0.00881860
 -0.02563290   0.00873060
 -0.02558000   0.00864310
 -0.02552640   0.00855600
 -0.02547220   0.00846930
 -0.02541720   0.00838300
 -0.02536150   0.00829720
 -0.02530520   0.00821180
 -0.02524820   0.00812690
 -0.02519060   0.00804240
 -0.02513230   0.00795840
 -0.02507330   0.00787480
 -0.02501370   0.00779170
 -0.02495340   0.00770910
 -0.02489250   0.00762690
 -0.02483090   0.00754520
 -0.02476870   0.00746400
 -0.02470580   0.00738330
 -0.02464230   0.00730310
 -0.02457820   0.00722350
 -0.02451350   0.00714430
 -0.02444810   0.00706560
 -0.02438220   0.00698740
 -0.02431560   0.00690980
 -0.02424840   0.00683270
 -0.02418060   0.00675610
 -0.02411220   0.00668010
 -0.02404320   0.00660450
 -0.02397360   0.00652960
 -0.02390340   0.00645520
 -0.02383260   0.00638130
 -0.02376130   0.00630800
 -0.02368940   0.00623530
 -0.02361690   0.00616310
 -0.02354380   0.00609150
 -0.02347020   0.00602050
 -0.02339610   0.00595010
 -0.02332130   0.00588020
 -0.02324610   0.00581100
 -0.02317030   0.00574230
 -0.02309390   0.00567430
 -0.02301700   0.00560680
 -0.02293960   0.00553990
 -0.02286170   0.00547370
 -0.02278320   0.00540810
 -0.02270430   0.00534310
 -0.02262480   0.00527870
 -0.02254480   0.00521490
 -0.02246430   0.00515180
 -0.02238340   0.00508930
 -0.02230190   0.00502740
 -0.02221990   0.00496620
 -0.02213750   0.00490570
 -0.02205460   0.00484580
 -0.02197130   0.00478650
 -0.02188740   0.00472790
 -0.02180310   0.00467000
 -0.02171840   0.00461270
 -0.02163320   0.00455610
 -0.02154760   0.00450010
 -0.02146150   0.00444490
 -0.02137500   0.00439030
 -0.02128810   0.00433640
 -0.02120070   0.00428320
 -0.02111290   0.00423070
 -0.02102480   0.00417880
 -0.02093620   0.00412770
 -0.02084720   0.00407730
 -0.02075780   0.00402750
 -0.02066810   0.00397850
 -0.02057790   0.00393020
 -0.02048740   0.00388260
 -0.02039650   0.00383570
 -0.02030520   0.00378950
 -0.02021360   0.00374400
 -0.02012160   0.00369930
 -0.02002930   0.00365530
 -0.01993660   0.00361200
 -0.01984360   0.00356940
 -0.01975030   0.00352760
 -0.01965660   0.00348650
 -0.01956260   0.00344620
 -0.01946830   0.00340650
 -0.01937370   0.00336770
 -0.01927880   0.00332960
 -0.01918360   0.00329220
 -0.01908810   0.00325560
 -0.01899230   0.00321970
 -0.01889620   0.00318460
 -0.01879990   0.00315020
 -0.01870330   0.00311660
 -0.01860640   0.00308380
 -0.01850930   0.00305170
 -0.01841190   0.00302040
 -0.01831430   0.00298990
 -0.01821640   0.00296010
 -0.01811830   0.00293110
 -0.01802000   0.00290290
 -0.01792150   0.00287540
 -0.01782280   0.00284870
 -0.01772380   0.00282280
 -0.01762470   0.00279740
 -0.01752560   0.00277210
 -0.01742650   0.00274700
 -0.01732730   0.00272200
 -0.01722810   0.00269710
 -0.01712880   0.00267230
 -0.01702960   0.00264770
 -0.01693030   0.00262320
 -0.01683090   0.00259880
 -0.01673160   0.00257450
 -0.01663220   0.00255040
 -0.01653270   0.00252640
 -0.01643330   0.00250250
 -0.01633380   0.00247880
 -0.01623430   0.00245520
 -0.01613470   0.00243170
 -0.01603520   0.00240830
 -0.01593550   0.00238510
 -0.01583590   0.00236200
 -0.01573620   0.00233900
 -0.01563650   0.00231610
 -0.01553680   0.00229340
 -0.01543710   0.00227080
 -0.01533730   0.00224830
 -0.01523750   0.00222600
 -0.01513760   0.00220370
 -0.01503780   0.00218170
 -0.01493790   0.00215970
 -0.01483790   0.00213790
 -0.01473800   0.00211610
 -0.01463800   0.00209460
 -0.01453800   0.00207310
 -0.01443800   0.00205180
 -0.01433790   0.00203060
 -0.01423780   0.00200950
 -0.01413770   0.00198860
 -0.01403750   0.00196780
 -0.01393740   0.00194710
 -0.01383720   0.00192650
 -0.01373690   0.00190610
 -0.01363670   0.00188580
 -0.01353640   0.00186560
 -0.01343610   0.00184560
 -0.01333580   0.00182570
 -0.01323540   0.00180590
 -0.01313510   0.00178620
 -0.01303470   0.00176670
 -0.01293420   0.00174730
 -0.01283380   0.00172800
 -0.01273330   0.00170890
 -0.01263280   0.00168990
 -0.01253230   0.00167100
 -0.01243170   0.00165220
 -0.01233120   0.00163360
 -0.01223060   0.00161510
 -0.01213000   0.00159670
 -0.01202930   0.00157850
 -0.01192860   0.00156030
 -0.01182800   0.00154230
 -0.01172720   0.00152450
 -0.01162650   0.00150680
 -0.01152580   0.00148920
 -0.01142500   0.00147170
 -0.01132420   0.00145430
 -0.01122330   0.00143710
 -0.01112250   0.00142000
 -0.01102160   0.00140310
 -0.01092070   0.00138630
 -0.01081980   0.00136960
 -0.01071890   0.00135300
 -0.01061790   0.00133650
 -0.01051700   0.00132020
 -0.01041600   0.00130400
 -0.01031500   0.00128800
 -0.01021390   0.00127210
 -0.01011290   0.00125630
 -0.01001180   0.00124060
 -0.00991070   0.00122510
 -0.00980960   0.00120970
 -0.00970840   0.00119440
 -0.00960730   0.00117920
 -0.00950610   0.00116420
 -0.00940490   0.00114930
 -0.00930370   0.00113460
 -0.00920250   0.00111990
 -0.00910120   0.00110540
 -0.00900000   0.00109110
 -0.00889870   0.00107680
 -0.00879740   0.00106270
 -0.00869600   0.00104870
 -0.00859470   0.00103490
 -0.00849330   0.00102110
 -0.00839200   0.00100750
 -0.00829060   0.00099410
 -0.00818920   0.00098070
 -0.00808770   0.00096750
 -0.00798630   0.00095450
 -0.00788480   0.00094150
 -0.00778340   0.00092870
 -0.00768190   0.00091600
 -0.00758030   0.00090340
 -0.00747880   0.00089100
 -0.00737730   0.00087870
 -0.00727570   0.00086660
 -0.00717420   0.00085450
 -0.00707260   0.00084260
 -0.00697100   0.00083080
 -0.00686930   0.00081920
 -0.00676770   0.00080770
 -0.00666610   0.00079630
 -0.00656440   0.00078500
 -0.00646270   0.00077390
 -0.00636100   0.00076290
 -0.00625930   0.00075200
 -0.00615760   0.00074130
 -0.00605590   0.00073070
 -0.00595410   0.00072020
 -0.00585240   0.00070980
 -0.00575060   0.00069960
 -0.00564880   0.00068950
 -0.00554700   0.00067960
 -0.00544520   0.00066970
 -0.00534340   0.00066000
 -0.00524160   0.00065050
 -0.00513970   0.00064100
 -0.00503780   0.00063170
 -0.00493600   0.00062260
 -0.00483410   0.00061350
 -0.00473220   0.00060460
 -0.00463030   0.00059580
 -0.00452840   0.00058720
 -0.00442640   0.00057860
 -0.00432450   0.00057020
 -0.00422260   0.00056200
 -0.00412060   0.00055380
 -0.00401860   0.00054580
 -0.00391670   0.00053800
 -0.00381470   0.00053020
 -0.00371270   0.00052260
 -0.00361070   0.00051510
 -0.00350860   0.00050780
 -0.00340660   0.00050050
 -0.00330460   0.00049340
 -0.00320250   0.00048650
 -0.00310050   0.00047970
 -0.00299840   0.00047300
 -0.00289630   0.00046640
 -0.00279420   0.00046000
 -0.00269220   0.00045360
 -0.00259010   0.00044750
 -0.00248800   0.00044140
 -0.00238590   0.00043540
 -0.00228370   0.00042950
 -0.00218160   0.00042360
 -0.00207950   0.00041770
 -0.00197740   0.00041180
 -0.00187530   0.00040600
 -0.00177320   0.00040020
 -0.00167100   0.00039450
 -0.00156890   0.00038870
 -0.00146680   0.00038310
 -0.00136470   0.00037740
 -0.00126250   0.00037180
 -0.00116040   0.00036620
 -0.00105830   0.00036070
 -0.00095610   0.00035520
 -0.00085400   0.00034970
 -0.00075190   0.00034430
 -0.00064970   0.00033890
 -0.00054760   0.00033350
 -0.00044540   0.00032820
 -0.00034330   0.00032290
 -0.00024110   0.00031760
 -0.00013900   0.00031240
 -0.00003680   0.00030720
  0.00006530   0.00030200
  0.00016750   0.00029690
  0.00026960   0.00029180
  0.00037180   0.00028670
  0.00047390   0.00028170
  0.00057610   0.00027670
  0.00067830   0.00027180
  0.00078040   0.00026690
  0.00088260   0.00026200
  0.00098480   0.00025710
  0.00108690   0.00025230
  0.00118910   0.00024760
  0.00129130   0.00024280
  0.00139350   0.00023810
  0.00149560   0.00023340
  0.00159780   0.00022880
  0.00170000   0.00022420
  0.00180220   0.00021960
  0.00190440   0.00021510
  0.00200660   0.00021060
  0.00210870   0.00020610
  0.00221090   0.00020170
  0.00231310   0.00019730
  0.00241530   0.00019300
  0.00251750   0.00018860
  0.00261970   0.00018440
  0.00272190   0.00018010
  0.00282410   0.00017590
  0.00292630   0.00017170
  0.00302850   0.00016760
  0.00313070   0.00016340
  0.00323290   0.00015940
  0.00333510   0.00015530
  0.00343730   0.00015130
  0.00353950   0.00014730
  0.00364170   0.00014340
  0.00374390   0.00013950
  0.00384610   0.00013560
  0.00394830   0.00013180
  0.00405050   0.00012800
  0.00415280   0.00012420
  0.00425500   0.00012050
  0.00435720   0.00011680
  0.00445940   0.00011310
  0.00456160   0.00010950
  0.00466390   0.00010590
  0.00476610   0.00010240
  0.00486830   0.00009880
  0.00497050   0.00009530
  0.00507270   0.00009190
  0.00517500   0.00008850
  0.00527720   0.00008510
  0.00537940   0.00008170
  0.00548170   0.00007840
  0.00558390   0.00007520
  0.00568610   0.00007190
  0.00578840   0.00006870
  0.00589060   0.00006550
  0.00599280   0.00006240
  0.00609510   0.00005930
  0.00619730   0.00005620
  0.00629950   0.00005320
  0.00640180   0.00005020
  0.00650400   0.00004720
  0.00660630   0.00004430
  0.00670850   0.00004140
  0.00681070   0.00003850
  0.00691300   0.00003570
  0.00701520   0.00003290
  0.00711750   0.00003020
  0.00721970   0.00002750
  0.00732200   0.00002480
  0.00742420   0.00002210
  0.00752650   0.00001950
  0.00762870   0.00001700
  0.00773100   0.00001450
  0.00783320   0.00001200
  0.00793550   0.00000960
  0.00803770   0.00000730
  0.00814000   0.00000490
  0.00824230   0.00000260
  0.00834450   0.00000040
  0.00844680  -0.00000190
  0.00854900  -0.00000410
  0.00865130  -0.00000620
  0.00875360  -0.00000840
  0.00885580  -0.00001050
  0.00895810  -0.00001250
  0.00906030  -0.00001460
  0.00916260  -0.00001650
  0.00926490  -0.00001850
  0.00936710  -0.00002040
  0.00946940  -0.00002230
  0.00957170  -0.00002420
  0.00967390  -0.00002600
  0.00977620  -0.00002780
  0.00987850  -0.00002950
  0.00998070  -0.00003120
  0.01008300  -0.00003290
  0.01018530  -0.00003450
  0.01028760  -0.00003610
  0.01038980  -0.00003770
  0.01049210  -0.00003920
  0.01059440  -0.00004070
  0.01069660  -0.00004220
  0.01079890  -0.00004360
  0.01090120  -0.00004500
  0.01100350  -0.00004640
  0.01110570  -0.00004770
  0.01120800  -0.00004900
  0.01131030  -0.00005030
  0.01141260  -0.00005150
  0.01151480  -0.00005270
  0.01161710  -0.00005390
  0.01171940  -0.00005500
  0.01182170  -0.00005610
  0.01192400  -0.00005710
  0.01202620  -0.00005810
  0.01212850  -0.00005910
  0.01223080  -0.00006000
  0.01233310  -0.00006090
  0.01243540  -0.00006180
  0.01253760  -0.00006270
  0.01263990  -0.00006350
  0.01274220  -0.00006420
  0.01284450  -0.00006500
  0.01294680  -0.00006570
  0.01304900  -0.00006630
  0.01315130  -0.00006700
  0.01325360  -0.00006760
  0.01335590  -0.00006810
  0.01345820  -0.00006870
  0.01356040  -0.00006910
  0.01366270  -0.00006960
  0.01376500  -0.00007000
  0.01386730  -0.00007040
  0.01396960  -0.00007080
  0.01407190  -0.00007110
  0.01417410  -0.00007140
  0.01427640  -0.00007160
  0.01437870  -0.00007180
  0.01448100  -0.00007200
  0.01458330  -0.00007210
  0.01468560  -0.00007220
  0.01478780  -0.00007230
  0.01489010  -0.00007240
  0.01499240  -0.00007240
  0.01509470  -0.00007230
  0.01519700  -0.00007230
  0.01529930  -0.00007220
  0.01540150  -0.00007200
  0.01550380  -0.00007180
  0.01560610  -0.00007160
  0.01570840  -0.00007140
  0.01581070  -0.00007110
  0.01591300  -0.00007080
  0.01601520  -0.00007050
  0.01611750  -0.00007010
  0.01621980  -0.00006970
  0.01632210  -0.00006920
  0.01642440  -0.00006870
  0.01652670  -0.00006820
  0.01662890  -0.00006770
  0.01673120  -0.00006710
  0.01683350  -0.00006640
  0.01693580  -0.00006580
  0.01703810  -0.00006510
  0.01714030  -0.00006440
  0.01724260  -0.00006360
  0.01734490  -0.00006280
  0.01744720  -0.00006200
  0.01754950  -0.00006110
  0.01765170  -0.00006020
  0.01775400  -0.00005920
  0.01785630  -0.00005810
  0.01795860  -0.00005680
  0.01806090  -0.00005540
  0.01816310  -0.00005390
  0.01826540  -0.00005220
  0.01836770  -0.00005040
  0.01846990  -0.00004850
  0.01857220  -0.00004640
  0.01867450  -0.00004420
  0.01877670  -0.00004190
  0.01887900  -0.00003950
  0.01898120  -0.00003690
  0.01908350  -0.00003420
  0.01918570  -0.00003140
  0.01928790  -0.00002840
  0.01939020  -0.00002530
  0.01949240  -0.00002210
  0.01959460  -0.00001870
  0.01969690  -0.00001520
  0.01979910  -0.00001160
  0.01990130  -0.00000780
  0.02000350  -0.00000390
  0.02010570   0.00000010
  0.02020790   0.00000420
  0.02031010   0.00000850
  0.02041230   0.00001290
  0.02051450   0.00001740
  0.02061670   0.00002210
  0.02071880   0.00002690
  0.02082100   0.00003180
  0.02092320   0.00003690
  0.02102530   0.00004210
  0.02112740   0.00004740
  0.02122960   0.00005290
  0.02133170   0.00005840
  0.02143380   0.00006420
  0.02153600   0.00007000
  0.02163810   0.00007600
  0.02174020   0.00008210
  0.02184230   0.00008830
  0.02194430   0.00009470
  0.02204640   0.00010120
  0.02214850   0.00010780
  0.02225060   0.00011460
  0.02235260   0.00012140
  0.02245460   0.00012850
  0.02255670   0.00013560
  0.02265870   0.00014290
  0.02276070   0.00015030
  0.02286270   0.00015780
  0.02296470   0.00016550
  0.02306670   0.00017330
  0.02316870   0.00018120
  0.02327060   0.00018930
  0.02337260   0.00019750
  0.02347450   0.00020580
  0.02357650   0.00021430
  0.02367840   0.00022290
  0.02378030   0.00023160
  0.02388220   0.00024040
  0.02398410   0.00024940
  0.02408600   0.00025850
  0.02418780   0.00026770
  0.02428970   0.00027710
  0.02439150   0.00028660
  0.02449340   0.00029620
  0.02459520   0.00030600
  0.02469700   0.00031590
  0.02479880   0.00032590
  0.02490060   0.00033600
  0.02500230   0.00034630
  0.02510410   0.00035670
  0.02520580   0.00036720
  0.02530750   0.00037790
  0.02540930   0.00038870
  0.02551100   0.00039960
  0.02561260   0.00041070
  0.02571430   0.00042190
  0.02581600   0.00043320
  0.02591760   0.00044460
  0.02601920   0.00045620
  0.02612080   0.00046790
  0.02622240   0.00047970
  0.02632400   0.00049170
  0.02642560   0.00050380
  0.02652710   0.00051600
  0.02662870   0.00052840
  0.02673020   0.00054090
  0.02683170   0.00055350
  0.02693320   0.00056620
  0.02703470   0.00057910
  0.02713610   0.00059210
  0.02723750   0.00060520
  0.02733900   0.00061850
  0.02744040   0.00063190
  0.02754180   0.00064540
  0.02764310   0.00065910
  0.02774450   0.00067290
  0.02784580   0.00068680
  0.02794710   0.00070080
  0.02804840   0.00071500
  0.02814970   0.00072930
  0.02825100   0.00074370
  0.02835220   0.00075830
  0.02845340   0.00077300
  0.02855460   0.00078780
  0.02865580   0.00080270
  0.02875700   0.00081780
  0.02885810   0.00083300
  0.02895930   0.00084830
  0.02906040   0.00086380
  0.02916140   0.00087940
  0.02926250   0.00089510
  0.02936360   0.00091100
  0.02946460   0.00092700
  0.02956560   0.00094310
  0.02966660   0.00095930
  0.02976750   0.00097570
  0.02986850   0.00099220
  0.02996940   0.00100880
  0.03007030   0.00102560
  0.03017120   0.00104240
  0.03027210   0.00105940
  0.03037290   0.00107660
  0.03047370   0.00109390
  0.03057450   0.00111130
  0.03067530   0.00112880
  0.03077600   0.00114650
  0.03087670   0.00116420
  0.03097740   0.00118220
  0.03107810   0.00120020
  0.03117880   0.00121840
  0.03127940   0.00123670
  0.03138000   0.00125510
  0.03148060   0.00127370
  0.03158120   0.00129240
  0.03168170   0.00131120
  0.03178220   0.00133010
  0.03188270   0.00134920
  0.03198320   0.00136840
  0.03208360   0.00138770
  0.03218400   0.00140720
  0.03228440   0.00142680
  0.03238480   0.00144650
  0.03248510   0.00146630
  0.03258540   0.00148630
  0.03268570   0.00150640
  0.03278600   0.00152660
  0.03288620   0.00154700
  0.03298640   0.00156760
  0.03308640   0.00158890
  0.03318630   0.00161110
  0.03328600   0.00163400
  0.03338550   0.00165770
  0.03348480   0.00168220
  0.03358390   0.00170750
  0.03368280   0.00173350
  0.03378150   0.00176030
  0.03388000   0.00178790
  0.03397830   0.00181630
  0.03407630   0.00184540
  0.03417410   0.00187540
  0.03427170   0.00190600
  0.03436900   0.00193750
  0.03446610   0.00196970
  0.03456290   0.00200270
  0.03465950   0.00203640
  0.03475580   0.00207090
  0.03485180   0.00210620
  0.03494750   0.00214220
  0.03504300   0.00217900
  0.03513810   0.00221650
  0.03523300   0.00225470
  0.03532760   0.00229370
  0.03542180   0.00233350
  0.03551570   0.00237400
  0.03560930   0.00241520
  0.03570260   0.00245710
  0.03579560   0.00249980
  0.03588820   0.00254330
  0.03598040   0.00258740
  0.03607230   0.00263230
  0.03616390   0.00267790
  0.03625510   0.00272420
  0.03634590   0.00277120
  0.03643640   0.00281900
  0.03652650   0.00286740
  0.03661620   0.00291660
  0.03670550   0.00296640
  0.03679440   0.00301700
  0.03688290   0.00306830
  0.03697100   0.00312020
  0.03705870   0.00317290
  0.03714590   0.00322620
  0.03723280   0.00328030
  0.03731920   0.00333500
  0.03740520   0.00339030
  0.03749080   0.00344640
  0.03757590   0.00350310
  0.03766050   0.00356050
  0.03774470   0.00361860
  0.03782850   0.00367730
  0.03791180   0.00373670
  0.03799460   0.00379670
  0.03807690   0.00385740
  0.03815880   0.00391870
  0.03824010   0.00398070
  0.03832100   0.00404330
  0.03840140   0.00410660
  0.03848130   0.00417040
  0.03856070   0.00423500
  0.03863960   0.00430010
  0.03871790   0.00436580
  0.03879570   0.00443220
  0.03887310   0.00449910
  0.03894980   0.00456670
  0.03902610   0.00463490
  0.03910180   0.00470370
  0.03917700   0.00477300
  0.03925160   0.00484300
  0.03932570   0.00491350
  0.03939920   0.00498470
  0.03947210   0.00505640
  0.03954450   0.00512860
  0.03961630   0.00520150
  0.03968750   0.00527490
  0.03975820   0.00534880
  0.03982830   0.00542330
  0.03989770   0.00549840
  0.03996660   0.00557400
  0.04003490   0.00565010
  0.04010260   0.00572680
  0.04016970   0.00580400
  0.04023620   0.00588180
  0.04030200   0.00596000
  0.04036730   0.00603880
  0.04043190   0.00611810
  0.04049590   0.00619790
  0.04055930   0.00627820
  0.04062200   0.00635890
  0.04068410   0.00644020
  0.04074560   0.00652200
  0.04080640   0.00660420
  0.04086650   0.00668690
  0.04092600   0.00677010
  0.04098490   0.00685380
  0.04104310   0.00693790
  0.04110060   0.00702250
  0.04115750   0.00710750
  0.04121370   0.00719300
  0.04126920   0.00727890
  0.04132400   0.00736520
  0.04137820   0.00745200
  0.04143160   0.00753920
  0.04148440   0.00762680
  0.04153650   0.00771480
  0.04158790   0.00780320
  0.04163860   0.00789210
  0.04168860   0.00798130
  0.04173790   0.00807090
  0.04178650   0.00816090
  0.04183440   0.00825130
  0.04188160   0.00834210
  0.04192800   0.00843320
  0.04197380   0.00852470
  0.04201880   0.00861650
  0.04206310   0.00870870
  0.04210660   0.00880130
  0.04214950   0.00889410
  0.04219160   0.00898740
  0.04223290   0.00908090
  0.04227360   0.00917480
  0.04231350   0.00926890
  0.04235260   0.00936340
  0.04239100   0.00945820
  0.04242870   0.00955330
  0.04246560   0.00964870
  0.04250170   0.00974440
  0.04253710   0.00984040
  0.04257180   0.00993660
  0.04260570   0.01003310
  0.04263880   0.01012990
  0.04267120   0.01022690
  0.04270280   0.01032420
  0.04273360   0.01042170
  0.04276370   0.01051950
  0.04279290   0.01061750
  0.04282150   0.01071570
  0.04284920   0.01081420
  0.04287620   0.01091280
  0.04290240   0.01101170
  0.04292780   0.01111080
  0.04295240   0.01121000
  0.04297630   0.01130950
  0.04299940   0.01140910
  0.04302170   0.01150900
  0.04304320   0.01160900
  0.04306390   0.01170910
  0.04308380   0.01180950
  0.04310290   0.01190990
  0.04312130   0.01201060
  0.04313880   0.01211130
  0.04315560   0.01221220
  0.04317160   0.01231330
  0.04318670   0.01241440
  0.04320110   0.01251570
  0.04321470   0.01261710
  0.04322750   0.01271850
  0.04323940   0.01282010
  0.04325060   0.01292180
  0.04326100   0.01302350
  0.04327060   0.01312540
  0.04327940   0.01322730
  0.04328730   0.01332930
  0.04329500   0.01343120
  0.04330270   0.01353320
  0.04331030   0.01363520
  0.04331800   0.01373720
  0.04332560   0.01383920
  0.04333330   0.01394120
  0.04334100   0.01404320
  0.04334860   0.01414520
  0.04335630   0.01424720
  0.04336390   0.01434920
  0.04337160   0.01445120
  0.04337920   0.01455320
  0.04338690   0.01465520
  0.04339460   0.01475720
  0.04340220   0.01485920
  0.04340990   0.01496120
  0.04341750   0.01506320
  0.04342520   0.01516520
  0.04343290   0.01526720
  0.04344050   0.01536920
  0.04344820   0.01547120
  0.04345580   0.01557320
  0.04346350   0.01567520
  0.04347120   0.01577720
  0.04347880   0.01587920
  0.04348650   0.01598120
  0.04349410   0.01608320
  0.04350180   0.01618510
  0.04350950   0.01628710
  0.04351710   0.01638910
  0.04352480   0.01649110
  0.04353240   0.01659310
  0.04354010   0.01669510
  0.04354780   0.01679710
  0.04355540   0.01689910
  0.04356310   0.01700110
  0.04357070   0.01710310
  0.04357840   0.01720510
  0.04358600   0.01730710
  0.04359370   0.01740910
  0.04360140   0.01751110
  0.04360900   0.01761310
  0.04361670   0.01771510
  0.04362430   0.01781710
  0.04363200   0.01791910
  0.04363970   0.01802110
  0.04364730   0.01812310
  0.04365500   0.01822510
  0.04366260   0.01832710
  0.04367030   0.01842910
  0.04367800   0.01853110
  0.04368560   0.01863310
  0.04369330   0.01873510
  0.04370090   0.01883710
  0.04370860   0.01893900
  0.04371630   0.01904100
  0.04372390   0.01914300
  0.04373160   0.01924500
  0.04373920   0.01934700
  0.04374690   0.01944900
  0.04375460   0.01955100
  0.04376220   0.01965300
  0.04376990   0.01975500
  0.04377750   0.01985700
  0.04378520   0.01995900
  0.04379290   0.02006100
  0.04380050   0.02016300
  0.04380820   0.02026500
  0.04381580   0.02036700
  0.04382350   0.02046900
  0.04383110   0.02057100
  0.04383880   0.02067300
  0.04384650   0.02077500
  0.04385410   0.02087700
  0.04386180   0.02097900
  0.04386940   0.02108100
  0.04387710   0.02118300
  0.04388480   0.02128500
  0.04389240   0.02138700
  0.04390010   0.02148900
  0.04390770   0.02159100
  0.04391540   0.02169300
  0.04392310   0.02179490
  0.04393070   0.02189690
  0.04393840   0.02199890
  0.04394600   0.02210090
  0.04395370   0.02220290
  0.04396140   0.02230490
  0.04396900   0.02240690
  0.04397670   0.02250890
  0.04398430   0.02261090
  0.04399200   0.02271290
  0.04399970   0.02281490
  0.04400730   0.02291690
  0.04401360   0.02300000
