  0.01032470   0.02301890
  0.01032730   0.02291670
  0.01032990   0.02281440
  0.01033240   0.02271210
  0.01033500   0.02260990
  0.01033750   0.02250760
  0.01034010   0.02240540
  0.01034260   0.02230310
  0.01034520   0.02220090
  0.01034770   0.02209860
  0.01035030   0.02199640
  0.01035280   0.02189410
  0.01035540   0.02179190
  0.01035790   0.02168960
  0.01036050   0.02158740
  0.01036300   0.02148510
  0.01036560   0.02138290
  0.01036810   0.02128060
  0.01037070   0.02117840
  0.01037330   0.02107610
  0.01037580   0.02097390
  0.01037840   0.02087160
  0.01038090   0.02076940
  0.01038350   0.02066710
  0.01038600   0.02056490
  0.01038860   0.02046260
  0.01039110   0.02036040
  0.01039370   0.02025810
  0.01039620   0.02015590
  0.01039880   0.02005360
  0.01040130   0.01995140
  0.01040390   0.01984910
  0.01040640   0.01974680
  0.01040900   0.01964460
  0.01041160   0.01954230
  0.01041410   0.01944010
  0.01041670   0.01933780
  0.01041920   0.01923560
  0.01042180   0.01913330
  0.01042430   0.01903110
  0.01042690   0.01892880
  0.01042940   0.01882660
  0.01043200   0.01872430
  0.01043450   0.01862210
  0.01043710   0.01851980
  0.01043960   0.01841760
  0.01044220   0.01831530
  0.01044470   0.01821310
  0.01044730   0.01811080
  0.01044980   0.01800860
  0.01045240   0.01790630
  0.01045500   0.01780410
  0.01045750   0.01770180
  0.01046010   0.01759960
  0.01046260   0.01749730
  0.01046520   0.01739510
  0.01046770   0.01729280
  0.01047030   0.01719060
  0.01047280   0.01708830
  0.01047540   0.01698610
  0.01047790   0.01688380
  0.01048050   0.01678160
  0.01048300   0.01667930
  0.01048560   0.01657700
  0.01048810   0.01647480
  0.01049070   0.01637250
  0.01049330   0.01627030
  0.01049580   0.01616800
  0.01049840   0.01606580
  0.01050090   0.01596350
  0.01050350   0.01586130
  0.01050600   0.01575900
  0.01050860   0.01565680
  0.01051110   0.01555450
  0.01051370   0.01545230
  0.01051620   0.01535000
  0.01051880   0.01524780
  0.01052130   0.01514550
  0.01052400   0.01504330
  0.01052730   0.01494100
  0.01053140   0.01483880
  0.01053630   0.01473670
  0.01054200   0.01463460
  0.01054850   0.01453250
  0.01055580   0.01443050
  0.01056400   0.01432850
  0.01057290   0.01422660
  0.01058260   0.01412480
  0.01059310   0.01402300
  0.01060450   0.01392140
  0.01061660   0.01381980
  0.01062950   0.01371840
  0.01064320   0.01361700
  0.01065780   0.01351580
  0.01067310   0.01341460
  0.01068920   0.01331360
  0.01070610   0.01321280
  0.01072380   0.01311200
  0.01074230   0.01301140
  0.01076160   0.01291100
  0.01078160   0.01281070
  0.01080250   0.01271050
  0.01082420   0.01261060
  0.01084660   0.01251080
  0.01086980   0.01241120
  0.01089380   0.01231170
  0.01091860   0.01221250
  0.01094420   0.01211350
  0.01097050   0.01201460
  0.01099760   0.01191600
  0.01102550   0.01181760
  0.01105420   0.01171940
  0.01108360   0.01162150
  0.01111380   0.01152370
  0.01114480   0.01142630
  0.01117650   0.01132900
  0.01120900   0.01123200
  0.01124230   0.01113530
  0.01127630   0.01103890
  0.01131110   0.01094270
  0.01134670   0.01084680
  0.01138300   0.01075110
  0.01142000   0.01065580
  0.01145780   0.01056080
  0.01149630   0.01046600
  0.01153560   0.01037160
  0.01157570   0.01027750
  0.01161640   0.01018360
  0.01165790   0.01009020
  0.01170020   0.00999700
  0.01174310   0.00990420
  0.01178680   0.00981170
  0.01183130   0.00971960
  0.01187640   0.00962780
  0.01192230   0.00953640
  0.01196890   0.00944530
  0.01201620   0.00935460
  0.01206420   0.00926430
  0.01211290   0.00917440
  0.01216230   0.00908480
  0.01221250   0.00899570
  0.01226330   0.00890690
  0.01231480   0.00881860
  0.01236710   0.00873060
  0.01242000   0.00864310
  0.01247360   0.00855600
  0.01252780   0.00846930
  0.01258280   0.00838300
  0.01263850   0.00829720
  0.01269480   0.00821180
  0.01275180   0.00812690
  0.01280940   0.00804240
  0.01286770   0.00795840
  0.01292670   0.00787480
  0.01298630   0.00779170
  0.01304660   0.00770910
  0.01310750   0.00762690
  0.01316910   0.00754520
  0.01323130   0.00746400
  0.01329420   0.00738330
  0.01335770   0.00730310
  0.01342180   0.00722350
  0.01348650   0.00714430
  0.01355190   0.00706560
  0.01361780   0.00698740
  0.01368440   0.00690980
  0.01375160   0.00683270
  0.01381940   0.00675610
  0.01388780   0.00668010
  0.01395680   0.00660450
  0.01402640   0.00652960
  0.01409660   0.00645520
  0.01416740   0.00638130
  0.01423870   0.00630800
  0.01431060   0.00623530
  0.01438310   0.00616310
  0.01445620   0.00609150
  0.01452980   0.00602050
  0.01460390   0.00595010
  0.01467870   0.00588020
  0.01475390   0.00581100
  0.01482970   0.00574230
  0.01490610   0.00567430
  0.01498300   0.00560680
  0.01506040   0.00553990
  0.01513830   0.00547370
  0.01521680   0.00540810
  0.01529570   0.00534310
  0.01537520   0.00527870
  0.01545520   0.00521490
  0.01553570   0.00515180
  0.01561660   0.00508930
  0.01569810   0.00502740
  0.01578010   0.00496620
  0.01586250   0.00490570
  0.01594540   0.00484580
  0.01602870   0.00478650
  0.01611260   0.00472790
  0.01619690   0.00467000
  0.01628160   0.00461270
  0.01636680   0.00455610
  0.01645240   0.00450010
  0.01653850   0.00444490
  0.01662500   0.00439030
  0.01671190   0.00433640
  0.01679930   0.00428320
  0.01688710   0.00423070
  0.01697520   0.00417880
  0.01706380   0.00412770
  0.01715280   0.00407730
  0.01724220   0.00402750
  0.01733190   0.00397850
  0.01742210   0.00393020
  0.01751260   0.00388260
  0.01760350   0.00383570
  0.01769480   0.00378950
  0.01778640   0.00374400
  0.01787840   0.00369930
  0.01797070   0.00365530
  0.01806340   0.00361200
  0.01815640   0.00356940
  0.01824970   0.00352760
  0.01834340   0.00348650
  0.01843740   0.00344620
  0.01853170   0.00340650
  0.01862630   0.00336770
  0.01872120   0.00332960
  0.01881640   0.00329220
  0.01891190   0.00325560
  0.01900770   0.00321970
  0.01910380   0.00318460
  0.01920010   0.00315020
  0.01929670   0.00311660
  0.01939360   0.00308380
  0.01949070   0.00305170
  0.01958810   0.00302040
  0.01968570   0.00298990
  0.01978360   0.00296010
  0.01988170   0.00293110
  0.01998000   0.00290290
  0.02007850   0.00287540
  0.02017720   0.00284870
  0.02027620   0.00282280
  0.02037530   0.00279740
  0.02047440   0.00277210
  0.02057350   0.00274700
  0.02067270   0.00272200
  0.02077190   0.00269710
  0.02087120   0.00267230
  0.02097040   0.00264770
  0.02106970   0.00262320
  0.02116910   0.00259880
  0.02126840   0.00257450
  0.02136780   0.00255040
  0.02146730   0.00252640
  0.02156670   0.00250250
  0.02166620   0.00247880
  0.02176570   0.00245520
  0.02186530   0.00243170
  0.02196480   0.00240830
  0.02206450   0.00238510
  0.02216410   0.00236200
  0.02226380   0.00233900
  0.02236350   0.00231610
  0.02246320   0.00229340
  0.02256290   0.00227080
  0.02266270   0.00224830
  0.02276250   0.00222600
  0.02286240   0.00220370
  0.02296220   0.00218170
  0.02306210   0.00215970
  0.02316210   0.00213790
  0.02326200   0.00211610
  0.02336200   0.00209460
  0.02346200   0.00207310
  0.02356200   0.00205180
  0.02366210   0.00203060
  0.02376220   0.00200950
  0.02386230   0.00198860
  0.02396250   0.00196780
  0.02406260   0.00194710
  0.02416280   0.00192650
  0.02426310   0.00190610
  0.02436330   0.00188580
  0.02446360   0.00186560
  0.02456390   0.00184560
  0.02466420   0.00182570
  0.02476460   0.00180590
  0.02486490   0.00178620
  0.02496530   0.00176670
  0.02506580   0.00174730
  0.02516620   0.00172800
  0.02526670   0.00170890
  0.02536720   0.00168990
  0.02546770   0.00167100
  0.02556830   0.00165220
  0.02566880   0.00163360
  0.02576940   0.00161510
  0.02587000   0.00159670
  0.02597070   0.00157850
  0.02607140   0.00156030
  0.02617200   0.00154230
  0.02627280   0.00152450
  0.02637350   0.00150680
  0.02647420   0.00148920
  0.02657500   0.00147170
  0.02667580   0.00145430
  0.02677670   0.00143710
  0.02687750   0.00142000
  0.02697840   0.00140310
  0.02707930   0.00138630
  0.02718020   0.00136960
  0.02728110   0.00135300
  0.02738210   0.00133650
  0.02748300   0.00132020
  0.02758400   0.00130400
  0.02768500   0.00128800
  0.02778610   0.00127210
  0.02788710   0.00125630
  0.02798820   0.00124060
  0.02808930   0.00122510
  0.02819040   0.00120970
  0.02829160   0.00119440
  0.02839270   0.00117920
  0.02849390   0.00116420
  0.02859510   0.00114930
  0.02869630   0.00113460
  0.02879750   0.00111990
  0.02889880   0.00110540
  0.02900000   0.00109110
  0.02910130   0.00107680
  0.02920260   0.00106270
  0.02930400   0.00104870
  0.02940530   0.00103490
  0.02950670   0.00102110
  0.02960800   0.00100750
  0.02970940   0.00099410
  0.02981080   0.00098070
  0.02991230   0.00096750
  0.03001370   0.00095450
  0.03011520   0.00094150
  0.03021660   0.00092870
  0.03031810   0.00091600
  0.03041970   0.00090340
  0.03052120   0.00089100
  0.03062270   0.00087870
  0.03072430   0.00086660
  0.03082580   0.00085450
  0.03092740   0.00084260
  0.03102900   0.00083080
  0.03113070   0.00081920
  0.03123230   0.00080770
  0.03133390   0.00079630
  0.03143560   0.00078500
  0.03153730   0.00077390
  0.03163900   0.00076290
  0.03174070   0.00075200
  0.03184240   0.00074130
  0.03194410   0.00073070
  0.03204590   0.00072020
  0.03214760   0.00070980
  0.03224940   0.00069960
  0.03235120   0.00068950
  0.03245300   0.00067960
  0.03255480   0.00066970
  0.03265660   0.00066000
  0.03275840   0.00065050
  0.03286030   0.00064100
  0.03296220   0.00063170
  0.03306400   0.00062260
  0.03316590   0.00061350
  0.03326780   0.00060460
  0.03336970   0.00059580
  0.03347160   0.00058720
  0.03357360   0.00057860
  0.03367550   0.00057020
  0.03377740   0.00056200
  0.03387940   0.00055380
  0.03398140   0.00054580
  0.03408330   0.00053800
  0.03418530   0.00053020
  0.03428730   0.00052260
  0.03438930   0.00051510
  0.03449140   0.00050780
  0.03459340   0.00050050
  0.03469540   0.00049340
  0.03479750   0.00048650
  0.03489950   0.00047970
  0.03500160   0.00047300
  0.03510370   0.00046640
  0.03520580   0.00046000
  0.03530780   0.00045360
  0.03540990   0.00044750
  0.03551200   0.00044140
  0.03561410   0.00043540
  0.03571630   0.00042950
  0.03581840   0.00042360
  0.03592050   0.00041770
  0.03602260   0.00041180
  0.03612470   0.00040600
  0.03622680   0.00040020
  0.03632900   0.00039450
  0.03643110   0.00038870
  0.03653320   0.00038310
  0.03663530   0.00037740
  0.03673750   0.00037180
  0.03683960   0.00036620
  0.03694170   0.00036070
  0.03704390   0.00035520
  0.03714600   0.00034970
  0.03724810   0.00034430
  0.03735030   0.00033890
  0.03745240   0.00033350
  0.03755460   0.00032820
  0.03765670   0.00032290
  0.03775890   0.00031760
  0.03786100   0.00031240
  0.03796320   0.00030720
  0.03806530   0.00030200
  0.03816750   0.00029690
  0.03826960   0.00029180
  0.03837180   0.00028670
  0.03847390   0.00028170
  0.03857610   0.00027670
  0.03867830   0.00027180
  0.03878040   0.00026690
  0.03888260   0.00026200
  0.03898480   0.00025710
  0.03908690   0.00025230
  0.03918910   0.00024760
  0.03929130   0.00024280
  0.03939350   0.00023810
  0.03949560   0.00023340
  0.03959780   0.00022880
  0.03970000   0.00022420
  0.03980220   0.00021960
  0.03990440   0.00021510
  0.04000660   0.00021060
  0.04010870   0.00020610
  0.04021090   0.00020170
  0.04031310   0.00019730
  0.04041530   0.00019300
  0.04051750   0.00018860
  0.04061970   0.00018440
  0.04072190   0.00018010
  0.04082410   0.00017590
  0.04092630   0.00017170
  0.04102850   0.00016760
  0.04113070   0.00016340
  0.04123290   0.00015940
  0.04133510   0.00015530
  0.04143730   0.00015130
  0.04153950   0.00014730
  0.04164170   0.00014340
  0.04174390   0.00013950
  0.04184610   0.00013560
  0.04194830   0.00013180
  0.04205050   0.00012800
  0.04215280   0.00012420
  0.04225500   0.00012050
  0.04235720   0.00011680
  0.04245940   0.00011310
  0.04256160   0.00010950
  0.04266390   0.00010590
  0.04276610   0.00010240
  0.04286830   0.00009880
  0.04297050   0.00009530
  0.04307270   0.00009190
  0.04317500   0.00008850
  0.04327720   0.00008510
  0.04337940   0.00008170
  0.04348170   0.00007840
  0.04358390   0.00007520
  0.04368610   0.00007190
  0.04378840   0.00006870
  0.04389060   0.00006550
  0.04399280   0.00006240
  0.04409510   0.00005930
  0.04419730   0.00005620
  0.04429950   0.00005320
  0.04440180   0.00005020
  0.04450400   0.00004720
  0.04460630   0.00004430
  0.04470850   0.00004140
  0.04481070   0.00003850
  0.04491300   0.00003570
  0.04501520   0.00003290
  0.04511750   0.00003020
  0.04521970   0.00002750
  0.04532200   0.00002480
  0.04542420   0.00002210
  0.04552650   0.00001950
  0.04562870   0.00001700
  0.04573100   0.00001450
  0.04583320   0.00001200
  0.04593550   0.00000960
  0.04603770   0.00000730
  0.04614000   0.00000490
  0.04624230   0.00000260
  0.04634450   0.00000040
  0.04644680  -0.00000190
  0.04654900  -0.00000410
  0.04665130  -0.00000620
  0.04675360  -0.00000840
  0.04685580  -0.00001050
  0.04695810  -0.00001250
  0.04706030  -0.00001460
  0.04716260  -0.00001650
  0.04726490  -0.00001850
  0.04736710  -0.00002040
  0.04746940  -0.00002230
  0.04757170  -0.00002420
  0.04767390  -0.00002600
  0.04777620  -0.00002780
  0.04787850  -0.00002950
  0.04798070  -0.00003120
  0.04808300  -0.00003290
  0.04818530  -0.00003450
  0.04828760  -0.00003610
  0.04838980  -0.00003770
  0.04849210  -0.00003920
  0.04859440  -0.00004070
  0.04869660  -0.00004220
  0.04879890  -0.00004360
  0.04890120  -0.00004500
  0.04900350  -0.00004640
  0.04910570  -0.00004770
  0.04920800  -0.00004900
  0.04931030  -0.00005030
  0.04941260  -0.00005150
  0.04951480  -0.00005270
  0.04961710  -0.00005390
  0.04971940  -0.00005500
  0.04982170  -0.00005610
  0.04992400  -0.00005710
  0.05002620  -0.00005810
  0.05012850  -0.00005910
  0.05023080  -0.00006000
  0.05033310  -0.00006090
  0.05043540  -0.00006180
  0.05053760  -0.00006270
  0.05063990  -0.00006350
  0.05074220  -0.00006420
  0.05084450  -0.00006500
  0.05094680  -0.00006570
  0.05104900  -0.00006630
  0.05115130  -0.00006700
  0.05125360  -0.00006760
  0.05135590  -0.00006810
  0.05145820  -0.00006870
  0.05156040  -0.00006910
  0.05166270  -0.00006960
  0.05176500  -0.00007000
  0.05186730  -0.00007040
  0.05196960  -0.00007080
  0.05207190  -0.00007110
  0.05217410  -0.00007140
  0.05227640  -0.00007160
  0.05237870  -0.00007180
  0.05248100  -0.00007200
  0.05258330  -0.00007210
  0.05268560  -0.00007220
  0.05278780  -0.00007230
  0.05289010  -0.00007240
  0.05299240  -0.00007240
  0.05309470  -0.00007230
  0.05319700  -0.00007230
  0.05329930  -0.00007220
  0.05340150  -0.00007200
  0.05350380  -0.00007180
  0.05360610  -0.00007160
  0.05370840  -0.00007140
  0.05381070  -0.00007110
  0.05391300  -0.00007080
  0.05401520  -0.00007050
  0.05411750  -0.00007010
  0.05421980  -0.00006970
  0.05432210  -0.00006920
  0.05442440  -0.00006870
  0.05452670  -0.00006820
  0.05462890  -0.00006770
  0.05473120  -0.00006710
  0.05483350  -0.00006640
  0.05493580  -0.00006580
  0.05503810  -0.00006510
  0.05514030  -0.00006440
  0.05524260  -0.00006360
  0.05534490  -0.00006280
  0.05544720  -0.00006200
  0.05554950  -0.00006110
  0.05565170  -0.00006020
  0.05575400  -0.00005920
  0.05585630  -0.00005810
  0.05595860  -0.00005680
  0.05606090  -0.00005540
  0.05616310  -0.00005390
  0.05626540  -0.00005220
  0.05636770  -0.00005040
  0.05646990  -0.00004850
  0.05657220  -0.00004640
  0.05667450  -0.00004420
  0.05677670  -0.00004190
  0.05687900  -0.00003950
  0.05698120  -0.00003690
  0.05708350  -0.00003420
  0.05718570  -0.00003140
  0.05728790  -0.00002840
  0.05739020  -0.00002530
  0.05749240  -0.00002210
  0.05759460  -0.00001870
  0.05769690  -0.00001520
  0.05779910  -0.00001160
  0.05790130  -0.00000780
  0.05800350  -0.00000390
  0.05810570   0.00000010
  0.05820790   0.00000420
  0.05831010   0.00000850
  0.05841230   0.00001290
  0.05851450   0.00001740
  0.05861670   0.00002210
  0.05871880   0.00002690
  0.05882100   0.00003180
  0.05892320   0.00003690
  0.05902530   0.00004210
  0.05912740   0.00004740
  0.05922960   0.00005290
  0.05933170   0.00005840
  0.05943380   0.00006420
  0.05953600   0.00007000
  0.05963810   0.00007600
  0.05974020   0.00008210
  0.05984230   0.00008830
  0.05994430   0.00009470
  0.06004640   0.00010120
  0.06014850   0.00010780
  0.06025060   0.00011460
  0.06035260   0.00012140
  0.06045460   0.00012850
  0.06055670   0.00013560
  0.06065870   0.00014290
  0.06076070   0.00015030
  0.06086270   0.00015780
  0.06096470   0.00016550
  0.06106670   0.00017330
  0.06116870   0.00018120
  0.06127060   0.00018930
  0.06137260   0.00019750
  0.06147450   0.00020580
  0.06157650   0.00021430
  0.06167840   0.00022290
  0.06178030   0.00023160
  0.06188220   0.00024040
  0.06198410   0.00024940
  0.06208600   0.00025850
  0.06218780   0.00026770
  0.06228970   0.00027710
  0.06239150   0.00028660
  0.06249340   0.00029620
  0.06259520   0.00030600
  0.06269700   0.00031590
  0.06279880   0.00032590
  0.06290060   0.00033600
  0.06300230   0.00034630
  0.06310410   0.00035670
  0.06320580   0.00036720
  0.06330750   0.00037790
  0.06340930   0.00038870
  0.06351100   0.00039960
  0.06361260   0.00041070
  0.06371430   0.00042190
  0.06381600   0.00043320
  0.06391760   0.00044460
  0.06401920   0.00045620
  0.06412080   0.00046790
  0.06422240   0.00047970
  0.06432400   0.00049170
  0.06442560   0.00050380
  0.06452710   0.00051600
  0.06462870   0.00052840
  0.06473020   0.00054090
  0.06483170   0.00055350
  0.06493320   0.00056620
  0.06503470   0.00057910
  0.06513610   0.00059210
  0.06523750   0.00060520
  0.06533900   0.00061850
  0.06544040   0.00063190
  0.06554180   0.00064540
  0.06564310   0.00065910
  0.06574450   0.00067290
  0.06584580   0.00068680
  0.06594710   0.00070080
  0.06604840   0.00071500
  0.06614970   0.00072930
  0.06625100   0.00074370
  0.06635220   0.00075830
  0.06645340   0.00077300
  0.06655460   0.00078780
  0.06665580   0.00080270
  0.06675700   0.00081780
  0.06685810   0.00083300
  0.06695930   0.00084830
  0.06706040   0.00086380
  0.06716140   0.00087940
  0.06726250   0.00089510
  0.06736360   0.00091100
  0.06746460   0.00092700
  0.06756560   0.00094310
  0.06766660   0.00095930
  0.06776750   0.00097570
  0.06786850   0.00099220
  0.06796940   0.00100880
  0.06807030   0.00102560
  0.06817120   0.00104240
  0.06827210   0.00105940
  0.06837290   0.00107660
  0.06847370   0.00109390
  0.06857450   0.00111130
  0.06867530   0.00112880
  0.06877600   0.00114650
  0.06887670   0.00116420
  0.06897740   0.00118220
  0.06907810   0.00120020
  0.06917880   0.00121840
  0.06927940   0.00123670
  0.06938000   0.00125510
  0.06948060   0.00127370
  0.06958120   0.00129240
  0.06968170   0.00131120
  0.06978220   0.00133010
  0.06988270   0.00134920
  0.06998320   0.00136840
  0.07008360   0.00138770
  0.07018400   0.00140720
  0.07028440   0.00142680
  0.07038480   0.00144650
  0.07048510   0.00146630
  0.07058540   0.00148630
  0.07068570   0.00150640
  0.07078600   0.00152660
  0.07088620   0.00154700
  0.07098640   0.00156760
  0.07108640   0.00158890
  0.07118630   0.00161110
  0.07128600   0.00163400
  0.07138550   0.00165770
  0.07148480   0.00168220
  0.07158390   0.00170750
  0.07168280   0.00173350
  0.07178150   0.00176030
  0.07188000   0.00178790
  0.07197830   0.00181630
  0.07207630   0.00184540
  0.07217410   0.00187540
  0.07227170   0.00190600
  0.07236900   0.00193750
  0.07246610   0.00196970
  0.07256290   0.00200270
  0.07265950   0.00203640
  0.07275580   0.00207090
  0.07285180   0.00210620
  0.07294750   0.00214220
  0.07304300   0.00217900
  0.07313810   0.00221650
  0.07323300   0.00225470
  0.07332760   0.00229370
  0.07342180   0.00233350
  0.07351570   0.00237400
  0.07360930   0.00241520
  0.07370260   0.00245710
  0.07379560   0.00249980
  0.07388820   0.00254330
  0.07398040   0.00258740
  0.07407230   0.00263230
  0.07416390   0.00267790
  0.07425510   0.00272420
  0.07434590   0.00277120
  0.07443640   0.00281900
  0.07452650   0.00286740
  0.07461620   0.00291660
  0.07470550   0.00296640
  0.07479440   0.00301700
  0.07488290   0.00306830
  0.07497100   0.00312020
  0.07505870   0.00317290
  0.07514590   0.00322620
  0.07523280   0.00328030
  0.07531920   0.00333500
  0.07540520   0.00339030
  0.07549080   0.00344640
  0.07557590   0.00350310
  0.07566050   0.00356050
  0.07574470   0.00361860
  0.07582850   0.00367730
  0.07591180   0.00373670
  0.07599460   0.00379670
  0.07607690   0.00385740
  0.07615880   0.00391870
  0.07624010   0.00398070
  0.07632100   0.00404330
  0.07640140   0.00410660
  0.07648130   0.00417040
  0.07656070   0.00423500
  0.07663960   0.00430010
  0.07671790   0.00436580
  0.07679570   0.00443220
  0.07687310   0.00449910
  0.07694980   0.00456670
  0.07702610   0.00463490
  0.07710180   0.00470370
  0.07717700   0.00477300
  0.07725160   0.00484300
  0.07732570   0.00491350
  0.07739920   0.00498470
  0.07747210   0.00505640
  0.07754450   0.00512860
  0.07761630   0.00520150
  0.07768750   0.00527490
  0.07775820   0.00534880
  0.07782830   0.00542330
  0.07789770   0.00549840
  0.07796660   0.00557400
  0.07803490   0.00565010
  0.07810260   0.00572680
  0.07816970   0.00580400
  0.07823620   0.00588180
  0.07830200   0.00596000
  0.07836730   0.00603880
  0.07843190   0.00611810
  0.07849590   0.00619790
  0.07855930   0.00627820
  0.07862200   0.00635890
  0.07868410   0.00644020
  0.07874560   0.00652200
  0.07880640   0.00660420
  0.07886650   0.00668690
  0.07892600   0.00677010
  0.07898490   0.00685380
  0.07904310   0.00693790
  0.07910060   0.00702250
  0.07915750   0.00710750
  0.07921370   0.00719300
  0.07926920   0.00727890
  0.07932400   0.00736520
  0.07937820   0.00745200
  0.07943160   0.00753920
  0.07948440   0.00762680
  0.07953650   0.00771480
  0.07958790   0.00780320
  0.07963860   0.00789210
  0.07968860   0.00798130
  0.07973790   0.00807090
  0.07978650   0.00816090
  0.07983440   0.00825130
  0.07988160   0.00834210
  0.07992800   0.00843320
  0.07997380   0.00852470
  0.08001880   0.00861650
  0.08006310   0.00870870
  0.08010660   0.00880130
  0.08014950   0.00889410
  0.08019160   0.00898740
  0.08023290   0.00908090
  0.08027360   0.00917480
  0.08031350   0.00926890
  0.08035260   0.00936340
  0.08039100   0.00945820
  0.08042870   0.00955330
  0.08046560   0.00964870
  0.08050170   0.00974440
  0.08053710   0.00984040
  0.08057180   0.00993660
  0.08060570   0.01003310
  0.08063880   0.01012990
  0.08067120   0.01022690
  0.08070280   0.01032420
  0.08073360   0.01042170
  0.08076370   0.01051950
  0.08079290   0.01061750
  0.08082150   0.01071570
  0.08084920   0.01081420
  0.08087620   0.01091280
  0.08090240   0.01101170
  0.08092780   0.01111080
  0.08095240   0.01121000
  0.08097630   0.01130950
  0.08099940   0.01140910
  0.08102170   0.01150900
  0.08104320   0.01160900
  0.08106390   0.01170910
  0.08108380   0.01180950
  0.08110290   0.01190990
  0.08112130   0.01201060
  0.08113880   0.01211130
  0.08115560   0.01221220
  0.08117160   0.01231330
  0.08118670   0.01241440
  0.08120110   0.01251570
  0.08121470   0.01261710
  0.08122750   0.01271850
  0.08123940   0.01282010
  0.08125060   0.01292180
  0.08126100   0.01302350
  0.08127060   0.01312540
  0.08127940   0.01322730
  0.08128730   0.01332930
  0.08129500   0.01343120
  0.08130270   0.01353320
  0.08131030   0.01363520
  0.08131800   0.01373720
  0.08132560   0.01383920
  0.08133330   0.01394120
  0.08134100   0.01404320
  0.08134860   0.01414520
  0.08135630   0.01424720
  0.08136390   0.01434920
  0.08137160   0.01445120
  0.08137920   0.01455320
  0.08138690   0.01465520
  0.08139460   0.01475720
  0.08140220   0.01485920
  0.08140990   0.01496120
  0.08141750   0.01506320
  0.08142520   0.01516520
  0.08143290   0.01526720
  0.08144050   0.01536920
  0.08144820   0.01547120
  0.08145580   0.01557320
  0.08146350   0.01567520
  0.08147120   0.01577720
  0.08147880   0.01587920
  0.08148650   0.01598120
  0.08149410   0.01608320
  0.08150180   0.01618510
  0.08150950   0.01628710
  0.08151710   0.01638910
  0.08152480   0.01649110
  0.08153240   0.01659310
  0.08154010   0.01669510
  0.08154780   0.01679710
  0.08155540   0.01689910
  0.08156310   0.01700110
  0.08157070   0.01710310
  0.08157840   0.01720510
  0.08158600   0.01730710
  0.08159370   0.01740910
  0.08160140   0.01751110
  0.08160900   0.01761310
  0.08161670   0.01771510
  0.08162430   0.01781710
  0.08163200   0.01791910
  0.08163970   0.01802110
  0.08164730   0.01812310
  0.08165500   0.01822510
  0.08166260   0.01832710
  0.08167030   0.01842910
  0.08167800   0.01853110
  0.08168560   0.01863310
  0.08169330   0.01873510
  0.08170090   0.01883710
  0.08170860   0.01893900
  0.08171630   0.01904100
  0.08172390   0.01914300
  0.08173160   0.01924500
  0.08173920   0.01934700
  0.08174690   0.01944900
  0.08175460   0.01955100
  0.08176220   0.01965300
  0.08176990   0.01975500
  0.08177750   0.01985700
  0.08178520   0.01995900
  0.08179290   0.02006100
  0.08180050   0.02016300
  0.08180820   0.02026500
  0.08181580   0.02036700
  0.08182350   0.02046900
  0.08183110   0.02057100
  0.08183880   0.02067300
  0.08184650   0.02077500
  0.08185410   0.02087700
  0.08186180   0.02097900
  0.08186940   0.02108100
  0.08187710   0.02118300
  0.08188480   0.02128500
  0.08189240   0.02138700
  0.08190010   0.02148900
  0.08190770   0.02159100
  0.08191540   0.02169300
  0.08192310   0.02179490
  0.08193070   0.02189690
  0.08193840   0.02199890
  0.08194600   0.02210090
  0.08195370   0.02220290
  0.08196140   0.02230490
  0.08196900   0.02240690
  0.08197670   0.02250890
  0.08198430   0.02261090
  0.08199200   0.02271290
  0.08199970   0.02281490
  0.08200730   0.02291690
  0.08201360   0.02300000
