  0.03132470   0.02301890
  0.03132730   0.02291670
  0.03132990   0.02281440
  0.03133240   0.02271210
  0.03133500   0.02260990
  0.03133750   0.02250760
  0.03134010   0.02240540
  0.03134260   0.02230310
  0.03134520   0.02220090
  0.03134770   0.02209860
  0.03135030   0.02199640
  0.03135280   0.02189410
  0.03135540   0.02179190
  0.03135790   0.02168960
  0.03136050   0.02158740
  0.03136300   0.02148510
  0.03136560   0.02138290
  0.03136810   0.02128060
  0.03137070   0.02117840
  0.03137330   0.02107610
  0.03137580   0.02097390
  0.03137840   0.02087160
  0.03138090   0.02076940
  0.03138350   0.02066710
  0.03138600   0.02056490
  0.03138860   0.02046260
  0.03139110   0.02036040
  0.03139370   0.02025810
  0.03139620   0.02015590
  0.03139880   0.02005360
  0.03140130   0.01995140
  0.03140390   0.01984910
  0.03140640   0.01974680
  0.03140900   0.01964460
  0.03141160   0.01954230
  0.03141410   0.01944010
  0.03141670   0.01933780
  0.03141920   0.01923560
  0.03142180   0.01913330
  0.03142430   0.01903110
  0.03142690   0.01892880
  0.03142940   0.01882660
  0.03143200   0.01872430
  0.03143450   0.01862210
  0.03143710   0.01851980
  0.03143960   0.01841760
  0.03144220   0.01831530
  0.03144470   0.01821310
  0.03144730   0.01811080
  0.03144980   0.01800860
  0.03145240   0.01790630
  0.03145500   0.01780410
  0.03145750   0.01770180
  0.03146010   0.01759960
  0.03146260   0.01749730
  0.03146520   0.01739510
  0.03146770   0.01729280
  0.03147030   0.01719060
  0.03147280   0.01708830
  0.03147540   0.01698610
  0.03147790   0.01688380
  0.03148050   0.01678160
  0.03148300   0.01667930
  0.03148560   0.01657700
  0.03148810   0.01647480
  0.03149070   0.01637250
  0.03149330   0.01627030
  0.03149580   0.01616800
  0.03149840   0.01606580
  0.03150090   0.01596350
  0.03150350   0.01586130
  0.03150600   0.01575900
  0.03150860   0.01565680
  0.03151110   0.01555450
  0.03151370   0.01545230
  0.03151620   0.01535000
  0.03151880   0.01524780
  0.03152130   0.01514550
  0.03152400   0.01504330
  0.03152730   0.01494100
  0.03153140   0.01483880
  0.03153630   0.01473670
  0.03154200   0.01463460
  0.03154850   0.01453250
  0.03155580   0.01443050
  0.03156400   0.01432850
  0.03157290   0.01422660
  0.03158260   0.01412480
  0.03159310   0.01402300
  0.03160450   0.01392140
  0.03161660   0.01381980
  0.03162950   0.01371840
  0.03164320   0.01361700
  0.03165780   0.01351580
  0.03167310   0.01341460
  0.03168920   0.01331360
  0.03170610   0.01321280
  0.03172380   0.01311200
  0.03174230   0.01301140
  0.03176160   0.01291100
  0.03178160   0.01281070
  0.03180250   0.01271050
  0.03182420   0.01261060
  0.03184660   0.01251080
  0.03186980   0.01241120
  0.03189380   0.01231170
  0.03191860   0.01221250
  0.03194420   0.01211350
  0.03197050   0.01201460
  0.03199760   0.01191600
  0.03202550   0.01181760
  0.03205420   0.01171940
  0.03208360   0.01162150
  0.03211380   0.01152370
  0.03214480   0.01142630
  0.03217650   0.01132900
  0.03220900   0.01123200
  0.03224230   0.01113530
  0.03227630   0.01103890
  0.03231110   0.01094270
  0.03234670   0.01084680
  0.03238300   0.01075110
  0.03242000   0.01065580
  0.03245780   0.01056080
  0.03249630   0.01046600
  0.03253560   0.01037160
  0.03257570   0.01027750
  0.03261640   0.01018360
  0.03265790   0.01009020
  0.03270020   0.00999700
  0.03274310   0.00990420
  0.03278680   0.00981170
  0.03283130   0.00971960
  0.03287640   0.00962780
  0.03292230   0.00953640
  0.03296890   0.00944530
  0.03301620   0.00935460
  0.03306420   0.00926430
  0.03311290   0.00917440
  0.03316230   0.00908480
  0.03321250   0.00899570
  0.03326330   0.00890690
  0.03331480   0.00881860
  0.03336710   0.00873060
  0.03342000   0.00864310
  0.03347360   0.00855600
  0.03352780   0.00846930
  0.03358280   0.00838300
  0.03363850   0.00829720
  0.03369480   0.00821180
  0.03375180   0.00812690
  0.03380940   0.00804240
  0.03386770   0.00795840
  0.03392670   0.00787480
  0.03398630   0.00779170
  0.03404660   0.00770910
  0.03410750   0.00762690
  0.03416910   0.00754520
  0.03423130   0.00746400
  0.03429420   0.00738330
  0.03435770   0.00730310
  0.03442180   0.00722350
  0.03448650   0.00714430
  0.03455190   0.00706560
  0.03461780   0.00698740
  0.03468440   0.00690980
  0.03475160   0.00683270
  0.03481940   0.00675610
  0.03488780   0.00668010
  0.03495680   0.00660450
  0.03502640   0.00652960
  0.03509660   0.00645520
  0.03516740   0.00638130
  0.03523870   0.00630800
  0.03531060   0.00623530
  0.03538310   0.00616310
  0.03545620   0.00609150
  0.03552980   0.00602050
  0.03560390   0.00595010
  0.03567870   0.00588020
  0.03575390   0.00581100
  0.03582970   0.00574230
  0.03590610   0.00567430
  0.03598300   0.00560680
  0.03606040   0.00553990
  0.03613830   0.00547370
  0.03621680   0.00540810
  0.03629570   0.00534310
  0.03637520   0.00527870
  0.03645520   0.00521490
  0.03653570   0.00515180
  0.03661660   0.00508930
  0.03669810   0.00502740
  0.03678010   0.00496620
  0.03686250   0.00490570
  0.03694540   0.00484580
  0.03702870   0.00478650
  0.03711260   0.00472790
  0.03719690   0.00467000
  0.03728160   0.00461270
  0.03736680   0.00455610
  0.03745240   0.00450010
  0.03753850   0.00444490
  0.03762500   0.00439030
  0.03771190   0.00433640
  0.03779930   0.00428320
  0.03788710   0.00423070
  0.03797520   0.00417880
  0.03806380   0.00412770
  0.03815280   0.00407730
  0.03824220   0.00402750
  0.03833190   0.00397850
  0.03842210   0.00393020
  0.03851260   0.00388260
  0.03860350   0.00383570
  0.03869480   0.00378950
  0.03878640   0.00374400
  0.03887840   0.00369930
  0.03897070   0.00365530
  0.03906340   0.00361200
  0.03915640   0.00356940
  0.03924970   0.00352760
  0.03934340   0.00348650
  0.03943740   0.00344620
  0.03953170   0.00340650
  0.03962630   0.00336770
  0.03972120   0.00332960
  0.03981640   0.00329220
  0.03991190   0.00325560
  0.04000770   0.00321970
  0.04010380   0.00318460
  0.04020010   0.00315020
  0.04029670   0.00311660
  0.04039360   0.00308380
  0.04049070   0.00305170
  0.04058810   0.00302040
  0.04068570   0.00298990
  0.04078360   0.00296010
  0.04088170   0.00293110
  0.04098000   0.00290290
  0.04107850   0.00287540
  0.04117720   0.00284870
  0.04127620   0.00282280
  0.04137530   0.00279740
  0.04147440   0.00277210
  0.04157350   0.00274700
  0.04167270   0.00272200
  0.04177190   0.00269710
  0.04187120   0.00267230
  0.04197040   0.00264770
  0.04206970   0.00262320
  0.04216910   0.00259880
  0.04226840   0.00257450
  0.04236780   0.00255040
  0.04246730   0.00252640
  0.04256670   0.00250250
  0.04266620   0.00247880
  0.04276570   0.00245520
  0.04286530   0.00243170
  0.04296480   0.00240830
  0.04306450   0.00238510
  0.04316410   0.00236200
  0.04326380   0.00233900
  0.04336350   0.00231610
  0.04346320   0.00229340
  0.04356290   0.00227080
  0.04366270   0.00224830
  0.04376250   0.00222600
  0.04386240   0.00220370
  0.04396220   0.00218170
  0.04406210   0.00215970
  0.04416210   0.00213790
  0.04426200   0.00211610
  0.04436200   0.00209460
  0.04446200   0.00207310
  0.04456200   0.00205180
  0.04466210   0.00203060
  0.04476220   0.00200950
  0.04486230   0.00198860
  0.04496250   0.00196780
  0.04506260   0.00194710
  0.04516280   0.00192650
  0.04526310   0.00190610
  0.04536330   0.00188580
  0.04546360   0.00186560
  0.04556390   0.00184560
  0.04566420   0.00182570
  0.04576460   0.00180590
  0.04586490   0.00178620
  0.04596530   0.00176670
  0.04606580   0.00174730
  0.04616620   0.00172800
  0.04626670   0.00170890
  0.04636720   0.00168990
  0.04646770   0.00167100
  0.04656830   0.00165220
  0.04666880   0.00163360
  0.04676940   0.00161510
  0.04687000   0.00159670
  0.04697070   0.00157850
  0.04707140   0.00156030
  0.04717200   0.00154230
  0.04727280   0.00152450
  0.04737350   0.00150680
  0.04747420   0.00148920
  0.04757500   0.00147170
  0.04767580   0.00145430
  0.04777670   0.00143710
  0.04787750   0.00142000
  0.04797840   0.00140310
  0.04807930   0.00138630
  0.04818020   0.00136960
  0.04828110   0.00135300
  0.04838210   0.00133650
  0.04848300   0.00132020
  0.04858400   0.00130400
  0.04868500   0.00128800
  0.04878610   0.00127210
  0.04888710   0.00125630
  0.04898820   0.00124060
  0.04908930   0.00122510
  0.04919040   0.00120970
  0.04929160   0.00119440
  0.04939270   0.00117920
  0.04949390   0.00116420
  0.04959510   0.00114930
  0.04969630   0.00113460
  0.04979750   0.00111990
  0.04989880   0.00110540
  0.05000000   0.00109110
  0.05010130   0.00107680
  0.05020260   0.00106270
  0.05030400   0.00104870
  0.05040530   0.00103490
  0.05050670   0.00102110
  0.05060800   0.00100750
  0.05070940   0.00099410
  0.05081080   0.00098070
  0.05091230   0.00096750
  0.05101370   0.00095450
  0.05111520   0.00094150
  0.05121660   0.00092870
  0.05131810   0.00091600
  0.05141970   0.00090340
  0.05152120   0.00089100
  0.05162270   0.00087870
  0.05172430   0.00086660
  0.05182580   0.00085450
  0.05192740   0.00084260
  0.05202900   0.00083080
  0.05213070   0.00081920
  0.05223230   0.00080770
  0.05233390   0.00079630
  0.05243560   0.00078500
  0.05253730   0.00077390
  0.05263900   0.00076290
  0.05274070   0.00075200
  0.05284240   0.00074130
  0.05294410   0.00073070
  0.05304590   0.00072020
  0.05314760   0.00070980
  0.05324940   0.00069960
  0.05335120   0.00068950
  0.05345300   0.00067960
  0.05355480   0.00066970
  0.05365660   0.00066000
  0.05375840   0.00065050
  0.05386030   0.00064100
  0.05396220   0.00063170
  0.05406400   0.00062260
  0.05416590   0.00061350
  0.05426780   0.00060460
  0.05436970   0.00059580
  0.05447160   0.00058720
  0.05457360   0.00057860
  0.05467550   0.00057020
  0.05477740   0.00056200
  0.05487940   0.00055380
  0.05498140   0.00054580
  0.05508330   0.00053800
  0.05518530   0.00053020
  0.05528730   0.00052260
  0.05538930   0.00051510
  0.05549140   0.00050780
  0.05559340   0.00050050
  0.05569540   0.00049340
  0.05579750   0.00048650
  0.05589950   0.00047970
  0.05600160   0.00047300
  0.05610370   0.00046640
  0.05620580   0.00046000
  0.05630780   0.00045360
  0.05640990   0.00044750
  0.05651200   0.00044140
  0.05661410   0.00043540
  0.05671630   0.00042950
  0.05681840   0.00042360
  0.05692050   0.00041770
  0.05702260   0.00041180
  0.05712470   0.00040600
  0.05722680   0.00040020
  0.05732900   0.00039450
  0.05743110   0.00038870
  0.05753320   0.00038310
  0.05763530   0.00037740
  0.05773750   0.00037180
  0.05783960   0.00036620
  0.05794170   0.00036070
  0.05804390   0.00035520
  0.05814600   0.00034970
  0.05824810   0.00034430
  0.05835030   0.00033890
  0.05845240   0.00033350
  0.05855460   0.00032820
  0.05865670   0.00032290
  0.05875890   0.00031760
  0.05886100   0.00031240
  0.05896320   0.00030720
  0.05906530   0.00030200
  0.05916750   0.00029690
  0.05926960   0.00029180
  0.05937180   0.00028670
  0.05947390   0.00028170
  0.05957610   0.00027670
  0.05967830   0.00027180
  0.05978040   0.00026690
  0.05988260   0.00026200
  0.05998480   0.00025710
  0.06008690   0.00025230
  0.06018910   0.00024760
  0.06029130   0.00024280
  0.06039350   0.00023810
  0.06049560   0.00023340
  0.06059780   0.00022880
  0.06070000   0.00022420
  0.06080220   0.00021960
  0.06090440   0.00021510
  0.06100660   0.00021060
  0.06110870   0.00020610
  0.06121090   0.00020170
  0.06131310   0.00019730
  0.06141530   0.00019300
  0.06151750   0.00018860
  0.06161970   0.00018440
  0.06172190   0.00018010
  0.06182410   0.00017590
  0.06192630   0.00017170
  0.06202850   0.00016760
  0.06213070   0.00016340
  0.06223290   0.00015940
  0.06233510   0.00015530
  0.06243730   0.00015130
  0.06253950   0.00014730
  0.06264170   0.00014340
  0.06274390   0.00013950
  0.06284610   0.00013560
  0.06294830   0.00013180
  0.06305050   0.00012800
  0.06315280   0.00012420
  0.06325500   0.00012050
  0.06335720   0.00011680
  0.06345940   0.00011310
  0.06356160   0.00010950
  0.06366390   0.00010590
  0.06376610   0.00010240
  0.06386830   0.00009880
  0.06397050   0.00009530
  0.06407270   0.00009190
  0.06417500   0.00008850
  0.06427720   0.00008510
  0.06437940   0.00008170
  0.06448170   0.00007840
  0.06458390   0.00007520
  0.06468610   0.00007190
  0.06478840   0.00006870
  0.06489060   0.00006550
  0.06499280   0.00006240
  0.06509510   0.00005930
  0.06519730   0.00005620
  0.06529950   0.00005320
  0.06540180   0.00005020
  0.06550400   0.00004720
  0.06560630   0.00004430
  0.06570850   0.00004140
  0.06581070   0.00003850
  0.06591300   0.00003570
  0.06601520   0.00003290
  0.06611750   0.00003020
  0.06621970   0.00002750
  0.06632200   0.00002480
  0.06642420   0.00002210
  0.06652650   0.00001950
  0.06662870   0.00001700
  0.06673100   0.00001450
  0.06683320   0.00001200
  0.06693550   0.00000960
  0.06703770   0.00000730
  0.06714000   0.00000490
  0.06724230   0.00000260
  0.06734450   0.00000040
  0.06744680  -0.00000190
  0.06754900  -0.00000410
  0.06765130  -0.00000620
  0.06775360  -0.00000840
  0.06785580  -0.00001050
  0.06795810  -0.00001250
  0.06806030  -0.00001460
  0.06816260  -0.00001650
  0.06826490  -0.00001850
  0.06836710  -0.00002040
  0.06846940  -0.00002230
  0.06857170  -0.00002420
  0.06867390  -0.00002600
  0.06877620  -0.00002780
  0.06887850  -0.00002950
  0.06898070  -0.00003120
  0.06908300  -0.00003290
  0.06918530  -0.00003450
  0.06928760  -0.00003610
  0.06938980  -0.00003770
  0.06949210  -0.00003920
  0.06959440  -0.00004070
  0.06969660  -0.00004220
  0.06979890  -0.00004360
  0.06990120  -0.00004500
  0.07000350  -0.00004640
  0.07010570  -0.00004770
  0.07020800  -0.00004900
  0.07031030  -0.00005030
  0.07041260  -0.00005150
  0.07051480  -0.00005270
  0.07061710  -0.00005390
  0.07071940  -0.00005500
  0.07082170  -0.00005610
  0.07092400  -0.00005710
  0.07102620  -0.00005810
  0.07112850  -0.00005910
  0.07123080  -0.00006000
  0.07133310  -0.00006090
  0.07143540  -0.00006180
  0.07153760  -0.00006270
  0.07163990  -0.00006350
  0.07174220  -0.00006420
  0.07184450  -0.00006500
  0.07194680  -0.00006570
  0.07204900  -0.00006630
  0.07215130  -0.00006700
  0.07225360  -0.00006760
  0.07235590  -0.00006810
  0.07245820  -0.00006870
  0.07256040  -0.00006910
  0.07266270  -0.00006960
  0.07276500  -0.00007000
  0.07286730  -0.00007040
  0.07296960  -0.00007080
  0.07307190  -0.00007110
  0.07317410  -0.00007140
  0.07327640  -0.00007160
  0.07337870  -0.00007180
  0.07348100  -0.00007200
  0.07358330  -0.00007210
  0.07368560  -0.00007220
  0.07378780  -0.00007230
  0.07389010  -0.00007240
  0.07399240  -0.00007240
  0.07409470  -0.00007230
  0.07419700  -0.00007230
  0.07429930  -0.00007220
  0.07440150  -0.00007200
  0.07450380  -0.00007180
  0.07460610  -0.00007160
  0.07470840  -0.00007140
  0.07481070  -0.00007110
  0.07491300  -0.00007080
  0.07501520  -0.00007050
  0.07511750  -0.00007010
  0.07521980  -0.00006970
  0.07532210  -0.00006920
  0.07542440  -0.00006870
  0.07552670  -0.00006820
  0.07562890  -0.00006770
  0.07573120  -0.00006710
  0.07583350  -0.00006640
  0.07593580  -0.00006580
  0.07603810  -0.00006510
  0.07614030  -0.00006440
  0.07624260  -0.00006360
  0.07634490  -0.00006280
  0.07644720  -0.00006200
  0.07654950  -0.00006110
  0.07665170  -0.00006020
  0.07675400  -0.00005920
  0.07685630  -0.00005810
  0.07695860  -0.00005680
  0.07706090  -0.00005540
  0.07716310  -0.00005390
  0.07726540  -0.00005220
  0.07736770  -0.00005040
  0.07746990  -0.00004850
  0.07757220  -0.00004640
  0.07767450  -0.00004420
  0.07777670  -0.00004190
  0.07787900  -0.00003950
  0.07798120  -0.00003690
  0.07808350  -0.00003420
  0.07818570  -0.00003140
  0.07828790  -0.00002840
  0.07839020  -0.00002530
  0.07849240  -0.00002210
  0.07859460  -0.00001870
  0.07869690  -0.00001520
  0.07879910  -0.00001160
  0.07890130  -0.00000780
  0.07900350  -0.00000390
  0.07910570   0.00000010
  0.07920790   0.00000420
  0.07931010   0.00000850
  0.07941230   0.00001290
  0.07951450   0.00001740
  0.07961670   0.00002210
  0.07971880   0.00002690
  0.07982100   0.00003180
  0.07992320   0.00003690
  0.08002530   0.00004210
  0.08012740   0.00004740
  0.08022960   0.00005290
  0.08033170   0.00005840
  0.08043380   0.00006420
  0.08053600   0.00007000
  0.08063810   0.00007600
  0.08074020   0.00008210
  0.08084230   0.00008830
  0.08094430   0.00009470
  0.08104640   0.00010120
  0.08114850   0.00010780
  0.08125060   0.00011460
  0.08135260   0.00012140
  0.08145460   0.00012850
  0.08155670   0.00013560
  0.08165870   0.00014290
  0.08176070   0.00015030
  0.08186270   0.00015780
  0.08196470   0.00016550
  0.08206670   0.00017330
  0.08216870   0.00018120
  0.08227060   0.00018930
  0.08237260   0.00019750
  0.08247450   0.00020580
  0.08257650   0.00021430
  0.08267840   0.00022290
  0.08278030   0.00023160
  0.08288220   0.00024040
  0.08298410   0.00024940
  0.08308600   0.00025850
  0.08318780   0.00026770
  0.08328970   0.00027710
  0.08339150   0.00028660
  0.08349340   0.00029620
  0.08359520   0.00030600
  0.08369700   0.00031590
  0.08379880   0.00032590
  0.08390060   0.00033600
  0.08400230   0.00034630
  0.08410410   0.00035670
  0.08420580   0.00036720
  0.08430750   0.00037790
  0.08440930   0.00038870
  0.08451100   0.00039960
  0.08461260   0.00041070
  0.08471430   0.00042190
  0.08481600   0.00043320
  0.08491760   0.00044460
  0.08501920   0.00045620
  0.08512080   0.00046790
  0.08522240   0.00047970
  0.08532400   0.00049170
  0.08542560   0.00050380
  0.08552710   0.00051600
  0.08562870   0.00052840
  0.08573020   0.00054090
  0.08583170   0.00055350
  0.08593320   0.00056620
  0.08603470   0.00057910
  0.08613610   0.00059210
  0.08623750   0.00060520
  0.08633900   0.00061850
  0.08644040   0.00063190
  0.08654180   0.00064540
  0.08664310   0.00065910
  0.08674450   0.00067290
  0.08684580   0.00068680
  0.08694710   0.00070080
  0.08704840   0.00071500
  0.08714970   0.00072930
  0.08725100   0.00074370
  0.08735220   0.00075830
  0.08745340   0.00077300
  0.08755460   0.00078780
  0.08765580   0.00080270
  0.08775700   0.00081780
  0.08785810   0.00083300
  0.08795930   0.00084830
  0.08806040   0.00086380
  0.08816140   0.00087940
  0.08826250   0.00089510
  0.08836360   0.00091100
  0.08846460   0.00092700
  0.08856560   0.00094310
  0.08866660   0.00095930
  0.08876750   0.00097570
  0.08886850   0.00099220
  0.08896940   0.00100880
  0.08907030   0.00102560
  0.08917120   0.00104240
  0.08927210   0.00105940
  0.08937290   0.00107660
  0.08947370   0.00109390
  0.08957450   0.00111130
  0.08967530   0.00112880
  0.08977600   0.00114650
  0.08987670   0.00116420
  0.08997740   0.00118220
  0.09007810   0.00120020
  0.09017880   0.00121840
  0.09027940   0.00123670
  0.09038000   0.00125510
  0.09048060   0.00127370
  0.09058120   0.00129240
  0.09068170   0.00131120
  0.09078220   0.00133010
  0.09088270   0.00134920
  0.09098320   0.00136840
  0.09108360   0.00138770
  0.09118400   0.00140720
  0.09128440   0.00142680
  0.09138480   0.00144650
  0.09148510   0.00146630
  0.09158540   0.00148630
  0.09168570   0.00150640
  0.09178600   0.00152660
  0.09188620   0.00154700
  0.09198640   0.00156760
  0.09208640   0.00158890
  0.09218630   0.00161110
  0.09228600   0.00163400
  0.09238550   0.00165770
  0.09248480   0.00168220
  0.09258390   0.00170750
  0.09268280   0.00173350
  0.09278150   0.00176030
  0.09288000   0.00178790
  0.09297830   0.00181630
  0.09307630   0.00184540
  0.09317410   0.00187540
  0.09327170   0.00190600
  0.09336900   0.00193750
  0.09346610   0.00196970
  0.09356290   0.00200270
  0.09365950   0.00203640
  0.09375580   0.00207090
  0.09385180   0.00210620
  0.09394750   0.00214220
  0.09404300   0.00217900
  0.09413810   0.00221650
  0.09423300   0.00225470
  0.09432760   0.00229370
  0.09442180   0.00233350
  0.09451570   0.00237400
  0.09460930   0.00241520
  0.09470260   0.00245710
  0.09479560   0.00249980
  0.09488820   0.00254330
  0.09498040   0.00258740
  0.09507230   0.00263230
  0.09516390   0.00267790
  0.09525510   0.00272420
  0.09534590   0.00277120
  0.09543640   0.00281900
  0.09552650   0.00286740
  0.09561620   0.00291660
  0.09570550   0.00296640
  0.09579440   0.00301700
  0.09588290   0.00306830
  0.09597100   0.00312020
  0.09605870   0.00317290
  0.09614590   0.00322620
  0.09623280   0.00328030
  0.09631920   0.00333500
  0.09640520   0.00339030
  0.09649080   0.00344640
  0.09657590   0.00350310
  0.09666050   0.00356050
  0.09674470   0.00361860
  0.09682850   0.00367730
  0.09691180   0.00373670
  0.09699460   0.00379670
  0.09707690   0.00385740
  0.09715880   0.00391870
  0.09724010   0.00398070
  0.09732100   0.00404330
  0.09740140   0.00410660
  0.09748130   0.00417040
  0.09756070   0.00423500
  0.09763960   0.00430010
  0.09771790   0.00436580
  0.09779570   0.00443220
  0.09787310   0.00449910
  0.09794980   0.00456670
  0.09802610   0.00463490
  0.09810180   0.00470370
  0.09817700   0.00477300
  0.09825160   0.00484300
  0.09832570   0.00491350
  0.09839920   0.00498470
  0.09847210   0.00505640
  0.09854450   0.00512860
  0.09861630   0.00520150
  0.09868750   0.00527490
  0.09875820   0.00534880
  0.09882830   0.00542330
  0.09889770   0.00549840
  0.09896660   0.00557400
  0.09903490   0.00565010
  0.09910260   0.00572680
  0.09916970   0.00580400
  0.09923620   0.00588180
  0.09930200   0.00596000
  0.09936730   0.00603880
  0.09943190   0.00611810
  0.09949590   0.00619790
  0.09955930   0.00627820
  0.09962200   0.00635890
  0.09968410   0.00644020
  0.09974560   0.00652200
  0.09980640   0.00660420
  0.09986650   0.00668690
  0.09992600   0.00677010
  0.09998490   0.00685380
  0.10004310   0.00693790
  0.10010060   0.00702250
  0.10015750   0.00710750
  0.10021370   0.00719300
  0.10026920   0.00727890
  0.10032400   0.00736520
  0.10037820   0.00745200
  0.10043160   0.00753920
  0.10048440   0.00762680
  0.10053650   0.00771480
  0.10058790   0.00780320
  0.10063860   0.00789210
  0.10068860   0.00798130
  0.10073790   0.00807090
  0.10078650   0.00816090
  0.10083440   0.00825130
  0.10088160   0.00834210
  0.10092800   0.00843320
  0.10097380   0.00852470
  0.10101880   0.00861650
  0.10106310   0.00870870
  0.10110660   0.00880130
  0.10114950   0.00889410
  0.10119160   0.00898740
  0.10123290   0.00908090
  0.10127360   0.00917480
  0.10131350   0.00926890
  0.10135260   0.00936340
  0.10139100   0.00945820
  0.10142870   0.00955330
  0.10146560   0.00964870
  0.10150170   0.00974440
  0.10153710   0.00984040
  0.10157180   0.00993660
  0.10160570   0.01003310
  0.10163880   0.01012990
  0.10167120   0.01022690
  0.10170280   0.01032420
  0.10173360   0.01042170
  0.10176370   0.01051950
  0.10179290   0.01061750
  0.10182150   0.01071570
  0.10184920   0.01081420
  0.10187620   0.01091280
  0.10190240   0.01101170
  0.10192780   0.01111080
  0.10195240   0.01121000
  0.10197630   0.01130950
  0.10199940   0.01140910
  0.10202170   0.01150900
  0.10204320   0.01160900
  0.10206390   0.01170910
  0.10208380   0.01180950
  0.10210290   0.01190990
  0.10212130   0.01201060
  0.10213880   0.01211130
  0.10215560   0.01221220
  0.10217160   0.01231330
  0.10218670   0.01241440
  0.10220110   0.01251570
  0.10221470   0.01261710
  0.10222750   0.01271850
  0.10223940   0.01282010
  0.10225060   0.01292180
  0.10226100   0.01302350
  0.10227060   0.01312540
  0.10227940   0.01322730
  0.10228730   0.01332930
  0.10229500   0.01343120
  0.10230270   0.01353320
  0.10231030   0.01363520
  0.10231800   0.01373720
  0.10232560   0.01383920
  0.10233330   0.01394120
  0.10234100   0.01404320
  0.10234860   0.01414520
  0.10235630   0.01424720
  0.10236390   0.01434920
  0.10237160   0.01445120
  0.10237920   0.01455320
  0.10238690   0.01465520
  0.10239460   0.01475720
  0.10240220   0.01485920
  0.10240990   0.01496120
  0.10241750   0.01506320
  0.10242520   0.01516520
  0.10243290   0.01526720
  0.10244050   0.01536920
  0.10244820   0.01547120
  0.10245580   0.01557320
  0.10246350   0.01567520
  0.10247120   0.01577720
  0.10247880   0.01587920
  0.10248650   0.01598120
  0.10249410   0.01608320
  0.10250180   0.01618510
  0.10250950   0.01628710
  0.10251710   0.01638910
  0.10252480   0.01649110
  0.10253240   0.01659310
  0.10254010   0.01669510
  0.10254780   0.01679710
  0.10255540   0.01689910
  0.10256310   0.01700110
  0.10257070   0.01710310
  0.10257840   0.01720510
  0.10258600   0.01730710
  0.10259370   0.01740910
  0.10260140   0.01751110
  0.10260900   0.01761310
  0.10261670   0.01771510
  0.10262430   0.01781710
  0.10263200   0.01791910
  0.10263970   0.01802110
  0.10264730   0.01812310
  0.10265500   0.01822510
  0.10266260   0.01832710
  0.10267030   0.01842910
  0.10267800   0.01853110
  0.10268560   0.01863310
  0.10269330   0.01873510
  0.10270090   0.01883710
  0.10270860   0.01893900
  0.10271630   0.01904100
  0.10272390   0.01914300
  0.10273160   0.01924500
  0.10273920   0.01934700
  0.10274690   0.01944900
  0.10275460   0.01955100
  0.10276220   0.01965300
  0.10276990   0.01975500
  0.10277750   0.01985700
  0.10278520   0.01995900
  0.10279290   0.02006100
  0.10280050   0.02016300
  0.10280820   0.02026500
  0.10281580   0.02036700
  0.10282350   0.02046900
  0.10283110   0.02057100
  0.10283880   0.02067300
  0.10284650   0.02077500
  0.10285410   0.02087700
  0.10286180   0.02097900
  0.10286940   0.02108100
  0.10287710   0.02118300
  0.10288480   0.02128500
  0.10289240   0.02138700
  0.10290010   0.02148900
  0.10290770   0.02159100
  0.10291540   0.02169300
  0.10292310   0.02179490
  0.10293070   0.02189690
  0.10293840   0.02199890
  0.10294600   0.02210090
  0.10295370   0.02220290
  0.10296140   0.02230490
  0.10296900   0.02240690
  0.10297670   0.02250890
  0.10298430   0.02261090
  0.10299200   0.02271290
  0.10299970   0.02281490
  0.10300730   0.02291690
  0.10301360   0.02300000
