  50.000 07(009)-qjbg-20200418-0.prr
  50.192 07(009)-qjbg-20200418-1.prr
  50.383 07(009)-qjbg-20200418-2.prr
  50.575 07(009)-qjbg-20200418-3.prr
  50.768 07(009)-qjbg-20200418-4.prr
  50.961 07(009)-qjbg-20200418-5.prr
  51.154 07(009)-qjbg-20200418-6.prr
  51.346 07(009)-qjbg-20200418-7.prr
  51.539 07(009)-qjbg-20200418-8.prr
  51.732 07(009)-qjbg-20200418-9.prr
  51.925 07(009)-qjbg-20200418-10.prr
  52.118 07(009)-qjbg-20200418-11.prr
  52.310 07(009)-qjbg-20200418-12.prr
  52.503 07(009)-qjbg-20200418-13.prr
  52.696 07(009)-qjbg-20200418-14.prr
  52.889 07(009)-qjbg-20200418-15.prr
  53.082 07(009)-qjbg-20200418-16.prr
  53.274 07(009)-qjbg-20200418-17.prr
  53.467 07(009)-qjbg-20200418-18.prr
  53.659 07(009)-qjbg-20200418-19.prr
  53.852 07(009)-qjbg-20200418-20.prr
  54.044 07(009)-qjbg-20200418-21.prr
  54.237 07(009)-qjbg-20200418-22.prr
  54.429 07(009)-qjbg-20200418-23.prr
  54.622 07(009)-qjbg-20200418-24.prr
  54.814 07(009)-qjbg-20200418-25.prr
  55.007 07(009)-qjbg-20200418-26.prr
  55.201 07(009)-qjbg-20200418-27.prr
  55.396 07(009)-qjbg-20200418-28.prr
  55.583 07(009)-qjbg-20200418-29.prr
  55.761 07(009)-qjbg-20200418-30.prr
  55.933 07(009)-qjbg-20200418-31.prr
  56.099 07(009)-qjbg-20200418-32.prr
  56.259 07(009)-qjbg-20200418-33.prr
  56.416 07(009)-qjbg-20200418-34.prr
  56.569 07(009)-qjbg-20200418-35.prr
  56.720 07(009)-qjbg-20200418-36.prr
  56.869 07(009)-qjbg-20200418-37.prr
  57.017 07(009)-qjbg-20200418-38.prr
  57.161 07(009)-qjbg-20200418-39.prr
  57.304 07(009)-qjbg-20200418-40.prr
  57.444 07(009)-qjbg-20200418-41.prr
  57.582 07(009)-qjbg-20200418-42.prr
  57.718 07(009)-qjbg-20200418-43.prr
  57.852 07(009)-qjbg-20200418-44.prr
  57.984 07(009)-qjbg-20200418-45.prr
  58.114 07(009)-qjbg-20200418-46.prr
  58.241 07(009)-qjbg-20200418-47.prr
  58.367 07(009)-qjbg-20200418-48.prr
  58.492 07(009)-qjbg-20200418-49.prr
  58.614 07(009)-qjbg-20200418-50.prr
  58.735 07(009)-qjbg-20200418-51.prr
  58.854 07(009)-qjbg-20200418-52.prr
  58.972 07(009)-qjbg-20200418-53.prr
  59.088 07(009)-qjbg-20200418-54.prr
  59.202 07(009)-qjbg-20200418-55.prr
  59.315 07(009)-qjbg-20200418-56.prr
  59.427 07(009)-qjbg-20200418-57.prr
  59.537 07(009)-qjbg-20200418-58.prr
  59.646 07(009)-qjbg-20200418-59.prr
  59.753 07(009)-qjbg-20200418-60.prr
  59.859 07(009)-qjbg-20200418-61.prr
  59.964 07(009)-qjbg-20200418-62.prr
  60.067 07(009)-qjbg-20200418-63.prr
  60.169 07(009)-qjbg-20200418-64.prr
  60.269 07(009)-qjbg-20200418-65.prr
  60.368 07(009)-qjbg-20200418-66.prr
  60.466 07(009)-qjbg-20200418-67.prr
  60.562 07(009)-qjbg-20200418-68.prr
  60.658 07(009)-qjbg-20200418-69.prr
  60.753 07(009)-qjbg-20200418-70.prr
  60.848 07(009)-qjbg-20200418-71.prr
  60.943 07(009)-qjbg-20200418-72.prr
  62.000 07(009)-qjbg-20200418-83.33.prr
  63.000 07(009)-qjbg-20200418-95.18.prr
  64.000 07(009)-qjbg-20200418-107.94.prr
