 -0.03725000   0.02300000
 -0.03724387   0.02297560
 -0.03723778   0.02295120
 -0.03723173   0.02292682
 -0.03722560   0.02290242
 -0.03721950   0.02287795
 -0.03721337   0.02285355
 -0.03720732   0.02282918
 -0.03720120   0.02280477
 -0.03719510   0.02278038
 -0.03718898   0.02275598
 -0.03718285   0.02273158
 -0.03717682   0.02270720
 -0.03717070   0.02268273
 -0.03716457   0.02265832
 -0.03715848   0.02263392
 -0.03715243   0.02260955
 -0.03714630   0.02258515
 -0.03714020   0.02256075
 -0.03713407   0.02253635
 -0.03712795   0.02251198
 -0.03712190   0.02248750
 -0.03711580   0.02246310
 -0.03710968   0.02243870
 -0.03710355   0.02241430
 -0.03709752   0.02238992
 -0.03709140   0.02236553
 -0.03708528   0.02234112
 -0.03707918   0.02231672
 -0.03707305   0.02229235
 -0.03706700   0.02226787
 -0.03706090   0.02224347
 -0.03705477   0.02221908
 -0.03704865   0.02219468
 -0.03704252   0.02217030
 -0.03703650   0.02214590
 -0.03703038   0.02212150
 -0.03702425   0.02209710
 -0.03701815   0.02207265
 -0.03701210   0.02204825
 -0.03700597   0.02202385
 -0.03699988   0.02199945
 -0.03699375   0.02197508
 -0.03698762   0.02195068
 -0.03698158   0.02192627
 -0.03697547   0.02190187
 -0.03696935   0.02187740
 -0.03696323   0.02185303
 -0.03695720   0.02182862
 -0.03695107   0.02180422
 -0.03694495   0.02177982
 -0.03693885   0.02175545
 -0.03693272   0.02173105
 -0.03692667   0.02170665
 -0.03692057   0.02168225
 -0.03691445   0.02165778
 -0.03690832   0.02163340
 -0.03690228   0.02160900
 -0.03689617   0.02158460
 -0.03689005   0.02156020
 -0.03688392   0.02153583
 -0.03687782   0.02151143
 -0.03687178   0.02148702
 -0.03686565   0.02146255
 -0.03685955   0.02143818
 -0.03685343   0.02141377
 -0.03684738   0.02138938
 -0.03684127   0.02136498
 -0.03683515   0.02134058
 -0.03682903   0.02131620
 -0.03682290   0.02129180
 -0.03681687   0.02126740
 -0.03681075   0.02124293
 -0.03680463   0.02121855
 -0.03679852   0.02119415
 -0.03679248   0.02116975
 -0.03678635   0.02114535
 -0.03678025   0.02112095
 -0.03677412   0.02109657
 -0.03676800   0.02107218
 -0.03676198   0.02104770
 -0.03675585   0.02102330
 -0.03674972   0.02099893
 -0.03674360   0.02097453
 -0.03673750   0.02095012
 -0.03673145   0.02092572
 -0.03672532   0.02090135
 -0.03671923   0.02087695
 -0.03671310   0.02085248
 -0.03670705   0.02082808
 -0.03670095   0.02080368
 -0.03669483   0.02077930
 -0.03668870   0.02075490
 -0.03668260   0.02073050
 -0.03667655   0.02070610
 -0.03667042   0.02068172
 -0.03666430   0.02065733
 -0.03665820   0.02063285
 -0.03665215   0.02060845
 -0.03664602   0.02058405
 -0.03663992   0.02055967
 -0.03663380   0.02053527
 -0.03662768   0.02051088
 -0.03662165   0.02048648
 -0.03661552   0.02046210
 -0.03660940   0.02043763
 -0.03660330   0.02041323
 -0.03659725   0.02038882
 -0.03659113   0.02036445
 -0.03658500   0.02034005
 -0.03657890   0.02031565
 -0.03657278   0.02029125
 -0.03656673   0.02026685
 -0.03656062   0.02024240
 -0.03655450   0.02021800
 -0.03654838   0.02019360
 -0.03654235   0.02016920
 -0.03653622   0.02014482
 -0.03653010   0.02012042
 -0.03652400   0.02009603
 -0.03651787   0.02007163
 -0.03651182   0.02004722
 -0.03650570   0.02002277
 -0.03649960   0.01999837
 -0.03649347   0.01997398
 -0.03648742   0.01994957
 -0.03648132   0.01992520
 -0.03647520   0.01990080
 -0.03646908   0.01987640
 -0.03646298   0.01985200
 -0.03645693   0.01982755
 -0.03645080   0.01980315
 -0.03644467   0.01977875
 -0.03643858   0.01975435
 -0.03643245   0.01972995
 -0.03642640   0.01970557
 -0.03642030   0.01968118
 -0.03641417   0.01965678
 -0.03640805   0.01963230
 -0.03640202   0.01960792
 -0.03639590   0.01958352
 -0.03638977   0.01955913
 -0.03638368   0.01953473
 -0.03637755   0.01951032
 -0.03637150   0.01948595
 -0.03636538   0.01946155
 -0.03635928   0.01943715
 -0.03635315   0.01941268
 -0.03634710   0.01938830
 -0.03634100   0.01936390
 -0.03633488   0.01933950
 -0.03632875   0.01931510
 -0.03632265   0.01929073
 -0.03631660   0.01926633
 -0.03631048   0.01924193
 -0.03630437   0.01921745
 -0.03629825   0.01919305
 -0.03629220   0.01916867
 -0.03628608   0.01914427
 -0.03627997   0.01911988
 -0.03627385   0.01909548
 -0.03626773   0.01907110
 -0.03626170   0.01904670
 -0.03625557   0.01902230
 -0.03624945   0.01899782
 -0.03624335   0.01897342
 -0.03623730   0.01894905
 -0.03623118   0.01892465
 -0.03622508   0.01890025
 -0.03621895   0.01887585
 -0.03621282   0.01885147
 -0.03620677   0.01882707
 -0.03620068   0.01880260
 -0.03619455   0.01877820
 -0.03618842   0.01875383
 -0.03618240   0.01872942
 -0.03617627   0.01870503
 -0.03617015   0.01868062
 -0.03616405   0.01865622
 -0.03615793   0.01863185
 -0.03615187   0.01860737
 -0.03614578   0.01858297
 -0.03613965   0.01855858
 -0.03613352   0.01853420
 -0.03612740   0.01850980
 -0.03612138   0.01848540
 -0.03611525   0.01846100
 -0.03610913   0.01843660
 -0.03610303   0.01841223
 -0.03609698   0.01838775
 -0.03609085   0.01836335
 -0.03608475   0.01833895
 -0.03607863   0.01831457
 -0.03607250   0.01829017
 -0.03606648   0.01826577
 -0.03606035   0.01824137
 -0.03605422   0.01821700
 -0.03604810   0.01819252
 -0.03604207   0.01816813
 -0.03603595   0.01814372
 -0.03602983   0.01811933
 -0.03602373   0.01809495
 -0.03601760   0.01807055
 -0.03601155   0.01804615
 -0.03600545   0.01802175
 -0.03599932   0.01799730
 -0.03599320   0.01797290
 -0.03598718   0.01794850
 -0.03598105   0.01792410
 -0.03597492   0.01789970
 -0.03596880   0.01787533
 -0.03596260   0.01785095
 -0.03595645   0.01782657
 -0.03595018   0.01780223
 -0.03594385   0.01777780
 -0.03593750   0.01775348
 -0.03593115   0.01772917
 -0.03592467   0.01770485
 -0.03591817   0.01768058
 -0.03591163   0.01765630
 -0.03590503   0.01763202
 -0.03589845   0.01760777
 -0.03589175   0.01758347
 -0.03588500   0.01755925
 -0.03587822   0.01753505
 -0.03587145   0.01751085
 -0.03586458   0.01748668
 -0.03585765   0.01746252
 -0.03585067   0.01743837
 -0.03584365   0.01741422
 -0.03583667   0.01739005
 -0.03582955   0.01736595
 -0.03582240   0.01734185
 -0.03581520   0.01731778
 -0.03580803   0.01729372
 -0.03580075   0.01726970
 -0.03579340   0.01724568
 -0.03578602   0.01722165
 -0.03577857   0.01719767
 -0.03577118   0.01717363
 -0.03576368   0.01714967
 -0.03575610   0.01712573
 -0.03574850   0.01710183
 -0.03574083   0.01707790
 -0.03573320   0.01705403
 -0.03572545   0.01703015
 -0.03571768   0.01700630
 -0.03570983   0.01698240
 -0.03570202   0.01695860
 -0.03569410   0.01693480
 -0.03568612   0.01691103
 -0.03567812   0.01688728
 -0.03567007   0.01686352
 -0.03566202   0.01683982
 -0.03565390   0.01681613
 -0.03564570   0.01679237
 -0.03563745   0.01676870
 -0.03562925   0.01674508
 -0.03562092   0.01672145
 -0.03561258   0.01669785
 -0.03560415   0.01667428
 -0.03559570   0.01665072
 -0.03558728   0.01662717
 -0.03557873   0.01660368
 -0.03557015   0.01658010
 -0.03556152   0.01655662
 -0.03555293   0.01653318
 -0.03554420   0.01650975
 -0.03553545   0.01648635
 -0.03552665   0.01646295
 -0.03551780   0.01643960
 -0.03550897   0.01641625
 -0.03550005   0.01639288
 -0.03549107   0.01636958
 -0.03548205   0.01634630
 -0.03547307   0.01632305
 -0.03546397   0.01629983
 -0.03545482   0.01627663
 -0.03544565   0.01625345
 -0.03543640   0.01623028
 -0.03542722   0.01620715
 -0.03541790   0.01618397
 -0.03540855   0.01616088
 -0.03539915   0.01613783
 -0.03538977   0.01611480
 -0.03538030   0.01609177
 -0.03537078   0.01606880
 -0.03536122   0.01604582
 -0.03535162   0.01602290
 -0.03534205   0.01599992
 -0.03533235   0.01597702
 -0.03532262   0.01595418
 -0.03531285   0.01593135
 -0.03530305   0.01590852
 -0.03529327   0.01588575
 -0.03528337   0.01586300
 -0.03527345   0.01584028
 -0.03526348   0.01581750
 -0.03525353   0.01579482
 -0.03524348   0.01577217
 -0.03523340   0.01574955
 -0.03522325   0.01572695
 -0.03521307   0.01570437
 -0.03520295   0.01568185
 -0.03519270   0.01565933
 -0.03518240   0.01563685
 -0.03517207   0.01561433
 -0.03516177   0.01559190
 -0.03515135   0.01556950
 -0.03514090   0.01554712
 -0.03513042   0.01552478
 -0.03511987   0.01550245
 -0.03510940   0.01548017
 -0.03509880   0.01545793
 -0.03508815   0.01543563
 -0.03507745   0.01541342
 -0.03506680   0.01539125
 -0.03505605   0.01536913
 -0.03504525   0.01534700
 -0.03503443   0.01532493
 -0.03502355   0.01530288
 -0.03501270   0.01528085
 -0.03500175   0.01525880
 -0.03499078   0.01523683
 -0.03497975   0.01521490
 -0.03496875   0.01519300
 -0.03495765   0.01517115
 -0.03494652   0.01514930
 -0.03493535   0.01512750
 -0.03492413   0.01510573
 -0.03491295   0.01508400
 -0.03490168   0.01506220
 -0.03489035   0.01504053
 -0.03487900   0.01501887
 -0.03486768   0.01499727
 -0.03485625   0.01497570
 -0.03484478   0.01495415
 -0.03483328   0.01493263
 -0.03482175   0.01491115
 -0.03480980   0.01488985
 -0.03479503   0.01486963
 -0.03478025   0.01484950
 -0.03476532   0.01482943
 -0.03475048   0.01480947
 -0.03473550   0.01478945
 -0.03472048   0.01476947
 -0.03470545   0.01474960
 -0.03469027   0.01472970
 -0.03467510   0.01470990
 -0.03465995   0.01469013
 -0.03464470   0.01467040
 -0.03462933   0.01465070
 -0.03461400   0.01463103
 -0.03459865   0.01461140
 -0.03458318   0.01459190
 -0.03456767   0.01457233
 -0.03455212   0.01455288
 -0.03453650   0.01453340
 -0.03452090   0.01451400
 -0.03450518   0.01449468
 -0.03448945   0.01447535
 -0.03447367   0.01445610
 -0.03445785   0.01443692
 -0.03444203   0.01441772
 -0.03442608   0.01439855
 -0.03441010   0.01437950
 -0.03439408   0.01436050
 -0.03437803   0.01434150
 -0.03436195   0.01432258
 -0.03434577   0.01430365
 -0.03432955   0.01428477
 -0.03431333   0.01426595
 -0.03429705   0.01424722
 -0.03428072   0.01422848
 -0.03426440   0.01420982
 -0.03424795   0.01419113
 -0.03423147   0.01417257
 -0.03421498   0.01415402
 -0.03419843   0.01413552
 -0.03418180   0.01411715
 -0.03416520   0.01409872
 -0.03414850   0.01408035
 -0.03413175   0.01406207
 -0.03411500   0.01404385
 -0.03409820   0.01402565
 -0.03408132   0.01400743
 -0.03406447   0.01398930
 -0.03404753   0.01397130
 -0.03403053   0.01395325
 -0.03401353   0.01393525
 -0.03399640   0.01391737
 -0.03397935   0.01389945
 -0.03396217   0.01388165
 -0.03394498   0.01386387
 -0.03392775   0.01384615
 -0.03391042   0.01382845
 -0.03389312   0.01381080
 -0.03387575   0.01379328
 -0.03385843   0.01377570
 -0.03384090   0.01375825
 -0.03382342   0.01374082
 -0.03380595   0.01372345
 -0.03378835   0.01370605
 -0.03377080   0.01368882
 -0.03375315   0.01367158
 -0.03373548   0.01365437
 -0.03371770   0.01363728
 -0.03369998   0.01362015
 -0.03368215   0.01360312
 -0.03366430   0.01358615
 -0.03364642   0.01356922
 -0.03362852   0.01355232
 -0.03361060   0.01353547
 -0.03359255   0.01351868
 -0.03357458   0.01350197
 -0.03355650   0.01348525
 -0.03353840   0.01346865
 -0.03352020   0.01345207
 -0.03350205   0.01343555
 -0.03348380   0.01341907
 -0.03346560   0.01340262
 -0.03344730   0.01338622
 -0.03342897   0.01336995
 -0.03341055   0.01335372
 -0.03339220   0.01333745
 -0.03337372   0.01332130
 -0.03335523   0.01330518
 -0.03333672   0.01328910
 -0.03331820   0.01327308
 -0.03329962   0.01325717
 -0.03328097   0.01324125
 -0.03326230   0.01322542
 -0.03324367   0.01320965
 -0.03322495   0.01319382
 -0.03320615   0.01317815
 -0.03318738   0.01316257
 -0.03316852   0.01314695
 -0.03314972   0.01313140
 -0.03313083   0.01311595
 -0.03311190   0.01310048
 -0.03309288   0.01308512
 -0.03307393   0.01306983
 -0.03305485   0.01305455
 -0.03303578   0.01303932
 -0.03301667   0.01302422
 -0.03299758   0.01300910
 -0.03297842   0.01299408
 -0.03295920   0.01297902
 -0.03294002   0.01296410
 -0.03292075   0.01294922
 -0.03290147   0.01293440
 -0.03288215   0.01291968
 -0.03286275   0.01290492
 -0.03284343   0.01289023
 -0.03282397   0.01287565
 -0.03280453   0.01286110
 -0.03278505   0.01284660
 -0.03276555   0.01283215
 -0.03274605   0.01281775
 -0.03272645   0.01280340
 -0.03270682   0.01278918
 -0.03268728   0.01277490
 -0.03266755   0.01276075
 -0.03264787   0.01274665
 -0.03262820   0.01273260
 -0.03260842   0.01271857
 -0.03258870   0.01270462
 -0.03256890   0.01269077
 -0.03254907   0.01267690
 -0.03252915   0.01266315
 -0.03250930   0.01264945
 -0.03248938   0.01263578
 -0.03246947   0.01262218
 -0.03244950   0.01260860
 -0.03242953   0.01259508
 -0.03240945   0.01258168
 -0.03238942   0.01256833
 -0.03236932   0.01255495
 -0.03234927   0.01254168
 -0.03232913   0.01252848
 -0.03230900   0.01251537
 -0.03228875   0.01250225
 -0.03226857   0.01248917
 -0.03224832   0.01247623
 -0.03222813   0.01246333
 -0.03220783   0.01245045
 -0.03218753   0.01243765
 -0.03216715   0.01242488
 -0.03214683   0.01241215
 -0.03212640   0.01239955
 -0.03210607   0.01238690
 -0.03208565   0.01237432
 -0.03206523   0.01236175
 -0.03204475   0.01234918
 -0.03202432   0.01233663
 -0.03200382   0.01232408
 -0.03198340   0.01231160
 -0.03196290   0.01229915
 -0.03194238   0.01228663
 -0.03192188   0.01227418
 -0.03190130   0.01226172
 -0.03188652   0.01224875
 -0.03187155   0.01223607
 -0.03185630   0.01222372
 -0.03184075   0.01221170
 -0.03182497   0.01219993
 -0.03180888   0.01218853
 -0.03179262   0.01217740
 -0.03177608   0.01216665
 -0.03175935   0.01215620
 -0.03174240   0.01214615
 -0.03172523   0.01213640
 -0.03170783   0.01212702
 -0.03169025   0.01211800
 -0.03167247   0.01210935
 -0.03165452   0.01210105
 -0.03163635   0.01209310
 -0.03161805   0.01208552
 -0.03159958   0.01207830
 -0.03158097   0.01207152
 -0.03156222   0.01206510
 -0.03154332   0.01205905
 -0.03152427   0.01205343
 -0.03150515   0.01204815
 -0.03148590   0.01204325
 -0.03146650   0.01203880
 -0.03144702   0.01203477
 -0.03142750   0.01203110
 -0.03140783   0.01202780
 -0.03138818   0.01202492
 -0.03136838   0.01202248
 -0.03134860   0.01202040
 -0.03132868   0.01201875
 -0.03130878   0.01201755
 -0.03128890   0.01201670
 -0.03126890   0.01201627
 -0.03124897   0.01201630
 -0.03122900   0.01201668
 -0.03120902   0.01201747
 -0.03118910   0.01201870
 -0.03116920   0.01202037
 -0.03114930   0.01202240
 -0.03112943   0.01202488
 -0.03110960   0.01202775
 -0.03108985   0.01203100
 -0.03107015   0.01203467
 -0.03105052   0.01203880
 -0.03103103   0.01204332
 -0.03101163   0.01204823
 -0.03099225   0.01205345
 -0.03097305   0.01205920
 -0.03095390   0.01206523
 -0.03093490   0.01207175
 -0.03091605   0.01207863
 -0.03089735   0.01208585
 -0.03087877   0.01209350
 -0.03086033   0.01210160
 -0.03084210   0.01210995
 -0.03082402   0.01211880
 -0.03080613   0.01212792
 -0.03078840   0.01213747
 -0.03077087   0.01214735
 -0.03075360   0.01215760
 -0.03073647   0.01216818
 -0.03071960   0.01217913
 -0.03070298   0.01219047
 -0.03068655   0.01220208
 -0.03067033   0.01221413
 -0.03065438   0.01222643
 -0.03063870   0.01223907
 -0.03062328   0.01225198
 -0.03060815   0.01226530
 -0.03059327   0.01227890
 -0.03057867   0.01229283
 -0.03056435   0.01230703
 -0.03055030   0.01232148
 -0.03053660   0.01233627
 -0.03052317   0.01235133
 -0.03051010   0.01236663
 -0.03049730   0.01238227
 -0.03048477   0.01239810
 -0.03047268   0.01241428
 -0.03046085   0.01243060
 -0.03044937   0.01244720
 -0.03043828   0.01246407
 -0.03042742   0.01248118
 -0.03041703   0.01249845
 -0.03040697   0.01251593
 -0.03039720   0.01253365
 -0.03038787   0.01255152
 -0.03037887   0.01256960
 -0.03037033   0.01258790
 -0.03036207   0.01260632
 -0.03035423   0.01262498
 -0.03034675   0.01264375
 -0.03033970   0.01266268
 -0.03033300   0.01268170
 -0.03032668   0.01270087
 -0.03032077   0.01272025
 -0.03031532   0.01273968
 -0.03031020   0.01275923
 -0.03030377   0.01278485
 -0.03029735   0.01281040
 -0.03029100   0.01283602
 -0.03028457   0.01286165
 -0.03027815   0.01288720
 -0.03027180   0.01291282
 -0.03026538   0.01293845
 -0.03025895   0.01296400
 -0.03025260   0.01298962
 -0.03024617   0.01301525
 -0.03023975   0.01304080
 -0.03023340   0.01306643
 -0.03022697   0.01309205
 -0.03022055   0.01311767
 -0.03021420   0.01314323
 -0.03020777   0.01316885
 -0.03020135   0.01319447
 -0.03019500   0.01322002
 -0.03018857   0.01324565
 -0.03018215   0.01327128
 -0.03017580   0.01329682
 -0.03016937   0.01332245
 -0.03016295   0.01334808
 -0.03015660   0.01337363
 -0.03015017   0.01339925
 -0.03014375   0.01342488
 -0.03013740   0.01345052
 -0.03013098   0.01347607
 -0.03012455   0.01350170
 -0.03011820   0.01352733
 -0.03011178   0.01355288
 -0.03010535   0.01357850
 -0.03009900   0.01360413
 -0.03009257   0.01362968
 -0.03008615   0.01365530
 -0.03007980   0.01368093
 -0.03007337   0.01370648
 -0.03006695   0.01373210
 -0.03006060   0.01375773
 -0.03005417   0.01378328
 -0.03004775   0.01380890
 -0.03004140   0.01383453
 -0.03003497   0.01386015
 -0.03002855   0.01388570
 -0.03002220   0.01391133
 -0.03001578   0.01393695
 -0.03000935   0.01396250
 -0.03000300   0.01398813
 -0.02999657   0.01401375
 -0.02999015   0.01403930
 -0.02998372   0.01406492
 -0.02997737   0.01409055
 -0.02997095   0.01411610
 -0.02996452   0.01414172
 -0.02995818   0.01416735
 -0.02995175   0.01419290
 -0.02994532   0.01421852
 -0.02993897   0.01424415
 -0.02993255   0.01426977
 -0.02992613   0.01429532
 -0.02991977   0.01432095
 -0.02991335   0.01434657
 -0.02990693   0.01437212
 -0.02990057   0.01439775
 -0.02989415   0.01442337
 -0.02988772   0.01444892
 -0.02988137   0.01447455
 -0.02987495   0.01450018
 -0.02986852   0.01452572
 -0.02986218   0.01455135
 -0.02985575   0.01457698
 -0.02984932   0.01460252
 -0.02984297   0.01462815
 -0.02983655   0.01465378
 -0.02983012   0.01467940
 -0.02982377   0.01470495
 -0.02981735   0.01473057
 -0.02981092   0.01475620
 -0.02980457   0.01478175
 -0.02979815   0.01480737
 -0.02979172   0.01483300
 -0.02978537   0.01485855
 -0.02977895   0.01488417
 -0.02977252   0.01490980
 -0.02976618   0.01493535
 -0.02975975   0.01496098
 -0.02975333   0.01498660
 -0.02974697   0.01501215
 -0.02974055   0.01503778
 -0.02973412   0.01506340
 -0.02972777   0.01508902
 -0.02972135   0.01511458
 -0.02971492   0.01514020
 -0.02970857   0.01516582
 -0.02970215   0.01519140
 -0.02969572   0.01521703
 -0.02968938   0.01524265
 -0.02968295   0.01526820
 -0.02967652   0.01529383
 -0.02967017   0.01531945
 -0.02966375   0.01534500
 -0.02965732   0.01537063
 -0.02965097   0.01539625
 -0.02964455   0.01542180
 -0.02963812   0.01544743
 -0.02963177   0.01547305
 -0.02962535   0.01549867
 -0.02961892   0.01552423
 -0.02961257   0.01554985
 -0.02960615   0.01557548
 -0.02959972   0.01560103
 -0.02959337   0.01562665
 -0.02958695   0.01565228
 -0.02958052   0.01567782
 -0.02957410   0.01570345
 -0.02956775   0.01572907
 -0.02956132   0.01575463
 -0.02955490   0.01578025
 -0.02954855   0.01580587
 -0.02954212   0.01583142
 -0.02953570   0.01585705
 -0.02952935   0.01588267
 -0.02952292   0.01590830
 -0.02951650   0.01593385
 -0.02951015   0.01595948
 -0.02950372   0.01598510
 -0.02949730   0.01601065
 -0.02949095   0.01603627
 -0.02948453   0.01606190
 -0.02947810   0.01608745
 -0.02947175   0.01611307
 -0.02946533   0.01613870
 -0.02945890   0.01616425
 -0.02945255   0.01618987
 -0.02944613   0.01621550
 -0.02943970   0.01624105
 -0.02943335   0.01626668
 -0.02942692   0.01629230
 -0.02942050   0.01631792
 -0.02941415   0.01634347
 -0.02940772   0.01636910
 -0.02940130   0.01639472
 -0.02939495   0.01642027
 -0.02938853   0.01644590
 -0.02938210   0.01647153
 -0.02937575   0.01649707
 -0.02936933   0.01652270
 -0.02936290   0.01654833
 -0.02935655   0.01657387
 -0.02935012   0.01659950
 -0.02934370   0.01662513
 -0.02933735   0.01665068
 -0.02933092   0.01667630
 -0.02932450   0.01670192
 -0.02931815   0.01672755
 -0.02931173   0.01675310
 -0.02930530   0.01677872
 -0.02929895   0.01680435
 -0.02929253   0.01682990
 -0.02928610   0.01685552
 -0.02927975   0.01688115
 -0.02927332   0.01690670
 -0.02926690   0.01693235
 -0.02926055   0.01695798
 -0.02925412   0.01698353
 -0.02924770   0.01700915
 -0.02924135   0.01703477
 -0.02923492   0.01706033
 -0.02922850   0.01708595
 -0.02922215   0.01711158
 -0.02921573   0.01713720
 -0.02920930   0.01716275
 -0.02920295   0.01718838
 -0.02919652   0.01721400
 -0.02919010   0.01723955
 -0.02918375   0.01726518
 -0.02917733   0.01729080
 -0.02917090   0.01731635
 -0.02916447   0.01734197
 -0.02915813   0.01736760
 -0.02915170   0.01739315
 -0.02914527   0.01741877
 -0.02913892   0.01744440
 -0.02913250   0.01746995
 -0.02912608   0.01749557
 -0.02911973   0.01752120
 -0.02911330   0.01754682
 -0.02910688   0.01757237
 -0.02910052   0.01759800
 -0.02909410   0.01762363
 -0.02908768   0.01764917
 -0.02908132   0.01767480
 -0.02907490   0.01770042
 -0.02906847   0.01772597
 -0.02906213   0.01775160
 -0.02905570   0.01777723
 -0.02904927   0.01780277
 -0.02904293   0.01782840
 -0.02903650   0.01785402
 -0.02903008   0.01787958
 -0.02902373   0.01790520
 -0.02901730   0.01793082
 -0.02901087   0.01795645
 -0.02900452   0.01798200
 -0.02899810   0.01800762
 -0.02899168   0.01803325
 -0.02898532   0.01805880
 -0.02897890   0.01808443
 -0.02897247   0.01811005
 -0.02896613   0.01813560
 -0.02895970   0.01816122
 -0.02895328   0.01818685
 -0.02894692   0.01821240
 -0.02894050   0.01823803
 -0.02893408   0.01826365
 -0.02892772   0.01828920
 -0.02892130   0.01831482
 -0.02891487   0.01834045
 -0.02890852   0.01836607
 -0.02890210   0.01839162
 -0.02889567   0.01841725
 -0.02888933   0.01844288
 -0.02888290   0.01846843
 -0.02887647   0.01849405
 -0.02887012   0.01851967
 -0.02886370   0.01854522
 -0.02885728   0.01857085
 -0.02885092   0.01859648
 -0.02884450   0.01862203
 -0.02883807   0.01864765
 -0.02883172   0.01867330
 -0.02882530   0.01869885
 -0.02881888   0.01872448
 -0.02881252   0.01875010
 -0.02880610   0.01877573
 -0.02879967   0.01880128
 -0.02879333   0.01882690
 -0.02878690   0.01885253
 -0.02878047   0.01887808
 -0.02877412   0.01890370
 -0.02876770   0.01892933
 -0.02876127   0.01895487
 -0.02875485   0.01898050
 -0.02874850   0.01900612
 -0.02874207   0.01903168
 -0.02873565   0.01905730
 -0.02872930   0.01908293
 -0.02872288   0.01910847
 -0.02871645   0.01913410
 -0.02871010   0.01915972
 -0.02870367   0.01918535
 -0.02869725   0.01921090
 -0.02869090   0.01923653
 -0.02868448   0.01926215
 -0.02867805   0.01928770
 -0.02867170   0.01931332
 -0.02866527   0.01933895
 -0.02865885   0.01936450
 -0.02865250   0.01939013
 -0.02864608   0.01941575
 -0.02863965   0.01944130
 -0.02863330   0.01946692
 -0.02862687   0.01949255
 -0.02862045   0.01951810
 -0.02861408   0.01954372
 -0.02860765   0.01956935
 -0.02860123   0.01959498
 -0.02859488   0.01962052
 -0.02858845   0.01964615
 -0.02858202   0.01967178
 -0.02857568   0.01969733
 -0.02856925   0.01972295
 -0.02856283   0.01974858
 -0.02855647   0.01977413
 -0.02855005   0.01979975
 -0.02854362   0.01982537
 -0.02853728   0.01985093
 -0.02853085   0.01987655
 -0.02852442   0.01990218
 -0.02851808   0.01992773
 -0.02851165   0.01995335
 -0.02850523   0.01997897
 -0.02849887   0.02000460
 -0.02849245   0.02003015
 -0.02848603   0.02005578
 -0.02847967   0.02008140
 -0.02847325   0.02010695
 -0.02846683   0.02013257
 -0.02846047   0.02015820
 -0.02845405   0.02018375
 -0.02844763   0.02020938
 -0.02844128   0.02023500
 -0.02843485   0.02026055
 -0.02842843   0.02028618
 -0.02842207   0.02031180
 -0.02841565   0.02033735
 -0.02840923   0.02036298
 -0.02840288   0.02038860
 -0.02839645   0.02041425
 -0.02839002   0.02043980
 -0.02838368   0.02046543
 -0.02837725   0.02049105
 -0.02837083   0.02051660
 -0.02836448   0.02054223
 -0.02835805   0.02056785
 -0.02835162   0.02059340
 -0.02834520   0.02061902
 -0.02833885   0.02064465
 -0.02833243   0.02067020
 -0.02832600   0.02069582
 -0.02831965   0.02072145
 -0.02831322   0.02074700
 -0.02830680   0.02077262
 -0.02830045   0.02079825
 -0.02829403   0.02082387
 -0.02828760   0.02084942
 -0.02828125   0.02087505
 -0.02827483   0.02090068
 -0.02826840   0.02092622
 -0.02826205   0.02095185
 -0.02825562   0.02097747
 -0.02824920   0.02100303
 -0.02824285   0.02102865
 -0.02823643   0.02105427
 -0.02823000   0.02107982
 -0.02822365   0.02110545
 -0.02821722   0.02113107
 -0.02821080   0.02115662
 -0.02820445   0.02118225
 -0.02819803   0.02120788
 -0.02819160   0.02123350
 -0.02818525   0.02125905
 -0.02817882   0.02128467
 -0.02817240   0.02131030
 -0.02816605   0.02133585
 -0.02815963   0.02136148
 -0.02815320   0.02138710
 -0.02814685   0.02141265
 -0.02814043   0.02143827
 -0.02813400   0.02146390
 -0.02812765   0.02148945
 -0.02812122   0.02151507
 -0.02811480   0.02154070
 -0.02810845   0.02156625
 -0.02810202   0.02159187
 -0.02809560   0.02161750
 -0.02808925   0.02164312
 -0.02808282   0.02166867
 -0.02807640   0.02169430
 -0.02807005   0.02171993
 -0.02806363   0.02174548
 -0.02805720   0.02177110
 -0.02805085   0.02179673
 -0.02804442   0.02182228
 -0.02803800   0.02184790
 -0.02803165   0.02187353
 -0.02802523   0.02189908
 -0.02801880   0.02192470
 -0.02801245   0.02195032
 -0.02800603   0.02197588
 -0.02799960   0.02200150
 -0.02799325   0.02202713
 -0.02798682   0.02205275
 -0.02798040   0.02207830
 -0.02797405   0.02210392
 -0.02796762   0.02212955
 -0.02796120   0.02215513
 -0.02795485   0.02218075
 -0.02794842   0.02220638
 -0.02794200   0.02223192
 -0.02793558   0.02225755
 -0.02792923   0.02228317
 -0.02792280   0.02230872
 -0.02791638   0.02233435
 -0.02791002   0.02235997
 -0.02790360   0.02238552
 -0.02789718   0.02241115
 -0.02789083   0.02243677
 -0.02788440   0.02246240
 -0.02787797   0.02248795
 -0.02787163   0.02251358
 -0.02786520   0.02253920
 -0.02785878   0.02256475
 -0.02785243   0.02259037
 -0.02784600   0.02261600
 -0.02783957   0.02264155
 -0.02783323   0.02266717
 -0.02782680   0.02269280
 -0.02782038   0.02271835
 -0.02781402   0.02274397
 -0.02780760   0.02276960
 -0.02780118   0.02279515
 -0.02779483   0.02282077
 -0.02778840   0.02284640
 -0.02778198   0.02287203
 -0.02777562   0.02289757
 -0.02776920   0.02292320
 -0.02776278   0.02294883
 -0.02775643   0.02297438
 -0.02775000   0.02300000
