 -0.03725000   0.02300000
 -0.03723140   0.02292540
 -0.03721270   0.02285090
 -0.03719410   0.02277630
 -0.03717540   0.02270180
 -0.03715680   0.02262720
 -0.03713820   0.02255270
 -0.03711950   0.02247810
 -0.03710090   0.02240358
 -0.03708228   0.02232900
 -0.03706360   0.02225448
 -0.03704500   0.02217990
 -0.03702630   0.02210538
 -0.03700770   0.02203078
 -0.03698908   0.02195628
 -0.03697040   0.02188168
 -0.03695180   0.02180718
 -0.03693318   0.02173258
 -0.03691450   0.02165808
 -0.03689590   0.02158348
 -0.03687720   0.02150888
 -0.03685860   0.02143438
 -0.03683998   0.02135978
 -0.03682130   0.02128528
 -0.03680270   0.02121068
 -0.03678400   0.02113618
 -0.03676540   0.02106158
 -0.03674678   0.02098706
 -0.03672810   0.02091248
 -0.03670950   0.02083796
 -0.03669088   0.02076338
 -0.03667220   0.02068886
 -0.03665358   0.02061426
 -0.03663490   0.02053976
 -0.03661630   0.02046516
 -0.03659768   0.02039066
 -0.03657900   0.02031606
 -0.03656038   0.02024156
 -0.03654178   0.02016696
 -0.03652310   0.02009236
 -0.03650448   0.02001786
 -0.03648580   0.01994326
 -0.03646718   0.01986876
 -0.03644858   0.01979416
 -0.03642990   0.01971966
 -0.03641128   0.01964506
 -0.03639260   0.01957054
 -0.03637398   0.01949596
 -0.03635538   0.01942144
 -0.03633670   0.01934686
 -0.03631808   0.01927234
 -0.03629948   0.01919774
 -0.03628078   0.01912324
 -0.03626218   0.01904864
 -0.03624350   0.01897414
 -0.03622488   0.01889954
 -0.03620628   0.01882504
 -0.03618760   0.01875044
 -0.03616898   0.01867592
 -0.03615030   0.01860134
 -0.03613168   0.01852674
 -0.03611308   0.01845224
 -0.03609440   0.01837764
 -0.03607578   0.01830314
 -0.03605718   0.01822854
 -0.03603848   0.01815402
 -0.03601988   0.01807944
 -0.03600120   0.01800492
 -0.03598258   0.01793034
 -0.03596398   0.01785582
 -0.03594528   0.01778122
 -0.03592668   0.01770672
 -0.03590808   0.01763212
 -0.03588938   0.01755762
 -0.03587078   0.01748302
 -0.03585208   0.01740852
 -0.03583348   0.01733392
 -0.03581488   0.01725939
 -0.03579618   0.01718482
 -0.03577758   0.01711022
 -0.03575888   0.01703572
 -0.03574028   0.01696112
 -0.03572168   0.01688662
 -0.03570298   0.01681202
 -0.03568438   0.01673749
 -0.03566576   0.01666292
 -0.03564708   0.01658839
 -0.03562848   0.01651382
 -0.03560978   0.01643929
 -0.03559118   0.01636469
 -0.03557256   0.01629019
 -0.03555388   0.01621559
 -0.03553528   0.01614109
 -0.03551666   0.01606649
 -0.03549798   0.01599199
 -0.03547938   0.01591739
 -0.03546068   0.01584287
 -0.03544208   0.01576829
 -0.03542346   0.01569369
 -0.03540478   0.01561919
 -0.03538618   0.01554459
 -0.03536748   0.01547009
 -0.03534888   0.01539549
 -0.03533026   0.01532097
 -0.03531158   0.01524639
 -0.03529298   0.01517187
 -0.03527436   0.01509729
 -0.03525568   0.01502277
 -0.03523706   0.01494817
 -0.03521838   0.01487367
 -0.03519978   0.01479907
 -0.03518116   0.01472457
 -0.03516248   0.01464997
 -0.03514386   0.01457547
 -0.03512526   0.01450087
 -0.03510658   0.01442635
 -0.03508796   0.01435177
 -0.03506928   0.01427717
 -0.03505066   0.01420267
 -0.03503206   0.01412807
 -0.03501338   0.01405357
 -0.03499476   0.01397897
 -0.03497599   0.01390447
 -0.03495716   0.01382994
 -0.03493823   0.01375552
 -0.03491908   0.01368105
 -0.03489989   0.01360669
 -0.03488056   0.01353231
 -0.03486106   0.01345802
 -0.03484149   0.01338369
 -0.03482172   0.01330948
 -0.03480192   0.01323522
 -0.03478199   0.01316110
 -0.03476184   0.01308694
 -0.03474168   0.01301288
 -0.03472137   0.01293881
 -0.03470088   0.01286484
 -0.03468033   0.01279085
 -0.03465958   0.01271690
 -0.03463882   0.01264307
 -0.03461784   0.01256921
 -0.03459656   0.01249555
 -0.03457481   0.01242195
 -0.03455258   0.01234855
 -0.03452994   0.01227521
 -0.03450696   0.01220207
 -0.03448343   0.01212898
 -0.03445951   0.01205611
 -0.03443512   0.01198335
 -0.03441031   0.01191082
 -0.03438515   0.01183833
 -0.03435948   0.01176608
 -0.03433336   0.01169394
 -0.03430691   0.01162195
 -0.03427993   0.01155017
 -0.03425253   0.01147853
 -0.03422478   0.01140703
 -0.03419660   0.01133575
 -0.03416792   0.01126459
 -0.03413887   0.01119359
 -0.03410940   0.01112282
 -0.03407951   0.01105217
 -0.03404918   0.01098176
 -0.03401843   0.01091155
 -0.03398733   0.01084150
 -0.03395574   0.01077159
 -0.03392378   0.01070191
 -0.03389132   0.01063247
 -0.03385852   0.01056315
 -0.03382538   0.01049407
 -0.03379174   0.01042523
 -0.03375765   0.01035652
 -0.03372325   0.01028804
 -0.03368840   0.01021973
 -0.03365315   0.01015172
 -0.03361754   0.01008385
 -0.03358143   0.01001623
 -0.03354500   0.00994884
 -0.03350813   0.00988168
 -0.03347093   0.00981468
 -0.03343322   0.00974790
 -0.03339518   0.00968146
 -0.03335680   0.00961517
 -0.03331792   0.00954909
 -0.03327870   0.00948328
 -0.03323916   0.00941769
 -0.03319912   0.00935237
 -0.03315873   0.00928726
 -0.03311801   0.00922240
 -0.03307680   0.00915786
 -0.03303533   0.00909348
 -0.03299338   0.00902934
 -0.03295107   0.00896555
 -0.03290846   0.00890189
 -0.03286535   0.00883856
 -0.03282198   0.00877549
 -0.03277821   0.00871267
 -0.03273401   0.00865016
 -0.03268949   0.00858782
 -0.03264458   0.00852582
 -0.03259932   0.00846406
 -0.03255366   0.00840263
 -0.03250768   0.00834143
 -0.03246131   0.00828050
 -0.03241466   0.00821983
 -0.03236754   0.00815948
 -0.03232010   0.00809946
 -0.03227234   0.00803962
 -0.03222423   0.00798009
 -0.03217575   0.00792092
 -0.03212684   0.00786200
 -0.03207772   0.00780341
 -0.03202817   0.00774507
 -0.03197832   0.00768701
 -0.03192807   0.00762934
 -0.03187758   0.00757185
 -0.03182669   0.00751479
 -0.03177541   0.00745799
 -0.03172387   0.00740143
 -0.03167196   0.00734522
 -0.03161973   0.00728934
 -0.03156718   0.00723381
 -0.03151431   0.00717854
 -0.03146113   0.00712362
 -0.03140758   0.00706903
 -0.03135371   0.00701471
 -0.03129959   0.00696073
 -0.03124509   0.00690707
 -0.03119028   0.00685378
 -0.03113516   0.00680083
 -0.03107975   0.00674816
 -0.03102401   0.00669581
 -0.03096797   0.00664388
 -0.03091156   0.00659224
 -0.03085490   0.00654094
 -0.03079796   0.00648998
 -0.03074071   0.00643929
 -0.03068323   0.00638904
 -0.03062537   0.00633913
 -0.03056719   0.00628956
 -0.03050873   0.00624025
 -0.03045005   0.00619139
 -0.03039107   0.00614287
 -0.03033179   0.00609471
 -0.03027222   0.00604689
 -0.03021236   0.00599942
 -0.03015218   0.00595231
 -0.03009180   0.00590556
 -0.03003112   0.00585922
 -0.02997022   0.00581317
 -0.02990896   0.00576755
 -0.02984748   0.00572227
 -0.02978573   0.00567736
 -0.02972375   0.00563281
 -0.02966149   0.00558859
 -0.02959893   0.00554481
 -0.02953615   0.00550140
 -0.02947312   0.00545834
 -0.02940986   0.00541572
 -0.02934630   0.00537344
 -0.02928248   0.00533152
 -0.02921845   0.00528997
 -0.02915421   0.00524884
 -0.02908969   0.00520809
 -0.02902498   0.00516776
 -0.02895998   0.00512778
 -0.02889477   0.00508818
 -0.02882929   0.00504900
 -0.02876362   0.00501018
 -0.02869775   0.00497173
 -0.02863159   0.00493372
 -0.02856524   0.00489615
 -0.02849871   0.00485893
 -0.02843196   0.00482208
 -0.02836495   0.00478566
 -0.02829776   0.00474968
 -0.02823035   0.00471407
 -0.02816278   0.00467882
 -0.02809491   0.00464401
 -0.02802688   0.00460957
 -0.02795876   0.00457540
 -0.02789042   0.00454156
 -0.02782189   0.00450798
 -0.02775322   0.00447474
 -0.02768428   0.00444184
 -0.02761528   0.00440919
 -0.02754611   0.00437688
 -0.02747678   0.00434483
 -0.02740727   0.00431311
 -0.02733762   0.00428173
 -0.02726779   0.00425067
 -0.02719781   0.00421988
 -0.02712767   0.00418944
 -0.02705735   0.00415933
 -0.02698695   0.00412945
 -0.02691639   0.00409994
 -0.02684559   0.00407074
 -0.02677480   0.00404189
 -0.02670375   0.00401337
 -0.02663262   0.00398512
 -0.02656133   0.00395719
 -0.02648988   0.00392962
 -0.02641825   0.00390228
 -0.02634657   0.00387538
 -0.02627471   0.00384872
 -0.02620274   0.00382239
 -0.02613064   0.00379642
 -0.02605846   0.00377077
 -0.02598611   0.00374545
 -0.02591359   0.00372039
 -0.02584097   0.00369575
 -0.02576830   0.00367139
 -0.02569545   0.00364734
 -0.02562246   0.00362371
 -0.02554945   0.00360034
 -0.02547618   0.00357730
 -0.02540293   0.00355460
 -0.02532951   0.00353216
 -0.02525600   0.00351013
 -0.02518234   0.00348844
 -0.02510859   0.00346709
 -0.02503475   0.00344599
 -0.02496085   0.00342532
 -0.02488685   0.00340495
 -0.02481269   0.00338487
 -0.02473846   0.00336520
 -0.02466412   0.00334587
 -0.02458973   0.00332679
 -0.02451523   0.00330812
 -0.02444066   0.00328979
 -0.02436601   0.00327173
 -0.02429117   0.00325398
 -0.02421644   0.00323636
 -0.02414169   0.00321883
 -0.02406686   0.00320131
 -0.02399203   0.00318382
 -0.02391717   0.00316649
 -0.02384234   0.00314921
 -0.02376749   0.00313193
 -0.02369256   0.00311484
 -0.02361771   0.00309776
 -0.02354277   0.00308079
 -0.02346784   0.00306383
 -0.02339289   0.00304699
 -0.02331796   0.00303015
 -0.02324293   0.00301348
 -0.02316797   0.00299686
 -0.02309292   0.00298024
 -0.02301789   0.00296380
 -0.02294284   0.00294740
 -0.02286781   0.00293100
 -0.02279275   0.00291470
 -0.02271762   0.00289850
 -0.02264249   0.00288242
 -0.02256742   0.00286634
 -0.02249228   0.00285036
 -0.02241713   0.00283448
 -0.02234190   0.00281863
 -0.02226675   0.00280287
 -0.02219152   0.00278713
 -0.02211634   0.00277149
 -0.02204111   0.00275598
 -0.02196586   0.00274054
 -0.02189063   0.00272513
 -0.02181537   0.00270981
 -0.02174004   0.00269452
 -0.02166477   0.00267932
 -0.02158944   0.00266423
 -0.02151408   0.00264923
 -0.02143875   0.00263426
 -0.02136340   0.00261928
 -0.02128805   0.00260451
 -0.02121262   0.00258976
 -0.02113724   0.00257511
 -0.02106181   0.00256047
 -0.02098638   0.00254594
 -0.02091093   0.00253151
 -0.02083547   0.00251708
 -0.02076002   0.00250285
 -0.02068449   0.00248856
 -0.02060904   0.00247445
 -0.02053348   0.00246036
 -0.02045795   0.00244635
 -0.02038240   0.00243238
 -0.02030687   0.00241851
 -0.02023132   0.00240474
 -0.02015576   0.00239097
 -0.02008013   0.00237733
 -0.02000456   0.00236378
 -0.01992893   0.00235023
 -0.01985329   0.00233681
 -0.01977764   0.00232348
 -0.01970199   0.00231015
 -0.01962634   0.00229695
 -0.01955068   0.00228382
 -0.01947495   0.00227074
 -0.01939922   0.00225775
 -0.01932357   0.00224485
 -0.01924782   0.00223198
 -0.01917208   0.00221920
 -0.01909633   0.00220654
 -0.01902058   0.00219387
 -0.01894475   0.00218133
 -0.01886899   0.00216887
 -0.01879316   0.00215645
 -0.01871733   0.00214411
 -0.01864150   0.00213188
 -0.01856573   0.00211966
 -0.01848982   0.00210756
 -0.01841396   0.00209554
 -0.01833813   0.00208354
 -0.01826220   0.00207166
 -0.01818635   0.00205986
 -0.01811042   0.00204811
 -0.01803448   0.00203643
 -0.01795863   0.00202485
 -0.01788268   0.00201331
 -0.01780667   0.00200185
 -0.01773072   0.00199049
 -0.01765478   0.00197918
 -0.01757875   0.00196794
 -0.01750282   0.00195681
 -0.01742679   0.00194571
 -0.01735076   0.00193469
 -0.01727473   0.00192378
 -0.01719869   0.00191291
 -0.01712266   0.00190211
 -0.01704661   0.00189142
 -0.01697058   0.00188074
 -0.01689447   0.00187019
 -0.01681842   0.00185972
 -0.01674228   0.00184926
 -0.01666617   0.00183891
 -0.01659004   0.00182868
 -0.01651399   0.00181845
 -0.01643778   0.00180832
 -0.01636167   0.00179828
 -0.01628554   0.00178827
 -0.01620938   0.00177846
 -0.01613317   0.00176857
 -0.01605704   0.00175886
 -0.01598083   0.00174917
 -0.01590462   0.00173951
 -0.01582839   0.00173002
 -0.01575218   0.00172057
 -0.01567595   0.00171112
 -0.01559974   0.00170185
 -0.01552351   0.00169258
 -0.01544727   0.00168334
 -0.01537098   0.00167427
 -0.01529475   0.00166518
 -0.01521844   0.00165619
 -0.01514215   0.00164720
 -0.01506592   0.00163829
 -0.01498961   0.00162948
 -0.01491330   0.00162065
 -0.01483701   0.00161194
 -0.01476062   0.00160328
 -0.01468431   0.00159463
 -0.01460800   0.00158608
 -0.01453161   0.00157761
 -0.01445532   0.00156923
 -0.01437893   0.00156084
 -0.01430262   0.00155254
 -0.01422623   0.00154427
 -0.01414984   0.00153605
 -0.01407345   0.00152794
 -0.01399706   0.00151982
 -0.01392067   0.00151178
 -0.01384428   0.00150383
 -0.01376789   0.00149597
 -0.01369143   0.00148811
 -0.01361504   0.00148035
 -0.01353857   0.00147257
 -0.01346218   0.00146489
 -0.01338571   0.00145729
 -0.01330924   0.00144969
 -0.01323285   0.00144227
 -0.01315638   0.00143477
 -0.01307992   0.00142743
 -0.01300345   0.00142011
 -0.01292698   0.00141285
 -0.01285043   0.00140568
 -0.01277396   0.00139852
 -0.01269747   0.00139146
 -0.01262093   0.00138439
 -0.01254446   0.00137741
 -0.01246791   0.00137051
 -0.01239144   0.00136368
 -0.01231487   0.00135687
 -0.01223833   0.00135015
 -0.01216186   0.00134344
 -0.01208531   0.00133687
 -0.01200874   0.00133033
 -0.01193219   0.00132378
 -0.01185565   0.00131741
 -0.01177910   0.00131094
 -0.01170245   0.00130465
 -0.01162591   0.00129836
 -0.01154936   0.00129217
 -0.01147271   0.00128606
 -0.01145174   0.00128447
 -0.01143066   0.00128318
 -0.01140953   0.00128219
 -0.01138848   0.00128151
 -0.01136733   0.00128119
 -0.01134627   0.00128108
 -0.01132514   0.00128129
 -0.01130407   0.00128178
 -0.01128296   0.00128255
 -0.01126191   0.00128372
 -0.01124085   0.00128511
 -0.01121982   0.00128678
 -0.01119879   0.00128875
 -0.01117778   0.00129102
 -0.01115685   0.00129366
 -0.01113594   0.00129651
 -0.01111508   0.00129966
 -0.01109427   0.00130311
 -0.01107354   0.00130685
 -0.01105283   0.00131096
 -0.01103212   0.00131531
 -0.01101159   0.00131993
 -0.01099108   0.00132484
 -0.01097057   0.00133006
 -0.01095024   0.00133549
 -0.01092993   0.00134129
 -0.01090972   0.00134738
 -0.01088953   0.00135368
 -0.01086952   0.00136037
 -0.01084958   0.00136725
 -0.01082977   0.00137444
 -0.01080998   0.00138192
 -0.01079037   0.00138961
 -0.01077086   0.00139767
 -0.01075145   0.00140593
 -0.01073214   0.00141449
 -0.01071303   0.00142336
 -0.01069394   0.00143250
 -0.01067503   0.00144184
 -0.01065630   0.00145148
 -0.01063761   0.00146143
 -0.01061910   0.00147157
 -0.01060079   0.00148199
 -0.01058258   0.00149271
 -0.01056455   0.00150363
 -0.01054664   0.00151475
 -0.01052893   0.00152625
 -0.01051132   0.00153795
 -0.01049391   0.00154987
 -0.01047669   0.00156205
 -0.01045966   0.00157445
 -0.01044275   0.00158715
 -0.01042602   0.00160003
 -0.01040951   0.00161313
 -0.01039318   0.00162649
 -0.01037705   0.00164007
 -0.01036104   0.00165393
 -0.01034531   0.00166791
 -0.01032975   0.00168218
 -0.01031434   0.00169664
 -0.01029921   0.00171138
 -0.01028426   0.00172624
 -0.01026953   0.00174137
 -0.01025507   0.00175671
 -0.01024072   0.00177225
 -0.01022667   0.00178791
 -0.01021274   0.00180384
 -0.01019918   0.00181996
 -0.01018573   0.00183627
 -0.01017258   0.00185279
 -0.01015961   0.00186943
 -0.01014693   0.00188624
 -0.01013448   0.00190334
 -0.01012221   0.00192047
 -0.01011023   0.00193787
 -0.01009848   0.00195546
 -0.01008698   0.00197316
 -0.01007579   0.00199097
 -0.01006474   0.00200897
 -0.01005404   0.00202716
 -0.01004355   0.00204554
 -0.01003335   0.00206395
 -0.01002336   0.00208261
 -0.01001366   0.00210132
 -0.01000425   0.00212019
 -0.00999513   0.00213925
 -0.00998622   0.00215834
 -0.00997760   0.00217762
 -0.00996921   0.00219699
 -0.00996117   0.00221654
 -0.00995335   0.00223612
 -0.00994582   0.00225589
 -0.00993858   0.00227566
 -0.00993164   0.00229562
 -0.00992491   0.00231559
 -0.00991855   0.00233574
 -0.00991241   0.00235589
 -0.00990655   0.00237625
 -0.00990099   0.00239660
 -0.00989574   0.00241697
 -0.00988291   0.00246846
 -0.00987001   0.00251994
 -0.00985716   0.00257143
 -0.00984425   0.00262283
 -0.00983143   0.00267429
 -0.00981860   0.00272578
 -0.00980567   0.00277718
 -0.00979285   0.00282867
 -0.00977994   0.00288015
 -0.00976712   0.00293156
 -0.00975421   0.00298304
 -0.00974136   0.00303451
 -0.00972854   0.00308599
 -0.00971563   0.00313739
 -0.00970281   0.00318888
 -0.00968990   0.00324036
 -0.00967705   0.00329177
 -0.00966415   0.00334323
 -0.00965132   0.00339472
 -0.00963849   0.00344620
 -0.00962557   0.00349761
 -0.00961274   0.00354909
 -0.00959984   0.00360057
 -0.00958701   0.00365198
 -0.00957411   0.00370344
 -0.00956126   0.00375493
 -0.00954843   0.00380633
 -0.00953553   0.00385782
 -0.00952270   0.00390930
 -0.00950979   0.00396078
 -0.00949695   0.00401219
 -0.00948412   0.00406365
 -0.00947122   0.00411514
 -0.00945839   0.00416654
 -0.00944548   0.00421803
 -0.00943264   0.00426951
 -0.00941973   0.00432092
 -0.00940691   0.00437238
 -0.00939408   0.00442386
 -0.00938115   0.00447535
 -0.00936833   0.00452675
 -0.00935542   0.00457824
 -0.00934259   0.00462972
 -0.00932969   0.00468113
 -0.00931684   0.00473259
 -0.00930402   0.00478407
 -0.00929111   0.00483548
 -0.00927828   0.00488696
 -0.00926538   0.00493845
 -0.00925253   0.00498993
 -0.00923963   0.00504134
 -0.00922680   0.00509280
 -0.00921397   0.00514428
 -0.00920105   0.00519569
 -0.00918822   0.00524717
 -0.00917532   0.00529866
 -0.00916249   0.00535006
 -0.00914958   0.00540153
 -0.00913674   0.00545301
 -0.00912391   0.00550449
 -0.00911101   0.00555590
 -0.00909818   0.00560738
 -0.00908527   0.00565887
 -0.00907243   0.00571027
 -0.00905952   0.00576174
 -0.00904669   0.00581322
 -0.00903387   0.00586463
 -0.00902096   0.00591611
 -0.00900812   0.00596759
 -0.00899521   0.00601908
 -0.00898238   0.00607048
 -0.00896956   0.00612195
 -0.00895663   0.00617343
 -0.00894381   0.00622484
 -0.00893090   0.00627632
 -0.00891807   0.00632781
 -0.00890517   0.00637921
 -0.00889232   0.00643067
 -0.00887949   0.00648216
 -0.00886659   0.00653364
 -0.00885376   0.00658505
 -0.00884086   0.00663653
 -0.00882801   0.00668802
 -0.00881511   0.00673942
 -0.00880228   0.00679088
 -0.00878945   0.00684237
 -0.00877653   0.00689377
 -0.00876370   0.00694526
 -0.00875079   0.00699674
 -0.00873797   0.00704823
 -0.00872506   0.00709963
 -0.00871222   0.00715109
 -0.00869939   0.00720258
 -0.00868648   0.00725398
 -0.00867366   0.00730547
 -0.00866075   0.00735695
 -0.00864791   0.00740844
 -0.00863500   0.00745982
 -0.00862217   0.00751131
 -0.00860935   0.00756279
 -0.00859644   0.00761419
 -0.00858359   0.00766568
 -0.00857069   0.00771716
 -0.00855786   0.00776857
 -0.00854496   0.00782003
 -0.00853211   0.00787152
 -0.00851928   0.00792300
 -0.00850638   0.00797441
 -0.00849355   0.00802589
 -0.00848065   0.00807737
 -0.00846780   0.00812876
 -0.00845489   0.00818024
 -0.00844207   0.00823173
 -0.00842924   0.00828313
 -0.00841634   0.00833462
 -0.00840349   0.00838610
 -0.00839058   0.00843758
 -0.00837776   0.00848897
 -0.00836493   0.00854045
 -0.00835201   0.00859194
 -0.00833918   0.00864334
 -0.00832627   0.00869483
 -0.00831345   0.00874631
 -0.00830054   0.00879772
 -0.00828769   0.00884918
 -0.00827487   0.00890066
 -0.00826196   0.00895215
 -0.00824914   0.00900355
 -0.00823623   0.00905504
 -0.00822338   0.00910652
 -0.00821048   0.00915791
 -0.00819765   0.00920939
 -0.00818483   0.00926087
 -0.00817190   0.00931228
 -0.00815907   0.00936376
 -0.00814617   0.00941525
 -0.00813334   0.00946673
 -0.00812044   0.00951812
 -0.00810759   0.00956960
 -0.00809476   0.00962108
 -0.00808186   0.00967249
 -0.00806903   0.00972397
 -0.00805613   0.00977546
 -0.00804328   0.00982686
 -0.00803037   0.00987833
 -0.00801755   0.00992981
 -0.00800472   0.00998129
 -0.00799182   0.01003270
 -0.00797897   0.01008418
 -0.00796606   0.01013567
 -0.00795324   0.01018705
 -0.00794033   0.01023854
 -0.00792748   0.01029002
 -0.00791466   0.01034143
 -0.00790175   0.01039291
 -0.00788893   0.01044439
 -0.00787602   0.01049588
 -0.00786317   0.01054726
 -0.00785035   0.01059875
 -0.00783744   0.01065023
 -0.00782462   0.01070164
 -0.00781171   0.01075312
 -0.00779886   0.01080461
 -0.00778596   0.01085601
 -0.00777313   0.01090747
 -0.00776031   0.01095896
 -0.00774738   0.01101044
 -0.00773455   0.01106185
 -0.00772165   0.01111333
 -0.00770882   0.01116482
 -0.00769592   0.01121620
 -0.00768307   0.01126768
 -0.00767024   0.01131917
 -0.00765734   0.01137065
 -0.00764451   0.01142206
 -0.00763161   0.01147354
 -0.00761876   0.01152503
 -0.00760585   0.01157641
 -0.00759303   0.01162789
 -0.00758020   0.01167938
 -0.00756729   0.01173078
 -0.00755445   0.01178227
 -0.00754154   0.01183375
 -0.00752872   0.01188524
 -0.00751581   0.01193662
 -0.00750296   0.01198811
 -0.00749014   0.01203959
 -0.00747723   0.01209099
 -0.00746441   0.01214248
 -0.00745150   0.01219396
 -0.00743865   0.01224535
 -0.00742575   0.01229683
 -0.00741292   0.01234832
 -0.00740009   0.01239980
 -0.00738719   0.01245121
 -0.00737434   0.01250269
 -0.00736144   0.01255417
 -0.00734861   0.01260556
 -0.00733571   0.01265704
 -0.00732286   0.01270853
 -0.00731003   0.01275993
 -0.00729713   0.01281142
 -0.00728430   0.01286290
 -0.00727139   0.01291436
 -0.00725855   0.01296577
 -0.00724572   0.01301725
 -0.00723282   0.01306874
 -0.00721999   0.01312014
 -0.00720708   0.01317163
 -0.00719424   0.01322311
 -0.00718133   0.01327449
 -0.00716851   0.01332598
 -0.00715568   0.01337746
 -0.00714277   0.01342895
 -0.00712993   0.01348035
 -0.00711702   0.01353184
 -0.00710419   0.01358332
 -0.00709129   0.01363471
 -0.00707844   0.01368619
 -0.00706562   0.01373767
 -0.00705271   0.01378908
 -0.00703988   0.01384056
 -0.00702698   0.01389205
 -0.00701413   0.01394351
 -0.00700123   0.01399492
 -0.00698840   0.01404640
 -0.00697557   0.01409788
 -0.00696267   0.01414929
 -0.00694982   0.01420077
 -0.00693692   0.01425226
 -0.00692409   0.01430364
 -0.00691118   0.01435513
 -0.00689834   0.01440661
 -0.00688551   0.01445809
 -0.00687261   0.01450950
 -0.00685978   0.01456098
 -0.00684687   0.01461247
 -0.00683403   0.01466385
 -0.00682112   0.01471534
 -0.00680829   0.01476682
 -0.00679547   0.01481823
 -0.00678256   0.01486971
 -0.00676972   0.01492119
 -0.00675681   0.01497266
 -0.00674398   0.01502406
 -0.00673116   0.01507555
 -0.00671823   0.01512703
 -0.00670541   0.01517844
 -0.00669250   0.01522992
 -0.00667967   0.01528141
 -0.00666677   0.01533287
 -0.00665392   0.01538427
 -0.00664109   0.01543576
 -0.00662819   0.01548724
 -0.00661536   0.01553865
 -0.00660246   0.01559013
 -0.00658961   0.01564162
 -0.00657671   0.01569300
 -0.00656388   0.01574448
 -0.00655105   0.01579597
 -0.00653815   0.01584745
 -0.00652530   0.01589886
 -0.00651239   0.01595034
 -0.00649957   0.01600181
 -0.00648666   0.01605321
 -0.00647382   0.01610469
 -0.00646099   0.01615618
 -0.00644808   0.01620758
 -0.00643526   0.01625907
 -0.00642235   0.01631055
 -0.00640951   0.01636202
 -0.00639660   0.01641342
 -0.00638377   0.01646491
 -0.00637095   0.01651639
 -0.00635804   0.01656779
 -0.00634519   0.01661928
 -0.00633229   0.01667076
 -0.00631946   0.01672215
 -0.00630656   0.01677363
 -0.00629371   0.01682512
 -0.00628088   0.01687660
 -0.00626798   0.01692801
 -0.00625515   0.01697949
 -0.00624225   0.01703095
 -0.00622940   0.01708236
 -0.00621649   0.01713384
 -0.00620367   0.01718533
 -0.00619084   0.01723673
 -0.00617794   0.01728822
 -0.00616509   0.01733970
 -0.00615218   0.01739116
 -0.00613936   0.01744257
 -0.00612653   0.01749405
 -0.00611363   0.01754554
 -0.00610078   0.01759694
 -0.00608787   0.01764843
 -0.00607505   0.01769991
 -0.00606214   0.01775129
 -0.00604929   0.01780278
 -0.00603647   0.01785426
 -0.00602356   0.01790575
 -0.00601074   0.01795715
 -0.00599783   0.01800864
 -0.00598498   0.01806010
 -0.00597208   0.01811151
 -0.00595925   0.01816299
 -0.00594643   0.01821447
 -0.00593352   0.01826588
 -0.00592067   0.01831736
 -0.00590777   0.01836885
 -0.00589494   0.01842031
 -0.00588204   0.01847172
 -0.00586919   0.01852320
 -0.00585636   0.01857468
 -0.00584346   0.01862609
 -0.00583063   0.01867757
 -0.00581773   0.01872904
 -0.00580488   0.01878044
 -0.00579197   0.01883193
 -0.00577915   0.01888341
 -0.00576632   0.01893489
 -0.00575342   0.01898630
 -0.00574057   0.01903778
 -0.00572766   0.01908925
 -0.00571484   0.01914065
 -0.00570193   0.01919214
 -0.00568911   0.01924362
 -0.00567626   0.01929511
 -0.00566335   0.01934651
 -0.00565053   0.01939799
 -0.00563762   0.01944946
 -0.00562477   0.01950086
 -0.00561187   0.01955235
 -0.00559904   0.01960383
 -0.00558622   0.01965524
 -0.00557331   0.01970672
 -0.00556046   0.01975818
 -0.00554756   0.01980967
 -0.00553473   0.01986107
 -0.00552191   0.01991256
 -0.00550900   0.01996404
 -0.00549615   0.02001545
 -0.00548325   0.02006693
 -0.00547042   0.02011839
 -0.00545752   0.02016980
 -0.00544467   0.02022128
 -0.00543184   0.02027277
 -0.00541894   0.02032425
 -0.00540611   0.02037566
 -0.00539321   0.02042714
 -0.00538036   0.02047861
 -0.00536745   0.02053001
 -0.00535463   0.02058149
 -0.00534180   0.02063298
 -0.00532889   0.02068438
 -0.00531605   0.02073587
 -0.00530314   0.02078733
 -0.00529032   0.02083882
 -0.00527741   0.02089022
 -0.00526456   0.02094171
 -0.00525174   0.02099319
 -0.00523883   0.02104459
 -0.00522601   0.02109608
 -0.00521310   0.02114754
 -0.00520025   0.02119895
 -0.00518735   0.02125043
 -0.00517452   0.02130192
 -0.00516169   0.02135340
 -0.00514879   0.02140481
 -0.00513594   0.02145629
 -0.00512304   0.02150775
 -0.00511021   0.02155916
 -0.00509731   0.02161064
 -0.00508448   0.02166213
 -0.00507163   0.02171353
 -0.00505873   0.02176502
 -0.00504590   0.02181648
 -0.00503299   0.02186796
 -0.00502015   0.02191937
 -0.00500732   0.02197085
 -0.00499442   0.02202234
 -0.00498159   0.02207374
 -0.00496868   0.02212523
 -0.00495584   0.02217669
 -0.00494293   0.02222809
 -0.00493011   0.02227958
 -0.00491728   0.02233106
 -0.00490437   0.02238255
 -0.00489153   0.02243395
 -0.00487862   0.02248544
 -0.00486579   0.02253690
 -0.00485289   0.02258831
 -0.00484004   0.02263979
 -0.00482722   0.02269127
 -0.00481431   0.02274268
 -0.00480148   0.02279416
 -0.00478858   0.02284563
 -0.00477573   0.02289711
 -0.00476283   0.02294852
 -0.00475000   0.02300000
