 -0.03725000   0.02300000
 -0.03722443   0.02289758
 -0.03719879   0.02279513
 -0.03717322   0.02269271
 -0.03714758   0.02259033
 -0.03712198   0.02248791
 -0.03709634   0.02238546
 -0.03707077   0.02228304
 -0.03704513   0.02218059
 -0.03701956   0.02207817
 -0.03699392   0.02197575
 -0.03696835   0.02187330
 -0.03694271   0.02177095
 -0.03691714   0.02166850
 -0.03689147   0.02156608
 -0.03686590   0.02146363
 -0.03684033   0.02136121
 -0.03681469   0.02125879
 -0.03678912   0.02115634
 -0.03676348   0.02105399
 -0.03673791   0.02095154
 -0.03671227   0.02084912
 -0.03668670   0.02074667
 -0.03666103   0.02064425
 -0.03663546   0.02054180
 -0.03660982   0.02043938
 -0.03658425   0.02033696
 -0.03655861   0.02023458
 -0.03653304   0.02013216
 -0.03650740   0.02002971
 -0.03648183   0.01992729
 -0.03645626   0.01982484
 -0.03643059   0.01972242
 -0.03640502   0.01962000
 -0.03637938   0.01951755
 -0.03635381   0.01941520
 -0.03632817   0.01931275
 -0.03630260   0.01921033
 -0.03627696   0.01910788
 -0.03625139   0.01900546
 -0.03622575   0.01890301
 -0.03620018   0.01880059
 -0.03617451   0.01869824
 -0.03614894   0.01859579
 -0.03612330   0.01849337
 -0.03609773   0.01839092
 -0.03607216   0.01828850
 -0.03604652   0.01818605
 -0.03602095   0.01808363
 -0.03599531   0.01798121
 -0.03596974   0.01787883
 -0.03594407   0.01777641
 -0.03591850   0.01767396
 -0.03589286   0.01757154
 -0.03586729   0.01746909
 -0.03584165   0.01736667
 -0.03581608   0.01726422
 -0.03579044   0.01716187
 -0.03576487   0.01705945
 -0.03573923   0.01695700
 -0.03571363   0.01685458
 -0.03568806   0.01675213
 -0.03566242   0.01664971
 -0.03563685   0.01654726
 -0.03561121   0.01644484
 -0.03558564   0.01634249
 -0.03556000   0.01624004
 -0.03553443   0.01613762
 -0.03550879   0.01603517
 -0.03548319   0.01593275
 -0.03545755   0.01583030
 -0.03543198   0.01572788
 -0.03540634   0.01562550
 -0.03538077   0.01552308
 -0.03535513   0.01542066
 -0.03532956   0.01531821
 -0.03530399   0.01521579
 -0.03527835   0.01511334
 -0.03525275   0.01501092
 -0.03522711   0.01490847
 -0.03520154   0.01480612
 -0.03517590   0.01470370
 -0.03515033   0.01460125
 -0.03512469   0.01449883
 -0.03509912   0.01439638
 -0.03507348   0.01429396
 -0.03504791   0.01419151
 -0.03502224   0.01408916
 -0.03499667   0.01398671
 -0.03497103   0.01388429
 -0.03494546   0.01378187
 -0.03491989   0.01367942
 -0.03489425   0.01357700
 -0.03486868   0.01347455
 -0.03484292   0.01337216
 -0.03481693   0.01326990
 -0.03479054   0.01316766
 -0.03476392   0.01306551
 -0.03473690   0.01296345
 -0.03470962   0.01286148
 -0.03468197   0.01275960
 -0.03465409   0.01265784
 -0.03462581   0.01255617
 -0.03459727   0.01245469
 -0.03456839   0.01235323
 -0.03453922   0.01225189
 -0.03450978   0.01215067
 -0.03447994   0.01204957
 -0.03444987   0.01194859
 -0.03441943   0.01184770
 -0.03438873   0.01174703
 -0.03435769   0.01164644
 -0.03432639   0.01154594
 -0.03429440   0.01144569
 -0.03426166   0.01134567
 -0.03422806   0.01124604
 -0.03419367   0.01114660
 -0.03415845   0.01104745
 -0.03412244   0.01094863
 -0.03408561   0.01085006
 -0.03404802   0.01075185
 -0.03400960   0.01065396
 -0.03397039   0.01055640
 -0.03393039   0.01045916
 -0.03388953   0.01036221
 -0.03384791   0.01026565
 -0.03380560   0.01016948
 -0.03376243   0.01007360
 -0.03371850   0.00997811
 -0.03367374   0.00988301
 -0.03362826   0.00978823
 -0.03358202   0.00969384
 -0.03353495   0.00959991
 -0.03348719   0.00950630
 -0.03343860   0.00941311
 -0.03338932   0.00932031
 -0.03333921   0.00922797
 -0.03328841   0.00913598
 -0.03323688   0.00904448
 -0.03318459   0.00895340
 -0.03313154   0.00886271
 -0.03307773   0.00877251
 -0.03302319   0.00868273
 -0.03296799   0.00859347
 -0.03291203   0.00850460
 -0.03285534   0.00841622
 -0.03279792   0.00832836
 -0.03273981   0.00824092
 -0.03268097   0.00815400
 -0.03262147   0.00806757
 -0.03256127   0.00798156
 -0.03250031   0.00789617
 -0.03243869   0.00781120
 -0.03237637   0.00772679
 -0.03231339   0.00764286
 -0.03224975   0.00755949
 -0.03218541   0.00747667
 -0.03212041   0.00739437
 -0.03205471   0.00731256
 -0.03198838   0.00723130
 -0.03192139   0.00715066
 -0.03185377   0.00707051
 -0.03178545   0.00699098
 -0.03171650   0.00691200
 -0.03164692   0.00683361
 -0.03157671   0.00675574
 -0.03150590   0.00667849
 -0.03143443   0.00660186
 -0.03136236   0.00652578
 -0.03128969   0.00645032
 -0.03121639   0.00637545
 -0.03114246   0.00630123
 -0.03106803   0.00622753
 -0.03099290   0.00615455
 -0.03091724   0.00608209
 -0.03084095   0.00601035
 -0.03076409   0.00593923
 -0.03068670   0.00586869
 -0.03060874   0.00579884
 -0.03053022   0.00572961
 -0.03045113   0.00566107
 -0.03037147   0.00559314
 -0.03029125   0.00552587
 -0.03021056   0.00545935
 -0.03012927   0.00539345
 -0.03004751   0.00532817
 -0.02996522   0.00526364
 -0.02988236   0.00519973
 -0.02979900   0.00513654
 -0.02971521   0.00507400
 -0.02963081   0.00501218
 -0.02954595   0.00495108
 -0.02946065   0.00489070
 -0.02937485   0.00483097
 -0.02928855   0.00477196
 -0.02920181   0.00471370
 -0.02911457   0.00465613
 -0.02902693   0.00459931
 -0.02893875   0.00454321
 -0.02885017   0.00448776
 -0.02876112   0.00443313
 -0.02867170   0.00437922
 -0.02858181   0.00432603
 -0.02849155   0.00427359
 -0.02840082   0.00422187
 -0.02830965   0.00417097
 -0.02821815   0.00412079
 -0.02812617   0.00407136
 -0.02803386   0.00402265
 -0.02794114   0.00397469
 -0.02784812   0.00392755
 -0.02775466   0.00388114
 -0.02766092   0.00383527
 -0.02756687   0.00378982
 -0.02747247   0.00374495
 -0.02737783   0.00370053
 -0.02728291   0.00365666
 -0.02718778   0.00361327
 -0.02709227   0.00357043
 -0.02699655   0.00352811
 -0.02690052   0.00348627
 -0.02680421   0.00344498
 -0.02670769   0.00340421
 -0.02661086   0.00336402
 -0.02651382   0.00332428
 -0.02641647   0.00328506
 -0.02631891   0.00324642
 -0.02622111   0.00320830
 -0.02612306   0.00317073
 -0.02602474   0.00313364
 -0.02592624   0.00309714
 -0.02582750   0.00306122
 -0.02572852   0.00302575
 -0.02562933   0.00299087
 -0.02552986   0.00295650
 -0.02543025   0.00292272
 -0.02533040   0.00288942
 -0.02523038   0.00285674
 -0.02513011   0.00282458
 -0.02502967   0.00279297
 -0.02492899   0.00276191
 -0.02482817   0.00273147
 -0.02472714   0.00270148
 -0.02462597   0.00267211
 -0.02452456   0.00264329
 -0.02442301   0.00261502
 -0.02432122   0.00258737
 -0.02421936   0.00256017
 -0.02411729   0.00253366
 -0.02401508   0.00250763
 -0.02391270   0.00248219
 -0.02381015   0.00245730
 -0.02370749   0.00243296
 -0.02360466   0.00240924
 -0.02350176   0.00238572
 -0.02339883   0.00236237
 -0.02329590   0.00233908
 -0.02319297   0.00231599
 -0.02308997   0.00229300
 -0.02298694   0.00227024
 -0.02288391   0.00224751
 -0.02278078   0.00222498
 -0.02267768   0.00220255
 -0.02257455   0.00218028
 -0.02247132   0.00215811
 -0.02236819   0.00213614
 -0.02226489   0.00211420
 -0.02216166   0.00209249
 -0.02205833   0.00207095
 -0.02195507   0.00204947
 -0.02185167   0.00202812
 -0.02174834   0.00200694
 -0.02164491   0.00198589
 -0.02154148   0.00196497
 -0.02143805   0.00194425
 -0.02133455   0.00192359
 -0.02123102   0.00190310
 -0.02112749   0.00188274
 -0.02102396   0.00186251
 -0.02092033   0.00184248
 -0.02081670   0.00182248
 -0.02071307   0.00180268
 -0.02060944   0.00178301
 -0.02050571   0.00176354
 -0.02040201   0.00174410
 -0.02029828   0.00172489
 -0.02019452   0.00170578
 -0.02009072   0.00168677
 -0.01998689   0.00166792
 -0.01988306   0.00164924
 -0.01977916   0.00163069
 -0.01967523   0.00161227
 -0.01957140   0.00159398
 -0.01946740   0.00157579
 -0.01936347   0.00155783
 -0.01925944   0.00153997
 -0.01915544   0.00152221
 -0.01905141   0.00150461
 -0.01894738   0.00148718
 -0.01884328   0.00146981
 -0.01873918   0.00145264
 -0.01863505   0.00143560
 -0.01853092   0.00141873
 -0.01842672   0.00140195
 -0.01832259   0.00138534
 -0.01821839   0.00136883
 -0.01811409   0.00135248
 -0.01800986   0.00133630
 -0.01790556   0.00132018
 -0.01780126   0.00130426
 -0.01769696   0.00128847
 -0.01759266   0.00127285
 -0.01748826   0.00125729
 -0.01738393   0.00124193
 -0.01727953   0.00122670
 -0.01717506   0.00121160
 -0.01707066   0.00119667
 -0.01696616   0.00118180
 -0.01686176   0.00116713
 -0.01675726   0.00115259
 -0.01665269   0.00113822
 -0.01654819   0.00112394
 -0.01644362   0.00110983
 -0.01633909   0.00109582
 -0.01623452   0.00108197
 -0.01612985   0.00106829
 -0.01602528   0.00105470
 -0.01592061   0.00104125
 -0.01581601   0.00102796
 -0.01571131   0.00101487
 -0.01560657   0.00100181
 -0.01550190   0.00098895
 -0.01539720   0.00097622
 -0.01529246   0.00096362
 -0.01518769   0.00095119
 -0.01508292   0.00093882
 -0.01497815   0.00092665
 -0.01487331   0.00091458
 -0.01476854   0.00090265
 -0.01466370   0.00089075
 -0.01455886   0.00087899
 -0.01445402   0.00086730
 -0.01434908   0.00085574
 -0.01424424   0.00084429
 -0.01413933   0.00083294
 -0.01403442   0.00082169
 -0.01392948   0.00081051
 -0.01382457   0.00079940
 -0.01371966   0.00078846
 -0.01361472   0.00077759
 -0.01350974   0.00076682
 -0.01340476   0.00075615
 -0.01329975   0.00074562
 -0.01319477   0.00073509
 -0.01308976   0.00072473
 -0.01298478   0.00071451
 -0.01287970   0.00070432
 -0.01277472   0.00069427
 -0.01266964   0.00068432
 -0.01256459   0.00067444
 -0.01245951   0.00066463
 -0.01235436   0.00065502
 -0.01224931   0.00064545
 -0.01214423   0.00063598
 -0.01203908   0.00062661
 -0.01193393   0.00061738
 -0.01182881   0.00060822
 -0.01172366   0.00059916
 -0.01161851   0.00059020
 -0.01151336   0.00058131
 -0.01140814   0.00057256
 -0.01130299   0.00056391
 -0.01119780   0.00055533
 -0.01109258   0.00054692
 -0.01098736   0.00053854
 -0.01088214   0.00053027
 -0.01077692   0.00052213
 -0.01067170   0.00051410
 -0.01056648   0.00050613
 -0.01046119   0.00049827
 -0.01035590   0.00049051
 -0.01025065   0.00048285
 -0.01014536   0.00047533
 -0.01004007   0.00046791
 -0.00993478   0.00046056
 -0.00982949   0.00045331
 -0.00972413   0.00044613
 -0.00961881   0.00043909
 -0.00951352   0.00043215
 -0.00940816   0.00042531
 -0.00930280   0.00041851
 -0.00919748   0.00041191
 -0.00909212   0.00040538
 -0.00898676   0.00039892
 -0.00888137   0.00039256
 -0.00877601   0.00038634
 -0.00867065   0.00038022
 -0.00856519   0.00037417
 -0.00845983   0.00036822
 -0.00835447   0.00036241
 -0.00824901   0.00035663
 -0.00814365   0.00035099
 -0.00803819   0.00034552
 -0.00793276   0.00034005
 -0.00782730   0.00033468
 -0.00772187   0.00032938
 -0.00761648   0.00032408
 -0.00751105   0.00031888
 -0.00740559   0.00031364
 -0.00730013   0.00030847
 -0.00719470   0.00030337
 -0.00708924   0.00029830
 -0.00698381   0.00029326
 -0.00687835   0.00028822
 -0.00677289   0.00028325
 -0.00666746   0.00027831
 -0.00656200   0.00027337
 -0.00645654   0.00026853
 -0.00635111   0.00026369
 -0.00624565   0.00025888
 -0.00614019   0.00025414
 -0.00603473   0.00024943
 -0.00592923   0.00024472
 -0.00582377   0.00024011
 -0.00571831   0.00023550
 -0.00561285   0.00023099
 -0.00550742   0.00022641
 -0.00540189   0.00022193
 -0.00529643   0.00021752
 -0.00519097   0.00021304
 -0.00508551   0.00020866
 -0.00497998   0.00020438
 -0.00487452   0.00020003
 -0.00476909   0.00019575
 -0.00466356   0.00019157
 -0.00455810   0.00018732
 -0.00445264   0.00018317
 -0.00434711   0.00017905
 -0.00424165   0.00017497
 -0.00413612   0.00017095
 -0.00403066   0.00016690
 -0.00392513   0.00016298
 -0.00381967   0.00015903
 -0.00371414   0.00015514
 -0.00360868   0.00015129
 -0.00350315   0.00014750
 -0.00339769   0.00014368
 -0.00329216   0.00013996
 -0.00318670   0.00013627
 -0.00308117   0.00013258
 -0.00297571   0.00012899
 -0.00287018   0.00012533
 -0.00276465   0.00012181
 -0.00265919   0.00011825
 -0.00255366   0.00011476
 -0.00244813   0.00011130
 -0.00234267   0.00010794
 -0.00223714   0.00010458
 -0.00213161   0.00010122
 -0.00202608   0.00009796
 -0.00192062   0.00009470
 -0.00181509   0.00009147
 -0.00170953   0.00008824
 -0.00160400   0.00008511
 -0.00149854   0.00008205
 -0.00139301   0.00007895
 -0.00128748   0.00007592
 -0.00118195   0.00007292
 -0.00107642   0.00006999
 -0.00097089   0.00006709
 -0.00086543   0.00006419
 -0.00075987   0.00006129
 -0.00065434   0.00005849
 -0.00054881   0.00005572
 -0.00044328   0.00005302
 -0.00033775   0.00005032
 -0.00023222   0.00004765
 -0.00012669   0.00004508
 -0.00002113   0.00004244
  0.00008440   0.00003994
  0.00018993   0.00003740
  0.00029546   0.00003493
  0.00040099   0.00003249
  0.00050652   0.00003012
  0.00061205   0.00002771
  0.00071761   0.00002544
  0.00082314   0.00002313
  0.00092867   0.00002089
  0.00103420   0.00001868
  0.00113973   0.00001647
  0.00124526   0.00001436
  0.00135086   0.00001225
  0.00145642   0.00001021
  0.00156195   0.00000820
  0.00166748   0.00000622
  0.00177301   0.00000424
  0.00187854   0.00000233
  0.00198407   0.00000045
  0.00208967  -0.00000133
  0.00219523  -0.00000318
  0.00230076  -0.00000489
  0.00232091  -0.00000518
  0.00234106  -0.00000507
  0.00236121  -0.00000479
  0.00238133  -0.00000421
  0.00240148  -0.00000333
  0.00242160  -0.00000222
  0.00244175  -0.00000084
  0.00246180   0.00000081
  0.00248182   0.00000279
  0.00250187   0.00000497
  0.00252189   0.00000742
  0.00254188   0.00001017
  0.00256180   0.00001322
  0.00258165   0.00001647
  0.00260147   0.00002002
  0.00262129   0.00002384
  0.00264101   0.00002796
  0.00266073   0.00003228
  0.00268035   0.00003683
  0.00269987   0.00004175
  0.00271936   0.00004687
  0.00273878   0.00005226
  0.00275810   0.00005788
  0.00277739   0.00006387
  0.00279661   0.00006999
  0.00281570   0.00007645
  0.00283472   0.00008314
  0.00285364   0.00009003
  0.00287246   0.00009722
  0.00289115   0.00010468
  0.00290977   0.00011237
  0.00292836   0.00012033
  0.00294675   0.00012849
  0.00296507   0.00013695
  0.00298319   0.00014568
  0.00300128   0.00015457
  0.00301920   0.00016380
  0.00303702   0.00017316
  0.00305474   0.00018286
  0.00307233   0.00019272
  0.00308975   0.00020282
  0.00310704   0.00021318
  0.00312416   0.00022378
  0.00314118   0.00023458
  0.00315800   0.00024561
  0.00317472   0.00025691
  0.00319131   0.00026841
  0.00320773   0.00028011
  0.00322395   0.00029208
  0.00324000   0.00030418
  0.00325589   0.00031658
  0.00327171   0.00032915
  0.00328723   0.00034192
  0.00330265   0.00035492
  0.00331790   0.00036816
  0.00333292   0.00038153
  0.00334777   0.00039520
  0.00336249   0.00040897
  0.00337701   0.00042301
  0.00339126   0.00043718
  0.00340538   0.00045152
  0.00341933   0.00046616
  0.00343305   0.00048090
  0.00344653   0.00049584
  0.00345988   0.00051098
  0.00347300   0.00052629
  0.00348588   0.00054173
  0.00349860   0.00055737
  0.00351108   0.00057318
  0.00352333   0.00058919
  0.00353541   0.00060533
  0.00354726   0.00062164
  0.00355884   0.00063812
  0.00357029   0.00065473
  0.00358147   0.00067154
  0.00359238   0.00068845
  0.00360313   0.00070553
  0.00361361   0.00072274
  0.00362389   0.00074005
  0.00363390   0.00075753
  0.00364368   0.00077518
  0.00365319   0.00079289
  0.00366250   0.00081077
  0.00367158   0.00082875
  0.00368039   0.00084693
  0.00368900   0.00086511
  0.00369734   0.00088349
  0.00370542   0.00090194
  0.00371326   0.00092052
  0.00372087   0.00093920
  0.00372821   0.00095795
  0.00373525   0.00097683
  0.00374209   0.00099578
  0.00374870   0.00101486
  0.00375504   0.00103401
  0.00376108   0.00105319
  0.00376685   0.00107251
  0.00377242   0.00109189
  0.00377766   0.00111134
  0.00378273   0.00113089
  0.00379636   0.00118558
  0.00381006   0.00124017
  0.00382369   0.00129486
  0.00383742   0.00134955
  0.00385105   0.00140424
  0.00386475   0.00145893
  0.00387838   0.00151355
  0.00389208   0.00156821
  0.00390574   0.00162290
  0.00391937   0.00167759
  0.00393307   0.00173228
  0.00394670   0.00178697
  0.00396040   0.00184159
  0.00397406   0.00189625
  0.00398776   0.00195094
  0.00400139   0.00200563
  0.00401509   0.00206032
  0.00402872   0.00211501
  0.00404245   0.00216960
  0.00405608   0.00222429
  0.00406978   0.00227898
  0.00408341   0.00233367
  0.00409704   0.00238836
  0.00411077   0.00244305
  0.00412440   0.00249764
  0.00413810   0.00255233
  0.00415173   0.00260702
  0.00416543   0.00266171
  0.00417909   0.00271640
  0.00419279   0.00277109
  0.00420642   0.00282568
  0.00422012   0.00288037
  0.00423375   0.00293506
  0.00424741   0.00298975
  0.00426111   0.00304444
  0.00427474   0.00309910
  0.00428844   0.00315372
  0.00430210   0.00320841
  0.00431580   0.00326310
  0.00432943   0.00331779
  0.00434313   0.00337248
  0.00435676   0.00342714
  0.00437049   0.00348176
  0.00438412   0.00353645
  0.00439782   0.00359114
  0.00441145   0.00364583
  0.00442508   0.00370049
  0.00443881   0.00375518
  0.00445244   0.00380980
  0.00446614   0.00386449
  0.00447977   0.00391918
  0.00449347   0.00397387
  0.00450713   0.00402853
  0.00452083   0.00408322
  0.00453446   0.00413784
  0.00454816   0.00419253
  0.00456179   0.00424722
  0.00457545   0.00430191
  0.00458915   0.00435657
  0.00460278   0.00441126
  0.00461648   0.00446588
  0.00463011   0.00452057
  0.00464384   0.00457526
  0.00465747   0.00462992
  0.00467117   0.00468461
  0.00468480   0.00473930
  0.00469850   0.00479392
  0.00471216   0.00484861
  0.00472586   0.00490330
  0.00473949   0.00495796
  0.00475312   0.00501265
  0.00476685   0.00506727
  0.00478048   0.00512196
  0.00479418   0.00517665
  0.00480781   0.00523134
  0.00482151   0.00528600
  0.00483517   0.00534069
  0.00484887   0.00539531
  0.00486250   0.00545000
  0.00487620   0.00550469
  0.00488983   0.00555935
  0.00490349   0.00561404
  0.00491719   0.00566873
  0.00493082   0.00572335
  0.00494452   0.00577804
  0.00495815   0.00583273
  0.00497188   0.00588739
  0.00498551   0.00594208
  0.00499921   0.00599677
  0.00501284   0.00605139
  0.00502654   0.00610608
  0.00504020   0.00616077
  0.00505383   0.00621543
  0.00506753   0.00627012
  0.00508116   0.00632481
  0.00509486   0.00637943
  0.00510852   0.00643412
  0.00512222   0.00648878
  0.00513585   0.00654347
  0.00514955   0.00659816
  0.00516318   0.00665285
  0.00517691   0.00670747
  0.00519054   0.00676216
  0.00520424   0.00681682
  0.00521787   0.00687151
  0.00523153   0.00692620
  0.00524523   0.00698089
  0.00525886   0.00703551
  0.00527256   0.00709020
  0.00528619   0.00714486
  0.00529992   0.00719955
  0.00531355   0.00725424
  0.00532725   0.00730893
  0.00534088   0.00736355
  0.00535458   0.00741821
  0.00536824   0.00747290
  0.00538187   0.00752759
  0.00539557   0.00758228
  0.00540920   0.00763697
  0.00542290   0.00769159
  0.00543656   0.00774625
  0.00545026   0.00780094
  0.00546389   0.00785563
  0.00547759   0.00791032
  0.00549122   0.00796501
  0.00550495   0.00801963
  0.00551858   0.00807429
  0.00553228   0.00812898
  0.00554591   0.00818367
  0.00555954   0.00823836
  0.00557327   0.00829305
  0.00558690   0.00834764
  0.00560060   0.00840233
  0.00561423   0.00845702
  0.00562793   0.00851171
  0.00564159   0.00856640
  0.00565529   0.00862109
  0.00566892   0.00867568
  0.00568262   0.00873037
  0.00569628   0.00878506
  0.00570991   0.00883975
  0.00572361   0.00889444
  0.00573724   0.00894903
  0.00575094   0.00900372
  0.00576460   0.00905841
  0.00577830   0.00911310
  0.00579193   0.00916779
  0.00580563   0.00922248
  0.00581926   0.00927707
  0.00583299   0.00933176
  0.00584662   0.00938645
  0.00586025   0.00944114
  0.00587395   0.00949583
  0.00588758   0.00955052
  0.00590131   0.00960511
  0.00591494   0.00965980
  0.00592864   0.00971449
  0.00594227   0.00976918
  0.00595597   0.00982387
  0.00596963   0.00987853
  0.00598333   0.00993315
  0.00599696   0.00998784
  0.00601066   0.01004253
  0.00602429   0.01009722
  0.00603795   0.01015191
  0.00605165   0.01020657
  0.00606528   0.01026119
  0.00607898   0.01031588
  0.00609261   0.01037057
  0.00610634   0.01042526
  0.00611997   0.01047995
  0.00613367   0.01053461
  0.00614730   0.01058923
  0.00616103   0.01064392
  0.00617466   0.01069861
  0.00618829   0.01075330
  0.00620199   0.01080796
  0.00621562   0.01086265
  0.00622935   0.01091727
  0.00624298   0.01097196
  0.00625668   0.01102665
  0.00627031   0.01108134
  0.00628401   0.01113600
  0.00629767   0.01119069
  0.00631137   0.01124531
  0.00632500   0.01130000
  0.00633870   0.01135469
  0.00635233   0.01140938
  0.00636599   0.01146404
  0.00637969   0.01151873
  0.00639332   0.01157335
  0.00640702   0.01162804
  0.00642065   0.01168273
  0.00643438   0.01173739
  0.00644801   0.01179208
  0.00646171   0.01184677
  0.00647534   0.01190139
  0.00648904   0.01195608
  0.00650270   0.01201077
  0.00651633   0.01206543
  0.00653003   0.01212012
  0.00654366   0.01217481
  0.00655736   0.01222943
  0.00657102   0.01228412
  0.00658472   0.01233881
  0.00659835   0.01239347
  0.00661205   0.01244816
  0.00662568   0.01250278
  0.00663941   0.01255747
  0.00665304   0.01261216
  0.00666667   0.01266682
  0.00668037   0.01272151
  0.00669403   0.01277620
  0.00670773   0.01283082
  0.00672136   0.01288551
  0.00673506   0.01294020
  0.00674869   0.01299486
  0.00676242   0.01304955
  0.00677605   0.01310424
  0.00678975   0.01315886
  0.00680338   0.01321355
  0.00681708   0.01326824
  0.00683074   0.01332290
  0.00684437   0.01337759
  0.00685807   0.01343228
  0.00687170   0.01348690
  0.00688540   0.01354159
  0.00689906   0.01359625
  0.00691276   0.01365094
  0.00692639   0.01370563
  0.00694009   0.01376032
  0.00695372   0.01381494
  0.00696745   0.01386963
  0.00698108   0.01392429
  0.00699471   0.01397898
  0.00700841   0.01403367
  0.00702204   0.01408836
  0.00703577   0.01414298
  0.00704940   0.01419767
  0.00706310   0.01425233
  0.00707673   0.01430702
  0.00709043   0.01436171
  0.00710409   0.01441640
  0.00711779   0.01447102
  0.00713142   0.01452568
  0.00714512   0.01458037
  0.00715878   0.01463506
  0.00717241   0.01468975
  0.00718611   0.01474444
  0.00719974   0.01479906
  0.00721344   0.01485372
  0.00722710   0.01490841
  0.00724080   0.01496310
  0.00725443   0.01501779
  0.00726813   0.01507248
  0.00728176   0.01512707
  0.00729549   0.01518176
  0.00730912   0.01523645
  0.00732275   0.01529114
  0.00733645   0.01534583
  0.00735008   0.01540052
  0.00736381   0.01545511
  0.00737744   0.01550980
  0.00739114   0.01556449
  0.00740477   0.01561918
  0.00741847   0.01567387
  0.00743213   0.01572856
  0.00744583   0.01578315
  0.00745946   0.01583784
  0.00747309   0.01589253
  0.00748679   0.01594722
  0.00750045   0.01600191
  0.00751415   0.01605650
  0.00752778   0.01611119
  0.00754148   0.01616588
  0.00755511   0.01622057
  0.00756884   0.01627526
  0.00758247   0.01632995
  0.00759617   0.01638454
  0.00760980   0.01643923
  0.00762353   0.01649392
  0.00763716   0.01654861
  0.00765079   0.01660330
  0.00766449   0.01665799
  0.00767812   0.01671258
  0.00769185   0.01676727
  0.00770548   0.01682196
  0.00771918   0.01687665
  0.00773281   0.01693134
  0.00774651   0.01698600
  0.00776017   0.01704062
  0.00777387   0.01709531
  0.00778750   0.01715000
  0.00780113   0.01720469
  0.00781483   0.01725938
  0.00782849   0.01731404
  0.00784219   0.01736866
  0.00785582   0.01742335
  0.00786952   0.01747804
  0.00788315   0.01753273
  0.00789688   0.01758742
  0.00791051   0.01764208
  0.00792421   0.01769670
  0.00793784   0.01775139
  0.00795154   0.01780608
  0.00796520   0.01786077
  0.00797883   0.01791543
  0.00799253   0.01797012
  0.00800616   0.01802474
  0.00801986   0.01807943
  0.00803352   0.01813412
  0.00804722   0.01818881
  0.00806085   0.01824347
  0.00807455   0.01829816
  0.00808821   0.01835278
  0.00810191   0.01840747
  0.00811554   0.01846216
  0.00812917   0.01851685
  0.00814287   0.01857151
  0.00815653   0.01862620
  0.00817023   0.01868082
  0.00818386   0.01873551
  0.00819756   0.01879020
  0.00821119   0.01884486
  0.00822492   0.01889955
  0.00823855   0.01895424
  0.00825225   0.01900886
  0.00826588   0.01906355
  0.00827958   0.01911824
  0.00829324   0.01917290
  0.00830687   0.01922759
  0.00832057   0.01928228
  0.00833420   0.01933690
  0.00834790   0.01939159
  0.00836156   0.01944628
  0.00837526   0.01950094
  0.00838889   0.01955563
  0.00840259   0.01961025
  0.00841622   0.01966494
  0.00842995   0.01971963
  0.00844358   0.01977429
  0.00845721   0.01982898
  0.00847091   0.01988367
  0.00848454   0.01993829
  0.00849827   0.01999298
  0.00851190   0.02004767
  0.00852560   0.02010233
  0.00853923   0.02015702
  0.00855296   0.02021171
  0.00856659   0.02026633
  0.00858029   0.02032102
  0.00859392   0.02037568
  0.00860755   0.02043037
  0.00862128   0.02048506
  0.00863491   0.02053975
  0.00864861   0.02059437
  0.00866224   0.02064906
  0.00867594   0.02070372
  0.00868960   0.02075841
  0.00870330   0.02081310
  0.00871693   0.02086779
  0.00873063   0.02092241
  0.00874426   0.02097710
  0.00875799   0.02103176
  0.00877162   0.02108645
  0.00878525   0.02114114
  0.00879895   0.02119583
  0.00881258   0.02125045
  0.00882631   0.02130511
  0.00883994   0.02135980
  0.00885364   0.02141449
  0.00886727   0.02146918
  0.00888097   0.02152387
  0.00889463   0.02157849
  0.00890833   0.02163315
  0.00892196   0.02168784
  0.00893559   0.02174253
  0.00894929   0.02179722
  0.00896295   0.02185191
  0.00897665   0.02190653
  0.00899028   0.02196119
  0.00900398   0.02201588
  0.00901764   0.02207057
  0.00903134   0.02212526
  0.00904497   0.02217995
  0.00905867   0.02223454
  0.00907230   0.02228923
  0.00908603   0.02234392
  0.00909966   0.02239861
  0.00911329   0.02245330
  0.00912699   0.02250799
  0.00914062   0.02256258
  0.00915435   0.02261727
  0.00916798   0.02267196
  0.00918168   0.02272665
  0.00919531   0.02278134
  0.00920901   0.02283603
  0.00922267   0.02289062
  0.00923637   0.02294531
  0.00925000   0.02300000
