 -0.03725000   0.02300000
 -0.03721548   0.02286182
 -0.03718086   0.02272362
 -0.03714634   0.02258536
 -0.03711182   0.02244716
 -0.03707720   0.02230898
 -0.03704268   0.02217078
 -0.03700814   0.02203252
 -0.03697362   0.02189432
 -0.03693902   0.02175614
 -0.03690448   0.02161796
 -0.03686996   0.02147968
 -0.03683536   0.02134150
 -0.03680082   0.02120330
 -0.03676630   0.02106512
 -0.03673170   0.02092684
 -0.03669716   0.02078866
 -0.03666264   0.02065046
 -0.03662802   0.02051228
 -0.03659350   0.02037400
 -0.03655898   0.02023582
 -0.03652436   0.02009764
 -0.03648984   0.01995944
 -0.03645532   0.01982126
 -0.03642078   0.01968298
 -0.03638618   0.01954480
 -0.03635166   0.01940660
 -0.03631712   0.01926842
 -0.03628252   0.01913014
 -0.03624798   0.01899196
 -0.03621346   0.01885378
 -0.03617886   0.01871558
 -0.03614432   0.01857732
 -0.03610980   0.01843912
 -0.03607520   0.01830094
 -0.03604066   0.01816274
 -0.03600614   0.01802448
 -0.03597162   0.01788628
 -0.03593700   0.01774810
 -0.03590248   0.01760990
 -0.03586796   0.01747164
 -0.03583334   0.01733346
 -0.03579882   0.01719526
 -0.03576428   0.01705708
 -0.03572968   0.01691888
 -0.03569516   0.01678062
 -0.03566062   0.01664242
 -0.03562602   0.01650424
 -0.03559150   0.01636604
 -0.03555696   0.01622778
 -0.03552244   0.01608960
 -0.03548784   0.01595140
 -0.03545330   0.01581322
 -0.03541878   0.01567494
 -0.03538416   0.01553676
 -0.03534964   0.01539856
 -0.03531512   0.01526038
 -0.03528050   0.01512210
 -0.03524598   0.01498392
 -0.03521146   0.01484572
 -0.03517684   0.01470754
 -0.03514232   0.01456928
 -0.03510780   0.01443108
 -0.03507318   0.01429290
 -0.03503866   0.01415470
 -0.03500412   0.01401652
 -0.03496960   0.01387824
 -0.03493500   0.01374006
 -0.03490046   0.01360186
 -0.03486594   0.01346368
 -0.03483134   0.01332542
 -0.03479680   0.01318722
 -0.03476228   0.01304904
 -0.03472768   0.01291084
 -0.03469314   0.01277258
 -0.03465836   0.01263444
 -0.03462318   0.01249642
 -0.03458774   0.01235846
 -0.03455194   0.01222054
 -0.03451582   0.01208280
 -0.03447914   0.01194524
 -0.03444106   0.01180796
 -0.03440146   0.01167118
 -0.03436042   0.01153484
 -0.03431790   0.01139894
 -0.03427388   0.01126348
 -0.03422832   0.01112856
 -0.03418132   0.01099418
 -0.03413288   0.01086024
 -0.03408292   0.01072692
 -0.03403150   0.01059408
 -0.03397866   0.01046184
 -0.03392438   0.01033026
 -0.03386866   0.01019922
 -0.03381144   0.01006882
 -0.03375284   0.00993906
 -0.03369284   0.00980994
 -0.03363140   0.00968148
 -0.03356862   0.00955368
 -0.03350440   0.00942660
 -0.03343878   0.00930026
 -0.03337172   0.00917460
 -0.03330342   0.00904976
 -0.03323362   0.00892558
 -0.03316256   0.00880224
 -0.03309010   0.00867966
 -0.03301632   0.00855792
 -0.03294128   0.00843702
 -0.03286484   0.00831688
 -0.03278706   0.00819760
 -0.03270798   0.00807918
 -0.03262766   0.00796168
 -0.03254604   0.00784506
 -0.03246318   0.00772928
 -0.03237900   0.00761446
 -0.03229360   0.00750060
 -0.03220692   0.00738768
 -0.03211908   0.00727572
 -0.03202994   0.00716462
 -0.03193966   0.00705466
 -0.03184810   0.00694558
 -0.03175540   0.00683764
 -0.03166150   0.00673066
 -0.03156648   0.00662464
 -0.03147026   0.00651978
 -0.03137292   0.00641596
 -0.03127446   0.00631320
 -0.03117482   0.00621152
 -0.03107416   0.00611090
 -0.03097230   0.00601142
 -0.03086942   0.00591310
 -0.03076552   0.00581594
 -0.03066044   0.00571984
 -0.03055444   0.00562500
 -0.03044734   0.00553124
 -0.03033916   0.00543872
 -0.03023006   0.00534736
 -0.03011994   0.00525716
 -0.03000884   0.00516824
 -0.02989676   0.00508056
 -0.02978376   0.00499404
 -0.02966986   0.00490888
 -0.02955496   0.00482490
 -0.02943918   0.00474216
 -0.02932242   0.00466078
 -0.02920484   0.00458060
 -0.02908638   0.00450174
 -0.02896712   0.00442424
 -0.02884698   0.00434802
 -0.02872604   0.00427308
 -0.02860422   0.00419956
 -0.02848162   0.00412732
 -0.02835830   0.00405646
 -0.02823414   0.00398694
 -0.02810926   0.00391878
 -0.02798362   0.00385200
 -0.02785728   0.00378656
 -0.02773026   0.00372260
 -0.02760256   0.00365998
 -0.02747408   0.00359874
 -0.02734502   0.00353896
 -0.02721530   0.00348062
 -0.02708496   0.00342366
 -0.02695398   0.00336816
 -0.02682242   0.00331412
 -0.02669028   0.00326152
 -0.02655756   0.00321032
 -0.02642428   0.00316062
 -0.02629050   0.00311208
 -0.02615630   0.00306478
 -0.02602168   0.00301868
 -0.02588666   0.00297374
 -0.02575114   0.00293006
 -0.02561530   0.00288754
 -0.02547902   0.00284622
 -0.02534234   0.00280606
 -0.02520534   0.00276724
 -0.02506800   0.00272950
 -0.02493032   0.00269312
 -0.02479230   0.00265782
 -0.02465396   0.00262370
 -0.02451560   0.00258980
 -0.02437724   0.00255610
 -0.02423870   0.00252280
 -0.02410014   0.00248962
 -0.02396158   0.00245674
 -0.02382292   0.00242408
 -0.02368416   0.00239170
 -0.02354540   0.00235956
 -0.02340656   0.00232762
 -0.02326770   0.00229598
 -0.02312874   0.00226454
 -0.02298968   0.00223342
 -0.02285062   0.00220250
 -0.02271156   0.00217180
 -0.02257240   0.00214140
 -0.02243314   0.00211122
 -0.02229388   0.00208132
 -0.02215454   0.00205166
 -0.02201516   0.00202220
 -0.02187572   0.00199304
 -0.02173624   0.00196408
 -0.02159670   0.00193544
 -0.02145712   0.00190700
 -0.02131748   0.00187878
 -0.02117780   0.00185086
 -0.02103804   0.00182324
 -0.02089828   0.00179574
 -0.02075842   0.00176856
 -0.02061856   0.00174166
 -0.02047860   0.00171498
 -0.02033864   0.00168852
 -0.02019868   0.00166234
 -0.02005854   0.00163640
 -0.01991846   0.00161074
 -0.01977830   0.00158530
 -0.01963806   0.00156008
 -0.01949780   0.00153514
 -0.01935752   0.00151044
 -0.01921718   0.00148602
 -0.01907680   0.00146182
 -0.01893636   0.00143792
 -0.01879590   0.00141416
 -0.01865542   0.00139078
 -0.01851488   0.00136760
 -0.01837422   0.00134466
 -0.01823366   0.00132200
 -0.01809300   0.00129956
 -0.01795226   0.00127732
 -0.01781150   0.00125540
 -0.01767074   0.00123368
 -0.01752988   0.00121226
 -0.01738902   0.00119114
 -0.01724808   0.00117016
 -0.01710714   0.00114948
 -0.01696618   0.00112910
 -0.01682514   0.00110892
 -0.01668416   0.00108896
 -0.01654302   0.00106930
 -0.01640188   0.00104986
 -0.01626074   0.00103072
 -0.01611958   0.00101178
 -0.01597834   0.00099316
 -0.01583708   0.00097474
 -0.01569584   0.00095654
 -0.01555450   0.00093864
 -0.01541314   0.00092096
 -0.01527180   0.00090356
 -0.01513036   0.00088640
 -0.01498892   0.00086952
 -0.01484748   0.00085286
 -0.01470594   0.00083650
 -0.01456440   0.00082036
 -0.01442286   0.00080442
 -0.01428124   0.00078880
 -0.01413968   0.00077338
 -0.01399806   0.00075826
 -0.01385634   0.00074336
 -0.01371468   0.00072876
 -0.01357296   0.00071438
 -0.01343122   0.00070028
 -0.01328940   0.00068642
 -0.01314758   0.00067276
 -0.01300584   0.00065940
 -0.01286394   0.00064626
 -0.01272210   0.00063342
 -0.01258018   0.00062078
 -0.01243826   0.00060842
 -0.01229636   0.00059624
 -0.01215444   0.00058430
 -0.01201244   0.00057256
 -0.01187052   0.00056098
 -0.01172850   0.00054966
 -0.01158642   0.00053850
 -0.01144442   0.00052760
 -0.01130234   0.00051696
 -0.01116034   0.00050642
 -0.01101824   0.00049622
 -0.01087616   0.00048610
 -0.01073400   0.00047624
 -0.01059190   0.00046664
 -0.01044974   0.00045722
 -0.01030756   0.00044796
 -0.01016540   0.00043896
 -0.01002322   0.00043022
 -0.00988096   0.00042166
 -0.00973880   0.00041326
 -0.00959654   0.00040504
 -0.00945436   0.00039692
 -0.00931212   0.00038882
 -0.00916986   0.00038080
 -0.00902760   0.00037290
 -0.00888542   0.00036500
 -0.00874316   0.00035718
 -0.00860090   0.00034948
 -0.00845864   0.00034186
 -0.00831638   0.00033426
 -0.00817412   0.00032668
 -0.00803186   0.00031926
 -0.00788960   0.00031188
 -0.00774734   0.00030450
 -0.00760508   0.00029722
 -0.00746272   0.00029002
 -0.00732046   0.00028294
 -0.00717820   0.00027586
 -0.00703594   0.00026886
 -0.00689358   0.00026198
 -0.00675132   0.00025510
 -0.00660904   0.00024834
 -0.00646670   0.00024156
 -0.00632444   0.00023498
 -0.00618208   0.00022834
 -0.00603982   0.00022186
 -0.00589746   0.00021540
 -0.00575518   0.00020902
 -0.00561284   0.00020268
 -0.00547048   0.00019650
 -0.00532822   0.00019026
 -0.00518586   0.00018420
 -0.00504350   0.00017814
 -0.00490122   0.00017218
 -0.00475888   0.00016624
 -0.00461652   0.00016040
 -0.00447416   0.00015466
 -0.00433180   0.00014892
 -0.00418944   0.00014328
 -0.00404718   0.00013774
 -0.00390482   0.00013222
 -0.00376246   0.00012678
 -0.00362010   0.00012144
 -0.00347774   0.00011612
 -0.00333538   0.00011088
 -0.00319294   0.00010576
 -0.00305058   0.00010064
 -0.00290822   0.00009562
 -0.00276586   0.00009068
 -0.00262350   0.00008578
 -0.00248112   0.00008096
 -0.00233868   0.00007616
 -0.00219632   0.00007146
 -0.00205396   0.00006684
 -0.00191160   0.00006232
 -0.00176916   0.00005782
 -0.00162680   0.00005342
 -0.00148442   0.00004904
 -0.00134198   0.00004482
 -0.00119962   0.00004054
 -0.00105718   0.00003644
 -0.00091480   0.00003234
 -0.00077244   0.00002836
 -0.00063000   0.00002438
 -0.00048762   0.00002048
 -0.00034518   0.00001670
 -0.00020274   0.00001292
 -0.00006036   0.00000924
  0.00008208   0.00000566
  0.00022444   0.00000210
  0.00036690  -0.00000138
  0.00050934  -0.00000476
  0.00065172  -0.00000812
  0.00079416  -0.00001138
  0.00093662  -0.00001456
  0.00107898  -0.00001770
  0.00122142  -0.00002076
  0.00136388  -0.00002374
  0.00150624  -0.00002668
  0.00164870  -0.00002954
  0.00179114  -0.00003230
  0.00193360  -0.00003504
  0.00207604  -0.00003770
  0.00221842  -0.00004032
  0.00236086  -0.00004278
  0.00250332  -0.00004532
  0.00264576  -0.00004766
  0.00278822  -0.00005000
  0.00293066  -0.00005224
  0.00307312  -0.00005446
  0.00321558  -0.00005650
  0.00335794  -0.00005862
  0.00350040  -0.00006056
  0.00364284  -0.00006248
  0.00378530  -0.00006430
  0.00392774  -0.00006612
  0.00407020  -0.00006784
  0.00421264  -0.00006946
  0.00435510  -0.00007106
  0.00449754  -0.00007258
  0.00464000  -0.00007398
  0.00478246  -0.00007538
  0.00492490  -0.00007670
  0.00506736  -0.00007790
  0.00520980  -0.00007910
  0.00535226  -0.00008020
  0.00549470  -0.00008120
  0.00563724  -0.00008220
  0.00577968  -0.00008308
  0.00592214  -0.00008388
  0.00606458  -0.00008468
  0.00620704  -0.00008536
  0.00634948  -0.00008596
  0.00649194  -0.00008654
  0.00663438  -0.00008702
  0.00677684  -0.00008748
  0.00691928  -0.00008786
  0.00706182  -0.00008814
  0.00720426  -0.00008832
  0.00734672  -0.00008844
  0.00748916  -0.00008844
  0.00763162  -0.00008838
  0.00777406  -0.00008820
  0.00791650  -0.00008786
  0.00805894  -0.00008740
  0.00820148  -0.00008686
  0.00834392  -0.00008620
  0.00848636  -0.00008548
  0.00862880  -0.00008462
  0.00877124  -0.00008362
  0.00891366  -0.00008258
  0.00905610  -0.00008138
  0.00919854  -0.00008006
  0.00934104  -0.00007868
  0.00948346  -0.00007716
  0.00962590  -0.00007550
  0.00976832  -0.00007378
  0.00991074  -0.00007194
  0.01005316  -0.00006996
  0.01019556  -0.00006790
  0.01033798  -0.00006572
  0.01048038  -0.00006340
  0.01062288  -0.00006104
  0.01076528  -0.00005852
  0.01090768  -0.00005586
  0.01105008  -0.00005316
  0.01119246  -0.00005032
  0.01133486  -0.00004742
  0.01147724  -0.00004438
  0.01161962  -0.00004120
  0.01176200  -0.00003782
  0.01190436  -0.00003412
  0.01204674  -0.00003030
  0.01218910  -0.00002610
  0.01233146  -0.00002176
  0.01247382  -0.00001704
  0.01261616  -0.00001220
  0.01275844  -0.00000704
  0.01290078  -0.00000160
  0.01304312   0.00000406
  0.01318536   0.00000994
  0.01332770   0.00001612
  0.01346994   0.00002260
  0.01361218   0.00002928
  0.01375448   0.00003618
  0.01389670   0.00004340
  0.01403892   0.00005082
  0.01418114   0.00005854
  0.01432334   0.00006646
  0.01446548   0.00007462
  0.01460766   0.00008314
  0.01474986   0.00009180
  0.01489196   0.00010076
  0.01503406   0.00011002
  0.01517614   0.00011942
  0.01531824   0.00012918
  0.01546030   0.00013918
  0.01560238   0.00014938
  0.01574436   0.00015988
  0.01588642   0.00017060
  0.01602838   0.00018162
  0.01617036   0.00019284
  0.01631230   0.00020428
  0.01645426   0.00021604
  0.01659620   0.00022808
  0.01673804   0.00024032
  0.01687988   0.00025280
  0.01702172   0.00026558
  0.01716356   0.00027856
  0.01730538   0.00029184
  0.01744710   0.00030534
  0.01758890   0.00031914
  0.01773062   0.00033314
  0.01787226   0.00034738
  0.01801394   0.00036190
  0.01815564   0.00037672
  0.01829724   0.00039176
  0.01843882   0.00040702
  0.01858034   0.00042256
  0.01872190   0.00043832
  0.01886338   0.00045440
  0.01900486   0.00047068
  0.01914632   0.00048724
  0.01928778   0.00050404
  0.01942914   0.00052104
  0.01957050   0.00053834
  0.01971178   0.00055594
  0.01985310   0.00057368
  0.01999436   0.00059180
  0.02013558   0.00061004
  0.02027682   0.00062866
  0.02041794   0.00064742
  0.02055908   0.00066648
  0.02070018   0.00068584
  0.02071786   0.00068834
  0.02073542   0.00069104
  0.02075308   0.00069402
  0.02077064   0.00069712
  0.02078810   0.00070048
  0.02080564   0.00070406
  0.02082302   0.00070782
  0.02084046   0.00071180
  0.02085780   0.00071596
  0.02087506   0.00072040
  0.02089230   0.00072496
  0.02090946   0.00072978
  0.02092660   0.00073482
  0.02094366   0.00073996
  0.02096068   0.00074538
  0.02097762   0.00075100
  0.02099448   0.00075682
  0.02101132   0.00076284
  0.02102796   0.00076904
  0.02104470   0.00077544
  0.02106124   0.00078204
  0.02107770   0.00078892
  0.02109412   0.00079590
  0.02111046   0.00080308
  0.02112670   0.00081046
  0.02114286   0.00081804
  0.02115890   0.00082580
  0.02117484   0.00083376
  0.02119078   0.00084192
  0.02120652   0.00085026
  0.02122218   0.00085880
  0.02123772   0.00086754
  0.02125326   0.00087646
  0.02126860   0.00088550
  0.02128384   0.00089482
  0.02129892   0.00090424
  0.02131396   0.00091386
  0.02132890   0.00092366
  0.02134366   0.00093366
  0.02135832   0.00094386
  0.02137286   0.00095416
  0.02138732   0.00096466
  0.02140158   0.00097534
  0.02141574   0.00098622
  0.02142980   0.00099720
  0.02144376   0.00100836
  0.02145752   0.00101974
  0.02147110   0.00103120
  0.02148466   0.00104286
  0.02149802   0.00105470
  0.02151120   0.00106674
  0.02152428   0.00107890
  0.02153724   0.00109114
  0.02155002   0.00110358
  0.02156262   0.00111620
  0.02157510   0.00112894
  0.02158740   0.00114186
  0.02159958   0.00115488
  0.02161158   0.00116810
  0.02162348   0.00118140
  0.02163518   0.00119490
  0.02164676   0.00120852
  0.02165808   0.00122222
  0.02166928   0.00123612
  0.02168038   0.00125020
  0.02169122   0.00126430
  0.02170192   0.00127858
  0.02171246   0.00129296
  0.02172286   0.00130752
  0.02173308   0.00132212
  0.02174304   0.00133688
  0.02175294   0.00135176
  0.02176260   0.00136682
  0.02177204   0.00138188
  0.02178138   0.00139714
  0.02179052   0.00141248
  0.02179938   0.00142794
  0.02180814   0.00144348
  0.02181678   0.00145914
  0.02182516   0.00147488
  0.02183332   0.00149072
  0.02184130   0.00150666
  0.02184916   0.00152270
  0.02185676   0.00153884
  0.02186422   0.00155506
  0.02187142   0.00157140
  0.02187850   0.00158782
  0.02188532   0.00160426
  0.02189200   0.00162086
  0.02189842   0.00163748
  0.02190472   0.00165420
  0.02191074   0.00167094
  0.02191656   0.00168784
  0.02192228   0.00170476
  0.02192770   0.00172176
  0.02193294   0.00173878
  0.02193798   0.00175590
  0.02194282   0.00177310
  0.02194746   0.00179030
  0.02195190   0.00180760
  0.02196510   0.00186060
  0.02197840   0.00191358
  0.02199160   0.00196658
  0.02200490   0.00201956
  0.02201810   0.00207254
  0.02203138   0.00212546
  0.02204460   0.00217844
  0.02205788   0.00223144
  0.02207108   0.00228442
  0.02208438   0.00233742
  0.02209758   0.00239040
  0.02211086   0.00244338
  0.02212408   0.00249638
  0.02213736   0.00254936
  0.02215056   0.00260236
  0.02216386   0.00265534
  0.02217706   0.00270824
  0.02219034   0.00276124
  0.02220356   0.00281422
  0.02221684   0.00286722
  0.02223006   0.00292020
  0.02224334   0.00297318
  0.02225654   0.00302618
  0.02226976   0.00307916
  0.02228304   0.00313216
  0.02229624   0.00318514
  0.02230954   0.00323812
  0.02232274   0.00329112
  0.02233602   0.00334402
  0.02234924   0.00339702
  0.02236252   0.00345000
  0.02237572   0.00350300
  0.02238902   0.00355598
  0.02240222   0.00360896
  0.02241550   0.00366196
  0.02242872   0.00371494
  0.02244200   0.00376794
  0.02245520   0.00382092
  0.02246850   0.00387390
  0.02248170   0.00392682
  0.02249500   0.00397980
  0.02250820   0.00403280
  0.02252148   0.00408578
  0.02253470   0.00413876
  0.02254790   0.00419176
  0.02256118   0.00424474
  0.02257440   0.00429774
  0.02258768   0.00435072
  0.02260088   0.00440370
  0.02261418   0.00445670
  0.02262738   0.00450960
  0.02264066   0.00456260
  0.02265388   0.00461558
  0.02266716   0.00466858
  0.02268036   0.00472156
  0.02269366   0.00477454
  0.02270686   0.00482754
  0.02272016   0.00488052
  0.02273336   0.00493352
  0.02274664   0.00498650
  0.02275986   0.00503948
  0.02277314   0.00509240
  0.02278634   0.00514538
  0.02279964   0.00519838
  0.02281284   0.00525136
  0.02282612   0.00530434
  0.02283934   0.00535734
  0.02285254   0.00541032
  0.02286582   0.00546332
  0.02287904   0.00551630
  0.02289232   0.00556928
  0.02290552   0.00562228
  0.02291882   0.00567518
  0.02293202   0.00572818
  0.02294532   0.00578116
  0.02295852   0.00583416
  0.02297180   0.00588714
  0.02298502   0.00594012
  0.02299830   0.00599312
  0.02301150   0.00604610
  0.02302480   0.00609910
  0.02303800   0.00615208
  0.02305128   0.00620506
  0.02306450   0.00625798
  0.02307778   0.00631096
  0.02309098   0.00636396
  0.02310428   0.00641694
  0.02311748   0.00646992
  0.02313076   0.00652292
  0.02314398   0.00657590
  0.02315718   0.00662890
  0.02317048   0.00668188
  0.02318368   0.00673486
  0.02319696   0.00678786
  0.02321018   0.00684076
  0.02322346   0.00689376
  0.02323666   0.00694674
  0.02324996   0.00699974
  0.02326316   0.00705272
  0.02327644   0.00710570
  0.02328966   0.00715870
  0.02330294   0.00721168
  0.02331614   0.00726468
  0.02332944   0.00731766
  0.02334264   0.00737064
  0.02335592   0.00742356
  0.02336914   0.00747654
  0.02338242   0.00752954
  0.02339564   0.00758252
  0.02340892   0.00763550
  0.02342212   0.00768850
  0.02343534   0.00774148
  0.02344862   0.00779448
  0.02346182   0.00784746
  0.02347512   0.00790044
  0.02348832   0.00795344
  0.02350160   0.00800634
  0.02351482   0.00805934
  0.02352810   0.00811232
  0.02354130   0.00816532
  0.02355460   0.00821830
  0.02356780   0.00827128
  0.02358108   0.00832428
  0.02359430   0.00837726
  0.02360758   0.00843026
  0.02362078   0.00848324
  0.02363408   0.00853622
  0.02364728   0.00858914
  0.02366058   0.00864212
  0.02367378   0.00869512
  0.02368706   0.00874810
  0.02370028   0.00880108
  0.02371356   0.00885408
  0.02372676   0.00890706
  0.02373998   0.00896006
  0.02375326   0.00901304
  0.02376646   0.00906602
  0.02377976   0.00911902
  0.02379296   0.00917200
  0.02380624   0.00922492
  0.02381946   0.00927790
  0.02383274   0.00933090
  0.02384594   0.00938388
  0.02385924   0.00943686
  0.02387244   0.00948986
  0.02388574   0.00954284
  0.02389894   0.00959584
  0.02391222   0.00964882
  0.02392544   0.00970180
  0.02393872   0.00975480
  0.02395192   0.00980770
  0.02396522   0.00986070
  0.02397842   0.00991368
  0.02399170   0.00996666
  0.02400492   0.01001966
  0.02401812   0.01007264
  0.02403140   0.01012564
  0.02404462   0.01017862
  0.02405790   0.01023160
  0.02407110   0.01028460
  0.02408440   0.01033758
  0.02409760   0.01039050
  0.02411090   0.01044348
  0.02412410   0.01049648
  0.02413738   0.01054946
  0.02415060   0.01060244
  0.02416388   0.01065544
  0.02417708   0.01070842
  0.02419038   0.01076142
  0.02420358   0.01081440
  0.02421686   0.01086738
  0.02423008   0.01092038
  0.02424336   0.01097328
  0.02425656   0.01102628
  0.02426986   0.01107926
  0.02428306   0.01113224
  0.02429634   0.01118524
  0.02430956   0.01123822
  0.02432276   0.01129122
  0.02433606   0.01134420
  0.02434926   0.01139718
  0.02436254   0.01145018
  0.02437576   0.01150316
  0.02438904   0.01155608
  0.02440224   0.01160906
  0.02441554   0.01166204
  0.02442874   0.01171504
  0.02444202   0.01176802
  0.02445524   0.01182102
  0.02446852   0.01187400
  0.02448172   0.01192700
  0.02449502   0.01197998
  0.02450822   0.01203296
  0.02452150   0.01208596
  0.02453472   0.01213886
  0.02454800   0.01219186
  0.02456120   0.01224484
  0.02457450   0.01229782
  0.02458770   0.01235082
  0.02460100   0.01240380
  0.02461420   0.01245680
  0.02462740   0.01250978
  0.02464070   0.01256276
  0.02465390   0.01261576
  0.02466718   0.01266874
  0.02468040   0.01272166
  0.02469368   0.01277464
  0.02470688   0.01282762
  0.02472018   0.01288062
  0.02473338   0.01293360
  0.02474666   0.01298660
  0.02475988   0.01303958
  0.02477316   0.01309258
  0.02478636   0.01314556
  0.02479966   0.01319854
  0.02481286   0.01325154
  0.02482616   0.01330444
  0.02483936   0.01335744
  0.02485264   0.01341042
  0.02486586   0.01346340
  0.02487914   0.01351640
  0.02489234   0.01356938
  0.02490556   0.01362238
  0.02491884   0.01367536
  0.02493204   0.01372834
  0.02494534   0.01378134
  0.02495854   0.01383432
  0.02497182   0.01388724
  0.02498504   0.01394022
  0.02499832   0.01399320
  0.02501152   0.01404620
  0.02502482   0.01409918
  0.02503802   0.01415218
  0.02505132   0.01420516
  0.02506452   0.01425816
  0.02507780   0.01431114
  0.02509102   0.01436412
  0.02510430   0.01441712
  0.02511750   0.01447010
  0.02513080   0.01452302
  0.02514400   0.01457600
  0.02515728   0.01462898
  0.02517050   0.01468198
  0.02518378   0.01473496
  0.02519698   0.01478796
  0.02521020   0.01484094
  0.02522348   0.01489392
  0.02523668   0.01494692
  0.02524998   0.01499990
  0.02526318   0.01505290
  0.02527648   0.01510580
  0.02528968   0.01515878
  0.02530296   0.01521178
  0.02531618   0.01526476
  0.02532946   0.01531776
  0.02534266   0.01537074
  0.02535596   0.01542374
  0.02536916   0.01547672
  0.02538244   0.01552970
  0.02539566   0.01558270
  0.02540894   0.01563568
  0.02542214   0.01568860
  0.02543544   0.01574158
  0.02544864   0.01579456
  0.02546192   0.01584756
  0.02547514   0.01590054
  0.02548834   0.01595354
  0.02550164   0.01600652
  0.02551484   0.01605950
  0.02552812   0.01611250
  0.02554134   0.01616548
  0.02555462   0.01621848
  0.02556782   0.01627138
  0.02558112   0.01632436
  0.02559432   0.01637736
  0.02560760   0.01643034
  0.02562082   0.01648334
  0.02563410   0.01653632
  0.02564730   0.01658932
  0.02566060   0.01664230
  0.02567380   0.01669528
  0.02568708   0.01674828
  0.02570030   0.01680126
  0.02571358   0.01685418
  0.02572678   0.01690716
  0.02574008   0.01696014
  0.02575328   0.01701314
  0.02576658   0.01706612
  0.02577978   0.01711912
  0.02579298   0.01717210
  0.02580628   0.01722508
  0.02581948   0.01727808
  0.02583276   0.01733106
  0.02584598   0.01738406
  0.02585926   0.01743696
  0.02587246   0.01748994
  0.02588576   0.01754294
  0.02589896   0.01759592
  0.02591224   0.01764892
  0.02592546   0.01770190
  0.02593874   0.01775490
  0.02595194   0.01780788
  0.02596524   0.01786086
  0.02597844   0.01791386
  0.02599174   0.01796684
  0.02600494   0.01801976
  0.02601822   0.01807274
  0.02603144   0.01812572
  0.02604472   0.01817872
  0.02605792   0.01823170
  0.02607122   0.01828470
  0.02608442   0.01833768
  0.02609762   0.01839066
  0.02611092   0.01844366
  0.02612412   0.01849664
  0.02613740   0.01854964
  0.02615062   0.01860254
  0.02616390   0.01865552
  0.02617710   0.01870852
  0.02619040   0.01876150
  0.02620360   0.01881450
  0.02621690   0.01886748
  0.02623010   0.01892048
  0.02624338   0.01897346
  0.02625660   0.01902644
  0.02626988   0.01907944
  0.02628308   0.01913242
  0.02629638   0.01918534
  0.02630958   0.01923832
  0.02632286   0.01929130
  0.02633608   0.01934430
  0.02634936   0.01939728
  0.02636256   0.01945028
  0.02637578   0.01950326
  0.02638906   0.01955624
  0.02640226   0.01960924
  0.02641556   0.01966222
  0.02642876   0.01971522
  0.02644206   0.01976812
  0.02645526   0.01982110
  0.02646854   0.01987410
  0.02648176   0.01992708
  0.02649504   0.01998008
  0.02650824   0.02003306
  0.02652154   0.02008606
  0.02653474   0.02013904
  0.02654802   0.02019202
  0.02656124   0.02024502
  0.02657452   0.02029800
  0.02658772   0.02035100
  0.02660102   0.02040390
  0.02661422   0.02045688
  0.02662750   0.02050988
  0.02664072   0.02056286
  0.02665400   0.02061586
  0.02666722   0.02066884
  0.02668042   0.02072182
  0.02669370   0.02077482
  0.02670692   0.02082780
  0.02672020   0.02088080
  0.02673340   0.02093378
  0.02674670   0.02098668
  0.02675990   0.02103968
  0.02677318   0.02109266
  0.02678640   0.02114566
  0.02679968   0.02119864
  0.02681288   0.02125164
  0.02682618   0.02130462
  0.02683938   0.02135760
  0.02685266   0.02141060
  0.02686588   0.02146358
  0.02687916   0.02151658
  0.02689236   0.02156948
  0.02690566   0.02162246
  0.02691886   0.02167546
  0.02693216   0.02172844
  0.02694536   0.02178144
  0.02695856   0.02183442
  0.02697186   0.02188740
  0.02698506   0.02194040
  0.02699834   0.02199338
  0.02701156   0.02204638
  0.02702484   0.02209936
  0.02703804   0.02215226
  0.02705134   0.02220526
  0.02706454   0.02225824
  0.02707782   0.02231124
  0.02709104   0.02236422
  0.02710432   0.02241722
  0.02711752   0.02247020
  0.02713082   0.02252318
  0.02714402   0.02257618
  0.02715732   0.02262916
  0.02717052   0.02268216
  0.02718380   0.02273506
  0.02719702   0.02278804
  0.02721030   0.02284104
  0.02722350   0.02289402
  0.02723680   0.02294702
  0.02725000   0.02300000
