 -0.03725000   0.02300000
 -0.03722050   0.02288199
 -0.03719099   0.02276389
 -0.03716149   0.02264587
 -0.03713199   0.02252777
 -0.03710239   0.02240976
 -0.03707289   0.02229166
 -0.03704339   0.02217364
 -0.03701389   0.02205554
 -0.03698438   0.02193753
 -0.03695488   0.02181952
 -0.03692538   0.02170141
 -0.03689587   0.02158340
 -0.03686637   0.02146530
 -0.03683678   0.02134729
 -0.03680727   0.02122918
 -0.03677777   0.02111117
 -0.03674827   0.02099316
 -0.03671876   0.02087506
 -0.03668926   0.02075704
 -0.03665976   0.02063894
 -0.03663025   0.02052093
 -0.03660075   0.02040283
 -0.03657116   0.02028482
 -0.03654166   0.02016671
 -0.03651215   0.02004870
 -0.03648265   0.01993069
 -0.03645315   0.01981259
 -0.03642364   0.01969457
 -0.03639414   0.01957647
 -0.03636464   0.01945846
 -0.03633513   0.01934036
 -0.03630554   0.01922234
 -0.03627604   0.01910433
 -0.03624653   0.01898623
 -0.03621703   0.01886822
 -0.03618753   0.01875011
 -0.03615803   0.01863210
 -0.03612852   0.01851400
 -0.03609902   0.01839599
 -0.03606952   0.01827788
 -0.03604001   0.01815987
 -0.03601042   0.01804186
 -0.03598092   0.01792376
 -0.03595141   0.01780575
 -0.03592191   0.01768764
 -0.03589241   0.01756963
 -0.03586290   0.01745153
 -0.03583340   0.01733352
 -0.03580390   0.01721550
 -0.03577440   0.01709740
 -0.03574480   0.01697939
 -0.03571530   0.01686129
 -0.03568580   0.01674327
 -0.03565629   0.01662517
 -0.03562679   0.01650716
 -0.03559729   0.01638906
 -0.03556778   0.01627104
 -0.03553828   0.01615303
 -0.03550878   0.01603493
 -0.03547918   0.01591692
 -0.03544968   0.01579881
 -0.03542018   0.01568080
 -0.03539067   0.01556270
 -0.03536117   0.01544469
 -0.03533167   0.01532668
 -0.03530217   0.01520857
 -0.03527266   0.01509056
 -0.03524316   0.01497246
 -0.03521357   0.01485445
 -0.03518406   0.01473634
 -0.03515456   0.01461833
 -0.03512506   0.01450023
 -0.03509555   0.01438222
 -0.03506605   0.01426420
 -0.03503655   0.01414610
 -0.03500704   0.01402809
 -0.03497754   0.01390999
 -0.03494795   0.01379197
 -0.03491845   0.01367387
 -0.03488892   0.01355587
 -0.03485926   0.01343789
 -0.03482945   0.01331987
 -0.03479950   0.01320198
 -0.03476941   0.01308404
 -0.03473917   0.01296623
 -0.03470878   0.01284838
 -0.03467816   0.01273067
 -0.03464749   0.01261291
 -0.03461667   0.01249530
 -0.03458571   0.01237773
 -0.03455461   0.01226013
 -0.03452337   0.01214268
 -0.03449199   0.01202519
 -0.03446010   0.01190794
 -0.03442718   0.01179093
 -0.03439313   0.01167425
 -0.03435804   0.01155790
 -0.03432183   0.01144188
 -0.03428449   0.01132620
 -0.03424611   0.01121086
 -0.03420669   0.01109594
 -0.03416616   0.01098137
 -0.03412449   0.01086722
 -0.03408189   0.01075342
 -0.03403807   0.01064005
 -0.03399331   0.01052712
 -0.03394744   0.01041463
 -0.03390053   0.01030257
 -0.03385259   0.01019086
 -0.03380353   0.01007968
 -0.03375354   0.00996904
 -0.03370243   0.00985875
 -0.03365039   0.00974908
 -0.03359723   0.00963977
 -0.03354305   0.00953109
 -0.03348784   0.00942286
 -0.03343171   0.00931517
 -0.03337455   0.00920792
 -0.03331629   0.00910132
 -0.03325709   0.00899525
 -0.03319697   0.00888983
 -0.03313583   0.00878486
 -0.03307368   0.00868052
 -0.03301051   0.00857674
 -0.03294642   0.00847360
 -0.03288141   0.00837110
 -0.03281538   0.00826915
 -0.03274844   0.00816784
 -0.03268057   0.00806718
 -0.03261170   0.00796717
 -0.03254192   0.00786781
 -0.03247121   0.00776909
 -0.03239960   0.00767103
 -0.03232707   0.00757370
 -0.03225362   0.00747703
 -0.03217927   0.00738101
 -0.03210401   0.00728573
 -0.03202793   0.00719120
 -0.03195094   0.00709742
 -0.03187305   0.00700429
 -0.03179426   0.00691192
 -0.03171465   0.00682029
 -0.03163423   0.00672950
 -0.03155290   0.00663938
 -0.03147077   0.00655000
 -0.03138783   0.00646147
 -0.03130400   0.00637370
 -0.03121936   0.00628677
 -0.03113392   0.00620059
 -0.03104776   0.00611518
 -0.03096071   0.00603070
 -0.03087287   0.00594698
 -0.03078431   0.00586402
 -0.03069496   0.00578200
 -0.03060481   0.00570074
 -0.03051396   0.00562042
 -0.03042232   0.00554096
 -0.03032998   0.00546226
 -0.03023693   0.00538450
 -0.03014310   0.00530769
 -0.03004857   0.00523165
 -0.02995335   0.00515655
 -0.02985743   0.00508240
 -0.02976082   0.00500911
 -0.02966352   0.00493668
 -0.02956562   0.00486519
 -0.02946694   0.00479466
 -0.02936766   0.00472507
 -0.02926779   0.00465644
 -0.02916724   0.00458867
 -0.02906601   0.00452194
 -0.02896427   0.00445608
 -0.02886186   0.00439126
 -0.02875886   0.00432730
 -0.02865518   0.00426438
 -0.02855101   0.00420243
 -0.02844626   0.00414151
 -0.02834102   0.00408156
 -0.02823511   0.00402255
 -0.02812871   0.00396449
 -0.02802186   0.00390744
 -0.02791438   0.00385113
 -0.02780652   0.00379585
 -0.02769812   0.00374139
 -0.02758936   0.00368777
 -0.02748005   0.00363516
 -0.02737028   0.00358339
 -0.02726006   0.00353254
 -0.02714938   0.00348261
 -0.02703834   0.00343361
 -0.02692675   0.00338553
 -0.02681488   0.00333838
 -0.02670256   0.00329215
 -0.02658979   0.00324684
 -0.02647674   0.00320255
 -0.02636323   0.00315909
 -0.02624936   0.00311665
 -0.02613512   0.00307513
 -0.02602052   0.00303453
 -0.02590555   0.00299495
 -0.02579031   0.00295629
 -0.02567470   0.00291856
 -0.02555882   0.00288184
 -0.02544257   0.00284604
 -0.02532605   0.00281126
 -0.02520916   0.00277741
 -0.02509209   0.00274456
 -0.02497465   0.00271264
 -0.02485703   0.00268174
 -0.02473913   0.00265185
 -0.02462096   0.00262270
 -0.02450279   0.00259394
 -0.02438451   0.00256520
 -0.02426624   0.00253676
 -0.02414787   0.00250843
 -0.02402949   0.00248030
 -0.02391111   0.00245238
 -0.02379264   0.00242466
 -0.02367416   0.00239706
 -0.02355559   0.00236966
 -0.02343701   0.00234247
 -0.02331843   0.00231538
 -0.02319976   0.00228860
 -0.02308108   0.00226193
 -0.02296230   0.00223537
 -0.02284353   0.00220911
 -0.02272466   0.00218296
 -0.02260587   0.00215701
 -0.02248690   0.00213127
 -0.02236802   0.00210564
 -0.02224904   0.00208031
 -0.02212997   0.00205510
 -0.02201089   0.00202999
 -0.02189181   0.00200518
 -0.02177273   0.00198049
 -0.02165355   0.00195600
 -0.02153429   0.00193171
 -0.02141510   0.00190754
 -0.02129582   0.00188357
 -0.02117645   0.00185981
 -0.02105708   0.00183625
 -0.02093770   0.00181281
 -0.02081832   0.00178957
 -0.02069885   0.00176653
 -0.02057937   0.00174370
 -0.02045980   0.00172107
 -0.02034023   0.00169856
 -0.02022065   0.00167625
 -0.02010107   0.00165415
 -0.01998140   0.00163216
 -0.01986163   0.00161038
 -0.01974195   0.00158880
 -0.01962218   0.00156742
 -0.01950240   0.00154625
 -0.01938254   0.00152519
 -0.01926267   0.00150434
 -0.01914279   0.00148369
 -0.01902292   0.00146316
 -0.01890295   0.00144292
 -0.01878298   0.00142280
 -0.01866291   0.00140288
 -0.01854293   0.00138307
 -0.01842287   0.00136356
 -0.01830270   0.00134416
 -0.01818263   0.00132497
 -0.01806246   0.00130589
 -0.01794229   0.00128711
 -0.01782203   0.00126844
 -0.01770177   0.00124998
 -0.01758150   0.00123172
 -0.01746124   0.00121357
 -0.01734088   0.00119563
 -0.01722051   0.00117789
 -0.01710015   0.00116036
 -0.01697978   0.00114304
 -0.01685933   0.00112582
 -0.01673887   0.00110882
 -0.01661841   0.00109201
 -0.01649785   0.00107541
 -0.01637730   0.00105893
 -0.01625674   0.00104265
 -0.01613618   0.00102657
 -0.01601553   0.00101070
 -0.01589497   0.00099495
 -0.01577431   0.00097949
 -0.01565357   0.00096414
 -0.01553291   0.00094890
 -0.01541217   0.00093394
 -0.01529142   0.00091907
 -0.01517067   0.00090439
 -0.01504983   0.00088990
 -0.01492909   0.00087559
 -0.01480825   0.00086138
 -0.01468741   0.00084745
 -0.01456648   0.00083362
 -0.01444564   0.00081988
 -0.01432471   0.00080641
 -0.01420378   0.00079305
 -0.01408285   0.00077987
 -0.01396192   0.00076687
 -0.01384090   0.00075406
 -0.01371987   0.00074135
 -0.01359885   0.00072892
 -0.01347783   0.00071658
 -0.01335681   0.00070434
 -0.01323569   0.00069238
 -0.01311458   0.00068051
 -0.01299347   0.00066883
 -0.01287235   0.00065733
 -0.01275124   0.00064603
 -0.01263012   0.00063481
 -0.01250892   0.00062379
 -0.01238771   0.00061295
 -0.01226651   0.00060230
 -0.01214530   0.00059183
 -0.01202409   0.00058147
 -0.01190280   0.00057128
 -0.01178159   0.00056129
 -0.01166029   0.00055148
 -0.01153900   0.00054177
 -0.01141770   0.00053233
 -0.01129640   0.00052299
 -0.01117501   0.00051375
 -0.01105371   0.00050478
 -0.01093232   0.00049591
 -0.01081103   0.00048732
 -0.01068964   0.00047873
 -0.01056825   0.00047042
 -0.01044677   0.00046230
 -0.01032538   0.00045427
 -0.01020399   0.00044643
 -0.01008250   0.00043878
 -0.00996111   0.00043131
 -0.00983963   0.00042394
 -0.00971815   0.00041676
 -0.00959667   0.00040976
 -0.00947519   0.00040286
 -0.00935370   0.00039596
 -0.00923222   0.00038916
 -0.00911074   0.00038237
 -0.00898926   0.00037559
 -0.00886768   0.00036899
 -0.00874620   0.00036231
 -0.00862472   0.00035572
 -0.00850323   0.00034924
 -0.00838166   0.00034275
 -0.00826017   0.00033628
 -0.00813869   0.00032990
 -0.00801712   0.00032353
 -0.00789563   0.00031725
 -0.00777415   0.00031107
 -0.00765257   0.00030490
 -0.00753108   0.00029873
 -0.00740951   0.00029266
 -0.00728802   0.00028660
 -0.00716645   0.00028063
 -0.00704496   0.00027467
 -0.00692338   0.00026881
 -0.00680190   0.00026295
 -0.00668032   0.00025710
 -0.00655874   0.00025144
 -0.00643726   0.00024569
 -0.00631568   0.00024004
 -0.00619410   0.00023449
 -0.00607253   0.00022894
 -0.00595104   0.00022340
 -0.00582946   0.00021796
 -0.00570788   0.00021261
 -0.00558630   0.00020727
 -0.00546473   0.00020193
 -0.00534315   0.00019670
 -0.00522166   0.00019146
 -0.00510008   0.00018633
 -0.00497850   0.00018129
 -0.00485692   0.00017617
 -0.00473534   0.00017123
 -0.00461376   0.00016622
 -0.00449219   0.00016138
 -0.00437061   0.00015647
 -0.00424903   0.00015165
 -0.00412736   0.00014693
 -0.00400578   0.00014221
 -0.00388420   0.00013759
 -0.00376262   0.00013298
 -0.00364104   0.00012846
 -0.00351946   0.00012395
 -0.00339779   0.00011945
 -0.00327621   0.00011504
 -0.00315463   0.00011073
 -0.00303305   0.00010634
 -0.00291138   0.00010213
 -0.00278980   0.00009793
 -0.00266822   0.00009374
 -0.00254654   0.00008964
 -0.00242496   0.00008555
 -0.00230338   0.00008156
 -0.00218171   0.00007757
 -0.00206013   0.00007368
 -0.00193855   0.00006980
 -0.00181688   0.00006601
 -0.00169530   0.00006223
 -0.00157363   0.00005854
 -0.00145205   0.00005486
 -0.00133037   0.00005128
 -0.00120879   0.00004771
 -0.00108712   0.00004414
 -0.00096554   0.00004067
 -0.00084387   0.00003729
 -0.00072220   0.00003392
 -0.00060062   0.00003056
 -0.00047895   0.00002730
 -0.00035736   0.00002413
 -0.00023569   0.00002097
 -0.00011402   0.00001781
  0.00000756   0.00001475
  0.00012923   0.00001170
  0.00025090   0.00000874
  0.00037248   0.00000579
  0.00049415   0.00000294
  0.00061583   0.00000009
  0.00073750  -0.00000266
  0.00085908  -0.00000540
  0.00098075  -0.00000805
  0.00110242  -0.00001069
  0.00122409  -0.00001323
  0.00134567  -0.00001577
  0.00146734  -0.00001821
  0.00158901  -0.00002064
  0.00171069  -0.00002307
  0.00183236  -0.00002540
  0.00195403  -0.00002763
  0.00207570  -0.00002986
  0.00219728  -0.00003208
  0.00231895  -0.00003421
  0.00244062  -0.00003633
  0.00256229  -0.00003835
  0.00268396  -0.00004026
  0.00280563  -0.00004223
  0.00292730  -0.00004401
  0.00304897  -0.00004584
  0.00317064  -0.00004748
  0.00329231  -0.00004917
  0.00341398  -0.00005067
  0.00353564  -0.00005223
  0.00365731  -0.00005358
  0.00377898  -0.00005500
  0.00390064  -0.00005631
  0.00402231  -0.00005750
  0.00414397  -0.00005866
  0.00426563  -0.00005971
  0.00438730  -0.00006074
  0.00450896  -0.00006174
  0.00463062  -0.00006263
  0.00475228  -0.00006349
  0.00487394  -0.00006424
  0.00499559  -0.00006488
  0.00511725  -0.00006548
  0.00523891  -0.00006607
  0.00536056  -0.00006654
  0.00548221  -0.00006698
  0.00560386  -0.00006732
  0.00572560  -0.00006762
  0.00584725  -0.00006781
  0.00596890  -0.00006798
  0.00609054  -0.00006803
  0.00621219  -0.00006806
  0.00633383  -0.00006797
  0.00645547  -0.00006786
  0.00657711  -0.00006764
  0.00669875  -0.00006739
  0.00682048  -0.00006711
  0.00694211  -0.00006672
  0.00706374  -0.00006622
  0.00718537  -0.00006569
  0.00730700  -0.00006514
  0.00742863  -0.00006447
  0.00755025  -0.00006369
  0.00767197  -0.00006288
  0.00779359  -0.00006205
  0.00791520  -0.00006111
  0.00803682  -0.00006014
  0.00815844  -0.00005905
  0.00828005  -0.00005794
  0.00840166  -0.00005672
  0.00852335  -0.00005547
  0.00864496  -0.00005411
  0.00876656  -0.00005272
  0.00888816  -0.00005122
  0.00900976  -0.00004969
  0.00913136  -0.00004805
  0.00925295  -0.00004639
  0.00937463  -0.00004470
  0.00949621  -0.00004289
  0.00961780  -0.00004098
  0.00973938  -0.00003903
  0.00986096  -0.00003707
  0.00998254  -0.00003498
  0.01010411  -0.00003279
  0.01022577  -0.00003057
  0.01034734  -0.00002832
  0.01036695  -0.00002791
  0.01038655  -0.00002712
  0.01040616  -0.00002621
  0.01042567  -0.00002502
  0.01044526  -0.00002353
  0.01046477  -0.00002175
  0.01048435  -0.00001977
  0.01050385  -0.00001759
  0.01052325  -0.00001503
  0.01054273  -0.00001226
  0.01056212  -0.00000930
  0.01058141  -0.00000604
  0.01060070  -0.00000249
  0.01061998   0.00000125
  0.01063917   0.00000529
  0.01065835   0.00000953
  0.01067743   0.00001406
  0.01069651   0.00001879
  0.01071548   0.00002381
  0.01073437   0.00002912
  0.01075315   0.00003463
  0.01077192   0.00004035
  0.01079060   0.00004635
  0.01080918   0.00005264
  0.01082775   0.00005913
  0.01084613   0.00006582
  0.01086450   0.00007280
  0.01088277   0.00007998
  0.01090095   0.00008745
  0.01091893   0.00009512
  0.01093690   0.00010308
  0.01095477   0.00011124
  0.01097246   0.00011960
  0.01099013   0.00012824
  0.01100761   0.00013709
  0.01102498   0.00014622
  0.01104226   0.00015555
  0.01105944   0.00016508
  0.01107651   0.00017481
  0.01109339   0.00018483
  0.01111017   0.00019495
  0.01112676   0.00020545
  0.01114324   0.00021606
  0.01115962   0.00022687
  0.01117581   0.00023796
  0.01119190   0.00024925
  0.01120779   0.00026074
  0.01122357   0.00027242
  0.01123917   0.00028430
  0.01125466   0.00029638
  0.01126986   0.00030875
  0.01128505   0.00032122
  0.01129996   0.00033388
  0.01131476   0.00034683
  0.01132945   0.00035989
  0.01134386   0.00037314
  0.01135816   0.00038668
  0.01137227   0.00040032
  0.01138618   0.00041416
  0.01139990   0.00042819
  0.01141342   0.00044233
  0.01142684   0.00045675
  0.01143996   0.00047127
  0.01145298   0.00048599
  0.01146581   0.00050091
  0.01147834   0.00051592
  0.01149077   0.00053113
  0.01150291   0.00054653
  0.01151495   0.00056204
  0.01152670   0.00057773
  0.01153833   0.00059362
  0.01154969   0.00060961
  0.01156084   0.00062571
  0.01157179   0.00064199
  0.01158255   0.00065847
  0.01159311   0.00067505
  0.01160337   0.00069173
  0.01161344   0.00070860
  0.01162332   0.00072557
  0.01163299   0.00074264
  0.01164237   0.00075981
  0.01165155   0.00077717
  0.01166054   0.00079463
  0.01166923   0.00081219
  0.01167773   0.00082994
  0.01168602   0.00084770
  0.01169412   0.00086565
  0.01170183   0.00088360
  0.01170944   0.00090175
  0.01171675   0.00091999
  0.01172387   0.00093824
  0.01173069   0.00095667
  0.01173731   0.00097512
  0.01174365   0.00099375
  0.01174978   0.00101239
  0.01175562   0.00103112
  0.01176126   0.00104986
  0.01176670   0.00106879
  0.01177176   0.00108772
  0.01177671   0.00110675
  0.01179037   0.00116150
  0.01180404   0.00121616
  0.01181770   0.00127091
  0.01183146   0.00132566
  0.01184512   0.00138041
  0.01185879   0.00143515
  0.01187245   0.00148990
  0.01188612   0.00154456
  0.01189987   0.00159931
  0.01191354   0.00165406
  0.01192720   0.00170881
  0.01194087   0.00176356
  0.01195453   0.00181831
  0.01196829   0.00187297
  0.01198195   0.00192772
  0.01199562   0.00198247
  0.01200928   0.00203721
  0.01202295   0.00209196
  0.01203670   0.00214662
  0.01205037   0.00220137
  0.01206403   0.00225612
  0.01207770   0.00231087
  0.01209136   0.00236562
  0.01210511   0.00242037
  0.01211878   0.00247503
  0.01213244   0.00252978
  0.01214611   0.00258453
  0.01215977   0.00263928
  0.01217353   0.00269402
  0.01218719   0.00274877
  0.01220086   0.00280343
  0.01221452   0.00285818
  0.01222819   0.00291293
  0.01224194   0.00296768
  0.01225561   0.00302243
  0.01226927   0.00307709
  0.01228294   0.00313184
  0.01229669   0.00318659
  0.01231036   0.00324134
  0.01232402   0.00329608
  0.01233769   0.00335083
  0.01235135   0.00340549
  0.01236511   0.00346024
  0.01237877   0.00351499
  0.01239243   0.00356974
  0.01240610   0.00362449
  0.01241976   0.00367915
  0.01243352   0.00373390
  0.01244718   0.00378865
  0.01246085   0.00384340
  0.01247451   0.00389814
  0.01248818   0.00395289
  0.01250193   0.00400755
  0.01251560   0.00406230
  0.01252926   0.00411705
  0.01254293   0.00417180
  0.01255659   0.00422655
  0.01257035   0.00428130
  0.01258401   0.00433596
  0.01259768   0.00439071
  0.01261134   0.00444546
  0.01262501   0.00450020
  0.01263876   0.00455495
  0.01265243   0.00460961
  0.01266609   0.00466436
  0.01267976   0.00471911
  0.01269342   0.00477386
  0.01270717   0.00482861
  0.01272084   0.00488336
  0.01273450   0.00493802
  0.01274817   0.00499277
  0.01276192   0.00504752
  0.01277559   0.00510226
  0.01278925   0.00515701
  0.01280292   0.00521176
  0.01281658   0.00526642
  0.01283034   0.00532117
  0.01284400   0.00537592
  0.01285767   0.00543067
  0.01287133   0.00548542
  0.01288500   0.00554008
  0.01289875   0.00559483
  0.01291242   0.00564958
  0.01292608   0.00570432
  0.01293975   0.00575907
  0.01295341   0.00581382
  0.01296717   0.00586848
  0.01298083   0.00592323
  0.01299450   0.00597798
  0.01300816   0.00603273
  0.01302182   0.00608748
  0.01303558   0.00614223
  0.01304924   0.00619689
  0.01306291   0.00625164
  0.01307657   0.00630638
  0.01309024   0.00636113
  0.01310399   0.00641588
  0.01311766   0.00647054
  0.01313132   0.00652529
  0.01314499   0.00658004
  0.01315865   0.00663479
  0.01317241   0.00668954
  0.01318607   0.00674429
  0.01319974   0.00679895
  0.01321340   0.00685370
  0.01322716   0.00690844
  0.01324082   0.00696319
  0.01325449   0.00701794
  0.01326815   0.00707269
  0.01328182   0.00712735
  0.01329557   0.00718210
  0.01330923   0.00723685
  0.01332290   0.00729160
  0.01333656   0.00734635
  0.01335023   0.00740101
  0.01336398   0.00745576
  0.01337765   0.00751050
  0.01339131   0.00756525
  0.01340498   0.00762000
  0.01341864   0.00767475
  0.01343240   0.00772941
  0.01344606   0.00778416
  0.01345973   0.00783891
  0.01347339   0.00789366
  0.01348706   0.00794841
  0.01350081   0.00800316
  0.01351448   0.00805782
  0.01352814   0.00811256
  0.01354181   0.00816731
  0.01355547   0.00822206
  0.01356923   0.00827681
  0.01358289   0.00833147
  0.01359656   0.00838622
  0.01361022   0.00844097
  0.01362388   0.00849572
  0.01363764   0.00855047
  0.01365130   0.00860522
  0.01366497   0.00865988
  0.01367863   0.00871463
  0.01369239   0.00876937
  0.01370605   0.00882412
  0.01371972   0.00887887
  0.01373338   0.00893353
  0.01374705   0.00898828
  0.01376080   0.00904303
  0.01377447   0.00909778
  0.01378813   0.00915253
  0.01380180   0.00920728
  0.01381546   0.00926194
  0.01382922   0.00931669
  0.01384288   0.00937143
  0.01385655   0.00942618
  0.01387021   0.00948093
  0.01388388   0.00953568
  0.01389763   0.00959034
  0.01391129   0.00964509
  0.01392496   0.00969984
  0.01393862   0.00975459
  0.01395229   0.00980934
  0.01396604   0.00986400
  0.01397971   0.00991875
  0.01399337   0.00997349
  0.01400704   0.01002824
  0.01402070   0.01008299
  0.01403446   0.01013774
  0.01404812   0.01019240
  0.01406179   0.01024715
  0.01407545   0.01030190
  0.01408912   0.01035665
  0.01410287   0.01041140
  0.01411654   0.01046615
  0.01413020   0.01052081
  0.01414387   0.01057555
  0.01415762   0.01063030
  0.01417129   0.01068505
  0.01418495   0.01073980
  0.01419862   0.01079446
  0.01421228   0.01084921
  0.01422603   0.01090396
  0.01423970   0.01095871
  0.01425336   0.01101346
  0.01426703   0.01106821
  0.01428069   0.01112287
  0.01429445   0.01117761
  0.01430811   0.01123236
  0.01432178   0.01128711
  0.01433544   0.01134186
  0.01434911   0.01139661
  0.01436286   0.01145127
  0.01437653   0.01150602
  0.01439019   0.01156077
  0.01440386   0.01161552
  0.01441752   0.01167027
  0.01443128   0.01172493
  0.01444494   0.01177967
  0.01445861   0.01183442
  0.01447227   0.01188917
  0.01448594   0.01194392
  0.01449969   0.01199867
  0.01451336   0.01205333
  0.01452702   0.01210808
  0.01454068   0.01216283
  0.01455435   0.01221758
  0.01456810   0.01227233
  0.01458177   0.01232708
  0.01459543   0.01238173
  0.01460910   0.01243648
  0.01462276   0.01249123
  0.01463652   0.01254598
  0.01465018   0.01260073
  0.01466385   0.01265539
  0.01467751   0.01271014
  0.01469127   0.01276489
  0.01470493   0.01281964
  0.01471860   0.01287439
  0.01473226   0.01292914
  0.01474593   0.01298379
  0.01475968   0.01303854
  0.01477335   0.01309329
  0.01478701   0.01314804
  0.01480068   0.01320279
  0.01481434   0.01325754
  0.01482809   0.01331220
  0.01484176   0.01336695
  0.01485542   0.01342170
  0.01486909   0.01347645
  0.01488275   0.01353120
  0.01489651   0.01358585
  0.01491017   0.01364060
  0.01492384   0.01369535
  0.01493750   0.01375010
  0.01495117   0.01380485
  0.01496492   0.01385960
  0.01497859   0.01391426
  0.01499225   0.01396901
  0.01500592   0.01402376
  0.01501958   0.01407851
  0.01503334   0.01413326
  0.01504700   0.01418801
  0.01506067   0.01424266
  0.01507433   0.01429741
  0.01508800   0.01435216
  0.01510175   0.01440691
  0.01511542   0.01446166
  0.01512908   0.01451632
  0.01514274   0.01457107
  0.01515650   0.01462582
  0.01517016   0.01468057
  0.01518383   0.01473532
  0.01519749   0.01479007
  0.01521116   0.01484472
  0.01522491   0.01489947
  0.01523858   0.01495422
  0.01525224   0.01500897
  0.01526591   0.01506372
  0.01527957   0.01511838
  0.01529333   0.01517313
  0.01530699   0.01522788
  0.01532066   0.01528263
  0.01533432   0.01533738
  0.01534799   0.01539213
  0.01536174   0.01544678
  0.01537541   0.01550153
  0.01538907   0.01555628
  0.01540274   0.01561103
  0.01541640   0.01566578
  0.01543015   0.01572053
  0.01544382   0.01577519
  0.01545748   0.01582994
  0.01547115   0.01588469
  0.01548481   0.01593944
  0.01549857   0.01599419
  0.01551223   0.01604884
  0.01552590   0.01610359
  0.01553956   0.01615834
  0.01555323   0.01621309
  0.01556698   0.01626784
  0.01558065   0.01632259
  0.01559431   0.01637725
  0.01560798   0.01643200
  0.01562173   0.01648675
  0.01563540   0.01654150
  0.01564906   0.01659625
  0.01566273   0.01665099
  0.01567639   0.01670565
  0.01569015   0.01676040
  0.01570381   0.01681515
  0.01571748   0.01686990
  0.01573114   0.01692465
  0.01574480   0.01697931
  0.01575856   0.01703406
  0.01577222   0.01708881
  0.01578589   0.01714356
  0.01579955   0.01719831
  0.01581322   0.01725305
  0.01582697   0.01730771
  0.01584064   0.01736246
  0.01585430   0.01741721
  0.01586797   0.01747196
  0.01588163   0.01752671
  0.01589539   0.01758146
  0.01590905   0.01763612
  0.01592272   0.01769087
  0.01593638   0.01774562
  0.01595005   0.01780037
  0.01596380   0.01785511
  0.01597747   0.01790977
  0.01599113   0.01796452
  0.01600480   0.01801927
  0.01601846   0.01807402
  0.01603222   0.01812877
  0.01604588   0.01818352
  0.01605954   0.01823818
  0.01607321   0.01829293
  0.01608696   0.01834768
  0.01610063   0.01840243
  0.01611429   0.01845717
  0.01612796   0.01851192
  0.01614162   0.01856658
  0.01615538   0.01862133
  0.01616904   0.01867608
  0.01618271   0.01873083
  0.01619637   0.01878558
  0.01621004   0.01884024
  0.01622379   0.01889499
  0.01623746   0.01894974
  0.01625112   0.01900449
  0.01626479   0.01905923
  0.01627845   0.01911398
  0.01629221   0.01916864
  0.01630587   0.01922339
  0.01631954   0.01927814
  0.01633320   0.01933289
  0.01634686   0.01938764
  0.01636062   0.01944239
  0.01637428   0.01949705
  0.01638795   0.01955180
  0.01640161   0.01960655
  0.01641528   0.01966129
  0.01642903   0.01971604
  0.01644270   0.01977070
  0.01645636   0.01982545
  0.01647003   0.01988020
  0.01648369   0.01993495
  0.01649745   0.01998970
  0.01651111   0.02004445
  0.01652478   0.02009911
  0.01653844   0.02015386
  0.01655220   0.02020861
  0.01656586   0.02026336
  0.01657953   0.02031810
  0.01659319   0.02037276
  0.01660686   0.02042751
  0.01662061   0.02048226
  0.01663428   0.02053701
  0.01664794   0.02059176
  0.01666160   0.02064651
  0.01667527   0.02070117
  0.01668902   0.02075592
  0.01670269   0.02081067
  0.01671635   0.02086542
  0.01673002   0.02092016
  0.01674368   0.02097491
  0.01675744   0.02102957
  0.01677110   0.02108432
  0.01678477   0.02113907
  0.01679843   0.02119382
  0.01681210   0.02124857
  0.01682585   0.02130323
  0.01683952   0.02135798
  0.01685318   0.02141273
  0.01686685   0.02146748
  0.01688051   0.02152222
  0.01689427   0.02157697
  0.01690793   0.02163163
  0.01692160   0.02168638
  0.01693526   0.02174113
  0.01694892   0.02179588
  0.01696268   0.02185063
  0.01697634   0.02190538
  0.01699001   0.02196004
  0.01700367   0.02201479
  0.01701743   0.02206954
  0.01703109   0.02212428
  0.01704476   0.02217903
  0.01705842   0.02223369
  0.01707209   0.02228844
  0.01708584   0.02234319
  0.01709951   0.02239794
  0.01711317   0.02245269
  0.01712684   0.02250744
  0.01714050   0.02256210
  0.01715426   0.02261685
  0.01716792   0.02267160
  0.01718159   0.02272634
  0.01719525   0.02278109
  0.01720892   0.02283584
  0.01722267   0.02289050
  0.01723634   0.02294525
  0.01725000   0.02300000
