  0.01595748   0.02086095
  0.01596208   0.02067615
  0.01596668   0.02049125
  0.01597138   0.02030645
  0.01597598   0.02012165
  0.01598058   0.01993685
  0.01598518   0.01975195
  0.01598978   0.01956715
  0.01599438   0.01938235
  0.01599898   0.01919755
  0.01600368   0.01901265
  0.01600828   0.01882785
  0.01601288   0.01864305
  0.01601748   0.01845815
  0.01602208   0.01827335
  0.01602668   0.01808855
  0.01603128   0.01790375
  0.01603598   0.01771885
  0.01604058   0.01753405
  0.01604518   0.01734925
  0.01604978   0.01716445
  0.01605438   0.01697955
  0.01605898   0.01679475
  0.01606358   0.01660995
  0.01606828   0.01642505
  0.01607288   0.01624025
  0.01607748   0.01605545
  0.01608208   0.01587065
  0.01608668   0.01568575
  0.01609128   0.01550095
  0.01609598   0.01531615
  0.01610058   0.01513135
  0.01610518   0.01494645
  0.01610978   0.01476165
  0.01611438   0.01457685
  0.01611898   0.01439195
  0.01612358   0.01420715
  0.01612828   0.01402235
  0.01613288   0.01383755
  0.01613748   0.01365265
  0.01614208   0.01346785
  0.01614668   0.01328305
  0.01615128   0.01309825
  0.01615668   0.01291335
  0.01616448   0.01272865
  0.01617498   0.01254405
  0.01618818   0.01235965
  0.01620388   0.01217545
  0.01622228   0.01199155
  0.01624328   0.01180785
  0.01626688   0.01162445
  0.01629308   0.01144145
  0.01632188   0.01125875
  0.01635328   0.01107655
  0.01638718   0.01089485
  0.01642378   0.01071365
  0.01646288   0.01053295
  0.01650468   0.01035285
  0.01654888   0.01017335
  0.01659568   0.00999445
  0.01664508   0.00981625
  0.01669688   0.00963885
  0.01675128   0.00946215
  0.01680818   0.00928625
  0.01686758   0.00911115
  0.01692948   0.00893695
  0.01699388   0.00876355
  0.01706068   0.00859115
  0.01712988   0.00841975
  0.01720158   0.00824935
  0.01727568   0.00807995
  0.01735218   0.00791165
  0.01743108   0.00774445
  0.01751238   0.00757835
  0.01759598   0.00741345
  0.01768188   0.00724985
  0.01777018   0.00708735
  0.01786078   0.00692615
  0.01795358   0.00676625
  0.01804878   0.00660775
  0.01814608   0.00645055
  0.01824568   0.00629485
  0.01834748   0.00614045
  0.01845148   0.00598765
  0.01855758   0.00583625
  0.01866588   0.00568635
  0.01877628   0.00553805
  0.01888878   0.00539135
  0.01900338   0.00524625
  0.01911998   0.00510285
  0.01923868   0.00496105
  0.01935928   0.00482095
  0.01948198   0.00468255
  0.01960658   0.00454605
  0.01973308   0.00441115
  0.01986148   0.00427825
  0.01999188   0.00414705
  0.02012398   0.00401775
  0.02025798   0.00389035
  0.02039378   0.00376485
  0.02053128   0.00364135
  0.02067058   0.00351975
  0.02081168   0.00340025
  0.02095438   0.00328265
  0.02109868   0.00316715
  0.02124468   0.00305375
  0.02139228   0.00294235
  0.02154138   0.00283315
  0.02169208   0.00272595
  0.02184428   0.00262105
  0.02199798   0.00251825
  0.02215308   0.00241765
  0.02230968   0.00231925
  0.02246758   0.00222315
  0.02262688   0.00212925
  0.02278738   0.00203765
  0.02294928   0.00194835
  0.02311248   0.00186135
  0.02327678   0.00177665
  0.02344228   0.00169435
  0.02360898   0.00161435
  0.02377688   0.00153675
  0.02394578   0.00146155
  0.02411568   0.00138875
  0.02428668   0.00131845
  0.02445858   0.00125045
  0.02463148   0.00118505
  0.02480538   0.00112205
  0.02498008   0.00106145
  0.02515558   0.00100345
  0.02533188   0.00094795
  0.02550908   0.00089495
  0.02568688   0.00084445
  0.02586548   0.00079645
  0.02604448   0.00075015
  0.02622358   0.00070435
  0.02640278   0.00065895
  0.02658208   0.00061385
  0.02676148   0.00056925
  0.02694108   0.00052505
  0.02712068   0.00048135
  0.02730038   0.00043795
  0.02748018   0.00039505
  0.02766018   0.00035245
  0.02784018   0.00031035
  0.02802028   0.00026865
  0.02820048   0.00022735
  0.02838078   0.00018655
  0.02856128   0.00014605
  0.02874178   0.00010605
  0.02892228   0.00006645
  0.02910298   0.00002725
  0.02928378  -0.00001155
  0.02946468  -0.00004985
  0.02964558  -0.00008785
  0.02982658  -0.00012535
  0.03000778  -0.00016245
  0.03018898  -0.00019915
  0.03037028  -0.00023545
  0.03055158  -0.00027125
  0.03073308  -0.00030665
  0.03091458  -0.00034165
  0.03109628  -0.00037625
  0.03127798  -0.00041045
  0.03145968  -0.00044425
  0.03164158  -0.00047755
  0.03182348  -0.00051045
  0.03200548  -0.00054295
  0.03218758  -0.00057505
  0.03236978  -0.00060665
  0.03255198  -0.00063785
  0.03273428  -0.00066865
  0.03291668  -0.00069905
  0.03309908  -0.00072905
  0.03328158  -0.00075855
  0.03346418  -0.00078765
  0.03364688  -0.00081635
  0.03382958  -0.00084465
  0.03401228  -0.00087255
  0.03419518  -0.00089995
  0.03437808  -0.00092695
  0.03456098  -0.00095355
  0.03474408  -0.00097965
  0.03492718  -0.00100545
  0.03511028  -0.00103075
  0.03529348  -0.00105565
  0.03547678  -0.00108005
  0.03566008  -0.00110415
  0.03584338  -0.00112775
  0.03602688  -0.00115095
  0.03621028  -0.00117375
  0.03639388  -0.00119605
  0.03657738  -0.00121805
  0.03676108  -0.00123955
  0.03694478  -0.00126055
  0.03712848  -0.00128125
  0.03731228  -0.00130145
  0.03749608  -0.00132125
  0.03767998  -0.00134065
  0.03786388  -0.00135955
  0.03804778  -0.00137815
  0.03823178  -0.00139625
  0.03841578  -0.00141385
  0.03859988  -0.00143115
  0.03878398  -0.00144795
  0.03896818  -0.00146435
  0.03915238  -0.00148035
  0.03933658  -0.00149585
  0.03952088  -0.00151105
  0.03970518  -0.00152575
  0.03988948  -0.00153995
  0.04007388  -0.00155385
  0.04025828  -0.00156725
  0.04044268  -0.00158025
  0.04062718  -0.00159285
  0.04081168  -0.00160495
  0.04099618  -0.00161665
  0.04118068  -0.00162795
  0.04136528  -0.00163875
  0.04154988  -0.00164935
  0.04173438  -0.00165985
  0.04191898  -0.00167025
  0.04210358  -0.00168045
  0.04228818  -0.00169065
  0.04247288  -0.00170065
  0.04265748  -0.00171065
  0.04284208  -0.00172045
  0.04302668  -0.00173015
  0.04321138  -0.00173975
  0.04339598  -0.00174925
  0.04358068  -0.00175855
  0.04376528  -0.00176785
  0.04394998  -0.00177695
  0.04413458  -0.00178605
  0.04431928  -0.00179495
  0.04450398  -0.00180375
  0.04468868  -0.00181235
  0.04487328  -0.00182095
  0.04505798  -0.00182945
  0.04524268  -0.00183775
  0.04542738  -0.00184595
  0.04561208  -0.00185405
  0.04579688  -0.00186205
  0.04598158  -0.00186995
  0.04616628  -0.00187775
  0.04635098  -0.00188545
  0.04653568  -0.00189295
  0.04672048  -0.00190035
  0.04690518  -0.00190775
  0.04708998  -0.00191495
  0.04727468  -0.00192195
  0.04745948  -0.00192895
  0.04764418  -0.00193585
  0.04782898  -0.00194255
  0.04801378  -0.00194925
  0.04819848  -0.00195575
  0.04838328  -0.00196215
  0.04856808  -0.00196845
  0.04875288  -0.00197465
  0.04893758  -0.00198065
  0.04912238  -0.00198665
  0.04930718  -0.00199245
  0.04949198  -0.00199815
  0.04967678  -0.00200375
  0.04986158  -0.00200925
  0.05004638  -0.00201465
  0.05023118  -0.00201995
  0.05041608  -0.00202505
  0.05060088  -0.00203015
  0.05078568  -0.00203505
  0.05097048  -0.00203985
  0.05115528  -0.00204455
  0.05134018  -0.00204915
  0.05152498  -0.00205365
  0.05170978  -0.00205795
  0.05189468  -0.00206225
  0.05207948  -0.00206635
  0.05226428  -0.00207035
  0.05244918  -0.00207425
  0.05263398  -0.00207805
  0.05281888  -0.00208165
  0.05300368  -0.00208525
  0.05318858  -0.00208875
  0.05337338  -0.00209205
  0.05355828  -0.00209525
  0.05374318  -0.00209835
  0.05392798  -0.00210135
  0.05411288  -0.00210425
  0.05429768  -0.00210695
  0.05448258  -0.00210965
  0.05466748  -0.00211215
  0.05485228  -0.00211455
  0.05503718  -0.00211685
  0.05522208  -0.00211905
  0.05540698  -0.00212115
  0.05559178  -0.00212315
  0.05577668  -0.00212495
  0.05596158  -0.00212665
  0.05614648  -0.00212835
  0.05633128  -0.00212985
  0.05651618  -0.00213125
  0.05670108  -0.00213245
  0.05688598  -0.00213365
  0.05707088  -0.00213475
  0.05725568  -0.00213565
  0.05744058  -0.00213645
  0.05762548  -0.00213715
  0.05781038  -0.00213775
  0.05799528  -0.00213825
  0.05818018  -0.00213865
  0.05836508  -0.00213885
  0.05854988  -0.00213905
  0.05873478  -0.00213905
  0.05891968  -0.00213895
  0.05910458  -0.00213875
  0.05928948  -0.00213845
  0.05947438  -0.00213805
  0.05965918  -0.00213745
  0.05984408  -0.00213685
  0.06002898  -0.00213605
  0.06021388  -0.00213515
  0.06039878  -0.00213415
  0.06058368  -0.00213305
  0.06076848  -0.00213185
  0.06095338  -0.00213045
  0.06113828  -0.00212905
  0.06132318  -0.00212715
  0.06150798  -0.00212485
  0.06169288  -0.00212205
  0.06187778  -0.00211885
  0.06206258  -0.00211525
  0.06224748  -0.00211125
  0.06243228  -0.00210675
  0.06261708  -0.00210185
  0.06280188  -0.00209655
  0.06298668  -0.00209075
  0.06317148  -0.00208465
  0.06335628  -0.00207805
  0.06354098  -0.00207095
  0.06372568  -0.00206355
  0.06391048  -0.00205565
  0.06409518  -0.00204735
  0.06427978  -0.00203855
  0.06446448  -0.00202945
  0.06464908  -0.00201985
  0.06483368  -0.00200985
  0.06501828  -0.00199935
  0.06520288  -0.00198845
  0.06538738  -0.00197715
  0.06557188  -0.00196545
  0.06575638  -0.00195335
  0.06594088  -0.00194075
  0.06612528  -0.00192775
  0.06630968  -0.00191435
  0.06649408  -0.00190045
  0.06667838  -0.00188615
  0.06686268  -0.00187145
  0.06704698  -0.00185635
  0.06723118  -0.00184075
  0.06741538  -0.00182475
  0.06759958  -0.00180835
  0.06778368  -0.00179155
  0.06796768  -0.00177425
  0.06815178  -0.00175655
  0.06833578  -0.00173845
  0.06851968  -0.00171995
  0.06870358  -0.00170095
  0.06888748  -0.00168155
  0.06907128  -0.00166175
  0.06925508  -0.00164155
  0.06943878  -0.00162085
  0.06962248  -0.00159975
  0.06980608  -0.00157825
  0.06998968  -0.00155635
  0.07017318  -0.00153395
  0.07035668  -0.00151115
  0.07054008  -0.00148795
  0.07072348  -0.00146435
  0.07090678  -0.00144025
  0.07109008  -0.00141585
  0.07127328  -0.00139095
  0.07145638  -0.00136555
  0.07163948  -0.00133985
  0.07182248  -0.00131365
  0.07200548  -0.00128705
  0.07218838  -0.00126005
  0.07237118  -0.00123265
  0.07255398  -0.00120475
  0.07273668  -0.00117645
  0.07291928  -0.00114775
  0.07310188  -0.00111865
  0.07328438  -0.00108905
  0.07346688  -0.00105905
  0.07364918  -0.00102865
  0.07383148  -0.00099785
  0.07401378  -0.00096665
  0.07419588  -0.00093495
  0.07437798  -0.00090295
  0.07455998  -0.00087045
  0.07474188  -0.00083745
  0.07492378  -0.00080415
  0.07510558  -0.00077035
  0.07528728  -0.00073615
  0.07546888  -0.00070155
  0.07565038  -0.00066655
  0.07583188  -0.00063115
  0.07601318  -0.00059525
  0.07619448  -0.00055905
  0.07637568  -0.00052235
  0.07655688  -0.00048515
  0.07673778  -0.00044705
  0.07691808  -0.00040635
  0.07709788  -0.00036315
  0.07727698  -0.00031735
  0.07745548  -0.00026905
  0.07763318  -0.00021815
  0.07781018  -0.00016475
  0.07798648  -0.00010895
  0.07816188  -0.00005055
  0.07833648   0.00001035
  0.07851008   0.00007375
  0.07868288   0.00013955
  0.07885468   0.00020785
  0.07902558   0.00027855
  0.07919538   0.00035165
  0.07936408   0.00042715
  0.07953178   0.00050515
  0.07969828   0.00058545
  0.07986368   0.00066805
  0.08002788   0.00075315
  0.08019078   0.00084045
  0.08035248   0.00093005
  0.08051288   0.00102205
  0.08067198   0.00111625
  0.08082968   0.00121265
  0.08098608   0.00131135
  0.08114098   0.00141225
  0.08129438   0.00151535
  0.08144638   0.00162065
  0.08159688   0.00172805
  0.08174578   0.00183765
  0.08189318   0.00194925
  0.08203888   0.00206305
  0.08218308   0.00217885
  0.08232548   0.00229665
  0.08246628   0.00241655
  0.08260528   0.00253835
  0.08274258   0.00266215
  0.08287818   0.00278795
  0.08301188   0.00291565
  0.08314378   0.00304515
  0.08327378   0.00317655
  0.08340198   0.00330985
  0.08352828   0.00344485
  0.08365258   0.00358175
  0.08377488   0.00372035
  0.08389528   0.00386065
  0.08401368   0.00400265
  0.08412998   0.00414635
  0.08424428   0.00429175
  0.08435648   0.00443865
  0.08446658   0.00458715
  0.08457458   0.00473725
  0.08468038   0.00488885
  0.08478408   0.00504195
  0.08488558   0.00519645
  0.08498488   0.00535245
  0.08508188   0.00550985
  0.08517668   0.00566855
  0.08526918   0.00582865
  0.08535948   0.00598995
  0.08544738   0.00615255
  0.08553298   0.00631645
  0.08561628   0.00648155
  0.08569718   0.00664775
  0.08577578   0.00681515
  0.08585188   0.00698355
  0.08592568   0.00715315
  0.08599698   0.00732365
  0.08606588   0.00749525
  0.08613238   0.00766775
  0.08619638   0.00784125
  0.08625788   0.00801555
  0.08631698   0.00819075
  0.08637348   0.00836675
  0.08642758   0.00854365
  0.08647908   0.00872115
  0.08652808   0.00889945
  0.08657448   0.00907845
  0.08661838   0.00925795
  0.08665968   0.00943825
  0.08669848   0.00961895
  0.08673468   0.00980025
  0.08676828   0.00998205
  0.08679928   0.01016435
  0.08682778   0.01034705
  0.08685358   0.01053005
  0.08687678   0.01071355
  0.08689738   0.01089725
  0.08691538   0.01108125
  0.08693078   0.01126545
  0.08693218   0.01128465
  0.08693368   0.01130385
  0.08693508   0.01132305
  0.08693658   0.01134225
  0.08693798   0.01136145
  0.08693938   0.01138065
  0.08694088   0.01139985
  0.08694228   0.01141905
  0.08694378   0.01143825
  0.08694518   0.01145745
  0.08694658   0.01147655
  0.08694808   0.01149575
  0.08694948   0.01151495
  0.08695098   0.01153415
  0.08695238   0.01155335
  0.08695388   0.01157255
  0.08695528   0.01159175
  0.08695668   0.01161095
  0.08695818   0.01163015
  0.08695958   0.01164935
  0.08696108   0.01166855
  0.08696248   0.01168765
  0.08696388   0.01170685
  0.08696538   0.01172605
  0.08696678   0.01174525
  0.08696828   0.01176445
  0.08696968   0.01178365
  0.08697108   0.01180285
  0.08697258   0.01182205
  0.08697398   0.01184125
  0.08697548   0.01186045
  0.08697688   0.01187965
  0.08697838   0.01189875
  0.08697978   0.01191795
  0.08698118   0.01193715
  0.08698268   0.01195635
  0.08698408   0.01197555
  0.08698558   0.01199475
  0.08698698   0.01201395
  0.08698838   0.01203315
  0.08698988   0.01205235
  0.08699128   0.01207155
  0.08699278   0.01209075
  0.08699418   0.01210985
  0.08699558   0.01212905
  0.08699708   0.01214825
  0.08699848   0.01216745
  0.08699998   0.01218665
  0.08700138   0.01220585
  0.08700288   0.01222505
  0.08700428   0.01224425
  0.08700568   0.01226345
  0.08700718   0.01228265
  0.08700858   0.01230185
  0.08701008   0.01232095
  0.08701148   0.01234015
  0.08701288   0.01235935
  0.08701438   0.01237855
  0.08701578   0.01239775
  0.08701728   0.01241695
  0.08701868   0.01243615
  0.08702008   0.01245535
  0.08702158   0.01247455
  0.08702298   0.01249375
  0.08702448   0.01251295
  0.08702588   0.01253205
  0.08702738   0.01255125
  0.08702878   0.01257045
  0.08703018   0.01258965
  0.08703168   0.01260885
  0.08703308   0.01262805
  0.08703458   0.01264725
  0.08703598   0.01266645
  0.08703738   0.01268565
  0.08703888   0.01270485
  0.08704028   0.01272405
  0.08704178   0.01274315
  0.08704318   0.01276235
  0.08704458   0.01278155
  0.08704608   0.01280075
  0.08704748   0.01281995
  0.08704898   0.01283915
  0.08705038   0.01285835
  0.08705188   0.01287755
  0.08705328   0.01289675
  0.08705468   0.01291595
  0.08705618   0.01293515
  0.08705758   0.01295425
  0.08705908   0.01297345
  0.08706048   0.01299265
  0.08706188   0.01301185
  0.08706338   0.01303105
  0.08706478   0.01305025
  0.08706628   0.01306945
  0.08706768   0.01308865
  0.08706908   0.01310785
  0.08707058   0.01312705
  0.08707198   0.01314625
  0.08707348   0.01316535
  0.08707488   0.01318455
  0.08707638   0.01320375
  0.08707778   0.01322295
  0.08707918   0.01324215
  0.08708068   0.01326135
  0.08708208   0.01328055
  0.08708358   0.01329975
  0.08708498   0.01331895
  0.08708638   0.01333815
  0.08708788   0.01335735
  0.08708928   0.01337645
  0.08709078   0.01339565
  0.08709218   0.01341485
  0.08709358   0.01343405
  0.08709508   0.01345325
  0.08709648   0.01347245
  0.08709798   0.01349165
  0.08709938   0.01351085
  0.08710078   0.01353005
  0.08710228   0.01354925
  0.08710368   0.01356845
  0.08710518   0.01358755
  0.08710658   0.01360675
  0.08710808   0.01362595
  0.08710948   0.01364515
  0.08711088   0.01366435
  0.08711238   0.01368355
  0.08711378   0.01370275
  0.08711528   0.01372195
  0.08711668   0.01374115
  0.08711808   0.01376035
  0.08711958   0.01377955
  0.08712098   0.01379865
  0.08712248   0.01381785
  0.08712388   0.01383705
  0.08712528   0.01385625
  0.08712678   0.01387545
  0.08712818   0.01389465
  0.08712968   0.01391385
  0.08713108   0.01393305
  0.08713258   0.01395225
  0.08713398   0.01397145
  0.08713538   0.01399065
  0.08713688   0.01400975
  0.08713828   0.01402895
  0.08713978   0.01404815
  0.08714118   0.01406735
  0.08714258   0.01408655
  0.08714408   0.01410575
  0.08714548   0.01412495
  0.08714698   0.01414415
  0.08714838   0.01416335
  0.08714978   0.01418255
  0.08715128   0.01420175
  0.08715268   0.01422085
  0.08715418   0.01424005
  0.08715558   0.01425925
  0.08715708   0.01427845
  0.08715848   0.01429765
  0.08715988   0.01431685
  0.08716138   0.01433605
  0.08716278   0.01435525
  0.08716428   0.01437445
  0.08716568   0.01439365
  0.08716708   0.01441285
  0.08716858   0.01443195
  0.08716998   0.01445115
  0.08717148   0.01447035
  0.08717288   0.01448955
  0.08717428   0.01450875
  0.08717578   0.01452795
  0.08717718   0.01454715
  0.08717868   0.01456635
  0.08718008   0.01458555
  0.08718158   0.01460475
  0.08718298   0.01462395
  0.08718438   0.01464305
  0.08718588   0.01466225
  0.08718728   0.01468145
  0.08718878   0.01470065
  0.08719018   0.01471985
  0.08719158   0.01473905
  0.08719308   0.01475825
  0.08719448   0.01477745
  0.08719598   0.01479665
  0.08719738   0.01481585
  0.08719878   0.01483505
  0.08720028   0.01485415
  0.08720168   0.01487335
  0.08720318   0.01489255
  0.08720458   0.01491175
  0.08720608   0.01493095
  0.08720748   0.01495015
  0.08720888   0.01496935
  0.08721038   0.01498855
  0.08721178   0.01500775
  0.08721328   0.01502695
  0.08721468   0.01504615
  0.08721608   0.01506525
  0.08721758   0.01508445
  0.08721898   0.01510365
  0.08722048   0.01512285
  0.08722188   0.01514205
  0.08722328   0.01516125
  0.08722478   0.01518045
  0.08722618   0.01519965
  0.08722768   0.01521885
  0.08722908   0.01523805
  0.08723058   0.01525725
  0.08723198   0.01527635
  0.08723338   0.01529555
  0.08723488   0.01531475
  0.08723628   0.01533395
  0.08723778   0.01535315
  0.08723918   0.01537235
  0.08724058   0.01539155
  0.08724208   0.01541075
  0.08724348   0.01542995
  0.08724498   0.01544915
  0.08724638   0.01546835
  0.08724778   0.01548745
  0.08724928   0.01550665
  0.08725068   0.01552585
  0.08725218   0.01554505
  0.08725358   0.01556425
  0.08725498   0.01558345
  0.08725648   0.01560265
  0.08725788   0.01562185
  0.08725938   0.01564105
  0.08726078   0.01566025
  0.08726228   0.01567945
  0.08726368   0.01569855
  0.08726508   0.01571775
  0.08726658   0.01573695
  0.08726798   0.01575615
  0.08726948   0.01577535
  0.08727088   0.01579455
  0.08727228   0.01581375
  0.08727378   0.01583295
  0.08727518   0.01585215
  0.08727668   0.01587135
  0.08727808   0.01589055
  0.08727948   0.01590965
  0.08728098   0.01592885
  0.08728238   0.01594805
  0.08728388   0.01596725
  0.08728528   0.01598645
  0.08728678   0.01600565
  0.08728818   0.01602485
  0.08728958   0.01604405
  0.08729108   0.01606325
  0.08729248   0.01608245
  0.08729398   0.01610165
  0.08729538   0.01612075
  0.08729678   0.01613995
  0.08729828   0.01615915
  0.08729968   0.01617835
  0.08730118   0.01619755
  0.08730258   0.01621675
  0.08730398   0.01623595
  0.08730548   0.01625515
  0.08730688   0.01627435
  0.08730838   0.01629355
  0.08730978   0.01631275
  0.08731128   0.01633185
  0.08731268   0.01635105
  0.08731408   0.01637025
  0.08731558   0.01638945
  0.08731698   0.01640865
  0.08731848   0.01642785
  0.08731988   0.01644705
  0.08732128   0.01646625
  0.08732278   0.01648545
  0.08732418   0.01650465
  0.08732568   0.01652385
  0.08732708   0.01654295
  0.08732848   0.01656215
  0.08732998   0.01658135
  0.08733138   0.01660055
  0.08733288   0.01661975
  0.08733428   0.01663895
  0.08733578   0.01665815
  0.08733718   0.01667735
  0.08733858   0.01669655
  0.08734008   0.01671575
  0.08734148   0.01673495
  0.08734298   0.01675405
  0.08734438   0.01677325
  0.08734578   0.01679245
  0.08734728   0.01681165
  0.08734868   0.01683085
  0.08735018   0.01685005
  0.08735158   0.01686925
  0.08735298   0.01688845
  0.08735448   0.01690765
  0.08735588   0.01692685
  0.08735738   0.01694605
  0.08735878   0.01696515
  0.08736028   0.01698435
  0.08736168   0.01700355
  0.08736308   0.01702275
  0.08736458   0.01704195
  0.08736598   0.01706115
  0.08736748   0.01708035
  0.08736888   0.01709955
  0.08737028   0.01711875
  0.08737178   0.01713795
  0.08737318   0.01715715
  0.08737468   0.01717625
  0.08737608   0.01719545
  0.08737748   0.01721465
  0.08737898   0.01723385
  0.08738038   0.01725305
  0.08738188   0.01727225
  0.08738328   0.01729145
  0.08738468   0.01731065
  0.08738618   0.01732985
  0.08738758   0.01734905
  0.08738908   0.01736825
  0.08739048   0.01738735
  0.08739198   0.01740655
  0.08739338   0.01742575
  0.08739478   0.01744495
  0.08739628   0.01746415
  0.08739768   0.01748335
  0.08739918   0.01750255
  0.08740058   0.01752175
  0.08740198   0.01754095
  0.08740348   0.01756015
  0.08740488   0.01757935
  0.08740638   0.01759845
  0.08740778   0.01761765
  0.08740918   0.01763685
  0.08741068   0.01765605
  0.08741208   0.01767525
  0.08741358   0.01769445
  0.08741498   0.01771365
  0.08741648   0.01773285
  0.08741788   0.01775205
  0.08741928   0.01777125
  0.08742078   0.01779045
  0.08742218   0.01780955
  0.08742368   0.01782875
  0.08742508   0.01784795
  0.08742648   0.01786715
  0.08742798   0.01788635
  0.08742938   0.01790555
  0.08743088   0.01792475
  0.08743228   0.01794395
  0.08743368   0.01796315
  0.08743518   0.01798235
  0.08743658   0.01800155
  0.08743808   0.01802065
  0.08743948   0.01803985
  0.08744098   0.01805905
  0.08744238   0.01807825
  0.08744378   0.01809745
  0.08744528   0.01811665
  0.08744668   0.01813585
  0.08744818   0.01815505
  0.08744958   0.01817425
  0.08745098   0.01819345
  0.08745248   0.01821265
  0.08745388   0.01823175
  0.08745538   0.01825095
  0.08745678   0.01827015
  0.08745818   0.01828935
  0.08745968   0.01830855
  0.08746108   0.01832775
  0.08746258   0.01834695
  0.08746398   0.01836615
  0.08746548   0.01838535
  0.08746688   0.01840455
  0.08746828   0.01842375
  0.08746978   0.01844285
  0.08747118   0.01846205
  0.08747268   0.01848125
  0.08747408   0.01850045
  0.08747548   0.01851965
  0.08747698   0.01853885
  0.08747838   0.01855805
  0.08747988   0.01857725
  0.08748128   0.01859645
  0.08748268   0.01861565
  0.08748418   0.01863485
  0.08748558   0.01865395
  0.08748708   0.01867315
  0.08748848   0.01869235
  0.08748998   0.01871155
  0.08749138   0.01873075
  0.08749278   0.01874995
  0.08749428   0.01876915
  0.08749568   0.01878835
  0.08749718   0.01880755
  0.08749858   0.01882675
  0.08749998   0.01884595
  0.08750148   0.01886505
  0.08750288   0.01888425
  0.08750438   0.01890345
  0.08750578   0.01892265
  0.08750718   0.01894185
  0.08750868   0.01896105
  0.08751008   0.01898025
  0.08751158   0.01899945
  0.08751298   0.01901865
  0.08751448   0.01903785
  0.08751588   0.01905705
  0.08751728   0.01907615
  0.08751878   0.01909535
  0.08752018   0.01911455
  0.08752168   0.01913375
  0.08752308   0.01915295
  0.08752448   0.01917215
  0.08752598   0.01919135
  0.08752738   0.01921055
  0.08752888   0.01922975
  0.08753028   0.01924895
  0.08753168   0.01926815
  0.08753318   0.01928725
  0.08753458   0.01930645
  0.08753608   0.01932565
  0.08753748   0.01934485
  0.08753888   0.01936405
  0.08754038   0.01938325
  0.08754178   0.01940245
  0.08754328   0.01942165
  0.08754468   0.01944085
  0.08754618   0.01946005
  0.08754758   0.01947925
  0.08754898   0.01949835
  0.08755048   0.01951755
  0.08755188   0.01953675
  0.08755338   0.01955595
  0.08755478   0.01957515
  0.08755618   0.01959435
  0.08755768   0.01961355
  0.08755908   0.01963275
  0.08756058   0.01965195
  0.08756198   0.01967115
  0.08756338   0.01969035
  0.08756488   0.01970945
  0.08756628   0.01972865
  0.08756778   0.01974785
  0.08756918   0.01976705
  0.08757068   0.01978625
  0.08757208   0.01980545
  0.08757348   0.01982465
  0.08757498   0.01984385
  0.08757638   0.01986305
  0.08757788   0.01988225
  0.08757928   0.01990145
  0.08758068   0.01992055
  0.08758218   0.01993975
  0.08758358   0.01995895
  0.08758508   0.01997815
  0.08758648   0.01999735
  0.08758788   0.02001655
  0.08758938   0.02003575
  0.08759078   0.02005495
  0.08759228   0.02007415
  0.08759368   0.02009335
  0.08759518   0.02011255
  0.08759658   0.02013165
  0.08759798   0.02015085
  0.08759948   0.02017005
  0.08760088   0.02018925
  0.08760238   0.02020845
  0.08760378   0.02022765
  0.08760518   0.02024685
  0.08760668   0.02026605
  0.08760808   0.02028525
  0.08760958   0.02030445
  0.08761098   0.02032365
  0.08761238   0.02034275
  0.08761388   0.02036195
  0.08761528   0.02038115
  0.08761678   0.02040035
  0.08761818   0.02041955
  0.08761968   0.02043875
  0.08762108   0.02045795
  0.08762248   0.02047715
  0.08762398   0.02049635
  0.08762538   0.02051555
  0.08762688   0.02053475
  0.08762828   0.02055385
  0.08762968   0.02057305
  0.08763118   0.02059225
  0.08763258   0.02061145
  0.08763408   0.02063065
  0.08763548   0.02064985
  0.08763688   0.02066905
  0.08763838   0.02068825
  0.08763978   0.02070745
  0.08764128   0.02072665
  0.08764268   0.02074585
  0.08764418   0.02076495
  0.08764558   0.02078415
  0.08764698   0.02080335
  0.08764848   0.02082255
  0.08764988   0.02084175
  0.08765138   0.02086095
