  0.01767597   0.02077883
  0.01768057   0.02059403
  0.01768517   0.02040913
  0.01768987   0.02022433
  0.01769447   0.02003953
  0.01769907   0.01985473
  0.01770367   0.01966983
  0.01770827   0.01948503
  0.01771287   0.01930023
  0.01771747   0.01911543
  0.01772217   0.01893053
  0.01772677   0.01874573
  0.01773137   0.01856093
  0.01773597   0.01837603
  0.01774057   0.01819123
  0.01774517   0.01800643
  0.01774977   0.01782163
  0.01775447   0.01763673
  0.01775907   0.01745193
  0.01776367   0.01726713
  0.01776827   0.01708233
  0.01777287   0.01689743
  0.01777747   0.01671263
  0.01778207   0.01652783
  0.01778677   0.01634293
  0.01779137   0.01615813
  0.01779597   0.01597333
  0.01780057   0.01578853
  0.01780517   0.01560363
  0.01780977   0.01541883
  0.01781447   0.01523403
  0.01781907   0.01504923
  0.01782367   0.01486433
  0.01782827   0.01467953
  0.01783287   0.01449473
  0.01783747   0.01430983
  0.01784207   0.01412503
  0.01784677   0.01394023
  0.01785137   0.01375543
  0.01785597   0.01357053
  0.01786057   0.01338573
  0.01786517   0.01320093
  0.01786977   0.01301613
  0.01787517   0.01283123
  0.01788297   0.01264653
  0.01789347   0.01246193
  0.01790667   0.01227753
  0.01792237   0.01209333
  0.01794077   0.01190943
  0.01796177   0.01172573
  0.01798537   0.01154233
  0.01801157   0.01135933
  0.01804037   0.01117663
  0.01807177   0.01099443
  0.01810567   0.01081273
  0.01814227   0.01063153
  0.01818137   0.01045083
  0.01822317   0.01027073
  0.01826737   0.01009123
  0.01831417   0.00991233
  0.01836357   0.00973413
  0.01841537   0.00955673
  0.01846977   0.00938003
  0.01852667   0.00920413
  0.01858607   0.00902903
  0.01864797   0.00885483
  0.01871237   0.00868143
  0.01877917   0.00850903
  0.01884837   0.00833763
  0.01892007   0.00816723
  0.01899417   0.00799783
  0.01907067   0.00782953
  0.01914957   0.00766233
  0.01923087   0.00749623
  0.01931447   0.00733133
  0.01940037   0.00716773
  0.01948867   0.00700523
  0.01957927   0.00684403
  0.01967207   0.00668413
  0.01976727   0.00652563
  0.01986457   0.00636843
  0.01996417   0.00621273
  0.02006597   0.00605833
  0.02016997   0.00590553
  0.02027607   0.00575413
  0.02038437   0.00560423
  0.02049477   0.00545593
  0.02060727   0.00530923
  0.02072187   0.00516413
  0.02083847   0.00502073
  0.02095717   0.00487893
  0.02107777   0.00473883
  0.02120047   0.00460043
  0.02132507   0.00446393
  0.02145157   0.00432903
  0.02157997   0.00419613
  0.02171037   0.00406493
  0.02184247   0.00393563
  0.02197647   0.00380823
  0.02211227   0.00368273
  0.02224977   0.00355923
  0.02238907   0.00343763
  0.02253017   0.00331813
  0.02267287   0.00320053
  0.02281717   0.00308503
  0.02296317   0.00297163
  0.02311077   0.00286023
  0.02325987   0.00275103
  0.02341057   0.00264383
  0.02356277   0.00253893
  0.02371647   0.00243613
  0.02387157   0.00233553
  0.02402817   0.00223713
  0.02418607   0.00214103
  0.02434537   0.00204713
  0.02450587   0.00195553
  0.02466777   0.00186623
  0.02483097   0.00177923
  0.02499527   0.00169453
  0.02516077   0.00161223
  0.02532747   0.00153223
  0.02549537   0.00145463
  0.02566427   0.00137943
  0.02583417   0.00130663
  0.02600517   0.00123633
  0.02617707   0.00116833
  0.02634997   0.00110293
  0.02652387   0.00103993
  0.02669857   0.00097933
  0.02687407   0.00092133
  0.02705037   0.00086583
  0.02722757   0.00081283
  0.02740537   0.00076233
  0.02758397   0.00071433
  0.02776297   0.00066803
  0.02794207   0.00062223
  0.02812127   0.00057683
  0.02830057   0.00053173
  0.02847997   0.00048713
  0.02865957   0.00044293
  0.02883917   0.00039923
  0.02901887   0.00035583
  0.02919867   0.00031293
  0.02937867   0.00027033
  0.02955867   0.00022823
  0.02973877   0.00018653
  0.02991897   0.00014523
  0.03009927   0.00010443
  0.03027977   0.00006393
  0.03046027   0.00002393
  0.03064077  -0.00001567
  0.03082147  -0.00005487
  0.03100227  -0.00009367
  0.03118317  -0.00013197
  0.03136407  -0.00016997
  0.03154507  -0.00020747
  0.03172627  -0.00024457
  0.03190747  -0.00028127
  0.03208877  -0.00031757
  0.03227007  -0.00035337
  0.03245157  -0.00038877
  0.03263307  -0.00042377
  0.03281477  -0.00045837
  0.03299647  -0.00049257
  0.03317817  -0.00052637
  0.03336007  -0.00055967
  0.03354197  -0.00059257
  0.03372397  -0.00062507
  0.03390607  -0.00065717
  0.03408827  -0.00068877
  0.03427047  -0.00071997
  0.03445277  -0.00075077
  0.03463517  -0.00078117
  0.03481757  -0.00081117
  0.03500007  -0.00084067
  0.03518267  -0.00086977
  0.03536537  -0.00089847
  0.03554807  -0.00092677
  0.03573077  -0.00095467
  0.03591367  -0.00098207
  0.03609657  -0.00100907
  0.03627947  -0.00103567
  0.03646257  -0.00106177
  0.03664567  -0.00108757
  0.03682877  -0.00111287
  0.03701197  -0.00113777
  0.03719527  -0.00116217
  0.03737857  -0.00118627
  0.03756187  -0.00120987
  0.03774537  -0.00123307
  0.03792877  -0.00125587
  0.03811237  -0.00127817
  0.03829587  -0.00130017
  0.03847957  -0.00132167
  0.03866327  -0.00134267
  0.03884697  -0.00136337
  0.03903077  -0.00138357
  0.03921457  -0.00140337
  0.03939847  -0.00142277
  0.03958237  -0.00144167
  0.03976627  -0.00146027
  0.03995027  -0.00147837
  0.04013427  -0.00149597
  0.04031837  -0.00151327
  0.04050247  -0.00153007
  0.04068667  -0.00154647
  0.04087087  -0.00156247
  0.04105507  -0.00157797
  0.04123937  -0.00159317
  0.04142367  -0.00160787
  0.04160797  -0.00162207
  0.04179237  -0.00163597
  0.04197677  -0.00164937
  0.04216117  -0.00166237
  0.04234567  -0.00167497
  0.04253017  -0.00168707
  0.04271467  -0.00169877
  0.04289917  -0.00171007
  0.04308377  -0.00172087
  0.04326837  -0.00173147
  0.04345287  -0.00174197
  0.04363747  -0.00175237
  0.04382207  -0.00176257
  0.04400667  -0.00177277
  0.04419137  -0.00178277
  0.04437597  -0.00179277
  0.04456057  -0.00180257
  0.04474517  -0.00181227
  0.04492987  -0.00182187
  0.04511447  -0.00183137
  0.04529917  -0.00184067
  0.04548377  -0.00184997
  0.04566847  -0.00185907
  0.04585307  -0.00186817
  0.04603777  -0.00187707
  0.04622247  -0.00188587
  0.04640717  -0.00189447
  0.04659177  -0.00190307
  0.04677647  -0.00191157
  0.04696117  -0.00191987
  0.04714587  -0.00192807
  0.04733057  -0.00193617
  0.04751537  -0.00194417
  0.04770007  -0.00195207
  0.04788477  -0.00195987
  0.04806947  -0.00196757
  0.04825417  -0.00197507
  0.04843897  -0.00198247
  0.04862367  -0.00198987
  0.04880847  -0.00199707
  0.04899317  -0.00200407
  0.04917797  -0.00201107
  0.04936267  -0.00201797
  0.04954747  -0.00202467
  0.04973227  -0.00203137
  0.04991697  -0.00203787
  0.05010177  -0.00204427
  0.05028657  -0.00205057
  0.05047137  -0.00205677
  0.05065607  -0.00206277
  0.05084087  -0.00206877
  0.05102567  -0.00207457
  0.05121047  -0.00208027
  0.05139527  -0.00208587
  0.05158007  -0.00209137
  0.05176487  -0.00209677
  0.05194967  -0.00210207
  0.05213457  -0.00210717
  0.05231937  -0.00211227
  0.05250417  -0.00211717
  0.05268897  -0.00212197
  0.05287377  -0.00212667
  0.05305867  -0.00213127
  0.05324347  -0.00213577
  0.05342827  -0.00214007
  0.05361317  -0.00214437
  0.05379797  -0.00214847
  0.05398277  -0.00215247
  0.05416767  -0.00215637
  0.05435247  -0.00216017
  0.05453737  -0.00216377
  0.05472217  -0.00216737
  0.05490707  -0.00217087
  0.05509187  -0.00217417
  0.05527677  -0.00217737
  0.05546167  -0.00218047
  0.05564647  -0.00218347
  0.05583137  -0.00218637
  0.05601617  -0.00218907
  0.05620107  -0.00219177
  0.05638597  -0.00219427
  0.05657077  -0.00219667
  0.05675567  -0.00219897
  0.05694057  -0.00220117
  0.05712547  -0.00220327
  0.05731027  -0.00220527
  0.05749517  -0.00220707
  0.05768007  -0.00220877
  0.05786497  -0.00221047
  0.05804977  -0.00221197
  0.05823467  -0.00221337
  0.05841957  -0.00221457
  0.05860447  -0.00221577
  0.05878937  -0.00221687
  0.05897417  -0.00221777
  0.05915907  -0.00221857
  0.05934397  -0.00221927
  0.05952887  -0.00221987
  0.05971377  -0.00222037
  0.05989867  -0.00222077
  0.06008357  -0.00222097
  0.06026837  -0.00222117
  0.06045327  -0.00222117
  0.06063817  -0.00222107
  0.06082307  -0.00222087
  0.06100797  -0.00222057
  0.06119287  -0.00222017
  0.06137767  -0.00221957
  0.06156257  -0.00221897
  0.06174747  -0.00221817
  0.06193237  -0.00221727
  0.06211727  -0.00221627
  0.06230217  -0.00221517
  0.06248697  -0.00221397
  0.06267187  -0.00221257
  0.06285677  -0.00221117
  0.06304167  -0.00220927
  0.06322647  -0.00220697
  0.06341137  -0.00220417
  0.06359627  -0.00220097
  0.06378107  -0.00219737
  0.06396597  -0.00219337
  0.06415077  -0.00218887
  0.06433557  -0.00218397
  0.06452037  -0.00217867
  0.06470517  -0.00217287
  0.06488997  -0.00216677
  0.06507477  -0.00216017
  0.06525947  -0.00215307
  0.06544417  -0.00214567
  0.06562897  -0.00213777
  0.06581367  -0.00212947
  0.06599827  -0.00212067
  0.06618297  -0.00211157
  0.06636757  -0.00210197
  0.06655217  -0.00209197
  0.06673677  -0.00208147
  0.06692137  -0.00207057
  0.06710587  -0.00205927
  0.06729037  -0.00204757
  0.06747487  -0.00203547
  0.06765937  -0.00202287
  0.06784377  -0.00200987
  0.06802817  -0.00199647
  0.06821257  -0.00198257
  0.06839687  -0.00196827
  0.06858117  -0.00195357
  0.06876547  -0.00193847
  0.06894967  -0.00192287
  0.06913387  -0.00190687
  0.06931807  -0.00189047
  0.06950217  -0.00187367
  0.06968617  -0.00185637
  0.06987027  -0.00183867
  0.07005427  -0.00182057
  0.07023817  -0.00180207
  0.07042207  -0.00178307
  0.07060597  -0.00176367
  0.07078977  -0.00174387
  0.07097357  -0.00172367
  0.07115727  -0.00170297
  0.07134097  -0.00168187
  0.07152457  -0.00166037
  0.07170817  -0.00163847
  0.07189167  -0.00161607
  0.07207517  -0.00159327
  0.07225857  -0.00157007
  0.07244197  -0.00154647
  0.07262527  -0.00152237
  0.07280857  -0.00149797
  0.07299177  -0.00147307
  0.07317487  -0.00144767
  0.07335797  -0.00142197
  0.07354097  -0.00139577
  0.07372397  -0.00136917
  0.07390687  -0.00134217
  0.07408967  -0.00131477
  0.07427247  -0.00128687
  0.07445517  -0.00125857
  0.07463777  -0.00122987
  0.07482037  -0.00120077
  0.07500287  -0.00117117
  0.07518537  -0.00114117
  0.07536767  -0.00111077
  0.07554997  -0.00107997
  0.07573227  -0.00104877
  0.07591437  -0.00101707
  0.07609647  -0.00098507
  0.07627847  -0.00095257
  0.07646037  -0.00091957
  0.07664227  -0.00088627
  0.07682407  -0.00085247
  0.07700577  -0.00081827
  0.07718737  -0.00078367
  0.07736887  -0.00074867
  0.07755037  -0.00071327
  0.07773167  -0.00067737
  0.07791297  -0.00064117
  0.07809417  -0.00060447
  0.07827537  -0.00056727
  0.07845627  -0.00052917
  0.07863657  -0.00048847
  0.07881637  -0.00044527
  0.07899547  -0.00039947
  0.07917397  -0.00035117
  0.07935167  -0.00030027
  0.07952867  -0.00024687
  0.07970497  -0.00019107
  0.07988037  -0.00013267
  0.08005497  -0.00007177
  0.08022857  -0.00000837
  0.08040137   0.00005743
  0.08057317   0.00012573
  0.08074407   0.00019643
  0.08091387   0.00026953
  0.08108257   0.00034503
  0.08125027   0.00042303
  0.08141677   0.00050333
  0.08158217   0.00058593
  0.08174637   0.00067103
  0.08190927   0.00075833
  0.08207097   0.00084793
  0.08223137   0.00093993
  0.08239047   0.00103413
  0.08254817   0.00113053
  0.08270457   0.00122923
  0.08285947   0.00133013
  0.08301287   0.00143323
  0.08316487   0.00153853
  0.08331537   0.00164593
  0.08346427   0.00175553
  0.08361167   0.00186713
  0.08375737   0.00198093
  0.08390157   0.00209673
  0.08404397   0.00221453
  0.08418477   0.00233443
  0.08432377   0.00245623
  0.08446107   0.00258003
  0.08459667   0.00270583
  0.08473037   0.00283353
  0.08486227   0.00296303
  0.08499227   0.00309443
  0.08512047   0.00322773
  0.08524677   0.00336273
  0.08537107   0.00349963
  0.08549337   0.00363823
  0.08561377   0.00377853
  0.08573217   0.00392053
  0.08584847   0.00406423
  0.08596277   0.00420963
  0.08607497   0.00435653
  0.08618507   0.00450503
  0.08629307   0.00465513
  0.08639887   0.00480673
  0.08650257   0.00495983
  0.08660407   0.00511433
  0.08670337   0.00527033
  0.08680037   0.00542773
  0.08689517   0.00558643
  0.08698767   0.00574653
  0.08707797   0.00590783
  0.08716587   0.00607043
  0.08725147   0.00623433
  0.08733477   0.00639943
  0.08741567   0.00656563
  0.08749427   0.00673303
  0.08757037   0.00690143
  0.08764417   0.00707103
  0.08771547   0.00724153
  0.08778437   0.00741313
  0.08785087   0.00758563
  0.08791487   0.00775913
  0.08797637   0.00793343
  0.08803547   0.00810863
  0.08809197   0.00828463
  0.08814607   0.00846153
  0.08819757   0.00863903
  0.08824657   0.00881733
  0.08829297   0.00899633
  0.08833687   0.00917583
  0.08837817   0.00935613
  0.08841697   0.00953683
  0.08845317   0.00971813
  0.08848677   0.00989993
  0.08851777   0.01008223
  0.08854627   0.01026493
  0.08857207   0.01044793
  0.08859527   0.01063143
  0.08861587   0.01081513
  0.08863387   0.01099913
  0.08864927   0.01118333
  0.08865067   0.01120253
  0.08865217   0.01122173
  0.08865357   0.01124093
  0.08865507   0.01126013
  0.08865647   0.01127933
  0.08865787   0.01129853
  0.08865937   0.01131773
  0.08866077   0.01133693
  0.08866227   0.01135613
  0.08866367   0.01137533
  0.08866507   0.01139443
  0.08866657   0.01141363
  0.08866797   0.01143283
  0.08866947   0.01145203
  0.08867087   0.01147123
  0.08867237   0.01149043
  0.08867377   0.01150963
  0.08867517   0.01152883
  0.08867667   0.01154803
  0.08867807   0.01156723
  0.08867957   0.01158643
  0.08868097   0.01160553
  0.08868237   0.01162473
  0.08868387   0.01164393
  0.08868527   0.01166313
  0.08868677   0.01168233
  0.08868817   0.01170153
  0.08868957   0.01172073
  0.08869107   0.01173993
  0.08869247   0.01175913
  0.08869397   0.01177833
  0.08869537   0.01179753
  0.08869687   0.01181663
  0.08869827   0.01183583
  0.08869967   0.01185503
  0.08870117   0.01187423
  0.08870257   0.01189343
  0.08870407   0.01191263
  0.08870547   0.01193183
  0.08870687   0.01195103
  0.08870837   0.01197023
  0.08870977   0.01198943
  0.08871127   0.01200863
  0.08871267   0.01202773
  0.08871407   0.01204693
  0.08871557   0.01206613
  0.08871697   0.01208533
  0.08871847   0.01210453
  0.08871987   0.01212373
  0.08872137   0.01214293
  0.08872277   0.01216213
  0.08872417   0.01218133
  0.08872567   0.01220053
  0.08872707   0.01221973
  0.08872857   0.01223883
  0.08872997   0.01225803
  0.08873137   0.01227723
  0.08873287   0.01229643
  0.08873427   0.01231563
  0.08873577   0.01233483
  0.08873717   0.01235403
  0.08873857   0.01237323
  0.08874007   0.01239243
  0.08874147   0.01241163
  0.08874297   0.01243083
  0.08874437   0.01244993
  0.08874587   0.01246913
  0.08874727   0.01248833
  0.08874867   0.01250753
  0.08875017   0.01252673
  0.08875157   0.01254593
  0.08875307   0.01256513
  0.08875447   0.01258433
  0.08875587   0.01260353
  0.08875737   0.01262273
  0.08875877   0.01264193
  0.08876027   0.01266103
  0.08876167   0.01268023
  0.08876307   0.01269943
  0.08876457   0.01271863
  0.08876597   0.01273783
  0.08876747   0.01275703
  0.08876887   0.01277623
  0.08877037   0.01279543
  0.08877177   0.01281463
  0.08877317   0.01283383
  0.08877467   0.01285303
  0.08877607   0.01287213
  0.08877757   0.01289133
  0.08877897   0.01291053
  0.08878037   0.01292973
  0.08878187   0.01294893
  0.08878327   0.01296813
  0.08878477   0.01298733
  0.08878617   0.01300653
  0.08878757   0.01302573
  0.08878907   0.01304493
  0.08879047   0.01306413
  0.08879197   0.01308323
  0.08879337   0.01310243
  0.08879487   0.01312163
  0.08879627   0.01314083
  0.08879767   0.01316003
  0.08879917   0.01317923
  0.08880057   0.01319843
  0.08880207   0.01321763
  0.08880347   0.01323683
  0.08880487   0.01325603
  0.08880637   0.01327523
  0.08880777   0.01329433
  0.08880927   0.01331353
  0.08881067   0.01333273
  0.08881207   0.01335193
  0.08881357   0.01337113
  0.08881497   0.01339033
  0.08881647   0.01340953
  0.08881787   0.01342873
  0.08881927   0.01344793
  0.08882077   0.01346713
  0.08882217   0.01348633
  0.08882367   0.01350543
  0.08882507   0.01352463
  0.08882657   0.01354383
  0.08882797   0.01356303
  0.08882937   0.01358223
  0.08883087   0.01360143
  0.08883227   0.01362063
  0.08883377   0.01363983
  0.08883517   0.01365903
  0.08883657   0.01367823
  0.08883807   0.01369743
  0.08883947   0.01371653
  0.08884097   0.01373573
  0.08884237   0.01375493
  0.08884377   0.01377413
  0.08884527   0.01379333
  0.08884667   0.01381253
  0.08884817   0.01383173
  0.08884957   0.01385093
  0.08885107   0.01387013
  0.08885247   0.01388933
  0.08885387   0.01390853
  0.08885537   0.01392763
  0.08885677   0.01394683
  0.08885827   0.01396603
  0.08885967   0.01398523
  0.08886107   0.01400443
  0.08886257   0.01402363
  0.08886397   0.01404283
  0.08886547   0.01406203
  0.08886687   0.01408123
  0.08886827   0.01410043
  0.08886977   0.01411963
  0.08887117   0.01413873
  0.08887267   0.01415793
  0.08887407   0.01417713
  0.08887557   0.01419633
  0.08887697   0.01421553
  0.08887837   0.01423473
  0.08887987   0.01425393
  0.08888127   0.01427313
  0.08888277   0.01429233
  0.08888417   0.01431153
  0.08888557   0.01433073
  0.08888707   0.01434983
  0.08888847   0.01436903
  0.08888997   0.01438823
  0.08889137   0.01440743
  0.08889277   0.01442663
  0.08889427   0.01444583
  0.08889567   0.01446503
  0.08889717   0.01448423
  0.08889857   0.01450343
  0.08890007   0.01452263
  0.08890147   0.01454183
  0.08890287   0.01456093
  0.08890437   0.01458013
  0.08890577   0.01459933
  0.08890727   0.01461853
  0.08890867   0.01463773
  0.08891007   0.01465693
  0.08891157   0.01467613
  0.08891297   0.01469533
  0.08891447   0.01471453
  0.08891587   0.01473373
  0.08891727   0.01475293
  0.08891877   0.01477203
  0.08892017   0.01479123
  0.08892167   0.01481043
  0.08892307   0.01482963
  0.08892457   0.01484883
  0.08892597   0.01486803
  0.08892737   0.01488723
  0.08892887   0.01490643
  0.08893027   0.01492563
  0.08893177   0.01494483
  0.08893317   0.01496403
  0.08893457   0.01498313
  0.08893607   0.01500233
  0.08893747   0.01502153
  0.08893897   0.01504073
  0.08894037   0.01505993
  0.08894177   0.01507913
  0.08894327   0.01509833
  0.08894467   0.01511753
  0.08894617   0.01513673
  0.08894757   0.01515593
  0.08894907   0.01517513
  0.08895047   0.01519423
  0.08895187   0.01521343
  0.08895337   0.01523263
  0.08895477   0.01525183
  0.08895627   0.01527103
  0.08895767   0.01529023
  0.08895907   0.01530943
  0.08896057   0.01532863
  0.08896197   0.01534783
  0.08896347   0.01536703
  0.08896487   0.01538623
  0.08896627   0.01540533
  0.08896777   0.01542453
  0.08896917   0.01544373
  0.08897067   0.01546293
  0.08897207   0.01548213
  0.08897347   0.01550133
  0.08897497   0.01552053
  0.08897637   0.01553973
  0.08897787   0.01555893
  0.08897927   0.01557813
  0.08898077   0.01559733
  0.08898217   0.01561643
  0.08898357   0.01563563
  0.08898507   0.01565483
  0.08898647   0.01567403
  0.08898797   0.01569323
  0.08898937   0.01571243
  0.08899077   0.01573163
  0.08899227   0.01575083
  0.08899367   0.01577003
  0.08899517   0.01578923
  0.08899657   0.01580843
  0.08899797   0.01582753
  0.08899947   0.01584673
  0.08900087   0.01586593
  0.08900237   0.01588513
  0.08900377   0.01590433
  0.08900527   0.01592353
  0.08900667   0.01594273
  0.08900807   0.01596193
  0.08900957   0.01598113
  0.08901097   0.01600033
  0.08901247   0.01601953
  0.08901387   0.01603863
  0.08901527   0.01605783
  0.08901677   0.01607703
  0.08901817   0.01609623
  0.08901967   0.01611543
  0.08902107   0.01613463
  0.08902247   0.01615383
  0.08902397   0.01617303
  0.08902537   0.01619223
  0.08902687   0.01621143
  0.08902827   0.01623063
  0.08902977   0.01624973
  0.08903117   0.01626893
  0.08903257   0.01628813
  0.08903407   0.01630733
  0.08903547   0.01632653
  0.08903697   0.01634573
  0.08903837   0.01636493
  0.08903977   0.01638413
  0.08904127   0.01640333
  0.08904267   0.01642253
  0.08904417   0.01644173
  0.08904557   0.01646083
  0.08904697   0.01648003
  0.08904847   0.01649923
  0.08904987   0.01651843
  0.08905137   0.01653763
  0.08905277   0.01655683
  0.08905427   0.01657603
  0.08905567   0.01659523
  0.08905707   0.01661443
  0.08905857   0.01663363
  0.08905997   0.01665283
  0.08906147   0.01667193
  0.08906287   0.01669113
  0.08906427   0.01671033
  0.08906577   0.01672953
  0.08906717   0.01674873
  0.08906867   0.01676793
  0.08907007   0.01678713
  0.08907147   0.01680633
  0.08907297   0.01682553
  0.08907437   0.01684473
  0.08907587   0.01686393
  0.08907727   0.01688303
  0.08907877   0.01690223
  0.08908017   0.01692143
  0.08908157   0.01694063
  0.08908307   0.01695983
  0.08908447   0.01697903
  0.08908597   0.01699823
  0.08908737   0.01701743
  0.08908877   0.01703663
  0.08909027   0.01705583
  0.08909167   0.01707503
  0.08909317   0.01709413
  0.08909457   0.01711333
  0.08909597   0.01713253
  0.08909747   0.01715173
  0.08909887   0.01717093
  0.08910037   0.01719013
  0.08910177   0.01720933
  0.08910317   0.01722853
  0.08910467   0.01724773
  0.08910607   0.01726693
  0.08910757   0.01728613
  0.08910897   0.01730523
  0.08911047   0.01732443
  0.08911187   0.01734363
  0.08911327   0.01736283
  0.08911477   0.01738203
  0.08911617   0.01740123
  0.08911767   0.01742043
  0.08911907   0.01743963
  0.08912047   0.01745883
  0.08912197   0.01747803
  0.08912337   0.01749723
  0.08912487   0.01751633
  0.08912627   0.01753553
  0.08912767   0.01755473
  0.08912917   0.01757393
  0.08913057   0.01759313
  0.08913207   0.01761233
  0.08913347   0.01763153
  0.08913497   0.01765073
  0.08913637   0.01766993
  0.08913777   0.01768913
  0.08913927   0.01770833
  0.08914067   0.01772743
  0.08914217   0.01774663
  0.08914357   0.01776583
  0.08914497   0.01778503
  0.08914647   0.01780423
  0.08914787   0.01782343
  0.08914937   0.01784263
  0.08915077   0.01786183
  0.08915217   0.01788103
  0.08915367   0.01790023
  0.08915507   0.01791943
  0.08915657   0.01793853
  0.08915797   0.01795773
  0.08915947   0.01797693
  0.08916087   0.01799613
  0.08916227   0.01801533
  0.08916377   0.01803453
  0.08916517   0.01805373
  0.08916667   0.01807293
  0.08916807   0.01809213
  0.08916947   0.01811133
  0.08917097   0.01813053
  0.08917237   0.01814963
  0.08917387   0.01816883
  0.08917527   0.01818803
  0.08917667   0.01820723
  0.08917817   0.01822643
  0.08917957   0.01824563
  0.08918107   0.01826483
  0.08918247   0.01828403
  0.08918397   0.01830323
  0.08918537   0.01832243
  0.08918677   0.01834163
  0.08918827   0.01836073
  0.08918967   0.01837993
  0.08919117   0.01839913
  0.08919257   0.01841833
  0.08919397   0.01843753
  0.08919547   0.01845673
  0.08919687   0.01847593
  0.08919837   0.01849513
  0.08919977   0.01851433
  0.08920117   0.01853353
  0.08920267   0.01855273
  0.08920407   0.01857183
  0.08920557   0.01859103
  0.08920697   0.01861023
  0.08920847   0.01862943
  0.08920987   0.01864863
  0.08921127   0.01866783
  0.08921277   0.01868703
  0.08921417   0.01870623
  0.08921567   0.01872543
  0.08921707   0.01874463
  0.08921847   0.01876383
  0.08921997   0.01878293
  0.08922137   0.01880213
  0.08922287   0.01882133
  0.08922427   0.01884053
  0.08922567   0.01885973
  0.08922717   0.01887893
  0.08922857   0.01889813
  0.08923007   0.01891733
  0.08923147   0.01893653
  0.08923297   0.01895573
  0.08923437   0.01897493
  0.08923577   0.01899403
  0.08923727   0.01901323
  0.08923867   0.01903243
  0.08924017   0.01905163
  0.08924157   0.01907083
  0.08924297   0.01909003
  0.08924447   0.01910923
  0.08924587   0.01912843
  0.08924737   0.01914763
  0.08924877   0.01916683
  0.08925017   0.01918603
  0.08925167   0.01920513
  0.08925307   0.01922433
  0.08925457   0.01924353
  0.08925597   0.01926273
  0.08925737   0.01928193
  0.08925887   0.01930113
  0.08926027   0.01932033
  0.08926177   0.01933953
  0.08926317   0.01935873
  0.08926467   0.01937793
  0.08926607   0.01939713
  0.08926747   0.01941623
  0.08926897   0.01943543
  0.08927037   0.01945463
  0.08927187   0.01947383
  0.08927327   0.01949303
  0.08927467   0.01951223
  0.08927617   0.01953143
  0.08927757   0.01955063
  0.08927907   0.01956983
  0.08928047   0.01958903
  0.08928187   0.01960823
  0.08928337   0.01962733
  0.08928477   0.01964653
  0.08928627   0.01966573
  0.08928767   0.01968493
  0.08928917   0.01970413
  0.08929057   0.01972333
  0.08929197   0.01974253
  0.08929347   0.01976173
  0.08929487   0.01978093
  0.08929637   0.01980013
  0.08929777   0.01981933
  0.08929917   0.01983843
  0.08930067   0.01985763
  0.08930207   0.01987683
  0.08930357   0.01989603
  0.08930497   0.01991523
  0.08930637   0.01993443
  0.08930787   0.01995363
  0.08930927   0.01997283
  0.08931077   0.01999203
  0.08931217   0.02001123
  0.08931367   0.02003043
  0.08931507   0.02004953
  0.08931647   0.02006873
  0.08931797   0.02008793
  0.08931937   0.02010713
  0.08932087   0.02012633
  0.08932227   0.02014553
  0.08932367   0.02016473
  0.08932517   0.02018393
  0.08932657   0.02020313
  0.08932807   0.02022233
  0.08932947   0.02024153
  0.08933087   0.02026063
  0.08933237   0.02027983
  0.08933377   0.02029903
  0.08933527   0.02031823
  0.08933667   0.02033743
  0.08933817   0.02035663
  0.08933957   0.02037583
  0.08934097   0.02039503
  0.08934247   0.02041423
  0.08934387   0.02043343
  0.08934537   0.02045263
  0.08934677   0.02047173
  0.08934817   0.02049093
  0.08934967   0.02051013
  0.08935107   0.02052933
  0.08935257   0.02054853
  0.08935397   0.02056773
  0.08935537   0.02058693
  0.08935687   0.02060613
  0.08935827   0.02062533
  0.08935977   0.02064453
  0.08936117   0.02066373
  0.08936267   0.02068283
  0.08936407   0.02070203
  0.08936547   0.02072123
  0.08936697   0.02074043
  0.08936837   0.02075963
  0.08936987   0.02077883
