  0.02359379   0.02095487
  0.02359839   0.02077007
  0.02360299   0.02058517
  0.02360769   0.02040037
  0.02361229   0.02021557
  0.02361689   0.02003077
  0.02362149   0.01984587
  0.02362609   0.01966107
  0.02363069   0.01947627
  0.02363529   0.01929147
  0.02363999   0.01910657
  0.02364459   0.01892177
  0.02364919   0.01873697
  0.02365379   0.01855207
  0.02365839   0.01836727
  0.02366299   0.01818247
  0.02366759   0.01799767
  0.02367229   0.01781277
  0.02367689   0.01762797
  0.02368149   0.01744317
  0.02368609   0.01725837
  0.02369069   0.01707347
  0.02369529   0.01688867
  0.02369989   0.01670387
  0.02370459   0.01651897
  0.02370919   0.01633417
  0.02371379   0.01614937
  0.02371839   0.01596457
  0.02372299   0.01577967
  0.02372759   0.01559487
  0.02373229   0.01541007
  0.02373689   0.01522527
  0.02374149   0.01504037
  0.02374609   0.01485557
  0.02375069   0.01467077
  0.02375529   0.01448587
  0.02375989   0.01430107
  0.02376459   0.01411627
  0.02376919   0.01393147
  0.02377379   0.01374657
  0.02377839   0.01356177
  0.02378299   0.01337697
  0.02378759   0.01319217
  0.02379299   0.01300727
  0.02380079   0.01282257
  0.02381129   0.01263797
  0.02382449   0.01245357
  0.02384019   0.01226937
  0.02385859   0.01208547
  0.02387959   0.01190177
  0.02390319   0.01171837
  0.02392939   0.01153537
  0.02395819   0.01135267
  0.02398959   0.01117047
  0.02402349   0.01098877
  0.02406009   0.01080757
  0.02409919   0.01062687
  0.02414099   0.01044677
  0.02418519   0.01026727
  0.02423199   0.01008837
  0.02428139   0.00991017
  0.02433319   0.00973277
  0.02438759   0.00955607
  0.02444449   0.00938017
  0.02450389   0.00920507
  0.02456579   0.00903087
  0.02463019   0.00885747
  0.02469699   0.00868507
  0.02476619   0.00851367
  0.02483789   0.00834327
  0.02491199   0.00817387
  0.02498849   0.00800557
  0.02506739   0.00783837
  0.02514869   0.00767227
  0.02523229   0.00750737
  0.02531819   0.00734377
  0.02540649   0.00718127
  0.02549709   0.00702007
  0.02558989   0.00686017
  0.02568509   0.00670167
  0.02578239   0.00654447
  0.02588199   0.00638877
  0.02598379   0.00623437
  0.02608779   0.00608157
  0.02619389   0.00593017
  0.02630219   0.00578027
  0.02641259   0.00563197
  0.02652509   0.00548527
  0.02663969   0.00534017
  0.02675629   0.00519677
  0.02687499   0.00505497
  0.02699559   0.00491487
  0.02711829   0.00477647
  0.02724289   0.00463997
  0.02736939   0.00450507
  0.02749779   0.00437217
  0.02762819   0.00424097
  0.02776029   0.00411167
  0.02789429   0.00398427
  0.02803009   0.00385877
  0.02816759   0.00373527
  0.02830689   0.00361367
  0.02844799   0.00349417
  0.02859069   0.00337657
  0.02873499   0.00326107
  0.02888099   0.00314767
  0.02902859   0.00303627
  0.02917769   0.00292707
  0.02932839   0.00281987
  0.02948059   0.00271497
  0.02963429   0.00261217
  0.02978939   0.00251157
  0.02994599   0.00241317
  0.03010389   0.00231707
  0.03026319   0.00222317
  0.03042369   0.00213157
  0.03058559   0.00204227
  0.03074879   0.00195527
  0.03091309   0.00187057
  0.03107859   0.00178827
  0.03124529   0.00170827
  0.03141319   0.00163067
  0.03158209   0.00155547
  0.03175199   0.00148267
  0.03192299   0.00141237
  0.03209489   0.00134437
  0.03226779   0.00127897
  0.03244169   0.00121597
  0.03261639   0.00115537
  0.03279189   0.00109737
  0.03296819   0.00104187
  0.03314539   0.00098887
  0.03332319   0.00093837
  0.03350179   0.00089037
  0.03368079   0.00084407
  0.03385989   0.00079827
  0.03403909   0.00075287
  0.03421839   0.00070777
  0.03439779   0.00066317
  0.03457739   0.00061897
  0.03475699   0.00057527
  0.03493669   0.00053187
  0.03511649   0.00048897
  0.03529649   0.00044637
  0.03547649   0.00040427
  0.03565659   0.00036257
  0.03583679   0.00032127
  0.03601709   0.00028047
  0.03619759   0.00023997
  0.03637809   0.00019997
  0.03655859   0.00016037
  0.03673929   0.00012117
  0.03692009   0.00008237
  0.03710099   0.00004407
  0.03728189   0.00000607
  0.03746289  -0.00003143
  0.03764409  -0.00006853
  0.03782529  -0.00010523
  0.03800659  -0.00014153
  0.03818789  -0.00017733
  0.03836939  -0.00021273
  0.03855089  -0.00024773
  0.03873259  -0.00028233
  0.03891429  -0.00031653
  0.03909599  -0.00035033
  0.03927789  -0.00038363
  0.03945979  -0.00041653
  0.03964179  -0.00044903
  0.03982389  -0.00048113
  0.04000609  -0.00051273
  0.04018829  -0.00054393
  0.04037059  -0.00057473
  0.04055299  -0.00060513
  0.04073539  -0.00063513
  0.04091789  -0.00066463
  0.04110049  -0.00069373
  0.04128319  -0.00072243
  0.04146589  -0.00075073
  0.04164859  -0.00077863
  0.04183149  -0.00080603
  0.04201439  -0.00083303
  0.04219729  -0.00085963
  0.04238039  -0.00088573
  0.04256349  -0.00091153
  0.04274659  -0.00093683
  0.04292979  -0.00096173
  0.04311309  -0.00098613
  0.04329639  -0.00101023
  0.04347969  -0.00103383
  0.04366319  -0.00105703
  0.04384659  -0.00107983
  0.04403019  -0.00110213
  0.04421369  -0.00112413
  0.04439739  -0.00114563
  0.04458109  -0.00116663
  0.04476479  -0.00118733
  0.04494859  -0.00120753
  0.04513239  -0.00122733
  0.04531629  -0.00124673
  0.04550019  -0.00126563
  0.04568409  -0.00128423
  0.04586809  -0.00130233
  0.04605209  -0.00131993
  0.04623619  -0.00133723
  0.04642029  -0.00135403
  0.04660449  -0.00137043
  0.04678869  -0.00138643
  0.04697289  -0.00140193
  0.04715719  -0.00141713
  0.04734149  -0.00143183
  0.04752579  -0.00144603
  0.04771019  -0.00145993
  0.04789459  -0.00147333
  0.04807899  -0.00148633
  0.04826349  -0.00149893
  0.04844799  -0.00151103
  0.04863249  -0.00152273
  0.04881699  -0.00153403
  0.04900159  -0.00154483
  0.04918619  -0.00155543
  0.04937069  -0.00156593
  0.04955529  -0.00157633
  0.04973989  -0.00158653
  0.04992449  -0.00159673
  0.05010919  -0.00160673
  0.05029379  -0.00161673
  0.05047839  -0.00162653
  0.05066299  -0.00163623
  0.05084769  -0.00164583
  0.05103229  -0.00165533
  0.05121699  -0.00166463
  0.05140159  -0.00167393
  0.05158629  -0.00168303
  0.05177089  -0.00169213
  0.05195559  -0.00170103
  0.05214029  -0.00170983
  0.05232499  -0.00171843
  0.05250959  -0.00172703
  0.05269429  -0.00173553
  0.05287899  -0.00174383
  0.05306369  -0.00175203
  0.05324839  -0.00176013
  0.05343319  -0.00176813
  0.05361789  -0.00177603
  0.05380259  -0.00178383
  0.05398729  -0.00179153
  0.05417199  -0.00179903
  0.05435679  -0.00180643
  0.05454149  -0.00181383
  0.05472629  -0.00182103
  0.05491099  -0.00182803
  0.05509579  -0.00183503
  0.05528049  -0.00184193
  0.05546529  -0.00184863
  0.05565009  -0.00185533
  0.05583479  -0.00186183
  0.05601959  -0.00186823
  0.05620439  -0.00187453
  0.05638919  -0.00188073
  0.05657389  -0.00188673
  0.05675869  -0.00189273
  0.05694349  -0.00189853
  0.05712829  -0.00190423
  0.05731309  -0.00190983
  0.05749789  -0.00191533
  0.05768269  -0.00192073
  0.05786749  -0.00192603
  0.05805239  -0.00193113
  0.05823719  -0.00193623
  0.05842199  -0.00194113
  0.05860679  -0.00194593
  0.05879159  -0.00195063
  0.05897649  -0.00195523
  0.05916129  -0.00195973
  0.05934609  -0.00196403
  0.05953099  -0.00196833
  0.05971579  -0.00197243
  0.05990059  -0.00197643
  0.06008549  -0.00198033
  0.06027029  -0.00198413
  0.06045519  -0.00198773
  0.06063999  -0.00199133
  0.06082489  -0.00199483
  0.06100969  -0.00199813
  0.06119459  -0.00200133
  0.06137949  -0.00200443
  0.06156429  -0.00200743
  0.06174919  -0.00201033
  0.06193399  -0.00201303
  0.06211889  -0.00201573
  0.06230379  -0.00201823
  0.06248859  -0.00202063
  0.06267349  -0.00202293
  0.06285839  -0.00202513
  0.06304329  -0.00202723
  0.06322809  -0.00202923
  0.06341299  -0.00203103
  0.06359789  -0.00203273
  0.06378279  -0.00203443
  0.06396759  -0.00203593
  0.06415249  -0.00203733
  0.06433739  -0.00203853
  0.06452229  -0.00203973
  0.06470719  -0.00204083
  0.06489199  -0.00204173
  0.06507689  -0.00204253
  0.06526179  -0.00204323
  0.06544669  -0.00204383
  0.06563159  -0.00204433
  0.06581649  -0.00204473
  0.06600139  -0.00204493
  0.06618619  -0.00204513
  0.06637109  -0.00204513
  0.06655599  -0.00204503
  0.06674089  -0.00204483
  0.06692579  -0.00204453
  0.06711069  -0.00204413
  0.06729549  -0.00204353
  0.06748039  -0.00204293
  0.06766529  -0.00204213
  0.06785019  -0.00204123
  0.06803509  -0.00204023
  0.06821999  -0.00203913
  0.06840479  -0.00203793
  0.06858969  -0.00203653
  0.06877459  -0.00203513
  0.06895949  -0.00203323
  0.06914429  -0.00203093
  0.06932919  -0.00202813
  0.06951409  -0.00202493
  0.06969889  -0.00202133
  0.06988379  -0.00201733
  0.07006859  -0.00201283
  0.07025339  -0.00200793
  0.07043819  -0.00200263
  0.07062299  -0.00199683
  0.07080779  -0.00199073
  0.07099259  -0.00198413
  0.07117729  -0.00197703
  0.07136199  -0.00196963
  0.07154679  -0.00196173
  0.07173149  -0.00195343
  0.07191609  -0.00194463
  0.07210079  -0.00193553
  0.07228539  -0.00192593
  0.07246999  -0.00191593
  0.07265459  -0.00190543
  0.07283919  -0.00189453
  0.07302369  -0.00188323
  0.07320819  -0.00187153
  0.07339269  -0.00185943
  0.07357719  -0.00184683
  0.07376159  -0.00183383
  0.07394599  -0.00182043
  0.07413039  -0.00180653
  0.07431469  -0.00179223
  0.07449899  -0.00177753
  0.07468329  -0.00176243
  0.07486749  -0.00174683
  0.07505169  -0.00173083
  0.07523589  -0.00171443
  0.07541999  -0.00169763
  0.07560399  -0.00168033
  0.07578809  -0.00166263
  0.07597209  -0.00164453
  0.07615599  -0.00162603
  0.07633989  -0.00160703
  0.07652379  -0.00158763
  0.07670759  -0.00156783
  0.07689139  -0.00154763
  0.07707509  -0.00152693
  0.07725879  -0.00150583
  0.07744239  -0.00148433
  0.07762599  -0.00146243
  0.07780949  -0.00144003
  0.07799299  -0.00141723
  0.07817639  -0.00139403
  0.07835979  -0.00137043
  0.07854309  -0.00134633
  0.07872639  -0.00132193
  0.07890959  -0.00129703
  0.07909269  -0.00127163
  0.07927579  -0.00124593
  0.07945879  -0.00121973
  0.07964179  -0.00119313
  0.07982469  -0.00116613
  0.08000749  -0.00113873
  0.08019029  -0.00111083
  0.08037299  -0.00108253
  0.08055559  -0.00105383
  0.08073819  -0.00102473
  0.08092069  -0.00099513
  0.08110319  -0.00096513
  0.08128549  -0.00093473
  0.08146779  -0.00090393
  0.08165009  -0.00087273
  0.08183219  -0.00084103
  0.08201429  -0.00080903
  0.08219629  -0.00077653
  0.08237819  -0.00074353
  0.08256009  -0.00071023
  0.08274189  -0.00067643
  0.08292359  -0.00064223
  0.08310519  -0.00060763
  0.08328669  -0.00057263
  0.08346819  -0.00053723
  0.08364949  -0.00050133
  0.08383079  -0.00046513
  0.08401199  -0.00042843
  0.08419319  -0.00039123
  0.08437409  -0.00035313
  0.08455439  -0.00031243
  0.08473419  -0.00026923
  0.08491329  -0.00022343
  0.08509179  -0.00017513
  0.08526949  -0.00012423
  0.08544649  -0.00007083
  0.08562279  -0.00001503
  0.08579819   0.00004337
  0.08597279   0.00010427
  0.08614639   0.00016767
  0.08631919   0.00023347
  0.08649099   0.00030177
  0.08666189   0.00037247
  0.08683169   0.00044557
  0.08700039   0.00052107
  0.08716809   0.00059907
  0.08733459   0.00067937
  0.08749999   0.00076197
  0.08766419   0.00084707
  0.08782709   0.00093437
  0.08798879   0.00102397
  0.08814919   0.00111597
  0.08830829   0.00121017
  0.08846599   0.00130657
  0.08862239   0.00140527
  0.08877729   0.00150617
  0.08893069   0.00160927
  0.08908269   0.00171457
  0.08923319   0.00182197
  0.08938209   0.00193157
  0.08952949   0.00204317
  0.08967519   0.00215697
  0.08981939   0.00227277
  0.08996179   0.00239057
  0.09010259   0.00251047
  0.09024159   0.00263227
  0.09037889   0.00275607
  0.09051449   0.00288187
  0.09064819   0.00300957
  0.09078009   0.00313907
  0.09091009   0.00327047
  0.09103829   0.00340377
  0.09116459   0.00353877
  0.09128889   0.00367567
  0.09141119   0.00381427
  0.09153159   0.00395457
  0.09164999   0.00409657
  0.09176629   0.00424027
  0.09188059   0.00438567
  0.09199279   0.00453257
  0.09210289   0.00468107
  0.09221089   0.00483117
  0.09231669   0.00498277
  0.09242039   0.00513587
  0.09252189   0.00529037
  0.09262119   0.00544637
  0.09271819   0.00560377
  0.09281299   0.00576247
  0.09290549   0.00592257
  0.09299579   0.00608387
  0.09308369   0.00624647
  0.09316929   0.00641037
  0.09325259   0.00657547
  0.09333349   0.00674167
  0.09341209   0.00690907
  0.09348819   0.00707747
  0.09356199   0.00724707
  0.09363329   0.00741757
  0.09370219   0.00758917
  0.09376869   0.00776167
  0.09383269   0.00793517
  0.09389419   0.00810947
  0.09395329   0.00828467
  0.09400979   0.00846067
  0.09406389   0.00863757
  0.09411539   0.00881507
  0.09416439   0.00899337
  0.09421079   0.00917237
  0.09425469   0.00935187
  0.09429599   0.00953217
  0.09433479   0.00971287
  0.09437099   0.00989417
  0.09440459   0.01007597
  0.09443559   0.01025827
  0.09446409   0.01044097
  0.09448989   0.01062397
  0.09451309   0.01080747
  0.09453369   0.01099117
  0.09455169   0.01117517
  0.09456709   0.01135937
  0.09456849   0.01137857
  0.09456999   0.01139777
  0.09457139   0.01141697
  0.09457289   0.01143617
  0.09457429   0.01145537
  0.09457569   0.01147457
  0.09457719   0.01149377
  0.09457859   0.01151297
  0.09458009   0.01153217
  0.09458149   0.01155137
  0.09458289   0.01157047
  0.09458439   0.01158967
  0.09458579   0.01160887
  0.09458729   0.01162807
  0.09458869   0.01164727
  0.09459019   0.01166647
  0.09459159   0.01168567
  0.09459299   0.01170487
  0.09459449   0.01172407
  0.09459589   0.01174327
  0.09459739   0.01176247
  0.09459879   0.01178157
  0.09460019   0.01180077
  0.09460169   0.01181997
  0.09460309   0.01183917
  0.09460459   0.01185837
  0.09460599   0.01187757
  0.09460739   0.01189677
  0.09460889   0.01191597
  0.09461029   0.01193517
  0.09461179   0.01195437
  0.09461319   0.01197357
  0.09461469   0.01199267
  0.09461609   0.01201187
  0.09461749   0.01203107
  0.09461899   0.01205027
  0.09462039   0.01206947
  0.09462189   0.01208867
  0.09462329   0.01210787
  0.09462469   0.01212707
  0.09462619   0.01214627
  0.09462759   0.01216547
  0.09462909   0.01218467
  0.09463049   0.01220377
  0.09463189   0.01222297
  0.09463339   0.01224217
  0.09463479   0.01226137
  0.09463629   0.01228057
  0.09463769   0.01229977
  0.09463919   0.01231897
  0.09464059   0.01233817
  0.09464199   0.01235737
  0.09464349   0.01237657
  0.09464489   0.01239577
  0.09464639   0.01241487
  0.09464779   0.01243407
  0.09464919   0.01245327
  0.09465069   0.01247247
  0.09465209   0.01249167
  0.09465359   0.01251087
  0.09465499   0.01253007
  0.09465639   0.01254927
  0.09465789   0.01256847
  0.09465929   0.01258767
  0.09466079   0.01260687
  0.09466219   0.01262597
  0.09466369   0.01264517
  0.09466509   0.01266437
  0.09466649   0.01268357
  0.09466799   0.01270277
  0.09466939   0.01272197
  0.09467089   0.01274117
  0.09467229   0.01276037
  0.09467369   0.01277957
  0.09467519   0.01279877
  0.09467659   0.01281797
  0.09467809   0.01283707
  0.09467949   0.01285627
  0.09468089   0.01287547
  0.09468239   0.01289467
  0.09468379   0.01291387
  0.09468529   0.01293307
  0.09468669   0.01295227
  0.09468819   0.01297147
  0.09468959   0.01299067
  0.09469099   0.01300987
  0.09469249   0.01302907
  0.09469389   0.01304817
  0.09469539   0.01306737
  0.09469679   0.01308657
  0.09469819   0.01310577
  0.09469969   0.01312497
  0.09470109   0.01314417
  0.09470259   0.01316337
  0.09470399   0.01318257
  0.09470539   0.01320177
  0.09470689   0.01322097
  0.09470829   0.01324017
  0.09470979   0.01325927
  0.09471119   0.01327847
  0.09471269   0.01329767
  0.09471409   0.01331687
  0.09471549   0.01333607
  0.09471699   0.01335527
  0.09471839   0.01337447
  0.09471989   0.01339367
  0.09472129   0.01341287
  0.09472269   0.01343207
  0.09472419   0.01345127
  0.09472559   0.01347037
  0.09472709   0.01348957
  0.09472849   0.01350877
  0.09472989   0.01352797
  0.09473139   0.01354717
  0.09473279   0.01356637
  0.09473429   0.01358557
  0.09473569   0.01360477
  0.09473709   0.01362397
  0.09473859   0.01364317
  0.09473999   0.01366237
  0.09474149   0.01368147
  0.09474289   0.01370067
  0.09474439   0.01371987
  0.09474579   0.01373907
  0.09474719   0.01375827
  0.09474869   0.01377747
  0.09475009   0.01379667
  0.09475159   0.01381587
  0.09475299   0.01383507
  0.09475439   0.01385427
  0.09475589   0.01387347
  0.09475729   0.01389257
  0.09475879   0.01391177
  0.09476019   0.01393097
  0.09476159   0.01395017
  0.09476309   0.01396937
  0.09476449   0.01398857
  0.09476599   0.01400777
  0.09476739   0.01402697
  0.09476889   0.01404617
  0.09477029   0.01406537
  0.09477169   0.01408457
  0.09477319   0.01410367
  0.09477459   0.01412287
  0.09477609   0.01414207
  0.09477749   0.01416127
  0.09477889   0.01418047
  0.09478039   0.01419967
  0.09478179   0.01421887
  0.09478329   0.01423807
  0.09478469   0.01425727
  0.09478609   0.01427647
  0.09478759   0.01429567
  0.09478899   0.01431477
  0.09479049   0.01433397
  0.09479189   0.01435317
  0.09479339   0.01437237
  0.09479479   0.01439157
  0.09479619   0.01441077
  0.09479769   0.01442997
  0.09479909   0.01444917
  0.09480059   0.01446837
  0.09480199   0.01448757
  0.09480339   0.01450677
  0.09480489   0.01452587
  0.09480629   0.01454507
  0.09480779   0.01456427
  0.09480919   0.01458347
  0.09481059   0.01460267
  0.09481209   0.01462187
  0.09481349   0.01464107
  0.09481499   0.01466027
  0.09481639   0.01467947
  0.09481789   0.01469867
  0.09481929   0.01471787
  0.09482069   0.01473697
  0.09482219   0.01475617
  0.09482359   0.01477537
  0.09482509   0.01479457
  0.09482649   0.01481377
  0.09482789   0.01483297
  0.09482939   0.01485217
  0.09483079   0.01487137
  0.09483229   0.01489057
  0.09483369   0.01490977
  0.09483509   0.01492897
  0.09483659   0.01494807
  0.09483799   0.01496727
  0.09483949   0.01498647
  0.09484089   0.01500567
  0.09484239   0.01502487
  0.09484379   0.01504407
  0.09484519   0.01506327
  0.09484669   0.01508247
  0.09484809   0.01510167
  0.09484959   0.01512087
  0.09485099   0.01514007
  0.09485239   0.01515917
  0.09485389   0.01517837
  0.09485529   0.01519757
  0.09485679   0.01521677
  0.09485819   0.01523597
  0.09485959   0.01525517
  0.09486109   0.01527437
  0.09486249   0.01529357
  0.09486399   0.01531277
  0.09486539   0.01533197
  0.09486689   0.01535117
  0.09486829   0.01537027
  0.09486969   0.01538947
  0.09487119   0.01540867
  0.09487259   0.01542787
  0.09487409   0.01544707
  0.09487549   0.01546627
  0.09487689   0.01548547
  0.09487839   0.01550467
  0.09487979   0.01552387
  0.09488129   0.01554307
  0.09488269   0.01556227
  0.09488409   0.01558137
  0.09488559   0.01560057
  0.09488699   0.01561977
  0.09488849   0.01563897
  0.09488989   0.01565817
  0.09489129   0.01567737
  0.09489279   0.01569657
  0.09489419   0.01571577
  0.09489569   0.01573497
  0.09489709   0.01575417
  0.09489859   0.01577337
  0.09489999   0.01579247
  0.09490139   0.01581167
  0.09490289   0.01583087
  0.09490429   0.01585007
  0.09490579   0.01586927
  0.09490719   0.01588847
  0.09490859   0.01590767
  0.09491009   0.01592687
  0.09491149   0.01594607
  0.09491299   0.01596527
  0.09491439   0.01598447
  0.09491579   0.01600357
  0.09491729   0.01602277
  0.09491869   0.01604197
  0.09492019   0.01606117
  0.09492159   0.01608037
  0.09492309   0.01609957
  0.09492449   0.01611877
  0.09492589   0.01613797
  0.09492739   0.01615717
  0.09492879   0.01617637
  0.09493029   0.01619557
  0.09493169   0.01621467
  0.09493309   0.01623387
  0.09493459   0.01625307
  0.09493599   0.01627227
  0.09493749   0.01629147
  0.09493889   0.01631067
  0.09494029   0.01632987
  0.09494179   0.01634907
  0.09494319   0.01636827
  0.09494469   0.01638747
  0.09494609   0.01640667
  0.09494759   0.01642577
  0.09494899   0.01644497
  0.09495039   0.01646417
  0.09495189   0.01648337
  0.09495329   0.01650257
  0.09495479   0.01652177
  0.09495619   0.01654097
  0.09495759   0.01656017
  0.09495909   0.01657937
  0.09496049   0.01659857
  0.09496199   0.01661777
  0.09496339   0.01663687
  0.09496479   0.01665607
  0.09496629   0.01667527
  0.09496769   0.01669447
  0.09496919   0.01671367
  0.09497059   0.01673287
  0.09497209   0.01675207
  0.09497349   0.01677127
  0.09497489   0.01679047
  0.09497639   0.01680967
  0.09497779   0.01682887
  0.09497929   0.01684797
  0.09498069   0.01686717
  0.09498209   0.01688637
  0.09498359   0.01690557
  0.09498499   0.01692477
  0.09498649   0.01694397
  0.09498789   0.01696317
  0.09498929   0.01698237
  0.09499079   0.01700157
  0.09499219   0.01702077
  0.09499369   0.01703997
  0.09499509   0.01705907
  0.09499659   0.01707827
  0.09499799   0.01709747
  0.09499939   0.01711667
  0.09500089   0.01713587
  0.09500229   0.01715507
  0.09500379   0.01717427
  0.09500519   0.01719347
  0.09500659   0.01721267
  0.09500809   0.01723187
  0.09500949   0.01725107
  0.09501099   0.01727017
  0.09501239   0.01728937
  0.09501379   0.01730857
  0.09501529   0.01732777
  0.09501669   0.01734697
  0.09501819   0.01736617
  0.09501959   0.01738537
  0.09502099   0.01740457
  0.09502249   0.01742377
  0.09502389   0.01744297
  0.09502539   0.01746217
  0.09502679   0.01748127
  0.09502829   0.01750047
  0.09502969   0.01751967
  0.09503109   0.01753887
  0.09503259   0.01755807
  0.09503399   0.01757727
  0.09503549   0.01759647
  0.09503689   0.01761567
  0.09503829   0.01763487
  0.09503979   0.01765407
  0.09504119   0.01767327
  0.09504269   0.01769237
  0.09504409   0.01771157
  0.09504549   0.01773077
  0.09504699   0.01774997
  0.09504839   0.01776917
  0.09504989   0.01778837
  0.09505129   0.01780757
  0.09505279   0.01782677
  0.09505419   0.01784597
  0.09505559   0.01786517
  0.09505709   0.01788437
  0.09505849   0.01790347
  0.09505999   0.01792267
  0.09506139   0.01794187
  0.09506279   0.01796107
  0.09506429   0.01798027
  0.09506569   0.01799947
  0.09506719   0.01801867
  0.09506859   0.01803787
  0.09506999   0.01805707
  0.09507149   0.01807627
  0.09507289   0.01809547
  0.09507439   0.01811457
  0.09507579   0.01813377
  0.09507729   0.01815297
  0.09507869   0.01817217
  0.09508009   0.01819137
  0.09508159   0.01821057
  0.09508299   0.01822977
  0.09508449   0.01824897
  0.09508589   0.01826817
  0.09508729   0.01828737
  0.09508879   0.01830657
  0.09509019   0.01832567
  0.09509169   0.01834487
  0.09509309   0.01836407
  0.09509449   0.01838327
  0.09509599   0.01840247
  0.09509739   0.01842167
  0.09509889   0.01844087
  0.09510029   0.01846007
  0.09510179   0.01847927
  0.09510319   0.01849847
  0.09510459   0.01851767
  0.09510609   0.01853677
  0.09510749   0.01855597
  0.09510899   0.01857517
  0.09511039   0.01859437
  0.09511179   0.01861357
  0.09511329   0.01863277
  0.09511469   0.01865197
  0.09511619   0.01867117
  0.09511759   0.01869037
  0.09511899   0.01870957
  0.09512049   0.01872877
  0.09512189   0.01874787
  0.09512339   0.01876707
  0.09512479   0.01878627
  0.09512629   0.01880547
  0.09512769   0.01882467
  0.09512909   0.01884387
  0.09513059   0.01886307
  0.09513199   0.01888227
  0.09513349   0.01890147
  0.09513489   0.01892067
  0.09513629   0.01893987
  0.09513779   0.01895897
  0.09513919   0.01897817
  0.09514069   0.01899737
  0.09514209   0.01901657
  0.09514349   0.01903577
  0.09514499   0.01905497
  0.09514639   0.01907417
  0.09514789   0.01909337
  0.09514929   0.01911257
  0.09515079   0.01913177
  0.09515219   0.01915097
  0.09515359   0.01917007
  0.09515509   0.01918927
  0.09515649   0.01920847
  0.09515799   0.01922767
  0.09515939   0.01924687
  0.09516079   0.01926607
  0.09516229   0.01928527
  0.09516369   0.01930447
  0.09516519   0.01932367
  0.09516659   0.01934287
  0.09516799   0.01936207
  0.09516949   0.01938117
  0.09517089   0.01940037
  0.09517239   0.01941957
  0.09517379   0.01943877
  0.09517519   0.01945797
  0.09517669   0.01947717
  0.09517809   0.01949637
  0.09517959   0.01951557
  0.09518099   0.01953477
  0.09518249   0.01955397
  0.09518389   0.01957317
  0.09518529   0.01959227
  0.09518679   0.01961147
  0.09518819   0.01963067
  0.09518969   0.01964987
  0.09519109   0.01966907
  0.09519249   0.01968827
  0.09519399   0.01970747
  0.09519539   0.01972667
  0.09519689   0.01974587
  0.09519829   0.01976507
  0.09519969   0.01978427
  0.09520119   0.01980337
  0.09520259   0.01982257
  0.09520409   0.01984177
  0.09520549   0.01986097
  0.09520699   0.01988017
  0.09520839   0.01989937
  0.09520979   0.01991857
  0.09521129   0.01993777
  0.09521269   0.01995697
  0.09521419   0.01997617
  0.09521559   0.01999537
  0.09521699   0.02001447
  0.09521849   0.02003367
  0.09521989   0.02005287
  0.09522139   0.02007207
  0.09522279   0.02009127
  0.09522419   0.02011047
  0.09522569   0.02012967
  0.09522709   0.02014887
  0.09522859   0.02016807
  0.09522999   0.02018727
  0.09523149   0.02020647
  0.09523289   0.02022557
  0.09523429   0.02024477
  0.09523579   0.02026397
  0.09523719   0.02028317
  0.09523869   0.02030237
  0.09524009   0.02032157
  0.09524149   0.02034077
  0.09524299   0.02035997
  0.09524439   0.02037917
  0.09524589   0.02039837
  0.09524729   0.02041757
  0.09524869   0.02043667
  0.09525019   0.02045587
  0.09525159   0.02047507
  0.09525309   0.02049427
  0.09525449   0.02051347
  0.09525599   0.02053267
  0.09525739   0.02055187
  0.09525879   0.02057107
  0.09526029   0.02059027
  0.09526169   0.02060947
  0.09526319   0.02062867
  0.09526459   0.02064777
  0.09526599   0.02066697
  0.09526749   0.02068617
  0.09526889   0.02070537
  0.09527039   0.02072457
  0.09527179   0.02074377
  0.09527319   0.02076297
  0.09527469   0.02078217
  0.09527609   0.02080137
  0.09527759   0.02082057
  0.09527899   0.02083977
  0.09528049   0.02085887
  0.09528189   0.02087807
  0.09528329   0.02089727
  0.09528479   0.02091647
  0.09528619   0.02093567
  0.09528769   0.02095487
