  0.01895597   0.02072260
  0.01896057   0.02053780
  0.01896517   0.02035290
  0.01896987   0.02016810
  0.01897447   0.01998330
  0.01897907   0.01979850
  0.01898367   0.01961360
  0.01898827   0.01942880
  0.01899287   0.01924400
  0.01899747   0.01905920
  0.01900217   0.01887430
  0.01900677   0.01868950
  0.01901137   0.01850470
  0.01901597   0.01831980
  0.01902057   0.01813500
  0.01902517   0.01795020
  0.01902977   0.01776540
  0.01903447   0.01758050
  0.01903907   0.01739570
  0.01904367   0.01721090
  0.01904827   0.01702610
  0.01905287   0.01684120
  0.01905747   0.01665640
  0.01906207   0.01647160
  0.01906677   0.01628670
  0.01907137   0.01610190
  0.01907597   0.01591710
  0.01908057   0.01573230
  0.01908517   0.01554740
  0.01908977   0.01536260
  0.01909447   0.01517780
  0.01909907   0.01499300
  0.01910367   0.01480810
  0.01910827   0.01462330
  0.01911287   0.01443850
  0.01911747   0.01425360
  0.01912207   0.01406880
  0.01912677   0.01388400
  0.01913137   0.01369920
  0.01913597   0.01351430
  0.01914057   0.01332950
  0.01914517   0.01314470
  0.01914977   0.01295990
  0.01915517   0.01277500
  0.01916297   0.01259030
  0.01917347   0.01240570
  0.01918667   0.01222130
  0.01920237   0.01203710
  0.01922077   0.01185320
  0.01924177   0.01166950
  0.01926537   0.01148610
  0.01929157   0.01130310
  0.01932037   0.01112040
  0.01935177   0.01093820
  0.01938567   0.01075650
  0.01942227   0.01057530
  0.01946137   0.01039460
  0.01950317   0.01021450
  0.01954737   0.01003500
  0.01959417   0.00985610
  0.01964357   0.00967790
  0.01969537   0.00950050
  0.01974977   0.00932380
  0.01980667   0.00914790
  0.01986607   0.00897280
  0.01992797   0.00879860
  0.01999237   0.00862520
  0.02005917   0.00845280
  0.02012837   0.00828140
  0.02020007   0.00811100
  0.02027417   0.00794160
  0.02035067   0.00777330
  0.02042957   0.00760610
  0.02051087   0.00744000
  0.02059447   0.00727510
  0.02068037   0.00711150
  0.02076867   0.00694900
  0.02085927   0.00678780
  0.02095207   0.00662790
  0.02104727   0.00646940
  0.02114457   0.00631220
  0.02124417   0.00615650
  0.02134597   0.00600210
  0.02144997   0.00584930
  0.02155607   0.00569790
  0.02166437   0.00554800
  0.02177477   0.00539970
  0.02188727   0.00525300
  0.02200187   0.00510790
  0.02211847   0.00496450
  0.02223717   0.00482270
  0.02235777   0.00468260
  0.02248047   0.00454420
  0.02260507   0.00440770
  0.02273157   0.00427280
  0.02285997   0.00413990
  0.02299037   0.00400870
  0.02312247   0.00387940
  0.02325647   0.00375200
  0.02339227   0.00362650
  0.02352977   0.00350300
  0.02366907   0.00338140
  0.02381017   0.00326190
  0.02395287   0.00314430
  0.02409717   0.00302880
  0.02424317   0.00291540
  0.02439077   0.00280400
  0.02453987   0.00269480
  0.02469057   0.00258760
  0.02484277   0.00248270
  0.02499647   0.00237990
  0.02515157   0.00227930
  0.02530817   0.00218090
  0.02546607   0.00208480
  0.02562537   0.00199090
  0.02578587   0.00189930
  0.02594777   0.00181000
  0.02611097   0.00172300
  0.02627527   0.00163830
  0.02644077   0.00155600
  0.02660747   0.00147600
  0.02677537   0.00139840
  0.02694427   0.00132320
  0.02711417   0.00125040
  0.02728517   0.00118010
  0.02745707   0.00111210
  0.02762997   0.00104670
  0.02780387   0.00098370
  0.02797857   0.00092310
  0.02815407   0.00086510
  0.02833037   0.00080960
  0.02850757   0.00075660
  0.02868537   0.00070610
  0.02886397   0.00065810
  0.02904297   0.00061180
  0.02922207   0.00056600
  0.02940127   0.00052060
  0.02958057   0.00047550
  0.02975997   0.00043090
  0.02993957   0.00038670
  0.03011917   0.00034300
  0.03029887   0.00029960
  0.03047867   0.00025670
  0.03065867   0.00021410
  0.03083867   0.00017200
  0.03101877   0.00013030
  0.03119897   0.00008900
  0.03137927   0.00004820
  0.03155977   0.00000770
  0.03174027  -0.00003230
  0.03192077  -0.00007190
  0.03210147  -0.00011110
  0.03228227  -0.00014990
  0.03246317  -0.00018820
  0.03264407  -0.00022620
  0.03282507  -0.00026370
  0.03300627  -0.00030080
  0.03318747  -0.00033750
  0.03336877  -0.00037380
  0.03355007  -0.00040960
  0.03373157  -0.00044500
  0.03391307  -0.00048000
  0.03409477  -0.00051460
  0.03427647  -0.00054880
  0.03445817  -0.00058260
  0.03464007  -0.00061590
  0.03482197  -0.00064880
  0.03500397  -0.00068130
  0.03518607  -0.00071340
  0.03536827  -0.00074500
  0.03555047  -0.00077620
  0.03573277  -0.00080700
  0.03591517  -0.00083740
  0.03609757  -0.00086740
  0.03628007  -0.00089690
  0.03646267  -0.00092600
  0.03664537  -0.00095470
  0.03682807  -0.00098300
  0.03701077  -0.00101090
  0.03719367  -0.00103830
  0.03737657  -0.00106530
  0.03755947  -0.00109190
  0.03774257  -0.00111800
  0.03792567  -0.00114380
  0.03810877  -0.00116910
  0.03829197  -0.00119400
  0.03847527  -0.00121840
  0.03865857  -0.00124250
  0.03884187  -0.00126610
  0.03902537  -0.00128930
  0.03920877  -0.00131210
  0.03939237  -0.00133440
  0.03957587  -0.00135640
  0.03975957  -0.00137790
  0.03994327  -0.00139890
  0.04012697  -0.00141960
  0.04031077  -0.00143980
  0.04049457  -0.00145960
  0.04067847  -0.00147900
  0.04086237  -0.00149790
  0.04104627  -0.00151650
  0.04123027  -0.00153460
  0.04141427  -0.00155220
  0.04159837  -0.00156950
  0.04178247  -0.00158630
  0.04196667  -0.00160270
  0.04215087  -0.00161870
  0.04233507  -0.00163420
  0.04251937  -0.00164940
  0.04270367  -0.00166410
  0.04288797  -0.00167830
  0.04307237  -0.00169220
  0.04325677  -0.00170560
  0.04344117  -0.00171860
  0.04362567  -0.00173120
  0.04381017  -0.00174330
  0.04399467  -0.00175500
  0.04417917  -0.00176630
  0.04436377  -0.00177710
  0.04454837  -0.00178770
  0.04473287  -0.00179820
  0.04491747  -0.00180860
  0.04510207  -0.00181880
  0.04528667  -0.00182900
  0.04547137  -0.00183900
  0.04565597  -0.00184900
  0.04584057  -0.00185880
  0.04602517  -0.00186850
  0.04620987  -0.00187810
  0.04639447  -0.00188760
  0.04657917  -0.00189690
  0.04676377  -0.00190620
  0.04694847  -0.00191530
  0.04713307  -0.00192440
  0.04731777  -0.00193330
  0.04750247  -0.00194210
  0.04768717  -0.00195070
  0.04787177  -0.00195930
  0.04805647  -0.00196780
  0.04824117  -0.00197610
  0.04842587  -0.00198430
  0.04861057  -0.00199240
  0.04879537  -0.00200040
  0.04898007  -0.00200830
  0.04916477  -0.00201610
  0.04934947  -0.00202380
  0.04953417  -0.00203130
  0.04971897  -0.00203870
  0.04990367  -0.00204610
  0.05008847  -0.00205330
  0.05027317  -0.00206030
  0.05045797  -0.00206730
  0.05064267  -0.00207420
  0.05082747  -0.00208090
  0.05101227  -0.00208760
  0.05119697  -0.00209410
  0.05138177  -0.00210050
  0.05156657  -0.00210680
  0.05175137  -0.00211300
  0.05193607  -0.00211900
  0.05212087  -0.00212500
  0.05230567  -0.00213080
  0.05249047  -0.00213650
  0.05267527  -0.00214210
  0.05286007  -0.00214760
  0.05304487  -0.00215300
  0.05322967  -0.00215830
  0.05341457  -0.00216340
  0.05359937  -0.00216850
  0.05378417  -0.00217340
  0.05396897  -0.00217820
  0.05415377  -0.00218290
  0.05433867  -0.00218750
  0.05452347  -0.00219200
  0.05470827  -0.00219630
  0.05489317  -0.00220060
  0.05507797  -0.00220470
  0.05526277  -0.00220870
  0.05544767  -0.00221260
  0.05563247  -0.00221640
  0.05581737  -0.00222000
  0.05600217  -0.00222360
  0.05618707  -0.00222710
  0.05637187  -0.00223040
  0.05655677  -0.00223360
  0.05674167  -0.00223670
  0.05692647  -0.00223970
  0.05711137  -0.00224260
  0.05729617  -0.00224530
  0.05748107  -0.00224800
  0.05766597  -0.00225050
  0.05785077  -0.00225290
  0.05803567  -0.00225520
  0.05822057  -0.00225740
  0.05840547  -0.00225950
  0.05859027  -0.00226150
  0.05877517  -0.00226330
  0.05896007  -0.00226500
  0.05914497  -0.00226670
  0.05932977  -0.00226820
  0.05951467  -0.00226960
  0.05969957  -0.00227080
  0.05988447  -0.00227200
  0.06006937  -0.00227310
  0.06025417  -0.00227400
  0.06043907  -0.00227480
  0.06062397  -0.00227550
  0.06080887  -0.00227610
  0.06099377  -0.00227660
  0.06117867  -0.00227700
  0.06136357  -0.00227720
  0.06154837  -0.00227740
  0.06173327  -0.00227740
  0.06191817  -0.00227730
  0.06210307  -0.00227710
  0.06228797  -0.00227680
  0.06247287  -0.00227640
  0.06265767  -0.00227580
  0.06284257  -0.00227520
  0.06302747  -0.00227440
  0.06321237  -0.00227350
  0.06339727  -0.00227250
  0.06358217  -0.00227140
  0.06376697  -0.00227020
  0.06395187  -0.00226880
  0.06413677  -0.00226740
  0.06432167  -0.00226550
  0.06450647  -0.00226320
  0.06469137  -0.00226040
  0.06487627  -0.00225720
  0.06506107  -0.00225360
  0.06524597  -0.00224960
  0.06543077  -0.00224510
  0.06561557  -0.00224020
  0.06580037  -0.00223490
  0.06598517  -0.00222910
  0.06616997  -0.00222300
  0.06635477  -0.00221640
  0.06653947  -0.00220930
  0.06672417  -0.00220190
  0.06690897  -0.00219400
  0.06709367  -0.00218570
  0.06727827  -0.00217690
  0.06746297  -0.00216780
  0.06764757  -0.00215820
  0.06783217  -0.00214820
  0.06801677  -0.00213770
  0.06820137  -0.00212680
  0.06838587  -0.00211550
  0.06857037  -0.00210380
  0.06875487  -0.00209170
  0.06893937  -0.00207910
  0.06912377  -0.00206610
  0.06930817  -0.00205270
  0.06949257  -0.00203880
  0.06967687  -0.00202450
  0.06986117  -0.00200980
  0.07004547  -0.00199470
  0.07022967  -0.00197910
  0.07041387  -0.00196310
  0.07059807  -0.00194670
  0.07078217  -0.00192990
  0.07096617  -0.00191260
  0.07115027  -0.00189490
  0.07133427  -0.00187680
  0.07151817  -0.00185830
  0.07170207  -0.00183930
  0.07188597  -0.00181990
  0.07206977  -0.00180010
  0.07225357  -0.00177990
  0.07243727  -0.00175920
  0.07262097  -0.00173810
  0.07280457  -0.00171660
  0.07298817  -0.00169470
  0.07317167  -0.00167230
  0.07335517  -0.00164950
  0.07353857  -0.00162630
  0.07372197  -0.00160270
  0.07390527  -0.00157860
  0.07408857  -0.00155420
  0.07427177  -0.00152930
  0.07445487  -0.00150390
  0.07463797  -0.00147820
  0.07482097  -0.00145200
  0.07500397  -0.00142540
  0.07518687  -0.00139840
  0.07536967  -0.00137100
  0.07555247  -0.00134310
  0.07573517  -0.00131480
  0.07591777  -0.00128610
  0.07610037  -0.00125700
  0.07628287  -0.00122740
  0.07646537  -0.00119740
  0.07664767  -0.00116700
  0.07682997  -0.00113620
  0.07701227  -0.00110500
  0.07719437  -0.00107330
  0.07737647  -0.00104130
  0.07755847  -0.00100880
  0.07774037  -0.00097580
  0.07792227  -0.00094250
  0.07810407  -0.00090870
  0.07828577  -0.00087450
  0.07846737  -0.00083990
  0.07864887  -0.00080490
  0.07883037  -0.00076950
  0.07901167  -0.00073360
  0.07919297  -0.00069740
  0.07937417  -0.00066070
  0.07955537  -0.00062350
  0.07973627  -0.00058540
  0.07991657  -0.00054470
  0.08009637  -0.00050150
  0.08027547  -0.00045570
  0.08045397  -0.00040740
  0.08063167  -0.00035650
  0.08080867  -0.00030310
  0.08098497  -0.00024730
  0.08116037  -0.00018890
  0.08133497  -0.00012800
  0.08150857  -0.00006460
  0.08168137   0.00000120
  0.08185317   0.00006950
  0.08202407   0.00014020
  0.08219387   0.00021330
  0.08236257   0.00028880
  0.08253027   0.00036680
  0.08269677   0.00044710
  0.08286217   0.00052970
  0.08302637   0.00061480
  0.08318927   0.00070210
  0.08335097   0.00079170
  0.08351137   0.00088370
  0.08367047   0.00097790
  0.08382817   0.00107430
  0.08398457   0.00117300
  0.08413947   0.00127390
  0.08429287   0.00137700
  0.08444487   0.00148230
  0.08459537   0.00158970
  0.08474427   0.00169930
  0.08489167   0.00181090
  0.08503737   0.00192470
  0.08518157   0.00204050
  0.08532397   0.00215830
  0.08546477   0.00227820
  0.08560377   0.00240000
  0.08574107   0.00252380
  0.08587667   0.00264960
  0.08601037   0.00277730
  0.08614227   0.00290680
  0.08627227   0.00303820
  0.08640047   0.00317150
  0.08652677   0.00330650
  0.08665107   0.00344340
  0.08677337   0.00358200
  0.08689377   0.00372230
  0.08701217   0.00386430
  0.08712847   0.00400800
  0.08724277   0.00415340
  0.08735497   0.00430030
  0.08746507   0.00444880
  0.08757307   0.00459890
  0.08767887   0.00475050
  0.08778257   0.00490360
  0.08788407   0.00505810
  0.08798337   0.00521410
  0.08808037   0.00537150
  0.08817517   0.00553020
  0.08826767   0.00569030
  0.08835797   0.00585160
  0.08844587   0.00601420
  0.08853147   0.00617810
  0.08861477   0.00634320
  0.08869567   0.00650940
  0.08877427   0.00667680
  0.08885037   0.00684520
  0.08892417   0.00701480
  0.08899547   0.00718530
  0.08906437   0.00735690
  0.08913087   0.00752940
  0.08919487   0.00770290
  0.08925637   0.00787720
  0.08931547   0.00805240
  0.08937197   0.00822840
  0.08942607   0.00840530
  0.08947757   0.00858280
  0.08952657   0.00876110
  0.08957297   0.00894010
  0.08961687   0.00911960
  0.08965817   0.00929990
  0.08969697   0.00948060
  0.08973317   0.00966190
  0.08976677   0.00984370
  0.08979777   0.01002600
  0.08982627   0.01020870
  0.08985207   0.01039170
  0.08987527   0.01057520
  0.08989587   0.01075890
  0.08991387   0.01094290
  0.08992927   0.01112710
  0.08993067   0.01114630
  0.08993217   0.01116550
  0.08993357   0.01118470
  0.08993507   0.01120390
  0.08993647   0.01122310
  0.08993787   0.01124230
  0.08993937   0.01126150
  0.08994077   0.01128070
  0.08994227   0.01129990
  0.08994367   0.01131910
  0.08994507   0.01133820
  0.08994657   0.01135740
  0.08994797   0.01137660
  0.08994947   0.01139580
  0.08995087   0.01141500
  0.08995237   0.01143420
  0.08995377   0.01145340
  0.08995517   0.01147260
  0.08995667   0.01149180
  0.08995807   0.01151100
  0.08995957   0.01153020
  0.08996097   0.01154930
  0.08996237   0.01156850
  0.08996387   0.01158770
  0.08996527   0.01160690
  0.08996677   0.01162610
  0.08996817   0.01164530
  0.08996957   0.01166450
  0.08997107   0.01168370
  0.08997247   0.01170290
  0.08997397   0.01172210
  0.08997537   0.01174130
  0.08997687   0.01176040
  0.08997827   0.01177960
  0.08997967   0.01179880
  0.08998117   0.01181800
  0.08998257   0.01183720
  0.08998407   0.01185640
  0.08998547   0.01187560
  0.08998687   0.01189480
  0.08998837   0.01191400
  0.08998977   0.01193320
  0.08999127   0.01195240
  0.08999267   0.01197150
  0.08999407   0.01199070
  0.08999557   0.01200990
  0.08999697   0.01202910
  0.08999847   0.01204830
  0.08999987   0.01206750
  0.09000137   0.01208670
  0.09000277   0.01210590
  0.09000417   0.01212510
  0.09000567   0.01214430
  0.09000707   0.01216350
  0.09000857   0.01218260
  0.09000997   0.01220180
  0.09001137   0.01222100
  0.09001287   0.01224020
  0.09001427   0.01225940
  0.09001577   0.01227860
  0.09001717   0.01229780
  0.09001857   0.01231700
  0.09002007   0.01233620
  0.09002147   0.01235540
  0.09002297   0.01237460
  0.09002437   0.01239370
  0.09002587   0.01241290
  0.09002727   0.01243210
  0.09002867   0.01245130
  0.09003017   0.01247050
  0.09003157   0.01248970
  0.09003307   0.01250890
  0.09003447   0.01252810
  0.09003587   0.01254730
  0.09003737   0.01256650
  0.09003877   0.01258570
  0.09004027   0.01260480
  0.09004167   0.01262400
  0.09004307   0.01264320
  0.09004457   0.01266240
  0.09004597   0.01268160
  0.09004747   0.01270080
  0.09004887   0.01272000
  0.09005037   0.01273920
  0.09005177   0.01275840
  0.09005317   0.01277760
  0.09005467   0.01279680
  0.09005607   0.01281590
  0.09005757   0.01283510
  0.09005897   0.01285430
  0.09006037   0.01287350
  0.09006187   0.01289270
  0.09006327   0.01291190
  0.09006477   0.01293110
  0.09006617   0.01295030
  0.09006757   0.01296950
  0.09006907   0.01298870
  0.09007047   0.01300790
  0.09007197   0.01302700
  0.09007337   0.01304620
  0.09007487   0.01306540
  0.09007627   0.01308460
  0.09007767   0.01310380
  0.09007917   0.01312300
  0.09008057   0.01314220
  0.09008207   0.01316140
  0.09008347   0.01318060
  0.09008487   0.01319980
  0.09008637   0.01321900
  0.09008777   0.01323810
  0.09008927   0.01325730
  0.09009067   0.01327650
  0.09009207   0.01329570
  0.09009357   0.01331490
  0.09009497   0.01333410
  0.09009647   0.01335330
  0.09009787   0.01337250
  0.09009927   0.01339170
  0.09010077   0.01341090
  0.09010217   0.01343010
  0.09010367   0.01344920
  0.09010507   0.01346840
  0.09010657   0.01348760
  0.09010797   0.01350680
  0.09010937   0.01352600
  0.09011087   0.01354520
  0.09011227   0.01356440
  0.09011377   0.01358360
  0.09011517   0.01360280
  0.09011657   0.01362200
  0.09011807   0.01364120
  0.09011947   0.01366030
  0.09012097   0.01367950
  0.09012237   0.01369870
  0.09012377   0.01371790
  0.09012527   0.01373710
  0.09012667   0.01375630
  0.09012817   0.01377550
  0.09012957   0.01379470
  0.09013107   0.01381390
  0.09013247   0.01383310
  0.09013387   0.01385230
  0.09013537   0.01387140
  0.09013677   0.01389060
  0.09013827   0.01390980
  0.09013967   0.01392900
  0.09014107   0.01394820
  0.09014257   0.01396740
  0.09014397   0.01398660
  0.09014547   0.01400580
  0.09014687   0.01402500
  0.09014827   0.01404420
  0.09014977   0.01406340
  0.09015117   0.01408250
  0.09015267   0.01410170
  0.09015407   0.01412090
  0.09015557   0.01414010
  0.09015697   0.01415930
  0.09015837   0.01417850
  0.09015987   0.01419770
  0.09016127   0.01421690
  0.09016277   0.01423610
  0.09016417   0.01425530
  0.09016557   0.01427450
  0.09016707   0.01429360
  0.09016847   0.01431280
  0.09016997   0.01433200
  0.09017137   0.01435120
  0.09017277   0.01437040
  0.09017427   0.01438960
  0.09017567   0.01440880
  0.09017717   0.01442800
  0.09017857   0.01444720
  0.09018007   0.01446640
  0.09018147   0.01448560
  0.09018287   0.01450470
  0.09018437   0.01452390
  0.09018577   0.01454310
  0.09018727   0.01456230
  0.09018867   0.01458150
  0.09019007   0.01460070
  0.09019157   0.01461990
  0.09019297   0.01463910
  0.09019447   0.01465830
  0.09019587   0.01467750
  0.09019727   0.01469670
  0.09019877   0.01471580
  0.09020017   0.01473500
  0.09020167   0.01475420
  0.09020307   0.01477340
  0.09020457   0.01479260
  0.09020597   0.01481180
  0.09020737   0.01483100
  0.09020887   0.01485020
  0.09021027   0.01486940
  0.09021177   0.01488860
  0.09021317   0.01490780
  0.09021457   0.01492690
  0.09021607   0.01494610
  0.09021747   0.01496530
  0.09021897   0.01498450
  0.09022037   0.01500370
  0.09022177   0.01502290
  0.09022327   0.01504210
  0.09022467   0.01506130
  0.09022617   0.01508050
  0.09022757   0.01509970
  0.09022907   0.01511890
  0.09023047   0.01513800
  0.09023187   0.01515720
  0.09023337   0.01517640
  0.09023477   0.01519560
  0.09023627   0.01521480
  0.09023767   0.01523400
  0.09023907   0.01525320
  0.09024057   0.01527240
  0.09024197   0.01529160
  0.09024347   0.01531080
  0.09024487   0.01533000
  0.09024627   0.01534910
  0.09024777   0.01536830
  0.09024917   0.01538750
  0.09025067   0.01540670
  0.09025207   0.01542590
  0.09025347   0.01544510
  0.09025497   0.01546430
  0.09025637   0.01548350
  0.09025787   0.01550270
  0.09025927   0.01552190
  0.09026077   0.01554110
  0.09026217   0.01556020
  0.09026357   0.01557940
  0.09026507   0.01559860
  0.09026647   0.01561780
  0.09026797   0.01563700
  0.09026937   0.01565620
  0.09027077   0.01567540
  0.09027227   0.01569460
  0.09027367   0.01571380
  0.09027517   0.01573300
  0.09027657   0.01575220
  0.09027797   0.01577130
  0.09027947   0.01579050
  0.09028087   0.01580970
  0.09028237   0.01582890
  0.09028377   0.01584810
  0.09028527   0.01586730
  0.09028667   0.01588650
  0.09028807   0.01590570
  0.09028957   0.01592490
  0.09029097   0.01594410
  0.09029247   0.01596330
  0.09029387   0.01598240
  0.09029527   0.01600160
  0.09029677   0.01602080
  0.09029817   0.01604000
  0.09029967   0.01605920
  0.09030107   0.01607840
  0.09030247   0.01609760
  0.09030397   0.01611680
  0.09030537   0.01613600
  0.09030687   0.01615520
  0.09030827   0.01617440
  0.09030977   0.01619350
  0.09031117   0.01621270
  0.09031257   0.01623190
  0.09031407   0.01625110
  0.09031547   0.01627030
  0.09031697   0.01628950
  0.09031837   0.01630870
  0.09031977   0.01632790
  0.09032127   0.01634710
  0.09032267   0.01636630
  0.09032417   0.01638550
  0.09032557   0.01640460
  0.09032697   0.01642380
  0.09032847   0.01644300
  0.09032987   0.01646220
  0.09033137   0.01648140
  0.09033277   0.01650060
  0.09033427   0.01651980
  0.09033567   0.01653900
  0.09033707   0.01655820
  0.09033857   0.01657740
  0.09033997   0.01659660
  0.09034147   0.01661570
  0.09034287   0.01663490
  0.09034427   0.01665410
  0.09034577   0.01667330
  0.09034717   0.01669250
  0.09034867   0.01671170
  0.09035007   0.01673090
  0.09035147   0.01675010
  0.09035297   0.01676930
  0.09035437   0.01678850
  0.09035587   0.01680770
  0.09035727   0.01682680
  0.09035877   0.01684600
  0.09036017   0.01686520
  0.09036157   0.01688440
  0.09036307   0.01690360
  0.09036447   0.01692280
  0.09036597   0.01694200
  0.09036737   0.01696120
  0.09036877   0.01698040
  0.09037027   0.01699960
  0.09037167   0.01701880
  0.09037317   0.01703790
  0.09037457   0.01705710
  0.09037597   0.01707630
  0.09037747   0.01709550
  0.09037887   0.01711470
  0.09038037   0.01713390
  0.09038177   0.01715310
  0.09038317   0.01717230
  0.09038467   0.01719150
  0.09038607   0.01721070
  0.09038757   0.01722990
  0.09038897   0.01724900
  0.09039047   0.01726820
  0.09039187   0.01728740
  0.09039327   0.01730660
  0.09039477   0.01732580
  0.09039617   0.01734500
  0.09039767   0.01736420
  0.09039907   0.01738340
  0.09040047   0.01740260
  0.09040197   0.01742180
  0.09040337   0.01744100
  0.09040487   0.01746010
  0.09040627   0.01747930
  0.09040767   0.01749850
  0.09040917   0.01751770
  0.09041057   0.01753690
  0.09041207   0.01755610
  0.09041347   0.01757530
  0.09041497   0.01759450
  0.09041637   0.01761370
  0.09041777   0.01763290
  0.09041927   0.01765210
  0.09042067   0.01767120
  0.09042217   0.01769040
  0.09042357   0.01770960
  0.09042497   0.01772880
  0.09042647   0.01774800
  0.09042787   0.01776720
  0.09042937   0.01778640
  0.09043077   0.01780560
  0.09043217   0.01782480
  0.09043367   0.01784400
  0.09043507   0.01786320
  0.09043657   0.01788230
  0.09043797   0.01790150
  0.09043947   0.01792070
  0.09044087   0.01793990
  0.09044227   0.01795910
  0.09044377   0.01797830
  0.09044517   0.01799750
  0.09044667   0.01801670
  0.09044807   0.01803590
  0.09044947   0.01805510
  0.09045097   0.01807430
  0.09045237   0.01809340
  0.09045387   0.01811260
  0.09045527   0.01813180
  0.09045667   0.01815100
  0.09045817   0.01817020
  0.09045957   0.01818940
  0.09046107   0.01820860
  0.09046247   0.01822780
  0.09046397   0.01824700
  0.09046537   0.01826620
  0.09046677   0.01828540
  0.09046827   0.01830450
  0.09046967   0.01832370
  0.09047117   0.01834290
  0.09047257   0.01836210
  0.09047397   0.01838130
  0.09047547   0.01840050
  0.09047687   0.01841970
  0.09047837   0.01843890
  0.09047977   0.01845810
  0.09048117   0.01847730
  0.09048267   0.01849650
  0.09048407   0.01851560
  0.09048557   0.01853480
  0.09048697   0.01855400
  0.09048847   0.01857320
  0.09048987   0.01859240
  0.09049127   0.01861160
  0.09049277   0.01863080
  0.09049417   0.01865000
  0.09049567   0.01866920
  0.09049707   0.01868840
  0.09049847   0.01870760
  0.09049997   0.01872670
  0.09050137   0.01874590
  0.09050287   0.01876510
  0.09050427   0.01878430
  0.09050567   0.01880350
  0.09050717   0.01882270
  0.09050857   0.01884190
  0.09051007   0.01886110
  0.09051147   0.01888030
  0.09051297   0.01889950
  0.09051437   0.01891870
  0.09051577   0.01893780
  0.09051727   0.01895700
  0.09051867   0.01897620
  0.09052017   0.01899540
  0.09052157   0.01901460
  0.09052297   0.01903380
  0.09052447   0.01905300
  0.09052587   0.01907220
  0.09052737   0.01909140
  0.09052877   0.01911060
  0.09053017   0.01912980
  0.09053167   0.01914890
  0.09053307   0.01916810
  0.09053457   0.01918730
  0.09053597   0.01920650
  0.09053737   0.01922570
  0.09053887   0.01924490
  0.09054027   0.01926410
  0.09054177   0.01928330
  0.09054317   0.01930250
  0.09054467   0.01932170
  0.09054607   0.01934090
  0.09054747   0.01936000
  0.09054897   0.01937920
  0.09055037   0.01939840
  0.09055187   0.01941760
  0.09055327   0.01943680
  0.09055467   0.01945600
  0.09055617   0.01947520
  0.09055757   0.01949440
  0.09055907   0.01951360
  0.09056047   0.01953280
  0.09056187   0.01955200
  0.09056337   0.01957110
  0.09056477   0.01959030
  0.09056627   0.01960950
  0.09056767   0.01962870
  0.09056917   0.01964790
  0.09057057   0.01966710
  0.09057197   0.01968630
  0.09057347   0.01970550
  0.09057487   0.01972470
  0.09057637   0.01974390
  0.09057777   0.01976310
  0.09057917   0.01978220
  0.09058067   0.01980140
  0.09058207   0.01982060
  0.09058357   0.01983980
  0.09058497   0.01985900
  0.09058637   0.01987820
  0.09058787   0.01989740
  0.09058927   0.01991660
  0.09059077   0.01993580
  0.09059217   0.01995500
  0.09059367   0.01997420
  0.09059507   0.01999330
  0.09059647   0.02001250
  0.09059797   0.02003170
  0.09059937   0.02005090
  0.09060087   0.02007010
  0.09060227   0.02008930
  0.09060367   0.02010850
  0.09060517   0.02012770
  0.09060657   0.02014690
  0.09060807   0.02016610
  0.09060947   0.02018530
  0.09061087   0.02020440
  0.09061237   0.02022360
  0.09061377   0.02024280
  0.09061527   0.02026200
  0.09061667   0.02028120
  0.09061817   0.02030040
  0.09061957   0.02031960
  0.09062097   0.02033880
  0.09062247   0.02035800
  0.09062387   0.02037720
  0.09062537   0.02039640
  0.09062677   0.02041550
  0.09062817   0.02043470
  0.09062967   0.02045390
  0.09063107   0.02047310
  0.09063257   0.02049230
  0.09063397   0.02051150
  0.09063537   0.02053070
  0.09063687   0.02054990
  0.09063827   0.02056910
  0.09063977   0.02058830
  0.09064117   0.02060750
  0.09064267   0.02062660
  0.09064407   0.02064580
  0.09064547   0.02066500
  0.09064697   0.02068420
  0.09064837   0.02070340
  0.09064987   0.02072260
