 -0.03637500   0.02300000
 -0.03636237   0.02289895
 -0.03634974   0.02279790
 -0.03633711   0.02269685
 -0.03632448   0.02259580
 -0.03631184   0.02249475
 -0.03629921   0.02239370
 -0.03628658   0.02229265
 -0.03627395   0.02219160
 -0.03626132   0.02209055
 -0.03624869   0.02198950
 -0.03623606   0.02188845
 -0.03622343   0.02178740
 -0.03621079   0.02168635
 -0.03619816   0.02158530
 -0.03618553   0.02148425
 -0.03617290   0.02138320
 -0.03616027   0.02128215
 -0.03614764   0.02118110
 -0.03613501   0.02108005
 -0.03612238   0.02097900
 -0.03610974   0.02087795
 -0.03609711   0.02077690
 -0.03608448   0.02067585
 -0.03607185   0.02057480
 -0.03605922   0.02047375
 -0.03604659   0.02037270
 -0.03603396   0.02027165
 -0.03602133   0.02017060
 -0.03600869   0.02006955
 -0.03599606   0.01996850
 -0.03598343   0.01986745
 -0.03597080   0.01976640
 -0.03595817   0.01966535
 -0.03594554   0.01956430
 -0.03593291   0.01946326
 -0.03592028   0.01936221
 -0.03590764   0.01926116
 -0.03589501   0.01916011
 -0.03588238   0.01905906
 -0.03586975   0.01895801
 -0.03585712   0.01885696
 -0.03584449   0.01875591
 -0.03583186   0.01865486
 -0.03581923   0.01855381
 -0.03580659   0.01845276
 -0.03579396   0.01835171
 -0.03578133   0.01825066
 -0.03576870   0.01814961
 -0.03575607   0.01804856
 -0.03574344   0.01794751
 -0.03573081   0.01784646
 -0.03571818   0.01774541
 -0.03570554   0.01764436
 -0.03569291   0.01754331
 -0.03568028   0.01744226
 -0.03566765   0.01734121
 -0.03565502   0.01724016
 -0.03564239   0.01713911
 -0.03562976   0.01703806
 -0.03561713   0.01693701
 -0.03560449   0.01683596
 -0.03559186   0.01673491
 -0.03557923   0.01663386
 -0.03556660   0.01653281
 -0.03555397   0.01643176
 -0.03554134   0.01633071
 -0.03552871   0.01622966
 -0.03551608   0.01612861
 -0.03550344   0.01602756
 -0.03549081   0.01592651
 -0.03547818   0.01582546
 -0.03546555   0.01572441
 -0.03545292   0.01562336
 -0.03544029   0.01552231
 -0.03542766   0.01542126
 -0.03541503   0.01532021
 -0.03540240   0.01521916
 -0.03538976   0.01511811
 -0.03537713   0.01501706
 -0.03536450   0.01491601
 -0.03535187   0.01481496
 -0.03533924   0.01471391
 -0.03532661   0.01461286
 -0.03531398   0.01451181
 -0.03530112   0.01441079
 -0.03528773   0.01430984
 -0.03527379   0.01420897
 -0.03525931   0.01410818
 -0.03524430   0.01400747
 -0.03522874   0.01390685
 -0.03521265   0.01380633
 -0.03519602   0.01370591
 -0.03517885   0.01360559
 -0.03516115   0.01350538
 -0.03514291   0.01340529
 -0.03512414   0.01330531
 -0.03510484   0.01320545
 -0.03508500   0.01310572
 -0.03506463   0.01300612
 -0.03504374   0.01290665
 -0.03502232   0.01280733
 -0.03500037   0.01270815
 -0.03497789   0.01260912
 -0.03495489   0.01251024
 -0.03493136   0.01241152
 -0.03490732   0.01231296
 -0.03488275   0.01221457
 -0.03485760   0.01211635
 -0.03483167   0.01201835
 -0.03480498   0.01192056
 -0.03477751   0.01182299
 -0.03474928   0.01172565
 -0.03472028   0.01162854
 -0.03469052   0.01153167
 -0.03465999   0.01143504
 -0.03462870   0.01133867
 -0.03459665   0.01124256
 -0.03456385   0.01114670
 -0.03453029   0.01105112
 -0.03449598   0.01095581
 -0.03446093   0.01086079
 -0.03442512   0.01076605
 -0.03438857   0.01067160
 -0.03435127   0.01057746
 -0.03431324   0.01048361
 -0.03427447   0.01039008
 -0.03423496   0.01029687
 -0.03419472   0.01020398
 -0.03415375   0.01011142
 -0.03411205   0.01001919
 -0.03406963   0.00992730
 -0.03402649   0.00983576
 -0.03398263   0.00974456
 -0.03393805   0.00965373
 -0.03389276   0.00956326
 -0.03384676   0.00947316
 -0.03380005   0.00938343
 -0.03375264   0.00929408
 -0.03370453   0.00920511
 -0.03365572   0.00911654
 -0.03360621   0.00902836
 -0.03355602   0.00894058
 -0.03350513   0.00885322
 -0.03345356   0.00876626
 -0.03340131   0.00867972
 -0.03334839   0.00859361
 -0.03329478   0.00850792
 -0.03324051   0.00842267
 -0.03318557   0.00833786
 -0.03312997   0.00825349
 -0.03307370   0.00816957
 -0.03301678   0.00808611
 -0.03295921   0.00800311
 -0.03290098   0.00792057
 -0.03284211   0.00783851
 -0.03278260   0.00775692
 -0.03272246   0.00767581
 -0.03266167   0.00759518
 -0.03260026   0.00751505
 -0.03253823   0.00743541
 -0.03247557   0.00735628
 -0.03241229   0.00727765
 -0.03234840   0.00719953
 -0.03228390   0.00712192
 -0.03221880   0.00704484
 -0.03215310   0.00696828
 -0.03208679   0.00689224
 -0.03201990   0.00681675
 -0.03195242   0.00674179
 -0.03188435   0.00666738
 -0.03181570   0.00659351
 -0.03174648   0.00652020
 -0.03167669   0.00644744
 -0.03160634   0.00637524
 -0.03153542   0.00630362
 -0.03146394   0.00623256
 -0.03139192   0.00616207
 -0.03131934   0.00609217
 -0.03124623   0.00602285
 -0.03117257   0.00595412
 -0.03109838   0.00588597
 -0.03102367   0.00581843
 -0.03094843   0.00575148
 -0.03087267   0.00568514
 -0.03079639   0.00561941
 -0.03071961   0.00555429
 -0.03064233   0.00548979
 -0.03056454   0.00542590
 -0.03048626   0.00536265
 -0.03040749   0.00530001
 -0.03032824   0.00523802
 -0.03024851   0.00517665
 -0.03016830   0.00511593
 -0.03008763   0.00505585
 -0.03000649   0.00499641
 -0.02992490   0.00493763
 -0.02984285   0.00487950
 -0.02976036   0.00482203
 -0.02967742   0.00476521
 -0.02959404   0.00470907
 -0.02951024   0.00465359
 -0.02942601   0.00459878
 -0.02934135   0.00454464
 -0.02925629   0.00449119
 -0.02917081   0.00443841
 -0.02908492   0.00438632
 -0.02899864   0.00433491
 -0.02891197   0.00428420
 -0.02882491   0.00423418
 -0.02873746   0.00418485
 -0.02864964   0.00413623
 -0.02856145   0.00408830
 -0.02847289   0.00404108
 -0.02838397   0.00399457
 -0.02829470   0.00394877
 -0.02820508   0.00390368
 -0.02811512   0.00385931
 -0.02802482   0.00381566
 -0.02793419   0.00377272
 -0.02784324   0.00373052
 -0.02775197   0.00368903
 -0.02766038   0.00364828
 -0.02756848   0.00360826
 -0.02747629   0.00356897
 -0.02738380   0.00353041
 -0.02729108   0.00349235
 -0.02719818   0.00345459
 -0.02710512   0.00341712
 -0.02701189   0.00337995
 -0.02691849   0.00334308
 -0.02682492   0.00330651
 -0.02673119   0.00327025
 -0.02663729   0.00323428
 -0.02654324   0.00319862
 -0.02644902   0.00316326
 -0.02635464   0.00312821
 -0.02626011   0.00309346
 -0.02616543   0.00305902
 -0.02607059   0.00302489
 -0.02597559   0.00299107
 -0.02588045   0.00295756
 -0.02578516   0.00292436
 -0.02568973   0.00289147
 -0.02559414   0.00285889
 -0.02549842   0.00282663
 -0.02540255   0.00279468
 -0.02530655   0.00276305
 -0.02521040   0.00273174
 -0.02511412   0.00270074
 -0.02501771   0.00267006
 -0.02492116   0.00263970
 -0.02482448   0.00260966
 -0.02472767   0.00257993
 -0.02463073   0.00255053
 -0.02453367   0.00252146
 -0.02443648   0.00249270
 -0.02433917   0.00246427
 -0.02424174   0.00243616
 -0.02414419   0.00240838
 -0.02404653   0.00238092
 -0.02394874   0.00235379
 -0.02385085   0.00232699
 -0.02375284   0.00230051
 -0.02365472   0.00227436
 -0.02355650   0.00224854
 -0.02345817   0.00222305
 -0.02335973   0.00219790
 -0.02326119   0.00217307
 -0.02316255   0.00214857
 -0.02306381   0.00212441
 -0.02296498   0.00210058
 -0.02286604   0.00207708
 -0.02276702   0.00205392
 -0.02266790   0.00203109
 -0.02256869   0.00200860
 -0.02246940   0.00198644
 -0.02237001   0.00196462
 -0.02227055   0.00194313
 -0.02217100   0.00192198
 -0.02207140   0.00190106
 -0.02197177   0.00188026
 -0.02187212   0.00185960
 -0.02177244   0.00183906
 -0.02167273   0.00181865
 -0.02157300   0.00179836
 -0.02147324   0.00177821
 -0.02137346   0.00175818
 -0.02127365   0.00173828
 -0.02117382   0.00171851
 -0.02107396   0.00169887
 -0.02097408   0.00167936
 -0.02087417   0.00165997
 -0.02077424   0.00164072
 -0.02067429   0.00162159
 -0.02057431   0.00160259
 -0.02047430   0.00158372
 -0.02037428   0.00156498
 -0.02027423   0.00154636
 -0.02017415   0.00152788
 -0.02007405   0.00150952
 -0.01997393   0.00149129
 -0.01987379   0.00147319
 -0.01977362   0.00145522
 -0.01967344   0.00143738
 -0.01957322   0.00141967
 -0.01947299   0.00140208
 -0.01937274   0.00138463
 -0.01927246   0.00136730
 -0.01917216   0.00135010
 -0.01907184   0.00133304
 -0.01897150   0.00131610
 -0.01887114   0.00129929
 -0.01877075   0.00128260
 -0.01867035   0.00126605
 -0.01856992   0.00124963
 -0.01846948   0.00123333
 -0.01836901   0.00121717
 -0.01826852   0.00120113
 -0.01816801   0.00118522
 -0.01806749   0.00116944
 -0.01796694   0.00115380
 -0.01786638   0.00113828
 -0.01776579   0.00112288
 -0.01766519   0.00110762
 -0.01756456   0.00109249
 -0.01746392   0.00107749
 -0.01736326   0.00106262
 -0.01726258   0.00104787
 -0.01716188   0.00103326
 -0.01706116   0.00101877
 -0.01696043   0.00100442
 -0.01685968   0.00099019
 -0.01675891   0.00097609
 -0.01665812   0.00096213
 -0.01655732   0.00094829
 -0.01645649   0.00093458
 -0.01635565   0.00092100
 -0.01625480   0.00090755
 -0.01615393   0.00089423
 -0.01605304   0.00088104
 -0.01595213   0.00086798
 -0.01585121   0.00085505
 -0.01575027   0.00084225
 -0.01564932   0.00082958
 -0.01554835   0.00081704
 -0.01544736   0.00080463
 -0.01534636   0.00079235
 -0.01524535   0.00078020
 -0.01514432   0.00076817
 -0.01504327   0.00075628
 -0.01494221   0.00074452
 -0.01484114   0.00073289
 -0.01474005   0.00072138
 -0.01463895   0.00071001
 -0.01453783   0.00069877
 -0.01443670   0.00068766
 -0.01433556   0.00067667
 -0.01423440   0.00066582
 -0.01413323   0.00065510
 -0.01403204   0.00064450
 -0.01393084   0.00063404
 -0.01382963   0.00062371
 -0.01372841   0.00061351
 -0.01362718   0.00060343
 -0.01352593   0.00059349
 -0.01342467   0.00058368
 -0.01332340   0.00057400
 -0.01322211   0.00056443
 -0.01312082   0.00055494
 -0.01301952   0.00054552
 -0.01291822   0.00053616
 -0.01281690   0.00052686
 -0.01271558   0.00051763
 -0.01261425   0.00050847
 -0.01251291   0.00049937
 -0.01241157   0.00049033
 -0.01231022   0.00048136
 -0.01220886   0.00047246
 -0.01210749   0.00046362
 -0.01200612   0.00045485
 -0.01190474   0.00044614
 -0.01180335   0.00043750
 -0.01170196   0.00042892
 -0.01160055   0.00042040
 -0.01149915   0.00041196
 -0.01139773   0.00040358
 -0.01129631   0.00039526
 -0.01119488   0.00038701
 -0.01109344   0.00037882
 -0.01099200   0.00037070
 -0.01089055   0.00036264
 -0.01078910   0.00035465
 -0.01068763   0.00034673
 -0.01058617   0.00033887
 -0.01048469   0.00033107
 -0.01038321   0.00032335
 -0.01028172   0.00031568
 -0.01018023   0.00030808
 -0.01007873   0.00030055
 -0.00997722   0.00029308
 -0.00987571   0.00028568
 -0.00977419   0.00027834
 -0.00967267   0.00027107
 -0.00957114   0.00026387
 -0.00946961   0.00025673
 -0.00936806   0.00024965
 -0.00926652   0.00024264
 -0.00916497   0.00023570
 -0.00906341   0.00022882
 -0.00896184   0.00022200
 -0.00886028   0.00021525
 -0.00875870   0.00020857
 -0.00865712   0.00020195
 -0.00855554   0.00019540
 -0.00845395   0.00018891
 -0.00835235   0.00018249
 -0.00825075   0.00017614
 -0.00814914   0.00016985
 -0.00804753   0.00016362
 -0.00794592   0.00015746
 -0.00784430   0.00015137
 -0.00774267   0.00014534
 -0.00764104   0.00013938
 -0.00753941   0.00013348
 -0.00743777   0.00012765
 -0.00733612   0.00012188
 -0.00723447   0.00011618
 -0.00713282   0.00011055
 -0.00703116   0.00010498
 -0.00692950   0.00009947
 -0.00682783   0.00009403
 -0.00672616   0.00008866
 -0.00662449   0.00008335
 -0.00652281   0.00007811
 -0.00642113   0.00007293
 -0.00631944   0.00006782
 -0.00621775   0.00006277
 -0.00611605   0.00005779
 -0.00601435   0.00005288
 -0.00591265   0.00004803
 -0.00581094   0.00004325
 -0.00570923   0.00003853
 -0.00560752   0.00003388
 -0.00550580   0.00002929
 -0.00540408   0.00002477
 -0.00530235   0.00002031
 -0.00520062   0.00001592
 -0.00509889   0.00001160
 -0.00499716   0.00000734
 -0.00489542   0.00000315
 -0.00489410   0.00000308
 -0.00489278   0.00000302
 -0.00489146   0.00000296
 -0.00489014   0.00000290
 -0.00488882   0.00000284
 -0.00488750   0.00000279
 -0.00488618   0.00000273
 -0.00488486   0.00000268
 -0.00488354   0.00000263
 -0.00488223   0.00000258
 -0.00488091   0.00000253
 -0.00487959   0.00000248
 -0.00487827   0.00000243
 -0.00487695   0.00000239
 -0.00487563   0.00000234
 -0.00487431   0.00000230
 -0.00487299   0.00000226
 -0.00487167   0.00000222
 -0.00487035   0.00000218
 -0.00486903   0.00000214
 -0.00486771   0.00000211
 -0.00486639   0.00000207
 -0.00486507   0.00000204
 -0.00486375   0.00000201
 -0.00486243   0.00000198
 -0.00486111   0.00000195
 -0.00485979   0.00000192
 -0.00485847   0.00000189
 -0.00485715   0.00000187
 -0.00485583   0.00000184
 -0.00485451   0.00000182
 -0.00485319   0.00000180
 -0.00485186   0.00000178
 -0.00485054   0.00000176
 -0.00484922   0.00000174
 -0.00484790   0.00000173
 -0.00484658   0.00000171
 -0.00484526   0.00000170
 -0.00484394   0.00000169
 -0.00484262   0.00000167
 -0.00484130   0.00000167
 -0.00483998   0.00000166
 -0.00483866   0.00000165
 -0.00483734   0.00000164
 -0.00483602   0.00000164
 -0.00483470   0.00000164
 -0.00483338   0.00000164
 -0.00483206   0.00000164
 -0.00483074   0.00000164
 -0.00482942   0.00000164
 -0.00482810   0.00000164
 -0.00482678   0.00000165
 -0.00482546   0.00000165
 -0.00482413   0.00000166
 -0.00482281   0.00000167
 -0.00482149   0.00000168
 -0.00482017   0.00000169
 -0.00481885   0.00000171
 -0.00481753   0.00000172
 -0.00481621   0.00000174
 -0.00481489   0.00000175
 -0.00481357   0.00000177
 -0.00481225   0.00000179
 -0.00481093   0.00000181
 -0.00480961   0.00000184
 -0.00480829   0.00000186
 -0.00480697   0.00000189
 -0.00480565   0.00000191
 -0.00480433   0.00000194
 -0.00480301   0.00000197
 -0.00480169   0.00000200
 -0.00480037   0.00000203
 -0.00479905   0.00000206
 -0.00479773   0.00000210
 -0.00479641   0.00000213
 -0.00479509   0.00000217
 -0.00479377   0.00000221
 -0.00479245   0.00000225
 -0.00479113   0.00000229
 -0.00478981   0.00000233
 -0.00478849   0.00000238
 -0.00478717   0.00000242
 -0.00478585   0.00000247
 -0.00478453   0.00000252
 -0.00478321   0.00000256
 -0.00478189   0.00000261
 -0.00478057   0.00000267
 -0.00477925   0.00000272
 -0.00477793   0.00000277
 -0.00477661   0.00000283
 -0.00477530   0.00000289
 -0.00477398   0.00000294
 -0.00477266   0.00000300
 -0.00477134   0.00000307
 -0.00477002   0.00000313
 -0.00476870   0.00000319
 -0.00476738   0.00000326
 -0.00476606   0.00000332
 -0.00476474   0.00000339
 -0.00476343   0.00000346
 -0.00466244   0.00000793
 -0.00456146   0.00001246
 -0.00446048   0.00001706
 -0.00435951   0.00002172
 -0.00425854   0.00002645
 -0.00415757   0.00003124
 -0.00405661   0.00003609
 -0.00395565   0.00004101
 -0.00385469   0.00004599
 -0.00375374   0.00005104
 -0.00365280   0.00005615
 -0.00355185   0.00006133
 -0.00345091   0.00006657
 -0.00334998   0.00007187
 -0.00324905   0.00007724
 -0.00314812   0.00008267
 -0.00304720   0.00008817
 -0.00294628   0.00009373
 -0.00284537   0.00009935
 -0.00274446   0.00010504
 -0.00264356   0.00011079
 -0.00254266   0.00011661
 -0.00244176   0.00012249
 -0.00234087   0.00012844
 -0.00223999   0.00013445
 -0.00213911   0.00014052
 -0.00203823   0.00014666
 -0.00193736   0.00015286
 -0.00183650   0.00015913
 -0.00173564   0.00016546
 -0.00163478   0.00017185
 -0.00153393   0.00017831
 -0.00143309   0.00018483
 -0.00133225   0.00019142
 -0.00123141   0.00019807
 -0.00113058   0.00020479
 -0.00102976   0.00021157
 -0.00092894   0.00021841
 -0.00082813   0.00022532
 -0.00072732   0.00023229
 -0.00062652   0.00023932
 -0.00052572   0.00024642
 -0.00042493   0.00025359
 -0.00032415   0.00026081
 -0.00022337   0.00026811
 -0.00012260   0.00027546
 -0.00002183   0.00028288
  0.00007893   0.00029037
  0.00017968   0.00029791
  0.00028043   0.00030553
  0.00038117   0.00031320
  0.00048191   0.00032094
  0.00058264   0.00032875
  0.00068336   0.00033661
  0.00078408   0.00034454
  0.00088479   0.00035254
  0.00098549   0.00036060
  0.00108619   0.00036872
  0.00118688   0.00037691
  0.00128757   0.00038516
  0.00138824   0.00039348
  0.00148892   0.00040186
  0.00158958   0.00041030
  0.00169024   0.00041881
  0.00179089   0.00042738
  0.00189153   0.00043602
  0.00199217   0.00044472
  0.00209280   0.00045348
  0.00219342   0.00046231
  0.00229403   0.00047120
  0.00239464   0.00048015
  0.00249524   0.00048917
  0.00259583   0.00049825
  0.00269642   0.00050740
  0.00279700   0.00051661
  0.00289757   0.00052588
  0.00299813   0.00053522
  0.00309868   0.00054462
  0.00319923   0.00055409
  0.00329977   0.00056362
  0.00340030   0.00057321
  0.00350083   0.00058289
  0.00360134   0.00059269
  0.00370184   0.00060261
  0.00380233   0.00061267
  0.00390280   0.00062286
  0.00400326   0.00063317
  0.00410371   0.00064361
  0.00420415   0.00065418
  0.00430458   0.00066488
  0.00440499   0.00067571
  0.00450538   0.00068666
  0.00460577   0.00069774
  0.00470614   0.00070895
  0.00480649   0.00072029
  0.00490684   0.00073176
  0.00500717   0.00074336
  0.00510748   0.00075508
  0.00520778   0.00076693
  0.00530806   0.00077891
  0.00540833   0.00079102
  0.00550859   0.00080325
  0.00560883   0.00081562
  0.00570905   0.00082811
  0.00580926   0.00084073
  0.00590946   0.00085348
  0.00600964   0.00086635
  0.00610980   0.00087936
  0.00620994   0.00089249
  0.00631007   0.00090575
  0.00641018   0.00091913
  0.00651028   0.00093265
  0.00661036   0.00094629
  0.00671042   0.00096006
  0.00681047   0.00097396
  0.00691050   0.00098799
  0.00701051   0.00100214
  0.00711050   0.00101642
  0.00721048   0.00103083
  0.00731043   0.00104537
  0.00741037   0.00106004
  0.00751029   0.00107483
  0.00761020   0.00108975
  0.00771008   0.00110479
  0.00780994   0.00111997
  0.00790979   0.00113527
  0.00800962   0.00115070
  0.00810943   0.00116626
  0.00820921   0.00118195
  0.00830898   0.00119776
  0.00840873   0.00121370
  0.00850846   0.00122976
  0.00860817   0.00124596
  0.00870786   0.00126228
  0.00880753   0.00127873
  0.00890717   0.00129531
  0.00900680   0.00131201
  0.00910641   0.00132884
  0.00920599   0.00134580
  0.00930556   0.00136289
  0.00940510   0.00138010
  0.00950462   0.00139744
  0.00960412   0.00141490
  0.00970360   0.00143250
  0.00980305   0.00145022
  0.00990248   0.00146807
  0.01000189   0.00148604
  0.01010128   0.00150414
  0.01020065   0.00152237
  0.01029999   0.00154073
  0.01039931   0.00155921
  0.01049861   0.00157782
  0.01059788   0.00159656
  0.01069713   0.00161542
  0.01079635   0.00163441
  0.01089556   0.00165353
  0.01099473   0.00167277
  0.01109389   0.00169214
  0.01119302   0.00171163
  0.01129212   0.00173126
  0.01139120   0.00175101
  0.01149026   0.00177088
  0.01158929   0.00179089
  0.01168829   0.00181101
  0.01178727   0.00183127
  0.01188623   0.00185165
  0.01198515   0.00187217
  0.01208401   0.00189298
  0.01218279   0.00191412
  0.01228148   0.00193558
  0.01238009   0.00195737
  0.01247861   0.00197950
  0.01257705   0.00200194
  0.01267539   0.00202472
  0.01277365   0.00204782
  0.01287181   0.00207125
  0.01296987   0.00209501
  0.01306784   0.00211908
  0.01316571   0.00214349
  0.01326348   0.00216821
  0.01336115   0.00219326
  0.01345872   0.00221863
  0.01355618   0.00224433
  0.01365353   0.00227034
  0.01375077   0.00229668
  0.01384790   0.00232333
  0.01394492   0.00235031
  0.01404183   0.00237760
  0.01413862   0.00240521
  0.01423529   0.00243314
  0.01433184   0.00246138
  0.01442827   0.00248994
  0.01452458   0.00251881
  0.01462077   0.00254800
  0.01471683   0.00257751
  0.01481276   0.00260732
  0.01490856   0.00263745
  0.01500423   0.00266788
  0.01509977   0.00269863
  0.01519518   0.00272969
  0.01529045   0.00276106
  0.01538558   0.00279273
  0.01548057   0.00282471
  0.01557542   0.00285700
  0.01567013   0.00288959
  0.01576469   0.00292249
  0.01585911   0.00295569
  0.01595339   0.00298919
  0.01604751   0.00302300
  0.01614148   0.00305711
  0.01623530   0.00309151
  0.01632897   0.00312622
  0.01642248   0.00316122
  0.01651584   0.00319652
  0.01660903   0.00323212
  0.01670207   0.00326801
  0.01679494   0.00330419
  0.01688766   0.00334067
  0.01698020   0.00337744
  0.01707259   0.00341450
  0.01716480   0.00345186
  0.01725684   0.00348950
  0.01734872   0.00352743
  0.01744042   0.00356564
  0.01753192   0.00360427
  0.01762312   0.00364361
  0.01771403   0.00368366
  0.01780463   0.00372444
  0.01789493   0.00376594
  0.01798490   0.00380815
  0.01807455   0.00385107
  0.01816388   0.00389470
  0.01825287   0.00393904
  0.01834153   0.00398408
  0.01842983   0.00402982
  0.01851779   0.00407627
  0.01860540   0.00412341
  0.01869264   0.00417124
  0.01877951   0.00421977
  0.01886601   0.00426898
  0.01895214   0.00431888
  0.01903788   0.00436946
  0.01912323   0.00442072
  0.01920819   0.00447265
  0.01929275   0.00452526
  0.01937690   0.00457854
  0.01946064   0.00463249
  0.01954397   0.00468710
  0.01962687   0.00474237
  0.01970935   0.00479829
  0.01979140   0.00485488
  0.01987301   0.00491211
  0.01995418   0.00496999
  0.02003490   0.00502851
  0.02011517   0.00508767
  0.02019499   0.00514747
  0.02027433   0.00520790
  0.02035322   0.00526896
  0.02043163   0.00533065
  0.02050956   0.00539296
  0.02058701   0.00545589
  0.02066397   0.00551943
  0.02074044   0.00558359
  0.02081641   0.00564835
  0.02089188   0.00571371
  0.02096684   0.00577967
  0.02104129   0.00584623
  0.02111523   0.00591338
  0.02118864   0.00598111
  0.02126153   0.00604943
  0.02133388   0.00611833
  0.02140570   0.00618780
  0.02147698   0.00625784
  0.02154772   0.00632845
  0.02161791   0.00639962
  0.02168754   0.00647135
  0.02175662   0.00654363
  0.02182513   0.00661646
  0.02189308   0.00668984
  0.02196045   0.00676375
  0.02202725   0.00683820
  0.02209347   0.00691318
  0.02215911   0.00698869
  0.02222415   0.00706472
  0.02228861   0.00714126
  0.02235247   0.00721832
  0.02241573   0.00729589
  0.02247838   0.00737396
  0.02254042   0.00745253
  0.02260185   0.00753159
  0.02266267   0.00761114
  0.02272286   0.00769117
  0.02278243   0.00777169
  0.02284137   0.00785267
  0.02289968   0.00793413
  0.02295736   0.00801605
  0.02301439   0.00809843
  0.02307078   0.00818126
  0.02312652   0.00826454
  0.02318161   0.00834827
  0.02323605   0.00843244
  0.02328983   0.00851703
  0.02334295   0.00860206
  0.02339541   0.00868751
  0.02344719   0.00877338
  0.02349831   0.00885966
  0.02354875   0.00894635
  0.02359851   0.00903344
  0.02364759   0.00912092
  0.02369599   0.00920880
  0.02374370   0.00929707
  0.02379072   0.00938571
  0.02383704   0.00947473
  0.02388267   0.00956412
  0.02392760   0.00965387
  0.02397183   0.00974398
  0.02401535   0.00983444
  0.02405816   0.00992525
  0.02410026   0.01001641
  0.02414165   0.01010790
  0.02418232   0.01019972
  0.02422228   0.01029186
  0.02426151   0.01038432
  0.02430001   0.01047710
  0.02433779   0.01057018
  0.02437484   0.01066357
  0.02441116   0.01075725
  0.02444674   0.01085123
  0.02448159   0.01094548
  0.02451570   0.01104002
  0.02454907   0.01113483
  0.02458169   0.01122990
  0.02461357   0.01132524
  0.02464470   0.01142083
  0.02467508   0.01151667
  0.02470472   0.01161276
  0.02473359   0.01170908
  0.02476171   0.01180564
  0.02478908   0.01190242
  0.02481568   0.01199941
  0.02484153   0.01209663
  0.02486679   0.01219402
  0.02489153   0.01229159
  0.02491576   0.01238933
  0.02493947   0.01248724
  0.02496266   0.01258530
  0.02498533   0.01268351
  0.02500747   0.01278188
  0.02502910   0.01288039
  0.02505020   0.01297905
  0.02507078   0.01307784
  0.02509082   0.01317676
  0.02511035   0.01327582
  0.02512934   0.01337499
  0.02514781   0.01347429
  0.02516574   0.01357370
  0.02518314   0.01367322
  0.02520001   0.01377285
  0.02521635   0.01387258
  0.02523215   0.01397241
  0.02524742   0.01407232
  0.02526215   0.01417233
  0.02527635   0.01427242
  0.02529001   0.01437259
  0.02530313   0.01447284
  0.02531576   0.01457314
  0.02532830   0.01467346
  0.02534084   0.01477378
  0.02535338   0.01487410
  0.02536592   0.01497442
  0.02537846   0.01507474
  0.02539100   0.01517506
  0.02540354   0.01527538
  0.02541608   0.01537570
  0.02542862   0.01547602
  0.02544116   0.01557634
  0.02545370   0.01567666
  0.02546624   0.01577698
  0.02547878   0.01587730
  0.02549132   0.01597762
  0.02550386   0.01607794
  0.02551640   0.01617826
  0.02552894   0.01627858
  0.02554148   0.01637890
  0.02555402   0.01647922
  0.02556656   0.01657954
  0.02557910   0.01667986
  0.02559164   0.01678018
  0.02560418   0.01688050
  0.02561672   0.01698082
  0.02562926   0.01708114
  0.02564180   0.01718146
  0.02565434   0.01728178
  0.02566688   0.01738210
  0.02567942   0.01748242
  0.02569196   0.01758274
  0.02570450   0.01768306
  0.02571704   0.01778338
  0.02572958   0.01788369
  0.02574212   0.01798401
  0.02575466   0.01808433
  0.02576720   0.01818465
  0.02577974   0.01828497
  0.02579228   0.01838529
  0.02580482   0.01848561
  0.02581736   0.01858593
  0.02582990   0.01868625
  0.02584244   0.01878657
  0.02585498   0.01888689
  0.02586752   0.01898721
  0.02588006   0.01908753
  0.02589260   0.01918785
  0.02590514   0.01928817
  0.02591768   0.01938849
  0.02593022   0.01948881
  0.02594276   0.01958913
  0.02595530   0.01968945
  0.02596784   0.01978977
  0.02598038   0.01989009
  0.02599292   0.01999041
  0.02600546   0.02009073
  0.02601800   0.02019105
  0.02603054   0.02029137
  0.02604308   0.02039169
  0.02605562   0.02049201
  0.02606816   0.02059233
  0.02608070   0.02069265
  0.02609324   0.02079297
  0.02610578   0.02089329
  0.02611832   0.02099361
  0.02613086   0.02109393
  0.02614340   0.02119425
  0.02615594   0.02129456
  0.02616848   0.02139488
  0.02618102   0.02149520
  0.02619356   0.02159552
  0.02620610   0.02169584
  0.02621864   0.02179616
  0.02623118   0.02189648
  0.02624372   0.02199680
  0.02625626   0.02209712
  0.02626880   0.02219744
  0.02628134   0.02229776
  0.02629388   0.02239808
  0.02630642   0.02249840
  0.02631896   0.02259872
  0.02633150   0.02269904
  0.02634404   0.02279936
  0.02635658   0.02289968
  0.02636912   0.02300000
