 -0.03637507   0.02300000
 -0.03636630   0.02292986
 -0.03635753   0.02285971
 -0.03634876   0.02278957
 -0.03633999   0.02271942
 -0.03633122   0.02264928
 -0.03632246   0.02257913
 -0.03631369   0.02250899
 -0.03630492   0.02243884
 -0.03629615   0.02236870
 -0.03628738   0.02229856
 -0.03627861   0.02222841
 -0.03626984   0.02215827
 -0.03626108   0.02208812
 -0.03625231   0.02201798
 -0.03624354   0.02194783
 -0.03623477   0.02187769
 -0.03622600   0.02180754
 -0.03621723   0.02173740
 -0.03620846   0.02166726
 -0.03619970   0.02159711
 -0.03619093   0.02152697
 -0.03618216   0.02145682
 -0.03617339   0.02138668
 -0.03616462   0.02131653
 -0.03615585   0.02124639
 -0.03614708   0.02117625
 -0.03613832   0.02110610
 -0.03612955   0.02103596
 -0.03612078   0.02096581
 -0.03611201   0.02089567
 -0.03610324   0.02082552
 -0.03609447   0.02075538
 -0.03608570   0.02068523
 -0.03607694   0.02061509
 -0.03606817   0.02054495
 -0.03605940   0.02047480
 -0.03605063   0.02040466
 -0.03604186   0.02033451
 -0.03603309   0.02026437
 -0.03602432   0.02019422
 -0.03601556   0.02012408
 -0.03600679   0.02005393
 -0.03599802   0.01998379
 -0.03598925   0.01991365
 -0.03598048   0.01984350
 -0.03597171   0.01977336
 -0.03596294   0.01970321
 -0.03595418   0.01963307
 -0.03594541   0.01956292
 -0.03593664   0.01949278
 -0.03592787   0.01942263
 -0.03591910   0.01935249
 -0.03591033   0.01928235
 -0.03590156   0.01921220
 -0.03589280   0.01914206
 -0.03588403   0.01907191
 -0.03587526   0.01900177
 -0.03586649   0.01893162
 -0.03585772   0.01886148
 -0.03584895   0.01879133
 -0.03584018   0.01872119
 -0.03583142   0.01865105
 -0.03582265   0.01858090
 -0.03581388   0.01851076
 -0.03580511   0.01844061
 -0.03579634   0.01837047
 -0.03578757   0.01830032
 -0.03577880   0.01823018
 -0.03577004   0.01816004
 -0.03576127   0.01808989
 -0.03575250   0.01801975
 -0.03574373   0.01794960
 -0.03573496   0.01787946
 -0.03572619   0.01780931
 -0.03571742   0.01773917
 -0.03570866   0.01766902
 -0.03569989   0.01759888
 -0.03569112   0.01752874
 -0.03568235   0.01745859
 -0.03567358   0.01738845
 -0.03566481   0.01731830
 -0.03565604   0.01724816
 -0.03564728   0.01717801
 -0.03563851   0.01710787
 -0.03562974   0.01703772
 -0.03562097   0.01696758
 -0.03561220   0.01689744
 -0.03560343   0.01682729
 -0.03559466   0.01675715
 -0.03558590   0.01668700
 -0.03557713   0.01661686
 -0.03556836   0.01654671
 -0.03555959   0.01647657
 -0.03555082   0.01640642
 -0.03554205   0.01633628
 -0.03553328   0.01626614
 -0.03552452   0.01619599
 -0.03551575   0.01612585
 -0.03550698   0.01605570
 -0.03549821   0.01598556
 -0.03548944   0.01591541
 -0.03548067   0.01584527
 -0.03547190   0.01577512
 -0.03546314   0.01570498
 -0.03545437   0.01563484
 -0.03544560   0.01556469
 -0.03543683   0.01549455
 -0.03542806   0.01542440
 -0.03541929   0.01535426
 -0.03541052   0.01528411
 -0.03540176   0.01521397
 -0.03539299   0.01514382
 -0.03538422   0.01507368
 -0.03537533   0.01500355
 -0.03536611   0.01493346
 -0.03535657   0.01486342
 -0.03534671   0.01479343
 -0.03533653   0.01472348
 -0.03532603   0.01465358
 -0.03531520   0.01458373
 -0.03530405   0.01451394
 -0.03529258   0.01444420
 -0.03528078   0.01437452
 -0.03526867   0.01430490
 -0.03525624   0.01423534
 -0.03524348   0.01416584
 -0.03523041   0.01409641
 -0.03521701   0.01402704
 -0.03520330   0.01395775
 -0.03518927   0.01388852
 -0.03517492   0.01381937
 -0.03516025   0.01375029
 -0.03514526   0.01368129
 -0.03512996   0.01361237
 -0.03511434   0.01354352
 -0.03509841   0.01347476
 -0.03508216   0.01340609
 -0.03506560   0.01333749
 -0.03504872   0.01326899
 -0.03503152   0.01320058
 -0.03501396   0.01313226
 -0.03499602   0.01306405
 -0.03497770   0.01299594
 -0.03495901   0.01292793
 -0.03493994   0.01286003
 -0.03492050   0.01279225
 -0.03490067   0.01272457
 -0.03488048   0.01265702
 -0.03485991   0.01258957
 -0.03483897   0.01252225
 -0.03481766   0.01245505
 -0.03479597   0.01238797
 -0.03477392   0.01232101
 -0.03475149   0.01225418
 -0.03472869   0.01218748
 -0.03470553   0.01212091
 -0.03468200   0.01205448
 -0.03465810   0.01198818
 -0.03463383   0.01192202
 -0.03460920   0.01185600
 -0.03458421   0.01179012
 -0.03455885   0.01172438
 -0.03453312   0.01165879
 -0.03450704   0.01159334
 -0.03448059   0.01152805
 -0.03445378   0.01146290
 -0.03442662   0.01139792
 -0.03439909   0.01133308
 -0.03437121   0.01126841
 -0.03434297   0.01120389
 -0.03431437   0.01113954
 -0.03428542   0.01107535
 -0.03425612   0.01101132
 -0.03422646   0.01094747
 -0.03419645   0.01088378
 -0.03416608   0.01082026
 -0.03413537   0.01075692
 -0.03410431   0.01069376
 -0.03407290   0.01063077
 -0.03404115   0.01056796
 -0.03400904   0.01050533
 -0.03397659   0.01044289
 -0.03394380   0.01038063
 -0.03391067   0.01031856
 -0.03387719   0.01025668
 -0.03384337   0.01019499
 -0.03380922   0.01013349
 -0.03377472   0.01007219
 -0.03373989   0.01001108
 -0.03370472   0.00995017
 -0.03366921   0.00988947
 -0.03363338   0.00982896
 -0.03359720   0.00976866
 -0.03356070   0.00970857
 -0.03352387   0.00964869
 -0.03348671   0.00958901
 -0.03344922   0.00952955
 -0.03341140   0.00947030
 -0.03337325   0.00941126
 -0.03333479   0.00935245
 -0.03329600   0.00929385
 -0.03325688   0.00923547
 -0.03321745   0.00917732
 -0.03317770   0.00911939
 -0.03313763   0.00906168
 -0.03309724   0.00900421
 -0.03305654   0.00894696
 -0.03301552   0.00888995
 -0.03297420   0.00883317
 -0.03293256   0.00877662
 -0.03289061   0.00872031
 -0.03284835   0.00866424
 -0.03280578   0.00860841
 -0.03276291   0.00855283
 -0.03271973   0.00849748
 -0.03267625   0.00844238
 -0.03263247   0.00838753
 -0.03258839   0.00833293
 -0.03254401   0.00827858
 -0.03249933   0.00822447
 -0.03245436   0.00817063
 -0.03240909   0.00811704
 -0.03236353   0.00806370
 -0.03231767   0.00801063
 -0.03227153   0.00795781
 -0.03222510   0.00790526
 -0.03217838   0.00785297
 -0.03213138   0.00780094
 -0.03208409   0.00774919
 -0.03203652   0.00769770
 -0.03198867   0.00764648
 -0.03194054   0.00759553
 -0.03189213   0.00754485
 -0.03184344   0.00749445
 -0.03179448   0.00744433
 -0.03174525   0.00739448
 -0.03169574   0.00734491
 -0.03164597   0.00729563
 -0.03159593   0.00724662
 -0.03154562   0.00719790
 -0.03149504   0.00714946
 -0.03144421   0.00710131
 -0.03139311   0.00705345
 -0.03134175   0.00700588
 -0.03129013   0.00695860
 -0.03123825   0.00691161
 -0.03118612   0.00686491
 -0.03113374   0.00681851
 -0.03108110   0.00677241
 -0.03102822   0.00672660
 -0.03097509   0.00668110
 -0.03092171   0.00663589
 -0.03086808   0.00659099
 -0.03081421   0.00654639
 -0.03076010   0.00650209
 -0.03070575   0.00645810
 -0.03065117   0.00641442
 -0.03059634   0.00637105
 -0.03054128   0.00632799
 -0.03048599   0.00628524
 -0.03043047   0.00624280
 -0.03037472   0.00620067
 -0.03031874   0.00615886
 -0.03026254   0.00611737
 -0.03020611   0.00607619
 -0.03014947   0.00603534
 -0.03009260   0.00599480
 -0.03003551   0.00595458
 -0.02997821   0.00591469
 -0.02992069   0.00587512
 -0.02986296   0.00583588
 -0.02980502   0.00579696
 -0.02974687   0.00575837
 -0.02968851   0.00572011
 -0.02962995   0.00568217
 -0.02957118   0.00564457
 -0.02951222   0.00560730
 -0.02945305   0.00557036
 -0.02939369   0.00553376
 -0.02933413   0.00549749
 -0.02927438   0.00546156
 -0.02921443   0.00542596
 -0.02915430   0.00539070
 -0.02909397   0.00535578
 -0.02903346   0.00532121
 -0.02897277   0.00528697
 -0.02891190   0.00525307
 -0.02885084   0.00521952
 -0.02878961   0.00518632
 -0.02872820   0.00515345
 -0.02866661   0.00512094
 -0.02860486   0.00508877
 -0.02854293   0.00505695
 -0.02848084   0.00502548
 -0.02841858   0.00499435
 -0.02835615   0.00496358
 -0.02829356   0.00493316
 -0.02823081   0.00490310
 -0.02816791   0.00487338
 -0.02810485   0.00484402
 -0.02804163   0.00481502
 -0.02797826   0.00478637
 -0.02791474   0.00475808
 -0.02785107   0.00473014
 -0.02778726   0.00470257
 -0.02772330   0.00467535
 -0.02765920   0.00464849
 -0.02759496   0.00462200
 -0.02753058   0.00459586
 -0.02746607   0.00457009
 -0.02740142   0.00454468
 -0.02733664   0.00451963
 -0.02727173   0.00449495
 -0.02720670   0.00447064
 -0.02714155   0.00444663
 -0.02707634   0.00442274
 -0.02701107   0.00439896
 -0.02694575   0.00437527
 -0.02688038   0.00435169
 -0.02681495   0.00432821
 -0.02674946   0.00430483
 -0.02668392   0.00428156
 -0.02661833   0.00425839
 -0.02655268   0.00423532
 -0.02648698   0.00421235
 -0.02642122   0.00418949
 -0.02635541   0.00416673
 -0.02628955   0.00414407
 -0.02622364   0.00412152
 -0.02615767   0.00409907
 -0.02609165   0.00407673
 -0.02602558   0.00405449
 -0.02595946   0.00403235
 -0.02589329   0.00401032
 -0.02582706   0.00398840
 -0.02576079   0.00396658
 -0.02569446   0.00394486
 -0.02562809   0.00392325
 -0.02556166   0.00390175
 -0.02549519   0.00388035
 -0.02542866   0.00385905
 -0.02536209   0.00383787
 -0.02529547   0.00381679
 -0.02522880   0.00379581
 -0.02516208   0.00377494
 -0.02509531   0.00375418
 -0.02502850   0.00373353
 -0.02496163   0.00371298
 -0.02489473   0.00369254
 -0.02482777   0.00367221
 -0.02476077   0.00365198
 -0.02469372   0.00363186
 -0.02462662   0.00361185
 -0.02455948   0.00359195
 -0.02449230   0.00357216
 -0.02442507   0.00355247
 -0.02435779   0.00353290
 -0.02429047   0.00351343
 -0.02422311   0.00349407
 -0.02415570   0.00347482
 -0.02408825   0.00345568
 -0.02402075   0.00343664
 -0.02395321   0.00341772
 -0.02388563   0.00339891
 -0.02381801   0.00338020
 -0.02375034   0.00336161
 -0.02368263   0.00334313
 -0.02361488   0.00332475
 -0.02354709   0.00330649
 -0.02347926   0.00328833
 -0.02341139   0.00327029
 -0.02334347   0.00325236
 -0.02327552   0.00323454
 -0.02320753   0.00321683
 -0.02313949   0.00319923
 -0.02307142   0.00318174
 -0.02300331   0.00316436
 -0.02293516   0.00314709
 -0.02286697   0.00312994
 -0.02279875   0.00311290
 -0.02273048   0.00309596
 -0.02266218   0.00307915
 -0.02259384   0.00306244
 -0.02252547   0.00304584
 -0.02245706   0.00302936
 -0.02238861   0.00301299
 -0.02232013   0.00299673
 -0.02225161   0.00298059
 -0.02218305   0.00296456
 -0.02211446   0.00294864
 -0.02204584   0.00293283
 -0.02197718   0.00291714
 -0.02190849   0.00290156
 -0.02183976   0.00288609
 -0.02177100   0.00287074
 -0.02170221   0.00285550
 -0.02163338   0.00284037
 -0.02156452   0.00282536
 -0.02149563   0.00281046
 -0.02142671   0.00279568
 -0.02135775   0.00278101
 -0.02128877   0.00276645
 -0.02121975   0.00275201
 -0.02115070   0.00273768
 -0.02108163   0.00272347
 -0.02101252   0.00270937
 -0.02094338   0.00269539
 -0.02087421   0.00268152
 -0.02080502   0.00266776
 -0.02073579   0.00265412
 -0.02066654   0.00264060
 -0.02059726   0.00262719
 -0.02052795   0.00261390
 -0.02045861   0.00260072
 -0.02038925   0.00258766
 -0.02031986   0.00257471
 -0.02025044   0.00256188
 -0.02018099   0.00254916
 -0.02011152   0.00253656
 -0.02004203   0.00252408
 -0.01997251   0.00251171
 -0.01990296   0.00249946
 -0.01983339   0.00248732
 -0.01976380   0.00247528
 -0.01969420   0.00246330
 -0.01962459   0.00245138
 -0.01955497   0.00243953
 -0.01948534   0.00242773
 -0.01941570   0.00241601
 -0.01934605   0.00240434
 -0.01927639   0.00239274
 -0.01920672   0.00238120
 -0.01913704   0.00236972
 -0.01906734   0.00235830
 -0.01899764   0.00234695
 -0.01892793   0.00233566
 -0.01885821   0.00232444
 -0.01878848   0.00231327
 -0.01871874   0.00230217
 -0.01864899   0.00229114
 -0.01857923   0.00228016
 -0.01850946   0.00226925
 -0.01843968   0.00225840
 -0.01836990   0.00224762
 -0.01830010   0.00223689
 -0.01823029   0.00222624
 -0.01816048   0.00221564
 -0.01809065   0.00220511
 -0.01802082   0.00219464
 -0.01795098   0.00218423
 -0.01794630   0.00218343
 -0.01794162   0.00218265
 -0.01793693   0.00218188
 -0.01793225   0.00218113
 -0.01792756   0.00218040
 -0.01792286   0.00217968
 -0.01791817   0.00217898
 -0.01791347   0.00217829
 -0.01790877   0.00217763
 -0.01790407   0.00217697
 -0.01789936   0.00217634
 -0.01789465   0.00217572
 -0.01788994   0.00217512
 -0.01788523   0.00217453
 -0.01788051   0.00217396
 -0.01787580   0.00217341
 -0.01787108   0.00217287
 -0.01786636   0.00217235
 -0.01786163   0.00217185
 -0.01785691   0.00217136
 -0.01785218   0.00217089
 -0.01784745   0.00217043
 -0.01784272   0.00216999
 -0.01783799   0.00216957
 -0.01783325   0.00216917
 -0.01782852   0.00216878
 -0.01782378   0.00216841
 -0.01781904   0.00216805
 -0.01781430   0.00216771
 -0.01780956   0.00216739
 -0.01780482   0.00216708
 -0.01780008   0.00216679
 -0.01779533   0.00216652
 -0.01779059   0.00216626
 -0.01778584   0.00216603
 -0.01778109   0.00216580
 -0.01777635   0.00216560
 -0.01777160   0.00216541
 -0.01776685   0.00216523
 -0.01776210   0.00216508
 -0.01775735   0.00216493
 -0.01775259   0.00216481
 -0.01774784   0.00216470
 -0.01774309   0.00216461
 -0.01773834   0.00216454
 -0.01773359   0.00216448
 -0.01772883   0.00216444
 -0.01772408   0.00216442
 -0.01771933   0.00216441
 -0.01771457   0.00216442
 -0.01770982   0.00216444
 -0.01770507   0.00216449
 -0.01770032   0.00216454
 -0.01769556   0.00216462
 -0.01769081   0.00216471
 -0.01768606   0.00216482
 -0.01768131   0.00216495
 -0.01767656   0.00216509
 -0.01767181   0.00216525
 -0.01766706   0.00216542
 -0.01766231   0.00216561
 -0.01765756   0.00216582
 -0.01765281   0.00216604
 -0.01764807   0.00216629
 -0.01764332   0.00216654
 -0.01763858   0.00216682
 -0.01763383   0.00216711
 -0.01762909   0.00216742
 -0.01762435   0.00216774
 -0.01761961   0.00216808
 -0.01761487   0.00216844
 -0.01761013   0.00216881
 -0.01760540   0.00216920
 -0.01760066   0.00216961
 -0.01759593   0.00217003
 -0.01759120   0.00217047
 -0.01758647   0.00217093
 -0.01758174   0.00217140
 -0.01757702   0.00217189
 -0.01757229   0.00217239
 -0.01756757   0.00217292
 -0.01756285   0.00217345
 -0.01755814   0.00217401
 -0.01755342   0.00217458
 -0.01754871   0.00217517
 -0.01754400   0.00217577
 -0.01753929   0.00217639
 -0.01753458   0.00217703
 -0.01752988   0.00217768
 -0.01752518   0.00217835
 -0.01752048   0.00217904
 -0.01751578   0.00217974
 -0.01751109   0.00218046
 -0.01750640   0.00218119
 -0.01750171   0.00218195
 -0.01749703   0.00218271
 -0.01749234   0.00218350
 -0.01748767   0.00218430
 -0.01748299   0.00218512
 -0.01747832   0.00218595
 -0.01740965   0.00219670
 -0.01734100   0.00220752
 -0.01727235   0.00221839
 -0.01720372   0.00222933
 -0.01713509   0.00224033
 -0.01706647   0.00225139
 -0.01699786   0.00226251
 -0.01692926   0.00227369
 -0.01686067   0.00228493
 -0.01679209   0.00229624
 -0.01672352   0.00230760
 -0.01665496   0.00231902
 -0.01658641   0.00233051
 -0.01651787   0.00234206
 -0.01644934   0.00235366
 -0.01638082   0.00236533
 -0.01631231   0.00237706
 -0.01624382   0.00238886
 -0.01617534   0.00240077
 -0.01610689   0.00241279
 -0.01603846   0.00242492
 -0.01597006   0.00243717
 -0.01590168   0.00244952
 -0.01583333   0.00246199
 -0.01576500   0.00247457
 -0.01569670   0.00248726
 -0.01562842   0.00250007
 -0.01556018   0.00251298
 -0.01549195   0.00252601
 -0.01542376   0.00253915
 -0.01535559   0.00255240
 -0.01528745   0.00256576
 -0.01521934   0.00257923
 -0.01515125   0.00259282
 -0.01508320   0.00260651
 -0.01501517   0.00262032
 -0.01494717   0.00263424
 -0.01487920   0.00264827
 -0.01481126   0.00266240
 -0.01474335   0.00267665
 -0.01467548   0.00269101
 -0.01460763   0.00270548
 -0.01453981   0.00272007
 -0.01447202   0.00273476
 -0.01440427   0.00274956
 -0.01433654   0.00276447
 -0.01426885   0.00277949
 -0.01420119   0.00279462
 -0.01413357   0.00280986
 -0.01406598   0.00282521
 -0.01399841   0.00284067
 -0.01393089   0.00285624
 -0.01386340   0.00287192
 -0.01379594   0.00288771
 -0.01372851   0.00290360
 -0.01366112   0.00291961
 -0.01359377   0.00293572
 -0.01352645   0.00295195
 -0.01345916   0.00296828
 -0.01339191   0.00298472
 -0.01332470   0.00300127
 -0.01325753   0.00301793
 -0.01319039   0.00303469
 -0.01312328   0.00305156
 -0.01305622   0.00306855
 -0.01298919   0.00308563
 -0.01292220   0.00310283
 -0.01285525   0.00312013
 -0.01278834   0.00313755
 -0.01272146   0.00315506
 -0.01265463   0.00317269
 -0.01258783   0.00319042
 -0.01252107   0.00320826
 -0.01245435   0.00322621
 -0.01238768   0.00324426
 -0.01232104   0.00326242
 -0.01225444   0.00328069
 -0.01218789   0.00329906
 -0.01212137   0.00331754
 -0.01205490   0.00333612
 -0.01198847   0.00335481
 -0.01192208   0.00337361
 -0.01185573   0.00339251
 -0.01178943   0.00341151
 -0.01172317   0.00343062
 -0.01165695   0.00344984
 -0.01159077   0.00346916
 -0.01152464   0.00348859
 -0.01145856   0.00350812
 -0.01139251   0.00352775
 -0.01132651   0.00354749
 -0.01126056   0.00356734
 -0.01119465   0.00358729
 -0.01112879   0.00360734
 -0.01106297   0.00362749
 -0.01099720   0.00364775
 -0.01093147   0.00366812
 -0.01086579   0.00368858
 -0.01080016   0.00370915
 -0.01073457   0.00372982
 -0.01066903   0.00375060
 -0.01060354   0.00377148
 -0.01053810   0.00379246
 -0.01047270   0.00381354
 -0.01040736   0.00383472
 -0.01034206   0.00385601
 -0.01027681   0.00387740
 -0.01021160   0.00389889
 -0.01014645   0.00392048
 -0.01008135   0.00394217
 -0.01001630   0.00396397
 -0.00995129   0.00398586
 -0.00988634   0.00400786
 -0.00982144   0.00402995
 -0.00975659   0.00405215
 -0.00969179   0.00407445
 -0.00962704   0.00409684
 -0.00956234   0.00411934
 -0.00949770   0.00414194
 -0.00943310   0.00416464
 -0.00936856   0.00418743
 -0.00930407   0.00421033
 -0.00923964   0.00423332
 -0.00917526   0.00425642
 -0.00911093   0.00427961
 -0.00904665   0.00430290
 -0.00898243   0.00432629
 -0.00891826   0.00434978
 -0.00885415   0.00437336
 -0.00879010   0.00439706
 -0.00872615   0.00442105
 -0.00866232   0.00444539
 -0.00859862   0.00447009
 -0.00853505   0.00449514
 -0.00847161   0.00452054
 -0.00840830   0.00454629
 -0.00834513   0.00457239
 -0.00828208   0.00459884
 -0.00821918   0.00462564
 -0.00815642   0.00465279
 -0.00809380   0.00468028
 -0.00803132   0.00470812
 -0.00796898   0.00473631
 -0.00790680   0.00476484
 -0.00784476   0.00479371
 -0.00778288   0.00482293
 -0.00772114   0.00485249
 -0.00765957   0.00488239
 -0.00759815   0.00491263
 -0.00753688   0.00494322
 -0.00747578   0.00497414
 -0.00741485   0.00500539
 -0.00735407   0.00503699
 -0.00729346   0.00506892
 -0.00723302   0.00510119
 -0.00717276   0.00513379
 -0.00711266   0.00516673
 -0.00705274   0.00520000
 -0.00699299   0.00523360
 -0.00693342   0.00526753
 -0.00687403   0.00530179
 -0.00681482   0.00533638
 -0.00675580   0.00537130
 -0.00669696   0.00540654
 -0.00663830   0.00544211
 -0.00657984   0.00547801
 -0.00652156   0.00551423
 -0.00646348   0.00555077
 -0.00640559   0.00558763
 -0.00634790   0.00562482
 -0.00629041   0.00566232
 -0.00623311   0.00570014
 -0.00617602   0.00573828
 -0.00611913   0.00577674
 -0.00606245   0.00581551
 -0.00600597   0.00585460
 -0.00594970   0.00589400
 -0.00589364   0.00593371
 -0.00583779   0.00597373
 -0.00578216   0.00601406
 -0.00572674   0.00605470
 -0.00567154   0.00609565
 -0.00561656   0.00613690
 -0.00556180   0.00617846
 -0.00550726   0.00622032
 -0.00545294   0.00626248
 -0.00539885   0.00630495
 -0.00534499   0.00634771
 -0.00529136   0.00639078
 -0.00523795   0.00643414
 -0.00518478   0.00647780
 -0.00513185   0.00652175
 -0.00507915   0.00656599
 -0.00502669   0.00661053
 -0.00497446   0.00665536
 -0.00492248   0.00670048
 -0.00487074   0.00674589
 -0.00481924   0.00679158
 -0.00476799   0.00683757
 -0.00471699   0.00688383
 -0.00466624   0.00693038
 -0.00461573   0.00697721
 -0.00456548   0.00702432
 -0.00451548   0.00707171
 -0.00446574   0.00711938
 -0.00441625   0.00716732
 -0.00436702   0.00721554
 -0.00431805   0.00726403
 -0.00426934   0.00731279
 -0.00422090   0.00736182
 -0.00417272   0.00741113
 -0.00412480   0.00746070
 -0.00407716   0.00751053
 -0.00402978   0.00756063
 -0.00398267   0.00761100
 -0.00393583   0.00766162
 -0.00388927   0.00771251
 -0.00384298   0.00776365
 -0.00379697   0.00781506
 -0.00375124   0.00786671
 -0.00370578   0.00791862
 -0.00366061   0.00797079
 -0.00361571   0.00802320
 -0.00357110   0.00807587
 -0.00352678   0.00812878
 -0.00348274   0.00818194
 -0.00343899   0.00823534
 -0.00339553   0.00828899
 -0.00335236   0.00834288
 -0.00330948   0.00839701
 -0.00326689   0.00845137
 -0.00322460   0.00850598
 -0.00318260   0.00856082
 -0.00314090   0.00861589
 -0.00309950   0.00867119
 -0.00305839   0.00872673
 -0.00301759   0.00878249
 -0.00297709   0.00883848
 -0.00293690   0.00889469
 -0.00289701   0.00895113
 -0.00285742   0.00900779
 -0.00281814   0.00906467
 -0.00277918   0.00912177
 -0.00274052   0.00917909
 -0.00270217   0.00923662
 -0.00266413   0.00929436
 -0.00262641   0.00935232
 -0.00258900   0.00941048
 -0.00255191   0.00946886
 -0.00251513   0.00952744
 -0.00247867   0.00958622
 -0.00244253   0.00964521
 -0.00240672   0.00970440
 -0.00237122   0.00976379
 -0.00233605   0.00982338
 -0.00230120   0.00988316
 -0.00226667   0.00994313
 -0.00223247   0.01000330
 -0.00219860   0.01006366
 -0.00216505   0.01012421
 -0.00213184   0.01018494
 -0.00209895   0.01024586
 -0.00206640   0.01030696
 -0.00203418   0.01036825
 -0.00200229   0.01042971
 -0.00197073   0.01049135
 -0.00193951   0.01055317
 -0.00190863   0.01061516
 -0.00187809   0.01067732
 -0.00184788   0.01073965
 -0.00181801   0.01080215
 -0.00178848   0.01086482
 -0.00175930   0.01092765
 -0.00173045   0.01099064
 -0.00170195   0.01105380
 -0.00167379   0.01111711
 -0.00164598   0.01118059
 -0.00161851   0.01124421
 -0.00159139   0.01130799
 -0.00156461   0.01137192
 -0.00153819   0.01143600
 -0.00151211   0.01150023
 -0.00148638   0.01156460
 -0.00146101   0.01162912
 -0.00143598   0.01169378
 -0.00141131   0.01175857
 -0.00138699   0.01182351
 -0.00136303   0.01188858
 -0.00133941   0.01195378
 -0.00131616   0.01201912
 -0.00129326   0.01208458
 -0.00127072   0.01215018
 -0.00124853   0.01221590
 -0.00122671   0.01228174
 -0.00120524   0.01234771
 -0.00118413   0.01241379
 -0.00116338   0.01248000
 -0.00114299   0.01254631
 -0.00112297   0.01261275
 -0.00110331   0.01267929
 -0.00108401   0.01274595
 -0.00106507   0.01281271
 -0.00104650   0.01287958
 -0.00102829   0.01294655
 -0.00101045   0.01301362
 -0.00099297   0.01308080
 -0.00097580   0.01314806
 -0.00095893   0.01321541
 -0.00094237   0.01328285
 -0.00092611   0.01335038
 -0.00091016   0.01341798
 -0.00089451   0.01348567
 -0.00087917   0.01355343
 -0.00086414   0.01362128
 -0.00084941   0.01368920
 -0.00083499   0.01375719
 -0.00082088   0.01382526
 -0.00080708   0.01389339
 -0.00079359   0.01396160
 -0.00078041   0.01402987
 -0.00076753   0.01409820
 -0.00075497   0.01416660
 -0.00074271   0.01423506
 -0.00073077   0.01430358
 -0.00071914   0.01437216
 -0.00070782   0.01444079
 -0.00069681   0.01450948
 -0.00068611   0.01457822
 -0.00067573   0.01464701
 -0.00066566   0.01471585
 -0.00065590   0.01478473
 -0.00064645   0.01485366
 -0.00063732   0.01492264
 -0.00062850   0.01499165
 -0.00061987   0.01506069
 -0.00061123   0.01512973
 -0.00060260   0.01519876
 -0.00059396   0.01526780
 -0.00058533   0.01533684
 -0.00057669   0.01540588
 -0.00056805   0.01547491
 -0.00055942   0.01554395
 -0.00055078   0.01561299
 -0.00054215   0.01568203
 -0.00053351   0.01575106
 -0.00052488   0.01582010
 -0.00051624   0.01588914
 -0.00050761   0.01595818
 -0.00049897   0.01602721
 -0.00049034   0.01609625
 -0.00048170   0.01616529
 -0.00047307   0.01623433
 -0.00046443   0.01630336
 -0.00045580   0.01637240
 -0.00044716   0.01644144
 -0.00043853   0.01651048
 -0.00042989   0.01657951
 -0.00042126   0.01664855
 -0.00041262   0.01671759
 -0.00040398   0.01678663
 -0.00039535   0.01685566
 -0.00038671   0.01692470
 -0.00037808   0.01699374
 -0.00036944   0.01706278
 -0.00036081   0.01713181
 -0.00035217   0.01720085
 -0.00034354   0.01726989
 -0.00033490   0.01733893
 -0.00032627   0.01740796
 -0.00031763   0.01747700
 -0.00030900   0.01754604
 -0.00030036   0.01761508
 -0.00029173   0.01768411
 -0.00028309   0.01775315
 -0.00027446   0.01782219
 -0.00026582   0.01789123
 -0.00025718   0.01796026
 -0.00024855   0.01802930
 -0.00023991   0.01809834
 -0.00023128   0.01816738
 -0.00022264   0.01823641
 -0.00021401   0.01830545
 -0.00020537   0.01837449
 -0.00019674   0.01844353
 -0.00018810   0.01851256
 -0.00017947   0.01858160
 -0.00017083   0.01865064
 -0.00016220   0.01871968
 -0.00015356   0.01878871
 -0.00014493   0.01885775
 -0.00013629   0.01892679
 -0.00012766   0.01899583
 -0.00011902   0.01906486
 -0.00011039   0.01913390
 -0.00010175   0.01920294
 -0.00009311   0.01927198
 -0.00008448   0.01934101
 -0.00007584   0.01941005
 -0.00006721   0.01947909
 -0.00005857   0.01954813
 -0.00004994   0.01961716
 -0.00004130   0.01968620
 -0.00003267   0.01975524
 -0.00002403   0.01982428
 -0.00001540   0.01989331
 -0.00000676   0.01996235
  0.00000187   0.02003139
  0.00001051   0.02010043
  0.00001914   0.02016946
  0.00002778   0.02023850
  0.00003641   0.02030754
  0.00004505   0.02037658
  0.00005368   0.02044561
  0.00006232   0.02051465
  0.00007096   0.02058369
  0.00007959   0.02065273
  0.00008823   0.02072176
  0.00009686   0.02079080
  0.00010550   0.02085984
  0.00011413   0.02092888
  0.00012277   0.02099791
  0.00013140   0.02106695
  0.00014004   0.02113599
  0.00014867   0.02120503
  0.00015731   0.02127406
  0.00016594   0.02134310
  0.00017458   0.02141214
  0.00018321   0.02148118
  0.00019185   0.02155021
  0.00020048   0.02161925
  0.00020912   0.02168829
  0.00021776   0.02175733
  0.00022639   0.02182636
  0.00023503   0.02189540
  0.00024366   0.02196444
  0.00025230   0.02203348
  0.00026093   0.02210251
  0.00026957   0.02217155
  0.00027820   0.02224059
  0.00028684   0.02230963
  0.00029547   0.02237866
  0.00030411   0.02244770
  0.00031274   0.02251674
  0.00032138   0.02258578
  0.00033001   0.02265481
  0.00033865   0.02272385
  0.00034728   0.02279289
  0.00035592   0.02286192
  0.00036455   0.02293096
  0.00037319   0.02300000
