 -0.03637516   0.02300000
 -0.03636750   0.02293873
 -0.03635984   0.02287745
 -0.03635218   0.02281618
 -0.03634452   0.02275490
 -0.03633686   0.02269363
 -0.03632920   0.02263235
 -0.03632154   0.02257108
 -0.03631388   0.02250980
 -0.03630621   0.02244853
 -0.03629855   0.02238725
 -0.03629089   0.02232598
 -0.03628323   0.02226471
 -0.03627557   0.02220343
 -0.03626791   0.02214216
 -0.03626025   0.02208088
 -0.03625259   0.02201961
 -0.03624493   0.02195833
 -0.03623727   0.02189706
 -0.03622961   0.02183578
 -0.03622195   0.02177451
 -0.03621429   0.02171323
 -0.03620663   0.02165196
 -0.03619897   0.02159068
 -0.03619131   0.02152941
 -0.03618365   0.02146814
 -0.03617599   0.02140686
 -0.03616832   0.02134559
 -0.03616066   0.02128431
 -0.03615300   0.02122304
 -0.03614534   0.02116176
 -0.03613768   0.02110049
 -0.03613002   0.02103921
 -0.03612236   0.02097794
 -0.03611470   0.02091666
 -0.03610704   0.02085539
 -0.03609938   0.02079412
 -0.03609172   0.02073284
 -0.03608406   0.02067157
 -0.03607640   0.02061029
 -0.03606874   0.02054902
 -0.03606108   0.02048774
 -0.03605342   0.02042647
 -0.03604576   0.02036519
 -0.03603810   0.02030392
 -0.03603043   0.02024264
 -0.03602277   0.02018137
 -0.03601511   0.02012010
 -0.03600745   0.02005882
 -0.03599979   0.01999755
 -0.03599213   0.01993627
 -0.03598447   0.01987500
 -0.03597681   0.01981372
 -0.03596915   0.01975245
 -0.03596149   0.01969117
 -0.03595383   0.01962990
 -0.03594617   0.01956862
 -0.03593851   0.01950735
 -0.03593085   0.01944608
 -0.03592319   0.01938480
 -0.03591553   0.01932353
 -0.03590787   0.01926225
 -0.03590020   0.01920098
 -0.03589254   0.01913970
 -0.03588488   0.01907843
 -0.03587722   0.01901715
 -0.03586956   0.01895588
 -0.03586190   0.01889460
 -0.03585424   0.01883333
 -0.03584658   0.01877205
 -0.03583892   0.01871078
 -0.03583126   0.01864951
 -0.03582360   0.01858823
 -0.03581594   0.01852696
 -0.03580828   0.01846568
 -0.03580062   0.01840441
 -0.03579296   0.01834313
 -0.03578530   0.01828186
 -0.03577764   0.01822058
 -0.03576998   0.01815931
 -0.03576231   0.01809803
 -0.03575465   0.01803676
 -0.03574699   0.01797549
 -0.03573933   0.01791421
 -0.03573167   0.01785294
 -0.03572401   0.01779166
 -0.03571635   0.01773039
 -0.03570869   0.01766911
 -0.03570103   0.01760784
 -0.03569337   0.01754656
 -0.03568571   0.01748529
 -0.03567805   0.01742401
 -0.03567039   0.01736274
 -0.03566273   0.01730147
 -0.03565507   0.01724019
 -0.03564741   0.01717892
 -0.03563975   0.01711764
 -0.03563209   0.01705637
 -0.03562442   0.01699509
 -0.03561676   0.01693382
 -0.03560910   0.01687254
 -0.03560144   0.01681127
 -0.03559378   0.01674999
 -0.03558612   0.01668872
 -0.03557846   0.01662745
 -0.03557080   0.01656617
 -0.03556314   0.01650490
 -0.03555548   0.01644362
 -0.03554782   0.01638235
 -0.03554016   0.01632107
 -0.03553250   0.01625980
 -0.03552484   0.01619852
 -0.03551718   0.01613725
 -0.03550952   0.01607597
 -0.03550180   0.01601471
 -0.03549394   0.01595346
 -0.03548595   0.01589223
 -0.03547781   0.01583102
 -0.03546952   0.01576983
 -0.03546110   0.01570866
 -0.03545253   0.01564752
 -0.03544382   0.01558640
 -0.03543497   0.01552530
 -0.03542598   0.01546423
 -0.03541685   0.01540319
 -0.03540758   0.01534217
 -0.03539816   0.01528118
 -0.03538861   0.01522022
 -0.03537891   0.01515929
 -0.03536907   0.01509839
 -0.03535910   0.01503752
 -0.03534898   0.01497668
 -0.03533872   0.01491587
 -0.03532833   0.01485510
 -0.03531779   0.01479436
 -0.03530712   0.01473366
 -0.03529631   0.01467300
 -0.03528535   0.01461237
 -0.03527426   0.01455178
 -0.03526303   0.01449122
 -0.03525166   0.01443071
 -0.03524002   0.01437025
 -0.03522809   0.01430986
 -0.03521587   0.01424953
 -0.03520335   0.01418926
 -0.03519054   0.01412906
 -0.03517743   0.01406892
 -0.03516403   0.01400886
 -0.03515035   0.01394886
 -0.03513636   0.01388894
 -0.03512209   0.01382909
 -0.03510753   0.01376932
 -0.03509267   0.01370962
 -0.03507753   0.01364999
 -0.03506210   0.01359045
 -0.03504637   0.01353099
 -0.03503036   0.01347161
 -0.03501406   0.01341231
 -0.03499747   0.01335310
 -0.03498059   0.01329398
 -0.03496343   0.01323494
 -0.03494598   0.01317599
 -0.03492824   0.01311713
 -0.03491022   0.01305837
 -0.03489191   0.01299969
 -0.03487332   0.01294112
 -0.03485445   0.01288263
 -0.03483529   0.01282425
 -0.03481584   0.01276597
 -0.03479612   0.01270778
 -0.03477611   0.01264970
 -0.03475582   0.01259172
 -0.03473525   0.01253385
 -0.03471440   0.01247608
 -0.03469327   0.01241842
 -0.03467186   0.01236087
 -0.03465017   0.01230343
 -0.03462820   0.01224610
 -0.03460595   0.01218888
 -0.03458343   0.01213178
 -0.03456063   0.01207480
 -0.03453756   0.01201793
 -0.03451421   0.01196118
 -0.03449059   0.01190455
 -0.03446669   0.01184804
 -0.03444252   0.01179166
 -0.03441808   0.01173540
 -0.03439336   0.01167926
 -0.03436837   0.01162325
 -0.03434312   0.01156737
 -0.03431759   0.01151162
 -0.03429179   0.01145600
 -0.03426573   0.01140051
 -0.03423939   0.01134516
 -0.03421279   0.01128994
 -0.03418593   0.01123485
 -0.03415880   0.01117991
 -0.03413140   0.01112510
 -0.03410374   0.01107043
 -0.03407581   0.01101591
 -0.03404762   0.01096152
 -0.03401917   0.01090728
 -0.03399046   0.01085319
 -0.03396149   0.01079924
 -0.03393226   0.01074544
 -0.03390277   0.01069180
 -0.03387302   0.01063830
 -0.03384301   0.01058495
 -0.03381275   0.01053175
 -0.03378223   0.01047871
 -0.03375146   0.01042583
 -0.03372043   0.01037310
 -0.03368915   0.01032053
 -0.03365761   0.01026812
 -0.03362583   0.01021587
 -0.03359379   0.01016379
 -0.03356151   0.01011186
 -0.03352897   0.01006010
 -0.03349619   0.01000851
 -0.03346315   0.00995708
 -0.03342988   0.00990582
 -0.03339635   0.00985473
 -0.03336259   0.00980381
 -0.03332857   0.00975306
 -0.03329432   0.00970249
 -0.03325982   0.00965209
 -0.03322508   0.00960186
 -0.03319010   0.00955181
 -0.03315489   0.00950194
 -0.03311943   0.00945225
 -0.03308373   0.00940273
 -0.03304780   0.00935340
 -0.03301164   0.00930425
 -0.03297524   0.00925529
 -0.03293860   0.00920650
 -0.03290174   0.00915791
 -0.03286464   0.00910950
 -0.03282731   0.00906128
 -0.03278975   0.00901325
 -0.03275196   0.00896540
 -0.03271394   0.00891775
 -0.03267570   0.00887030
 -0.03263723   0.00882303
 -0.03259854   0.00877596
 -0.03255962   0.00872909
 -0.03252048   0.00868241
 -0.03248112   0.00863593
 -0.03244153   0.00858966
 -0.03240173   0.00854358
 -0.03236171   0.00849770
 -0.03232147   0.00845202
 -0.03228101   0.00840655
 -0.03224034   0.00836128
 -0.03219946   0.00831622
 -0.03215836   0.00827136
 -0.03211705   0.00822672
 -0.03207553   0.00818228
 -0.03203379   0.00813805
 -0.03199185   0.00809403
 -0.03194970   0.00805022
 -0.03190735   0.00800662
 -0.03186478   0.00796324
 -0.03182202   0.00792008
 -0.03177905   0.00787713
 -0.03173588   0.00783439
 -0.03169250   0.00779187
 -0.03164893   0.00774958
 -0.03160515   0.00770750
 -0.03156118   0.00766564
 -0.03151702   0.00762400
 -0.03147265   0.00758259
 -0.03142810   0.00754140
 -0.03138334   0.00750043
 -0.03133840   0.00745969
 -0.03129327   0.00741918
 -0.03124794   0.00737889
 -0.03120243   0.00733883
 -0.03115673   0.00729900
 -0.03111084   0.00725940
 -0.03106477   0.00722003
 -0.03101852   0.00718089
 -0.03097208   0.00714198
 -0.03092546   0.00710331
 -0.03087866   0.00706487
 -0.03083168   0.00702667
 -0.03078453   0.00698870
 -0.03073720   0.00695097
 -0.03068969   0.00691347
 -0.03064201   0.00687622
 -0.03059415   0.00683920
 -0.03054612   0.00680243
 -0.03049793   0.00676589
 -0.03044956   0.00672960
 -0.03040102   0.00669355
 -0.03035232   0.00665774
 -0.03030346   0.00662218
 -0.03025443   0.00658686
 -0.03020523   0.00655179
 -0.03015588   0.00651697
 -0.03010636   0.00648239
 -0.03005669   0.00644806
 -0.03000685   0.00641398
 -0.02995686   0.00638014
 -0.02990672   0.00634656
 -0.02985642   0.00631323
 -0.02980597   0.00628015
 -0.02975537   0.00624732
 -0.02970462   0.00621475
 -0.02965371   0.00618243
 -0.02960266   0.00615036
 -0.02955147   0.00611855
 -0.02950013   0.00608700
 -0.02944865   0.00605570
 -0.02939702   0.00602466
 -0.02934525   0.00599388
 -0.02929335   0.00596333
 -0.02924134   0.00593293
 -0.02918923   0.00590268
 -0.02913700   0.00587257
 -0.02908467   0.00584260
 -0.02903223   0.00581277
 -0.02897968   0.00578310
 -0.02892703   0.00575356
 -0.02887427   0.00572417
 -0.02882141   0.00569493
 -0.02876845   0.00566584
 -0.02871538   0.00563689
 -0.02866221   0.00560809
 -0.02860894   0.00557943
 -0.02855557   0.00555093
 -0.02850209   0.00552257
 -0.02844851   0.00549436
 -0.02839484   0.00546630
 -0.02834106   0.00543840
 -0.02828719   0.00541064
 -0.02823322   0.00538303
 -0.02817915   0.00535557
 -0.02812498   0.00532826
 -0.02807072   0.00530111
 -0.02801636   0.00527411
 -0.02796191   0.00524726
 -0.02790736   0.00522056
 -0.02785271   0.00519402
 -0.02779797   0.00516763
 -0.02774314   0.00514139
 -0.02768822   0.00511531
 -0.02763320   0.00508938
 -0.02757810   0.00506361
 -0.02752290   0.00503799
 -0.02746761   0.00501253
 -0.02741223   0.00498723
 -0.02735677   0.00496208
 -0.02730121   0.00493709
 -0.02724557   0.00491226
 -0.02718984   0.00488758
 -0.02713402   0.00486306
 -0.02707812   0.00483870
 -0.02702213   0.00481450
 -0.02696605   0.00479046
 -0.02690989   0.00476657
 -0.02685365   0.00474285
 -0.02679733   0.00471929
 -0.02674092   0.00469589
 -0.02668443   0.00467264
 -0.02662786   0.00464956
 -0.02657120   0.00462664
 -0.02651447   0.00460389
 -0.02645766   0.00458129
 -0.02640077   0.00455886
 -0.02634380   0.00453658
 -0.02628675   0.00451448
 -0.02622963   0.00449253
 -0.02617243   0.00447075
 -0.02611515   0.00444913
 -0.02605780   0.00442768
 -0.02600037   0.00440639
 -0.02594287   0.00438527
 -0.02588530   0.00436431
 -0.02582765   0.00434351
 -0.02576993   0.00432289
 -0.02571214   0.00430242
 -0.02565428   0.00428213
 -0.02559635   0.00426200
 -0.02553834   0.00424204
 -0.02548027   0.00422224
 -0.02542213   0.00420261
 -0.02536393   0.00418315
 -0.02530565   0.00416386
 -0.02524731   0.00414473
 -0.02518891   0.00412578
 -0.02513044   0.00410699
 -0.02507190   0.00408837
 -0.02501330   0.00406992
 -0.02495464   0.00405164
 -0.02489591   0.00403353
 -0.02483712   0.00401559
 -0.02477827   0.00399782
 -0.02471936   0.00398022
 -0.02466039   0.00396279
 -0.02460136   0.00394554
 -0.02454227   0.00392845
 -0.02448312   0.00391153
 -0.02442392   0.00389479
 -0.02436466   0.00387822
 -0.02430534   0.00386182
 -0.02424596   0.00384559
 -0.02418654   0.00382953
 -0.02412705   0.00381365
 -0.02406752   0.00379794
 -0.02400793   0.00378240
 -0.02394829   0.00376704
 -0.02388859   0.00375185
 -0.02382885   0.00373684
 -0.02376905   0.00372200
 -0.02370921   0.00370733
 -0.02364931   0.00369283
 -0.02358937   0.00367852
 -0.02352938   0.00366437
 -0.02346934   0.00365040
 -0.02340926   0.00363661
 -0.02334913   0.00362299
 -0.02328896   0.00360955
 -0.02322874   0.00359628
 -0.02316848   0.00358319
 -0.02310819   0.00357022
 -0.02304789   0.00355729
 -0.02298757   0.00354442
 -0.02292725   0.00353159
 -0.02286692   0.00351881
 -0.02280658   0.00350608
 -0.02274623   0.00349339
 -0.02268588   0.00348076
 -0.02262551   0.00346817
 -0.02256513   0.00345563
 -0.02250474   0.00344314
 -0.02244434   0.00343069
 -0.02238394   0.00341830
 -0.02232352   0.00340595
 -0.02226310   0.00339365
 -0.02220266   0.00338140
 -0.02214222   0.00336919
 -0.02208176   0.00335704
 -0.02202130   0.00334493
 -0.02196083   0.00333287
 -0.02190035   0.00332086
 -0.02183986   0.00330890
 -0.02177936   0.00329698
 -0.02171885   0.00328511
 -0.02165834   0.00327330
 -0.02159781   0.00326152
 -0.02153728   0.00324980
 -0.02153132   0.00324853
 -0.02152536   0.00324728
 -0.02151940   0.00324606
 -0.02151343   0.00324486
 -0.02150745   0.00324369
 -0.02150147   0.00324254
 -0.02149548   0.00324143
 -0.02148949   0.00324033
 -0.02148350   0.00323926
 -0.02147750   0.00323822
 -0.02147149   0.00323721
 -0.02146548   0.00323622
 -0.02145947   0.00323525
 -0.02145345   0.00323432
 -0.02144743   0.00323341
 -0.02144140   0.00323252
 -0.02143537   0.00323166
 -0.02142933   0.00323083
 -0.02142329   0.00323002
 -0.02141725   0.00322924
 -0.02141121   0.00322848
 -0.02140516   0.00322776
 -0.02139911   0.00322705
 -0.02139305   0.00322638
 -0.02138699   0.00322573
 -0.02138093   0.00322510
 -0.02137487   0.00322450
 -0.02136880   0.00322393
 -0.02136273   0.00322339
 -0.02135666   0.00322287
 -0.02135059   0.00322238
 -0.02134451   0.00322191
 -0.02133843   0.00322147
 -0.02133235   0.00322106
 -0.02132627   0.00322067
 -0.02132019   0.00322031
 -0.02131411   0.00321997
 -0.02130802   0.00321966
 -0.02130193   0.00321938
 -0.02129584   0.00321913
 -0.02128975   0.00321890
 -0.02128366   0.00321869
 -0.02127757   0.00321852
 -0.02127148   0.00321837
 -0.02126538   0.00321824
 -0.02125929   0.00321815
 -0.02125320   0.00321807
 -0.02124710   0.00321803
 -0.02124101   0.00321801
 -0.02123491   0.00321802
 -0.02122882   0.00321805
 -0.02122272   0.00321811
 -0.02121663   0.00321820
 -0.02121054   0.00321831
 -0.02120444   0.00321845
 -0.02119835   0.00321862
 -0.02119226   0.00321881
 -0.02118617   0.00321903
 -0.02118008   0.00321928
 -0.02117399   0.00321955
 -0.02116791   0.00321985
 -0.02116182   0.00322017
 -0.02115574   0.00322052
 -0.02114965   0.00322090
 -0.02114357   0.00322130
 -0.02113749   0.00322173
 -0.02113142   0.00322219
 -0.02112534   0.00322267
 -0.02111927   0.00322318
 -0.02111320   0.00322371
 -0.02110713   0.00322427
 -0.02110107   0.00322486
 -0.02109501   0.00322547
 -0.02108895   0.00322611
 -0.02108289   0.00322678
 -0.02107684   0.00322747
 -0.02107079   0.00322819
 -0.02106474   0.00322893
 -0.02105870   0.00322970
 -0.02105266   0.00323050
 -0.02104662   0.00323132
 -0.02104059   0.00323217
 -0.02103456   0.00323305
 -0.02102853   0.00323395
 -0.02102251   0.00323488
 -0.02101650   0.00323583
 -0.02101048   0.00323681
 -0.02100448   0.00323781
 -0.02099847   0.00323884
 -0.02099247   0.00323990
 -0.02098648   0.00324098
 -0.02098049   0.00324209
 -0.02097451   0.00324323
 -0.02096853   0.00324439
 -0.02096256   0.00324557
 -0.02095659   0.00324679
 -0.02095063   0.00324802
 -0.02094467   0.00324929
 -0.02093872   0.00325058
 -0.02093277   0.00325189
 -0.02087331   0.00326385
 -0.02081384   0.00327585
 -0.02075439   0.00328789
 -0.02069495   0.00329999
 -0.02063552   0.00331212
 -0.02057609   0.00332431
 -0.02051668   0.00333654
 -0.02045727   0.00334882
 -0.02039787   0.00336115
 -0.02033849   0.00337352
 -0.02027911   0.00338594
 -0.02021974   0.00339840
 -0.02016038   0.00341091
 -0.02010103   0.00342347
 -0.02004169   0.00343607
 -0.01998235   0.00344872
 -0.01992303   0.00346142
 -0.01986373   0.00347418
 -0.01980446   0.00348711
 -0.01974523   0.00350020
 -0.01968605   0.00351347
 -0.01962691   0.00352690
 -0.01956782   0.00354051
 -0.01950877   0.00355428
 -0.01944977   0.00356822
 -0.01939081   0.00358233
 -0.01933190   0.00359661
 -0.01927304   0.00361106
 -0.01921423   0.00362568
 -0.01915546   0.00364046
 -0.01909675   0.00365541
 -0.01903808   0.00367054
 -0.01897947   0.00368582
 -0.01892091   0.00370128
 -0.01886240   0.00371690
 -0.01880394   0.00373269
 -0.01874553   0.00374865
 -0.01868718   0.00376477
 -0.01862889   0.00378106
 -0.01857064   0.00379752
 -0.01851246   0.00381414
 -0.01845433   0.00383093
 -0.01839626   0.00384788
 -0.01833824   0.00386500
 -0.01828029   0.00388228
 -0.01822239   0.00389973
 -0.01816455   0.00391734
 -0.01810677   0.00393512
 -0.01804905   0.00395306
 -0.01799140   0.00397117
 -0.01793380   0.00398944
 -0.01787627   0.00400787
 -0.01781880   0.00402646
 -0.01776139   0.00404522
 -0.01770405   0.00406414
 -0.01764678   0.00408323
 -0.01758956   0.00410247
 -0.01753242   0.00412188
 -0.01747534   0.00414145
 -0.01741833   0.00416118
 -0.01736139   0.00418107
 -0.01730451   0.00420112
 -0.01724771   0.00422134
 -0.01719097   0.00424171
 -0.01713430   0.00426224
 -0.01707771   0.00428294
 -0.01702118   0.00430379
 -0.01696473   0.00432480
 -0.01690835   0.00434597
 -0.01685205   0.00436730
 -0.01679581   0.00438879
 -0.01673966   0.00441043
 -0.01668357   0.00443223
 -0.01662757   0.00445419
 -0.01657163   0.00447631
 -0.01651578   0.00449859
 -0.01646000   0.00452102
 -0.01640430   0.00454360
 -0.01634868   0.00456635
 -0.01629314   0.00458924
 -0.01623767   0.00461230
 -0.01618229   0.00463551
 -0.01612699   0.00465887
 -0.01607177   0.00468239
 -0.01601663   0.00470606
 -0.01596157   0.00472988
 -0.01590660   0.00475386
 -0.01585171   0.00477799
 -0.01579690   0.00480228
 -0.01574218   0.00482671
 -0.01568754   0.00485130
 -0.01563299   0.00487604
 -0.01557853   0.00490094
 -0.01552415   0.00492598
 -0.01546986   0.00495117
 -0.01541566   0.00497651
 -0.01536154   0.00500201
 -0.01530752   0.00502765
 -0.01525358   0.00505344
 -0.01519974   0.00507938
 -0.01514598   0.00510547
 -0.01509232   0.00513171
 -0.01503875   0.00515810
 -0.01498527   0.00518463
 -0.01493188   0.00521131
 -0.01487859   0.00523814
 -0.01482539   0.00526511
 -0.01477229   0.00529223
 -0.01471928   0.00531949
 -0.01466637   0.00534690
 -0.01461355   0.00537446
 -0.01456083   0.00540216
 -0.01450820   0.00543000
 -0.01445568   0.00545799
 -0.01440325   0.00548612
 -0.01435092   0.00551439
 -0.01429869   0.00554281
 -0.01424656   0.00557136
 -0.01419453   0.00560006
 -0.01414260   0.00562890
 -0.01409077   0.00565789
 -0.01403904   0.00568701
 -0.01398742   0.00571627
 -0.01393590   0.00574567
 -0.01388448   0.00577521
 -0.01383317   0.00580489
 -0.01378196   0.00583471
 -0.01373085   0.00586467
 -0.01367985   0.00589476
 -0.01362896   0.00592500
 -0.01357820   0.00595546
 -0.01352757   0.00598617
 -0.01347708   0.00601713
 -0.01342673   0.00604833
 -0.01337653   0.00607979
 -0.01332646   0.00611149
 -0.01327654   0.00614343
 -0.01322676   0.00617562
 -0.01317713   0.00620805
 -0.01312764   0.00624073
 -0.01307831   0.00627365
 -0.01302912   0.00630682
 -0.01298008   0.00634022
 -0.01293120   0.00637387
 -0.01288247   0.00640775
 -0.01283389   0.00644188
 -0.01278547   0.00647624
 -0.01273721   0.00651085
 -0.01268910   0.00654569
 -0.01264115   0.00658076
 -0.01259337   0.00661608
 -0.01254574   0.00665162
 -0.01249828   0.00668741
 -0.01245098   0.00672342
 -0.01240385   0.00675967
 -0.01235688   0.00679615
 -0.01231008   0.00683286
 -0.01226345   0.00686980
 -0.01221699   0.00690697
 -0.01217070   0.00694438
 -0.01212458   0.00698200
 -0.01207864   0.00701986
 -0.01203287   0.00705794
 -0.01198727   0.00709625
 -0.01194185   0.00713478
 -0.01189661   0.00717354
 -0.01185155   0.00721252
 -0.01180667   0.00725172
 -0.01176197   0.00729114
 -0.01171746   0.00733079
 -0.01167312   0.00737065
 -0.01162898   0.00741073
 -0.01158501   0.00745103
 -0.01154124   0.00749155
 -0.01149765   0.00753228
 -0.01145425   0.00757323
 -0.01141104   0.00761439
 -0.01136803   0.00765577
 -0.01132520   0.00769736
 -0.01128257   0.00773916
 -0.01124013   0.00778117
 -0.01119789   0.00782339
 -0.01115585   0.00786582
 -0.01111400   0.00790846
 -0.01107235   0.00795130
 -0.01103090   0.00799435
 -0.01098966   0.00803760
 -0.01094861   0.00808106
 -0.01090777   0.00812473
 -0.01086713   0.00816859
 -0.01082670   0.00821265
 -0.01078647   0.00825692
 -0.01074645   0.00830138
 -0.01070664   0.00834605
 -0.01066704   0.00839091
 -0.01062764   0.00843596
 -0.01058846   0.00848121
 -0.01054949   0.00852666
 -0.01051073   0.00857229
 -0.01047219   0.00861812
 -0.01043386   0.00866414
 -0.01039575   0.00871036
 -0.01035786   0.00875675
 -0.01032018   0.00880334
 -0.01028272   0.00885012
 -0.01024549   0.00889708
 -0.01020847   0.00894422
 -0.01017167   0.00899155
 -0.01013510   0.00903906
 -0.01009875   0.00908675
 -0.01006263   0.00913463
 -0.01002673   0.00918268
 -0.00999106   0.00923091
 -0.00995561   0.00927931
 -0.00992039   0.00932790
 -0.00988541   0.00937666
 -0.00985065   0.00942559
 -0.00981612   0.00947469
 -0.00978183   0.00952397
 -0.00974776   0.00957342
 -0.00971393   0.00962303
 -0.00968034   0.00967282
 -0.00964698   0.00972277
 -0.00961386   0.00977288
 -0.00958097   0.00982316
 -0.00954832   0.00987361
 -0.00951591   0.00992422
 -0.00948374   0.00997499
 -0.00945181   0.01002591
 -0.00942012   0.01007700
 -0.00938867   0.01012825
 -0.00935747   0.01017965
 -0.00932651   0.01023121
 -0.00929579   0.01028292
 -0.00926532   0.01033478
 -0.00923509   0.01038680
 -0.00920512   0.01043897
 -0.00917538   0.01049128
 -0.00914590   0.01054375
 -0.00911667   0.01059636
 -0.00908768   0.01064912
 -0.00905895   0.01070202
 -0.00903046   0.01075506
 -0.00900223   0.01080825
 -0.00897425   0.01086158
 -0.00894653   0.01091505
 -0.00891906   0.01096865
 -0.00889184   0.01102239
 -0.00886488   0.01107627
 -0.00883818   0.01113029
 -0.00881173   0.01118443
 -0.00878554   0.01123871
 -0.00875961   0.01129312
 -0.00873394   0.01134766
 -0.00870853   0.01140233
 -0.00868337   0.01145712
 -0.00865848   0.01151205
 -0.00863385   0.01156709
 -0.00860948   0.01162226
 -0.00858538   0.01167755
 -0.00856154   0.01173296
 -0.00853796   0.01178849
 -0.00851465   0.01184414
 -0.00849160   0.01189990
 -0.00846882   0.01195578
 -0.00844630   0.01201178
 -0.00842406   0.01206789
 -0.00840208   0.01212410
 -0.00838036   0.01218043
 -0.00835892   0.01223687
 -0.00833775   0.01229342
 -0.00831684   0.01235007
 -0.00829621   0.01240682
 -0.00827585   0.01246369
 -0.00825576   0.01252065
 -0.00823594   0.01257771
 -0.00821640   0.01263487
 -0.00819712   0.01269213
 -0.00817812   0.01274949
 -0.00815940   0.01280695
 -0.00814095   0.01286449
 -0.00812277   0.01292213
 -0.00810488   0.01297987
 -0.00808725   0.01303769
 -0.00806991   0.01309560
 -0.00805284   0.01315360
 -0.00803604   0.01321168
 -0.00801953   0.01326985
 -0.00800329   0.01332810
 -0.00798734   0.01338644
 -0.00797166   0.01344485
 -0.00795626   0.01350335
 -0.00794114   0.01356192
 -0.00792630   0.01362057
 -0.00791175   0.01367929
 -0.00789747   0.01373809
 -0.00788348   0.01379696
 -0.00786977   0.01385590
 -0.00785634   0.01391491
 -0.00784319   0.01397398
 -0.00783032   0.01403313
 -0.00781774   0.01409234
 -0.00780545   0.01415161
 -0.00779343   0.01421095
 -0.00778171   0.01427034
 -0.00777025   0.01432980
 -0.00775894   0.01438930
 -0.00774777   0.01444883
 -0.00773674   0.01450841
 -0.00772584   0.01456802
 -0.00771507   0.01462767
 -0.00770444   0.01468735
 -0.00769394   0.01474707
 -0.00768358   0.01480682
 -0.00767335   0.01486661
 -0.00766325   0.01492642
 -0.00765330   0.01498627
 -0.00764348   0.01504615
 -0.00763379   0.01510607
 -0.00762424   0.01516601
 -0.00761483   0.01522597
 -0.00760555   0.01528597
 -0.00759641   0.01534599
 -0.00758741   0.01540604
 -0.00757854   0.01546612
 -0.00756981   0.01552622
 -0.00756122   0.01558634
 -0.00755276   0.01564649
 -0.00754445   0.01570666
 -0.00753627   0.01576685
 -0.00752822   0.01582706
 -0.00752032   0.01588729
 -0.00751255   0.01594754
 -0.00750492   0.01600780
 -0.00749738   0.01606808
 -0.00748983   0.01612836
 -0.00748228   0.01618864
 -0.00747473   0.01624891
 -0.00746718   0.01630919
 -0.00745963   0.01636947
 -0.00745209   0.01642975
 -0.00744454   0.01649002
 -0.00743699   0.01655030
 -0.00742944   0.01661058
 -0.00742189   0.01667086
 -0.00741435   0.01673113
 -0.00740680   0.01679141
 -0.00739925   0.01685169
 -0.00739170   0.01691197
 -0.00738415   0.01697225
 -0.00737661   0.01703252
 -0.00736906   0.01709280
 -0.00736151   0.01715308
 -0.00735396   0.01721336
 -0.00734641   0.01727363
 -0.00733887   0.01733391
 -0.00733132   0.01739419
 -0.00732377   0.01745447
 -0.00731622   0.01751474
 -0.00730867   0.01757502
 -0.00730112   0.01763530
 -0.00729358   0.01769558
 -0.00728603   0.01775585
 -0.00727848   0.01781613
 -0.00727093   0.01787641
 -0.00726338   0.01793669
 -0.00725584   0.01799696
 -0.00724829   0.01805724
 -0.00724074   0.01811752
 -0.00723319   0.01817780
 -0.00722564   0.01823807
 -0.00721810   0.01829835
 -0.00721055   0.01835863
 -0.00720300   0.01841891
 -0.00719545   0.01847918
 -0.00718790   0.01853946
 -0.00718036   0.01859974
 -0.00717281   0.01866002
 -0.00716526   0.01872029
 -0.00715771   0.01878057
 -0.00715016   0.01884085
 -0.00714261   0.01890113
 -0.00713507   0.01896140
 -0.00712752   0.01902168
 -0.00711997   0.01908196
 -0.00711242   0.01914224
 -0.00710487   0.01920251
 -0.00709733   0.01926279
 -0.00708978   0.01932307
 -0.00708223   0.01938335
 -0.00707468   0.01944362
 -0.00706713   0.01950390
 -0.00705959   0.01956418
 -0.00705204   0.01962446
 -0.00704449   0.01968473
 -0.00703694   0.01974501
 -0.00702939   0.01980529
 -0.00702185   0.01986557
 -0.00701430   0.01992585
 -0.00700675   0.01998612
 -0.00699920   0.02004640
 -0.00699165   0.02010668
 -0.00698410   0.02016696
 -0.00697656   0.02022723
 -0.00696901   0.02028751
 -0.00696146   0.02034779
 -0.00695391   0.02040807
 -0.00694636   0.02046834
 -0.00693882   0.02052862
 -0.00693127   0.02058890
 -0.00692372   0.02064918
 -0.00691617   0.02070945
 -0.00690862   0.02076973
 -0.00690108   0.02083001
 -0.00689353   0.02089029
 -0.00688598   0.02095056
 -0.00687843   0.02101084
 -0.00687088   0.02107112
 -0.00686334   0.02113140
 -0.00685579   0.02119167
 -0.00684824   0.02125195
 -0.00684069   0.02131223
 -0.00683314   0.02137251
 -0.00682559   0.02143278
 -0.00681805   0.02149306
 -0.00681050   0.02155334
 -0.00680295   0.02161362
 -0.00679540   0.02167389
 -0.00678785   0.02173417
 -0.00678031   0.02179445
 -0.00677276   0.02185473
 -0.00676521   0.02191500
 -0.00675766   0.02197528
 -0.00675011   0.02203556
 -0.00674257   0.02209584
 -0.00673502   0.02215611
 -0.00672747   0.02221639
 -0.00671992   0.02227667
 -0.00671237   0.02233695
 -0.00670483   0.02239722
 -0.00669728   0.02245750
 -0.00668973   0.02251778
 -0.00668218   0.02257806
 -0.00667463   0.02263833
 -0.00666708   0.02269861
 -0.00665954   0.02275889
 -0.00665199   0.02281917
 -0.00664444   0.02287944
 -0.00663689   0.02293972
 -0.00662934   0.02300000
