 -0.03637500   0.02300000
 -0.03636367   0.02290933
 -0.03635233   0.02281866
 -0.03634100   0.02272799
 -0.03632967   0.02263733
 -0.03631833   0.02254666
 -0.03630700   0.02245599
 -0.03629567   0.02236532
 -0.03628433   0.02227465
 -0.03627300   0.02218398
 -0.03626166   0.02209332
 -0.03625033   0.02200265
 -0.03623900   0.02191198
 -0.03622766   0.02182131
 -0.03621633   0.02173064
 -0.03620500   0.02163997
 -0.03619366   0.02154930
 -0.03618233   0.02145864
 -0.03617100   0.02136797
 -0.03615966   0.02127730
 -0.03614833   0.02118663
 -0.03613700   0.02109596
 -0.03612566   0.02100529
 -0.03611433   0.02091463
 -0.03610299   0.02082396
 -0.03609166   0.02073329
 -0.03608033   0.02064262
 -0.03606899   0.02055195
 -0.03605766   0.02046128
 -0.03604633   0.02037061
 -0.03603499   0.02027995
 -0.03602366   0.02018928
 -0.03601233   0.02009861
 -0.03600099   0.02000794
 -0.03598966   0.01991727
 -0.03597833   0.01982660
 -0.03596699   0.01973594
 -0.03595566   0.01964527
 -0.03594432   0.01955460
 -0.03593299   0.01946393
 -0.03592166   0.01937326
 -0.03591032   0.01928259
 -0.03589899   0.01919192
 -0.03588766   0.01910126
 -0.03587632   0.01901059
 -0.03586499   0.01891992
 -0.03585366   0.01882925
 -0.03584232   0.01873858
 -0.03583099   0.01864791
 -0.03581966   0.01855724
 -0.03580832   0.01846658
 -0.03579699   0.01837591
 -0.03578565   0.01828524
 -0.03577432   0.01819457
 -0.03576299   0.01810390
 -0.03575165   0.01801323
 -0.03574032   0.01792257
 -0.03572899   0.01783190
 -0.03571765   0.01774123
 -0.03570632   0.01765056
 -0.03569499   0.01755989
 -0.03568365   0.01746922
 -0.03567232   0.01737855
 -0.03566099   0.01728789
 -0.03564965   0.01719722
 -0.03563832   0.01710655
 -0.03562699   0.01701588
 -0.03561565   0.01692521
 -0.03560432   0.01683454
 -0.03559298   0.01674388
 -0.03558165   0.01665321
 -0.03557032   0.01656254
 -0.03555898   0.01647187
 -0.03554765   0.01638120
 -0.03553632   0.01629053
 -0.03552498   0.01619986
 -0.03551365   0.01610920
 -0.03550232   0.01601853
 -0.03549098   0.01592786
 -0.03547965   0.01583719
 -0.03546832   0.01574652
 -0.03545698   0.01565585
 -0.03544565   0.01556519
 -0.03543431   0.01547452
 -0.03542298   0.01538385
 -0.03541163   0.01529318
 -0.03540022   0.01520252
 -0.03538877   0.01511187
 -0.03537727   0.01502123
 -0.03536572   0.01493059
 -0.03535412   0.01483996
 -0.03534247   0.01474934
 -0.03533078   0.01465873
 -0.03531903   0.01456813
 -0.03530723   0.01447753
 -0.03529539   0.01438695
 -0.03528350   0.01429638
 -0.03527156   0.01420582
 -0.03525957   0.01411527
 -0.03524753   0.01402474
 -0.03523545   0.01393421
 -0.03522332   0.01384370
 -0.03521114   0.01375320
 -0.03519891   0.01366272
 -0.03518663   0.01357224
 -0.03517431   0.01348179
 -0.03516194   0.01339135
 -0.03514952   0.01330092
 -0.03513689   0.01321053
 -0.03512364   0.01312023
 -0.03510976   0.01303003
 -0.03509524   0.01293992
 -0.03508009   0.01284993
 -0.03506430   0.01276004
 -0.03504789   0.01267027
 -0.03503084   0.01258062
 -0.03501316   0.01249110
 -0.03499485   0.01240170
 -0.03497591   0.01231244
 -0.03495635   0.01222331
 -0.03493615   0.01213432
 -0.03491533   0.01204548
 -0.03489389   0.01195679
 -0.03487182   0.01186826
 -0.03484913   0.01177988
 -0.03482582   0.01169167
 -0.03480189   0.01160363
 -0.03477734   0.01151576
 -0.03475217   0.01142807
 -0.03472639   0.01134055
 -0.03469999   0.01125323
 -0.03467298   0.01116609
 -0.03464535   0.01107915
 -0.03461711   0.01099240
 -0.03458827   0.01090586
 -0.03455881   0.01081953
 -0.03452875   0.01073341
 -0.03449809   0.01064750
 -0.03446682   0.01056181
 -0.03443494   0.01047635
 -0.03440247   0.01039112
 -0.03436940   0.01030611
 -0.03433573   0.01022135
 -0.03430147   0.01013683
 -0.03426661   0.01005255
 -0.03423116   0.00996852
 -0.03419512   0.00988474
 -0.03415849   0.00980123
 -0.03412128   0.00971797
 -0.03408348   0.00963498
 -0.03404510   0.00955226
 -0.03400614   0.00946982
 -0.03396660   0.00938765
 -0.03392648   0.00930577
 -0.03388579   0.00922417
 -0.03384453   0.00914286
 -0.03380269   0.00906185
 -0.03376029   0.00898114
 -0.03371732   0.00890072
 -0.03367378   0.00882062
 -0.03362969   0.00874082
 -0.03358503   0.00866134
 -0.03353982   0.00858218
 -0.03349405   0.00850334
 -0.03344773   0.00842483
 -0.03340086   0.00834665
 -0.03335344   0.00826880
 -0.03330547   0.00819129
 -0.03325697   0.00811412
 -0.03320792   0.00803729
 -0.03315833   0.00796082
 -0.03310820   0.00788470
 -0.03305755   0.00780893
 -0.03300636   0.00773353
 -0.03295464   0.00765849
 -0.03290240   0.00758382
 -0.03284963   0.00750952
 -0.03279634   0.00743559
 -0.03274254   0.00736205
 -0.03268822   0.00728888
 -0.03263339   0.00721611
 -0.03257805   0.00714372
 -0.03252220   0.00707173
 -0.03246585   0.00700013
 -0.03240900   0.00692893
 -0.03235164   0.00685814
 -0.03229380   0.00678776
 -0.03223546   0.00671778
 -0.03217663   0.00664823
 -0.03211731   0.00657909
 -0.03205752   0.00651037
 -0.03199724   0.00644207
 -0.03193648   0.00637420
 -0.03187525   0.00630677
 -0.03181354   0.00623977
 -0.03175137   0.00617321
 -0.03168873   0.00610708
 -0.03162564   0.00604141
 -0.03156208   0.00597618
 -0.03149806   0.00591140
 -0.03143360   0.00584708
 -0.03136868   0.00578321
 -0.03130332   0.00571980
 -0.03123752   0.00565686
 -0.03117127   0.00559439
 -0.03110459   0.00553238
 -0.03103748   0.00547085
 -0.03096993   0.00540979
 -0.03090197   0.00534922
 -0.03083357   0.00528912
 -0.03076476   0.00522951
 -0.03069554   0.00517039
 -0.03062590   0.00511175
 -0.03055585   0.00505361
 -0.03048540   0.00499597
 -0.03041454   0.00493883
 -0.03034329   0.00488219
 -0.03027164   0.00482605
 -0.03019960   0.00477042
 -0.03012718   0.00471530
 -0.03005437   0.00466070
 -0.02998118   0.00460661
 -0.02990761   0.00455304
 -0.02983367   0.00449998
 -0.02975936   0.00444746
 -0.02968469   0.00439546
 -0.02960966   0.00434396
 -0.02953428   0.00429296
 -0.02945856   0.00424245
 -0.02938249   0.00419243
 -0.02930609   0.00414292
 -0.02922935   0.00409390
 -0.02915229   0.00404539
 -0.02907489   0.00399738
 -0.02899718   0.00394987
 -0.02891914   0.00390288
 -0.02884078   0.00385640
 -0.02876211   0.00381043
 -0.02868314   0.00376498
 -0.02860385   0.00372005
 -0.02852426   0.00367563
 -0.02844438   0.00363174
 -0.02836420   0.00358838
 -0.02828372   0.00354554
 -0.02820296   0.00350322
 -0.02812191   0.00346144
 -0.02804058   0.00342019
 -0.02795898   0.00337947
 -0.02787710   0.00333930
 -0.02779495   0.00329965
 -0.02771253   0.00326055
 -0.02762986   0.00322199
 -0.02754692   0.00318397
 -0.02746373   0.00314650
 -0.02738028   0.00310958
 -0.02729659   0.00307320
 -0.02721266   0.00303737
 -0.02712848   0.00300210
 -0.02704407   0.00296738
 -0.02695943   0.00293321
 -0.02687455   0.00289961
 -0.02678946   0.00286656
 -0.02670414   0.00283407
 -0.02661860   0.00280214
 -0.02653285   0.00277077
 -0.02644689   0.00273997
 -0.02636073   0.00270974
 -0.02627436   0.00268007
 -0.02618780   0.00265097
 -0.02610104   0.00262244
 -0.02601410   0.00259448
 -0.02592696   0.00256710
 -0.02583965   0.00254029
 -0.02575216   0.00251405
 -0.02566449   0.00248839
 -0.02557665   0.00246331
 -0.02548865   0.00243881
 -0.02540048   0.00241488
 -0.02531216   0.00239154
 -0.02522368   0.00236878
 -0.02513512   0.00234634
 -0.02504653   0.00232401
 -0.02495792   0.00230178
 -0.02486928   0.00227964
 -0.02478062   0.00225762
 -0.02469193   0.00223569
 -0.02460321   0.00221386
 -0.02451448   0.00219214
 -0.02442571   0.00217051
 -0.02433692   0.00214899
 -0.02424811   0.00212757
 -0.02415928   0.00210625
 -0.02407041   0.00208503
 -0.02398153   0.00206392
 -0.02389262   0.00204291
 -0.02380369   0.00202200
 -0.02371473   0.00200119
 -0.02362575   0.00198048
 -0.02353675   0.00195987
 -0.02344772   0.00193937
 -0.02335867   0.00191897
 -0.02326959   0.00189867
 -0.02318050   0.00187847
 -0.02309138   0.00185837
 -0.02300223   0.00183838
 -0.02291307   0.00181849
 -0.02282388   0.00179870
 -0.02273467   0.00177901
 -0.02264544   0.00175943
 -0.02255618   0.00173994
 -0.02246691   0.00172056
 -0.02237761   0.00170128
 -0.02228828   0.00168211
 -0.02219894   0.00166303
 -0.02210958   0.00164406
 -0.02202019   0.00162519
 -0.02193078   0.00160642
 -0.02184135   0.00158776
 -0.02175190   0.00156920
 -0.02166243   0.00155074
 -0.02157294   0.00153238
 -0.02148343   0.00151413
 -0.02139389   0.00149597
 -0.02130434   0.00147792
 -0.02121476   0.00145998
 -0.02112517   0.00144213
 -0.02103555   0.00142439
 -0.02094592   0.00140675
 -0.02085626   0.00138921
 -0.02076658   0.00137178
 -0.02067689   0.00135445
 -0.02058717   0.00133722
 -0.02049744   0.00132009
 -0.02040769   0.00130307
 -0.02031791   0.00128615
 -0.02022812   0.00126933
 -0.02013831   0.00125262
 -0.02004848   0.00123600
 -0.01995863   0.00121950
 -0.01986876   0.00120309
 -0.01977887   0.00118679
 -0.01968897   0.00117059
 -0.01959904   0.00115449
 -0.01950910   0.00113849
 -0.01941914   0.00112260
 -0.01932916   0.00110681
 -0.01923917   0.00109113
 -0.01914915   0.00107555
 -0.01905912   0.00106007
 -0.01896907   0.00104469
 -0.01887901   0.00102942
 -0.01878892   0.00101425
 -0.01869882   0.00099918
 -0.01860870   0.00098422
 -0.01851857   0.00096936
 -0.01842842   0.00095460
 -0.01833825   0.00093995
 -0.01824806   0.00092539
 -0.01815786   0.00091095
 -0.01806764   0.00089660
 -0.01797741   0.00088236
 -0.01788716   0.00086822
 -0.01779689   0.00085419
 -0.01770661   0.00084026
 -0.01761631   0.00082643
 -0.01752600   0.00081271
 -0.01743567   0.00079909
 -0.01734532   0.00078557
 -0.01725496   0.00077216
 -0.01716459   0.00075884
 -0.01707420   0.00074562
 -0.01698380   0.00073250
 -0.01689338   0.00071948
 -0.01680295   0.00070655
 -0.01671250   0.00069372
 -0.01662204   0.00068099
 -0.01653156   0.00066836
 -0.01644107   0.00065582
 -0.01635057   0.00064338
 -0.01626005   0.00063104
 -0.01616952   0.00061880
 -0.01607898   0.00060666
 -0.01598842   0.00059461
 -0.01589785   0.00058266
 -0.01580726   0.00057081
 -0.01571667   0.00055906
 -0.01562606   0.00054740
 -0.01553543   0.00053584
 -0.01544480   0.00052438
 -0.01535415   0.00051302
 -0.01526349   0.00050176
 -0.01517282   0.00049059
 -0.01508213   0.00047952
 -0.01499143   0.00046855
 -0.01490072   0.00045768
 -0.01481000   0.00044691
 -0.01471927   0.00043623
 -0.01462852   0.00042565
 -0.01453776   0.00041517
 -0.01444700   0.00040479
 -0.01435622   0.00039450
 -0.01426542   0.00038432
 -0.01417462   0.00037423
 -0.01408381   0.00036424
 -0.01399298   0.00035434
 -0.01390215   0.00034455
 -0.01381130   0.00033485
 -0.01372044   0.00032526
 -0.01362957   0.00031576
 -0.01353870   0.00030635
 -0.01344781   0.00029705
 -0.01335691   0.00028784
 -0.01326600   0.00027874
 -0.01317508   0.00026973
 -0.01308415   0.00026082
 -0.01299321   0.00025200
 -0.01290226   0.00024329
 -0.01281130   0.00023467
 -0.01272034   0.00022616
 -0.01262936   0.00021774
 -0.01253837   0.00020941
 -0.01244738   0.00020119
 -0.01235637   0.00019306
 -0.01226536   0.00018504
 -0.01217434   0.00017711
 -0.01208331   0.00016928
 -0.01199227   0.00016155
 -0.01190122   0.00015391
 -0.01181016   0.00014638
 -0.01171910   0.00013894
 -0.01162802   0.00013160
 -0.01153694   0.00012436
 -0.01144585   0.00011722
 -0.01135476   0.00011018
 -0.01126365   0.00010323
 -0.01117254   0.00009638
 -0.01108142   0.00008964
 -0.01099029   0.00008299
 -0.01089916   0.00007643
 -0.01080802   0.00006998
 -0.01071687   0.00006363
 -0.01062571   0.00005737
 -0.01053455   0.00005121
 -0.01044338   0.00004515
 -0.01035221   0.00003919
 -0.01026102   0.00003333
 -0.01016983   0.00002757
 -0.01007864   0.00002190
 -0.00998744   0.00001633
 -0.00989623   0.00001086
 -0.00980502   0.00000549
 -0.00980315   0.00000538
 -0.00980129   0.00000528
 -0.00979943   0.00000517
 -0.00979756   0.00000507
 -0.00979570   0.00000497
 -0.00979384   0.00000487
 -0.00979198   0.00000478
 -0.00979011   0.00000468
 -0.00978825   0.00000459
 -0.00978638   0.00000450
 -0.00978452   0.00000442
 -0.00978266   0.00000433
 -0.00978079   0.00000425
 -0.00977893   0.00000417
 -0.00977706   0.00000410
 -0.00977520   0.00000402
 -0.00977334   0.00000395
 -0.00977147   0.00000388
 -0.00976961   0.00000381
 -0.00976774   0.00000375
 -0.00976588   0.00000369
 -0.00976401   0.00000363
 -0.00976215   0.00000357
 -0.00976028   0.00000351
 -0.00975842   0.00000346
 -0.00975655   0.00000341
 -0.00975469   0.00000336
 -0.00975282   0.00000331
 -0.00975096   0.00000327
 -0.00974909   0.00000323
 -0.00974722   0.00000319
 -0.00974536   0.00000315
 -0.00974349   0.00000312
 -0.00974163   0.00000309
 -0.00973976   0.00000306
 -0.00973790   0.00000303
 -0.00973603   0.00000300
 -0.00973417   0.00000298
 -0.00973230   0.00000296
 -0.00973043   0.00000294
 -0.00972857   0.00000293
 -0.00972670   0.00000292
 -0.00972484   0.00000290
 -0.00972297   0.00000290
 -0.00972110   0.00000289
 -0.00971924   0.00000289
 -0.00971737   0.00000288
 -0.00971551   0.00000289
 -0.00971364   0.00000289
 -0.00971178   0.00000290
 -0.00970991   0.00000290
 -0.00970804   0.00000291
 -0.00970618   0.00000293
 -0.00970431   0.00000294
 -0.00970245   0.00000296
 -0.00970058   0.00000298
 -0.00969872   0.00000300
 -0.00969685   0.00000303
 -0.00969498   0.00000305
 -0.00969312   0.00000308
 -0.00969125   0.00000311
 -0.00968939   0.00000315
 -0.00968752   0.00000318
 -0.00968566   0.00000322
 -0.00968379   0.00000326
 -0.00968193   0.00000331
 -0.00968006   0.00000335
 -0.00967819   0.00000340
 -0.00967633   0.00000345
 -0.00967446   0.00000350
 -0.00967260   0.00000356
 -0.00967073   0.00000362
 -0.00966887   0.00000368
 -0.00966700   0.00000374
 -0.00966514   0.00000380
 -0.00966328   0.00000387
 -0.00966141   0.00000394
 -0.00965955   0.00000401
 -0.00965768   0.00000409
 -0.00965582   0.00000416
 -0.00965395   0.00000424
 -0.00965209   0.00000432
 -0.00965023   0.00000441
 -0.00964836   0.00000449
 -0.00964650   0.00000458
 -0.00964463   0.00000467
 -0.00964277   0.00000476
 -0.00964091   0.00000486
 -0.00963904   0.00000496
 -0.00963718   0.00000506
 -0.00963532   0.00000516
 -0.00963346   0.00000526
 -0.00963159   0.00000537
 -0.00962973   0.00000548
 -0.00962787   0.00000559
 -0.00962600   0.00000570
 -0.00962414   0.00000582
 -0.00962228   0.00000594
 -0.00962042   0.00000606
 -0.00961856   0.00000618
 -0.00952860   0.00001212
 -0.00943864   0.00001815
 -0.00934869   0.00002428
 -0.00925875   0.00003051
 -0.00916882   0.00003683
 -0.00907889   0.00004324
 -0.00898897   0.00004975
 -0.00889906   0.00005636
 -0.00880915   0.00006306
 -0.00871925   0.00006986
 -0.00862936   0.00007675
 -0.00853948   0.00008374
 -0.00844961   0.00009083
 -0.00835974   0.00009801
 -0.00826988   0.00010529
 -0.00818003   0.00011266
 -0.00809018   0.00012013
 -0.00800035   0.00012769
 -0.00791052   0.00013535
 -0.00782070   0.00014311
 -0.00773089   0.00015096
 -0.00764109   0.00015890
 -0.00755129   0.00016695
 -0.00746151   0.00017508
 -0.00737174   0.00018332
 -0.00728197   0.00019164
 -0.00719221   0.00020007
 -0.00710246   0.00020859
 -0.00701273   0.00021720
 -0.00692300   0.00022591
 -0.00683328   0.00023472
 -0.00674357   0.00024362
 -0.00665387   0.00025262
 -0.00656418   0.00026171
 -0.00647450   0.00027090
 -0.00638483   0.00028018
 -0.00629517   0.00028956
 -0.00620552   0.00029904
 -0.00611588   0.00030861
 -0.00602625   0.00031827
 -0.00593663   0.00032803
 -0.00584703   0.00033789
 -0.00575743   0.00034784
 -0.00566784   0.00035789
 -0.00557827   0.00036803
 -0.00548871   0.00037827
 -0.00539915   0.00038860
 -0.00530961   0.00039903
 -0.00522009   0.00040955
 -0.00513057   0.00042017
 -0.00504106   0.00043089
 -0.00495157   0.00044170
 -0.00486208   0.00045260
 -0.00477261   0.00046360
 -0.00468316   0.00047470
 -0.00459371   0.00048589
 -0.00450428   0.00049717
 -0.00441486   0.00050855
 -0.00432545   0.00052003
 -0.00423605   0.00053160
 -0.00414667   0.00054327
 -0.00405730   0.00055503
 -0.00396794   0.00056688
 -0.00387859   0.00057884
 -0.00378926   0.00059088
 -0.00369994   0.00060302
 -0.00361064   0.00061526
 -0.00352135   0.00062759
 -0.00343207   0.00064002
 -0.00334280   0.00065254
 -0.00325355   0.00066516
 -0.00316432   0.00067787
 -0.00307509   0.00069068
 -0.00298588   0.00070358
 -0.00289669   0.00071658
 -0.00280751   0.00072967
 -0.00271834   0.00074285
 -0.00262919   0.00075614
 -0.00254005   0.00076951
 -0.00245093   0.00078298
 -0.00236182   0.00079655
 -0.00227273   0.00081021
 -0.00218365   0.00082397
 -0.00209459   0.00083784
 -0.00200555   0.00085180
 -0.00191651   0.00086587
 -0.00182750   0.00088003
 -0.00173850   0.00089430
 -0.00164952   0.00090866
 -0.00156055   0.00092313
 -0.00147160   0.00093770
 -0.00138267   0.00095237
 -0.00129375   0.00096714
 -0.00120485   0.00098201
 -0.00111597   0.00099697
 -0.00102710   0.00101204
 -0.00093825   0.00102722
 -0.00084941   0.00104249
 -0.00076060   0.00105786
 -0.00067180   0.00107333
 -0.00058302   0.00108890
 -0.00049426   0.00110457
 -0.00040551   0.00112035
 -0.00031678   0.00113622
 -0.00022807   0.00115219
 -0.00013938   0.00116826
 -0.00005070   0.00118444
  0.00003795   0.00120071
  0.00012659   0.00121709
  0.00021521   0.00123356
  0.00030381   0.00125013
  0.00039239   0.00126681
  0.00048096   0.00128358
  0.00056950   0.00130046
  0.00065803   0.00131743
  0.00074653   0.00133451
  0.00083502   0.00135168
  0.00092349   0.00136896
  0.00101194   0.00138633
  0.00110037   0.00140381
  0.00118878   0.00142138
  0.00127717   0.00143906
  0.00136554   0.00145683
  0.00145389   0.00147470
  0.00154221   0.00149268
  0.00163052   0.00151075
  0.00171881   0.00152893
  0.00180708   0.00154720
  0.00189533   0.00156557
  0.00198356   0.00158404
  0.00207176   0.00160262
  0.00215995   0.00162129
  0.00224811   0.00164006
  0.00233625   0.00165893
  0.00242438   0.00167790
  0.00251248   0.00169697
  0.00260056   0.00171614
  0.00268861   0.00173541
  0.00277665   0.00175478
  0.00286466   0.00177425
  0.00295266   0.00179382
  0.00304063   0.00181349
  0.00312857   0.00183326
  0.00321650   0.00185312
  0.00330440   0.00187309
  0.00339228   0.00189315
  0.00348014   0.00191332
  0.00356798   0.00193358
  0.00365579   0.00195394
  0.00374358   0.00197441
  0.00383134   0.00199497
  0.00391909   0.00201563
  0.00400681   0.00203639
  0.00409450   0.00205725
  0.00418218   0.00207821
  0.00426982   0.00209926
  0.00435745   0.00212042
  0.00444505   0.00214167
  0.00453263   0.00216303
  0.00462018   0.00218448
  0.00470771   0.00220603
  0.00479522   0.00222768
  0.00488270   0.00224943
  0.00497016   0.00227128
  0.00505759   0.00229323
  0.00514499   0.00231528
  0.00523237   0.00233745
  0.00531962   0.00236009
  0.00540672   0.00238329
  0.00549367   0.00240706
  0.00558046   0.00243140
  0.00566708   0.00245629
  0.00575354   0.00248175
  0.00583983   0.00250777
  0.00592594   0.00253434
  0.00601188   0.00256148
  0.00609763   0.00258917
  0.00618320   0.00261742
  0.00626858   0.00264622
  0.00635376   0.00267557
  0.00643875   0.00270547
  0.00652354   0.00273593
  0.00660813   0.00276693
  0.00669250   0.00279848
  0.00677667   0.00283058
  0.00686062   0.00286322
  0.00694435   0.00289640
  0.00702786   0.00293013
  0.00711114   0.00296439
  0.00719419   0.00299920
  0.00727701   0.00303454
  0.00735959   0.00307041
  0.00744193   0.00310682
  0.00752402   0.00314376
  0.00760587   0.00318124
  0.00768747   0.00321924
  0.00776881   0.00325776
  0.00784989   0.00329681
  0.00793071   0.00333639
  0.00801126   0.00337649
  0.00809154   0.00341710
  0.00817155   0.00345824
  0.00825129   0.00349989
  0.00833074   0.00354205
  0.00840991   0.00358473
  0.00848880   0.00362791
  0.00856739   0.00367161
  0.00864569   0.00371581
  0.00872370   0.00376051
  0.00880140   0.00380572
  0.00887880   0.00385143
  0.00895589   0.00389763
  0.00903267   0.00394433
  0.00910914   0.00399153
  0.00918529   0.00403922
  0.00926112   0.00408739
  0.00933662   0.00413606
  0.00941180   0.00418520
  0.00948665   0.00423483
  0.00956116   0.00428495
  0.00963533   0.00433554
  0.00970917   0.00438660
  0.00978266   0.00443814
  0.00985581   0.00449015
  0.00992860   0.00454264
  0.01000103   0.00459564
  0.01007309   0.00464914
  0.01014479   0.00470314
  0.01021610   0.00475764
  0.01028704   0.00481264
  0.01035760   0.00486813
  0.01042777   0.00492411
  0.01049756   0.00498058
  0.01056695   0.00503753
  0.01063595   0.00509497
  0.01070455   0.00515288
  0.01077275   0.00521128
  0.01084055   0.00527015
  0.01090793   0.00532949
  0.01097491   0.00538930
  0.01104147   0.00544957
  0.01110761   0.00551031
  0.01117333   0.00557151
  0.01123862   0.00563316
  0.01130349   0.00569527
  0.01136793   0.00575784
  0.01143193   0.00582085
  0.01149549   0.00588430
  0.01155862   0.00594820
  0.01162130   0.00601253
  0.01168354   0.00607731
  0.01174532   0.00614251
  0.01180665   0.00620815
  0.01186753   0.00627421
  0.01192795   0.00634070
  0.01198791   0.00640760
  0.01204740   0.00647493
  0.01210643   0.00654266
  0.01216498   0.00661081
  0.01222306   0.00667937
  0.01228067   0.00674833
  0.01233780   0.00681769
  0.01239444   0.00688745
  0.01245061   0.00695760
  0.01250628   0.00702814
  0.01256147   0.00709907
  0.01261616   0.00717038
  0.01267036   0.00724208
  0.01272405   0.00731415
  0.01277725   0.00738660
  0.01282995   0.00745941
  0.01288214   0.00753259
  0.01293382   0.00760614
  0.01298499   0.00768004
  0.01303565   0.00775431
  0.01308579   0.00782892
  0.01313541   0.00790388
  0.01318452   0.00797919
  0.01323309   0.00805484
  0.01328115   0.00813083
  0.01332867   0.00820715
  0.01337567   0.00828380
  0.01342213   0.00836078
  0.01346806   0.00843808
  0.01351345   0.00851570
  0.01355831   0.00859364
  0.01360262   0.00867189
  0.01364638   0.00875045
  0.01368961   0.00882931
  0.01373228   0.00890847
  0.01377440   0.00898793
  0.01381597   0.00906768
  0.01385699   0.00914773
  0.01389745   0.00922805
  0.01393735   0.00930866
  0.01397669   0.00938955
  0.01401548   0.00947071
  0.01405369   0.00955214
  0.01409134   0.00963383
  0.01412842   0.00971579
  0.01416494   0.00979801
  0.01420088   0.00988047
  0.01423625   0.00996319
  0.01427104   0.01004616
  0.01430526   0.01012937
  0.01433890   0.01021281
  0.01437195   0.01029649
  0.01440443   0.01038040
  0.01443633   0.01046453
  0.01446763   0.01054889
  0.01449836   0.01063346
  0.01452849   0.01071825
  0.01455804   0.01080324
  0.01458699   0.01088845
  0.01461535   0.01097385
  0.01464312   0.01105945
  0.01467030   0.01114524
  0.01469687   0.01123123
  0.01472285   0.01131739
  0.01474823   0.01140374
  0.01477302   0.01149026
  0.01479719   0.01157696
  0.01482077   0.01166382
  0.01484374   0.01175085
  0.01486611   0.01183804
  0.01488787   0.01192538
  0.01490903   0.01201287
  0.01492957   0.01210051
  0.01494951   0.01218830
  0.01496883   0.01227622
  0.01498755   0.01236427
  0.01500565   0.01245246
  0.01502314   0.01254077
  0.01504002   0.01262920
  0.01505628   0.01271775
  0.01507192   0.01280641
  0.01508695   0.01289518
  0.01510137   0.01298406
  0.01511516   0.01307303
  0.01512834   0.01316210
  0.01514090   0.01325126
  0.01515324   0.01334046
  0.01516553   0.01342967
  0.01517778   0.01351890
  0.01518998   0.01360815
  0.01520213   0.01369740
  0.01521423   0.01378668
  0.01522629   0.01387596
  0.01523830   0.01396526
  0.01525026   0.01405458
  0.01526217   0.01414390
  0.01527404   0.01423324
  0.01528586   0.01432259
  0.01529763   0.01441195
  0.01530935   0.01450132
  0.01532102   0.01459070
  0.01533265   0.01468009
  0.01534422   0.01476950
  0.01535575   0.01485891
  0.01536723   0.01494833
  0.01537866   0.01503775
  0.01539005   0.01512719
  0.01540138   0.01521663
  0.01541266   0.01530608
  0.01542390   0.01539554
  0.01543509   0.01548500
  0.01544627   0.01557447
  0.01545746   0.01566393
  0.01546864   0.01575340
  0.01547982   0.01584286
  0.01549101   0.01593232
  0.01550219   0.01602179
  0.01551337   0.01611125
  0.01552455   0.01620072
  0.01553574   0.01629018
  0.01554692   0.01637965
  0.01555810   0.01646911
  0.01556929   0.01655857
  0.01558047   0.01664804
  0.01559165   0.01673750
  0.01560284   0.01682697
  0.01561402   0.01691643
  0.01562520   0.01700590
  0.01563639   0.01709536
  0.01564757   0.01718482
  0.01565875   0.01727429
  0.01566993   0.01736375
  0.01568112   0.01745322
  0.01569230   0.01754268
  0.01570348   0.01763215
  0.01571467   0.01772161
  0.01572585   0.01781107
  0.01573703   0.01790054
  0.01574822   0.01799000
  0.01575940   0.01807947
  0.01577058   0.01816893
  0.01578176   0.01825840
  0.01579295   0.01834786
  0.01580413   0.01843732
  0.01581531   0.01852679
  0.01582650   0.01861625
  0.01583768   0.01870572
  0.01584886   0.01879518
  0.01586005   0.01888464
  0.01587123   0.01897411
  0.01588241   0.01906357
  0.01589359   0.01915304
  0.01590478   0.01924250
  0.01591596   0.01933197
  0.01592714   0.01942143
  0.01593833   0.01951089
  0.01594951   0.01960036
  0.01596069   0.01968982
  0.01597188   0.01977929
  0.01598306   0.01986875
  0.01599424   0.01995822
  0.01600543   0.02004768
  0.01601661   0.02013714
  0.01602779   0.02022661
  0.01603897   0.02031607
  0.01605016   0.02040554
  0.01606134   0.02049500
  0.01607252   0.02058447
  0.01608371   0.02067393
  0.01609489   0.02076339
  0.01610607   0.02085286
  0.01611726   0.02094232
  0.01612844   0.02103179
  0.01613962   0.02112125
  0.01615080   0.02121072
  0.01616199   0.02130018
  0.01617317   0.02138964
  0.01618435   0.02147911
  0.01619554   0.02156857
  0.01620672   0.02165804
  0.01621790   0.02174750
  0.01622909   0.02183696
  0.01624027   0.02192643
  0.01625145   0.02201589
  0.01626263   0.02210536
  0.01627382   0.02219482
  0.01628500   0.02228429
  0.01629618   0.02237375
  0.01630737   0.02246321
  0.01631855   0.02255268
  0.01632973   0.02264214
  0.01634092   0.02273161
  0.01635210   0.02282107
  0.01636328   0.02291054
  0.01637447   0.02300000
