 -0.03636600   0.02300000
 -0.03636047   0.02296163
 -0.03635492   0.02292326
 -0.03634933   0.02288489
 -0.03634372   0.02284653
 -0.03633808   0.02280818
 -0.03633242   0.02276983
 -0.03632672   0.02273149
 -0.03632100   0.02269315
 -0.03631525   0.02265481
 -0.03630948   0.02261649
 -0.03630367   0.02257816
 -0.03629784   0.02253985
 -0.03629198   0.02250153
 -0.03628609   0.02246323
 -0.03628018   0.02242493
 -0.03627424   0.02238663
 -0.03626827   0.02234834
 -0.03626228   0.02231006
 -0.03625625   0.02227178
 -0.03625020   0.02223351
 -0.03624412   0.02219525
 -0.03623802   0.02215699
 -0.03623188   0.02211873
 -0.03622572   0.02208049
 -0.03621954   0.02204225
 -0.03621332   0.02200401
 -0.03620708   0.02196578
 -0.03620081   0.02192756
 -0.03619451   0.02188934
 -0.03618819   0.02185114
 -0.03618184   0.02181293
 -0.03617546   0.02177474
 -0.03616905   0.02173655
 -0.03616262   0.02169836
 -0.03615616   0.02166019
 -0.03614967   0.02162202
 -0.03614316   0.02158385
 -0.03613661   0.02154570
 -0.03613005   0.02150755
 -0.03612345   0.02146941
 -0.03611683   0.02143127
 -0.03611018   0.02139314
 -0.03610350   0.02135502
 -0.03609679   0.02131691
 -0.03609006   0.02127880
 -0.03608330   0.02124071
 -0.03607652   0.02120261
 -0.03606971   0.02116453
 -0.03606287   0.02112645
 -0.03605600   0.02108838
 -0.03604911   0.02105032
 -0.03604218   0.02101227
 -0.03603524   0.02097422
 -0.03602826   0.02093618
 -0.03602126   0.02089815
 -0.03601423   0.02086013
 -0.03600718   0.02082211
 -0.03600010   0.02078411
 -0.03599299   0.02074611
 -0.03598585   0.02070812
 -0.03597869   0.02067013
 -0.03597150   0.02063216
 -0.03596428   0.02059419
 -0.03595704   0.02055623
 -0.03594977   0.02051828
 -0.03594247   0.02048034
 -0.03593515   0.02044241
 -0.03592780   0.02040448
 -0.03592042   0.02036657
 -0.03591302   0.02032866
 -0.03590559   0.02029076
 -0.03589813   0.02025287
 -0.03589065   0.02021499
 -0.03588314   0.02017712
 -0.03587560   0.02013925
 -0.03586804   0.02010140
 -0.03586045   0.02006355
 -0.03585284   0.02002571
 -0.03584519   0.01998789
 -0.03583752   0.01995007
 -0.03582983   0.01991226
 -0.03582211   0.01987446
 -0.03581436   0.01983667
 -0.03580658   0.01979888
 -0.03579878   0.01976111
 -0.03579095   0.01972335
 -0.03578310   0.01968559
 -0.03577522   0.01964785
 -0.03576731   0.01961011
 -0.03575938   0.01957239
 -0.03575142   0.01953467
 -0.03574343   0.01949697
 -0.03573542   0.01945927
 -0.03572738   0.01942159
 -0.03571932   0.01938391
 -0.03571123   0.01934624
 -0.03570311   0.01930859
 -0.03569497   0.01927094
 -0.03568680   0.01923331
 -0.03567861   0.01919568
 -0.03567038   0.01915806
 -0.03566214   0.01912046
 -0.03565386   0.01908286
 -0.03564556   0.01904528
 -0.03563724   0.01900771
 -0.03562889   0.01897014
 -0.03562051   0.01893259
 -0.03561211   0.01889505
 -0.03560368   0.01885751
 -0.03559522   0.01881999
 -0.03558674   0.01878248
 -0.03557823   0.01874498
 -0.03556970   0.01870749
 -0.03556114   0.01867001
 -0.03555256   0.01863255
 -0.03554395   0.01859509
 -0.03553531   0.01855764
 -0.03552665   0.01852021
 -0.03551796   0.01848279
 -0.03550925   0.01844537
 -0.03550051   0.01840797
 -0.03549175   0.01837058
 -0.03548296   0.01833321
 -0.03547414   0.01829584
 -0.03546530   0.01825848
 -0.03545643   0.01822114
 -0.03544754   0.01818381
 -0.03543862   0.01814649
 -0.03542968   0.01810918
 -0.03542071   0.01807188
 -0.03541172   0.01803459
 -0.03540270   0.01799732
 -0.03539365   0.01796006
 -0.03538458   0.01792281
 -0.03537548   0.01788557
 -0.03536636   0.01784834
 -0.03535722   0.01781113
 -0.03534804   0.01777393
 -0.03533885   0.01773673
 -0.03532962   0.01769956
 -0.03532029   0.01766240
 -0.03531082   0.01762527
 -0.03530123   0.01758817
 -0.03529152   0.01755109
 -0.03528167   0.01751405
 -0.03527170   0.01747702
 -0.03526160   0.01744003
 -0.03525137   0.01740307
 -0.03524102   0.01736613
 -0.03523053   0.01732923
 -0.03521992   0.01729235
 -0.03520919   0.01725550
 -0.03519832   0.01721869
 -0.03518733   0.01718191
 -0.03517622   0.01714516
 -0.03516497   0.01710844
 -0.03515360   0.01707175
 -0.03514210   0.01703510
 -0.03513048   0.01699848
 -0.03511873   0.01696190
 -0.03510686   0.01692535
 -0.03509485   0.01688884
 -0.03508273   0.01685236
 -0.03507047   0.01681592
 -0.03505809   0.01677951
 -0.03504559   0.01674314
 -0.03503296   0.01670681
 -0.03502020   0.01667052
 -0.03500732   0.01663427
 -0.03499432   0.01659805
 -0.03498119   0.01656188
 -0.03496793   0.01652574
 -0.03495456   0.01648965
 -0.03494105   0.01645360
 -0.03492742   0.01641759
 -0.03491367   0.01638162
 -0.03489980   0.01634569
 -0.03488580   0.01630981
 -0.03487167   0.01627396
 -0.03485743   0.01623817
 -0.03484305   0.01620241
 -0.03482856   0.01616671
 -0.03481394   0.01613104
 -0.03479920   0.01609542
 -0.03478434   0.01605985
 -0.03476936   0.01602433
 -0.03475425   0.01598885
 -0.03473902   0.01595342
 -0.03472367   0.01591804
 -0.03470819   0.01588270
 -0.03469260   0.01584742
 -0.03467688   0.01581218
 -0.03466104   0.01577700
 -0.03464508   0.01574186
 -0.03462900   0.01570678
 -0.03461280   0.01567174
 -0.03459648   0.01563676
 -0.03458004   0.01560183
 -0.03456347   0.01556695
 -0.03454679   0.01553213
 -0.03452999   0.01549736
 -0.03451306   0.01546264
 -0.03449602   0.01542798
 -0.03447886   0.01539337
 -0.03446158   0.01535882
 -0.03444418   0.01532432
 -0.03442666   0.01528988
 -0.03440902   0.01525549
 -0.03439127   0.01522117
 -0.03437339   0.01518690
 -0.03435540   0.01515268
 -0.03433729   0.01511853
 -0.03431907   0.01508444
 -0.03430072   0.01505040
 -0.03428226   0.01501642
 -0.03426368   0.01498251
 -0.03424499   0.01494865
 -0.03422618   0.01491486
 -0.03420725   0.01488113
 -0.03418821   0.01484746
 -0.03416905   0.01481385
 -0.03414977   0.01478030
 -0.03413038   0.01474682
 -0.03411088   0.01471340
 -0.03409126   0.01468005
 -0.03407152   0.01464675
 -0.03405168   0.01461353
 -0.03403171   0.01458037
 -0.03401164   0.01454728
 -0.03399145   0.01451425
 -0.03397114   0.01448129
 -0.03395073   0.01444839
 -0.03393020   0.01441556
 -0.03390955   0.01438281
 -0.03388880   0.01435011
 -0.03386793   0.01431749
 -0.03384695   0.01428494
 -0.03382586   0.01425246
 -0.03380466   0.01422004
 -0.03378335   0.01418770
 -0.03376192   0.01415543
 -0.03374039   0.01412323
 -0.03371874   0.01409110
 -0.03369699   0.01405904
 -0.03367512   0.01402706
 -0.03365315   0.01399515
 -0.03363107   0.01396331
 -0.03360887   0.01393155
 -0.03358657   0.01389986
 -0.03356416   0.01386824
 -0.03354164   0.01383670
 -0.03351902   0.01380524
 -0.03349629   0.01377385
 -0.03347344   0.01374253
 -0.03345050   0.01371130
 -0.03342744   0.01368014
 -0.03340428   0.01364906
 -0.03338101   0.01361805
 -0.03335764   0.01358712
 -0.03333416   0.01355628
 -0.03331058   0.01352551
 -0.03328689   0.01349482
 -0.03326309   0.01346421
 -0.03323919   0.01343368
 -0.03321519   0.01340323
 -0.03319109   0.01337286
 -0.03316688   0.01334258
 -0.03314256   0.01331237
 -0.03311815   0.01328225
 -0.03309363   0.01325221
 -0.03306901   0.01322225
 -0.03304428   0.01319238
 -0.03301946   0.01316259
 -0.03299453   0.01313288
 -0.03296950   0.01310326
 -0.03294437   0.01307373
 -0.03291915   0.01304427
 -0.03289382   0.01301491
 -0.03286839   0.01298563
 -0.03284286   0.01295643
 -0.03281723   0.01292733
 -0.03279151   0.01289831
 -0.03276568   0.01286937
 -0.03273976   0.01284053
 -0.03271374   0.01281177
 -0.03268762   0.01278310
 -0.03266140   0.01275452
 -0.03263509   0.01272603
 -0.03260868   0.01269763
 -0.03258218   0.01266932
 -0.03255558   0.01264110
 -0.03252888   0.01261297
 -0.03250209   0.01258493
 -0.03247520   0.01255698
 -0.03244822   0.01252912
 -0.03242115   0.01250136
 -0.03239398   0.01247369
 -0.03236671   0.01244611
 -0.03233936   0.01241862
 -0.03231191   0.01239123
 -0.03228437   0.01236393
 -0.03225674   0.01233673
 -0.03222901   0.01230962
 -0.03220119   0.01228261
 -0.03217329   0.01225569
 -0.03214529   0.01222886
 -0.03211720   0.01220213
 -0.03208902   0.01217550
 -0.03206076   0.01214897
 -0.03203240   0.01212253
 -0.03200395   0.01209618
 -0.03197542   0.01206994
 -0.03194680   0.01204379
 -0.03191809   0.01201775
 -0.03188929   0.01199180
 -0.03186041   0.01196595
 -0.03183144   0.01194019
 -0.03180238   0.01191454
 -0.03177323   0.01188899
 -0.03174401   0.01186354
 -0.03171469   0.01183818
 -0.03168529   0.01181293
 -0.03165581   0.01178778
 -0.03162624   0.01176273
 -0.03159659   0.01173779
 -0.03156686   0.01171294
 -0.03153704   0.01168820
 -0.03150714   0.01166356
 -0.03147716   0.01163902
 -0.03144710   0.01161459
 -0.03141696   0.01159026
 -0.03138673   0.01156603
 -0.03135643   0.01154191
 -0.03132604   0.01151789
 -0.03129558   0.01149397
 -0.03126503   0.01147016
 -0.03123441   0.01144646
 -0.03120371   0.01142286
 -0.03117293   0.01139937
 -0.03114207   0.01137598
 -0.03111113   0.01135270
 -0.03108012   0.01132953
 -0.03104903   0.01130646
 -0.03101787   0.01128350
 -0.03098663   0.01126065
 -0.03095531   0.01123791
 -0.03092392   0.01121527
 -0.03089245   0.01119275
 -0.03086091   0.01117033
 -0.03082930   0.01114802
 -0.03079761   0.01112582
 -0.03076585   0.01110373
 -0.03073402   0.01108174
 -0.03070212   0.01105987
 -0.03067014   0.01103811
 -0.03063810   0.01101646
 -0.03060598   0.01099492
 -0.03057379   0.01097349
 -0.03054153   0.01095217
 -0.03050921   0.01093097
 -0.03047681   0.01090987
 -0.03044435   0.01088889
 -0.03041181   0.01086802
 -0.03037921   0.01084726
 -0.03034654   0.01082662
 -0.03031381   0.01080609
 -0.03028100   0.01078567
 -0.03024814   0.01076536
 -0.03021520   0.01074517
 -0.03018220   0.01072509
 -0.03014914   0.01070513
 -0.03011601   0.01068528
 -0.03008282   0.01066555
 -0.03004956   0.01064593
 -0.03001624   0.01062642
 -0.02998286   0.01060703
 -0.02994942   0.01058776
 -0.02991591   0.01056860
 -0.02988235   0.01054956
 -0.02984872   0.01053064
 -0.02981503   0.01051183
 -0.02978128   0.01049314
 -0.02974747   0.01047456
 -0.02971360   0.01045610
 -0.02967968   0.01043776
 -0.02964569   0.01041954
 -0.02961165   0.01040143
 -0.02957755   0.01038344
 -0.02954340   0.01036557
 -0.02950918   0.01034782
 -0.02947492   0.01033019
 -0.02944059   0.01031268
 -0.02940621   0.01029528
 -0.02937178   0.01027801
 -0.02933729   0.01026085
 -0.02930275   0.01024381
 -0.02926815   0.01022689
 -0.02923350   0.01021010
 -0.02919880   0.01019342
 -0.02916405   0.01017686
 -0.02912924   0.01016043
 -0.02909439   0.01014411
 -0.02905948   0.01012791
 -0.02902453   0.01011184
 -0.02898952   0.01009589
 -0.02895446   0.01008005
 -0.02891936   0.01006434
 -0.02888421   0.01004875
 -0.02884901   0.01003329
 -0.02881376   0.01001794
 -0.02877847   0.01000272
 -0.02874313   0.00998762
 -0.02870774   0.00997264
 -0.02867231   0.00995779
 -0.02863683   0.00994305
 -0.02860131   0.00992844
 -0.02856574   0.00991396
 -0.02853013   0.00989959
 -0.02849448   0.00988535
 -0.02845878   0.00987124
 -0.02842304   0.00985725
 -0.02838726   0.00984338
 -0.02835144   0.00982963
 -0.02831559   0.00981597
 -0.02827972   0.00980236
 -0.02824383   0.00978878
 -0.02820792   0.00977524
 -0.02817199   0.00976174
 -0.02813604   0.00974829
 -0.02810008   0.00973487
 -0.02806409   0.00972149
 -0.02802809   0.00970816
 -0.02799207   0.00969486
 -0.02795603   0.00968161
 -0.02791997   0.00966839
 -0.02788389   0.00965522
 -0.02784780   0.00964209
 -0.02781168   0.00962899
 -0.02777555   0.00961594
 -0.02773940   0.00960293
 -0.02770323   0.00958996
 -0.02766705   0.00957702
 -0.02763084   0.00956413
 -0.02759462   0.00955128
 -0.02755838   0.00953848
 -0.02752212   0.00952571
 -0.02748585   0.00951298
 -0.02744956   0.00950029
 -0.02741325   0.00948765
 -0.02737692   0.00947504
 -0.02736627   0.00947020
 -0.02735558   0.00946544
 -0.02734485   0.00946078
 -0.02733407   0.00945621
 -0.02732325   0.00945174
 -0.02731238   0.00944736
 -0.02730148   0.00944308
 -0.02729053   0.00943889
 -0.02727954   0.00943480
 -0.02726852   0.00943081
 -0.02725746   0.00942691
 -0.02724636   0.00942311
 -0.02723523   0.00941941
 -0.02722406   0.00941581
 -0.02721286   0.00941230
 -0.02720162   0.00940889
 -0.02719035   0.00940558
 -0.02717905   0.00940237
 -0.02716772   0.00939927
 -0.02715637   0.00939626
 -0.02714498   0.00939335
 -0.02713357   0.00939054
 -0.02712213   0.00938783
 -0.02711066   0.00938522
 -0.02709917   0.00938271
 -0.02708766   0.00938031
 -0.02707612   0.00937801
 -0.02706457   0.00937581
 -0.02705299   0.00937371
 -0.02704139   0.00937171
 -0.02702978   0.00936982
 -0.02701815   0.00936802
 -0.02700650   0.00936633
 -0.02699483   0.00936475
 -0.02698315   0.00936327
 -0.02697146   0.00936189
 -0.02695975   0.00936061
 -0.02694804   0.00935944
 -0.02693631   0.00935837
 -0.02692457   0.00935740
 -0.02691282   0.00935654
 -0.02690107   0.00935579
 -0.02688931   0.00935513
 -0.02687754   0.00935458
 -0.02686577   0.00935414
 -0.02685399   0.00935380
 -0.02684222   0.00935356
 -0.02683044   0.00935343
 -0.02681866   0.00935340
 -0.02680688   0.00935348
 -0.02679510   0.00935366
 -0.02678332   0.00935394
 -0.02677155   0.00935433
 -0.02675978   0.00935482
 -0.02674802   0.00935542
 -0.02673626   0.00935612
 -0.02672451   0.00935692
 -0.02671277   0.00935783
 -0.02670103   0.00935884
 -0.02668931   0.00935996
 -0.02667760   0.00936118
 -0.02666590   0.00936250
 -0.02665422   0.00936393
 -0.02664254   0.00936546
 -0.02663089   0.00936709
 -0.02661925   0.00936883
 -0.02660762   0.00937066
 -0.02659602   0.00937260
 -0.02658443   0.00937465
 -0.02657287   0.00937679
 -0.02656132   0.00937904
 -0.02654980   0.00938139
 -0.02653830   0.00938384
 -0.02652682   0.00938639
 -0.02651537   0.00938905
 -0.02650394   0.00939180
 -0.02649255   0.00939465
 -0.02648117   0.00939761
 -0.02646983   0.00940066
 -0.02645852   0.00940382
 -0.02644724   0.00940707
 -0.02643599   0.00941042
 -0.02642477   0.00941387
 -0.02641359   0.00941742
 -0.02640244   0.00942107
 -0.02639132   0.00942482
 -0.02638024   0.00942866
 -0.02636920   0.00943260
 -0.02635820   0.00943664
 -0.02634723   0.00944077
 -0.02633631   0.00944500
 -0.02632543   0.00944933
 -0.02631458   0.00945375
 -0.02630379   0.00945826
 -0.02629303   0.00946287
 -0.02628232   0.00946757
 -0.02627165   0.00947237
 -0.02626103   0.00947725
 -0.02625046   0.00948224
 -0.02623994   0.00948731
 -0.02620445   0.00950019
 -0.02616898   0.00951311
 -0.02613352   0.00952607
 -0.02609809   0.00953906
 -0.02606267   0.00955210
 -0.02602727   0.00956518
 -0.02599189   0.00957829
 -0.02595652   0.00959144
 -0.02592118   0.00960464
 -0.02588585   0.00961787
 -0.02585054   0.00963114
 -0.02581525   0.00964445
 -0.02577998   0.00965779
 -0.02574472   0.00967118
 -0.02570949   0.00968460
 -0.02567427   0.00969807
 -0.02563907   0.00971157
 -0.02560389   0.00972513
 -0.02556875   0.00973879
 -0.02553366   0.00975258
 -0.02549860   0.00976649
 -0.02546358   0.00978052
 -0.02542861   0.00979466
 -0.02539368   0.00980893
 -0.02535879   0.00982331
 -0.02532394   0.00983782
 -0.02528914   0.00985244
 -0.02525438   0.00986718
 -0.02521966   0.00988204
 -0.02518499   0.00989701
 -0.02515037   0.00991211
 -0.02511579   0.00992732
 -0.02508125   0.00994265
 -0.02504677   0.00995810
 -0.02501233   0.00997367
 -0.02497794   0.00998935
 -0.02494359   0.01000515
 -0.02490930   0.01002107
 -0.02487505   0.01003710
 -0.02484085   0.01005325
 -0.02480670   0.01006952
 -0.02477260   0.01008590
 -0.02473855   0.01010240
 -0.02470456   0.01011902
 -0.02467061   0.01013575
 -0.02463672   0.01015259
 -0.02460288   0.01016956
 -0.02456909   0.01018663
 -0.02453535   0.01020383
 -0.02450167   0.01022113
 -0.02446804   0.01023856
 -0.02443446   0.01025609
 -0.02440094   0.01027374
 -0.02436748   0.01029151
 -0.02433407   0.01030939
 -0.02430072   0.01032738
 -0.02426742   0.01034548
 -0.02423418   0.01036370
 -0.02420100   0.01038203
 -0.02416788   0.01040048
 -0.02413481   0.01041904
 -0.02410180   0.01043771
 -0.02406885   0.01045649
 -0.02403596   0.01047538
 -0.02400313   0.01049439
 -0.02397036   0.01051351
 -0.02393765   0.01053274
 -0.02390501   0.01055208
 -0.02387242   0.01057153
 -0.02383990   0.01059109
 -0.02380743   0.01061077
 -0.02377503   0.01063055
 -0.02374270   0.01065044
 -0.02371042   0.01067045
 -0.02367821   0.01069056
 -0.02364607   0.01071078
 -0.02361399   0.01073111
 -0.02358198   0.01075155
 -0.02355003   0.01077210
 -0.02351814   0.01079276
 -0.02348633   0.01081353
 -0.02345458   0.01083440
 -0.02342289   0.01085538
 -0.02339128   0.01087647
 -0.02335973   0.01089767
 -0.02332825   0.01091897
 -0.02329684   0.01094038
 -0.02326550   0.01096190
 -0.02323423   0.01098353
 -0.02320302   0.01100526
 -0.02317189   0.01102709
 -0.02314083   0.01104903
 -0.02310984   0.01107108
 -0.02307892   0.01109323
 -0.02304808   0.01111549
 -0.02301730   0.01113785
 -0.02298660   0.01116031
 -0.02295597   0.01118288
 -0.02292542   0.01120555
 -0.02289494   0.01122833
 -0.02286453   0.01125121
 -0.02283420   0.01127419
 -0.02280394   0.01129728
 -0.02277376   0.01132047
 -0.02274365   0.01134376
 -0.02271362   0.01136715
 -0.02268367   0.01139064
 -0.02265379   0.01141424
 -0.02262399   0.01143793
 -0.02259427   0.01146173
 -0.02256463   0.01148562
 -0.02253506   0.01150962
 -0.02250557   0.01153372
 -0.02247617   0.01155792
 -0.02244684   0.01158221
 -0.02241759   0.01160661
 -0.02238842   0.01163110
 -0.02235933   0.01165569
 -0.02233033   0.01168038
 -0.02230140   0.01170517
 -0.02227256   0.01173006
 -0.02224379   0.01175504
 -0.02221511   0.01178012
 -0.02218652   0.01180530
 -0.02215800   0.01183057
 -0.02212957   0.01185594
 -0.02210123   0.01188140
 -0.02207296   0.01190696
 -0.02204479   0.01193262
 -0.02201669   0.01195837
 -0.02198869   0.01198421
 -0.02196076   0.01201015
 -0.02193293   0.01203619
 -0.02190518   0.01206231
 -0.02187751   0.01208853
 -0.02184994   0.01211485
 -0.02182245   0.01214125
 -0.02179505   0.01216775
 -0.02176773   0.01219434
 -0.02174051   0.01222102
 -0.02171337   0.01224779
 -0.02168632   0.01227466
 -0.02165936   0.01230161
 -0.02163250   0.01232866
 -0.02160572   0.01235579
 -0.02157903   0.01238302
 -0.02155243   0.01241033
 -0.02152592   0.01243774
 -0.02149951   0.01246523
 -0.02147318   0.01249281
 -0.02144695   0.01252048
 -0.02142081   0.01254823
 -0.02139476   0.01257608
 -0.02136881   0.01260401
 -0.02134295   0.01263203
 -0.02131718   0.01266013
 -0.02129151   0.01268832
 -0.02126593   0.01271659
 -0.02124044   0.01274496
 -0.02121505   0.01277340
 -0.02118976   0.01280193
 -0.02116456   0.01283055
 -0.02113945   0.01285924
 -0.02111444   0.01288803
 -0.02108953   0.01291689
 -0.02106472   0.01294584
 -0.02104000   0.01297487
 -0.02101538   0.01300398
 -0.02099086   0.01303318
 -0.02096643   0.01306245
 -0.02094210   0.01309181
 -0.02091788   0.01312125
 -0.02089375   0.01315077
 -0.02086971   0.01318037
 -0.02084578   0.01321004
 -0.02082195   0.01323980
 -0.02079822   0.01326964
 -0.02077459   0.01329955
 -0.02075106   0.01332954
 -0.02072762   0.01335961
 -0.02070430   0.01338976
 -0.02068107   0.01341999
 -0.02065794   0.01345029
 -0.02063492   0.01348067
 -0.02061199   0.01351112
 -0.02058917   0.01354165
 -0.02056646   0.01357225
 -0.02054384   0.01360293
 -0.02052133   0.01363369
 -0.02049892   0.01366451
 -0.02047662   0.01369541
 -0.02045442   0.01372639
 -0.02043232   0.01375744
 -0.02041033   0.01378856
 -0.02038845   0.01381975
 -0.02036667   0.01385101
 -0.02034499   0.01388235
 -0.02032342   0.01391375
 -0.02030196   0.01394523
 -0.02028060   0.01397677
 -0.02025935   0.01400839
 -0.02023821   0.01404008
 -0.02021717   0.01407183
 -0.02019624   0.01410365
 -0.02017541   0.01413555
 -0.02015470   0.01416750
 -0.02013409   0.01419953
 -0.02011359   0.01423162
 -0.02009320   0.01426378
 -0.02007292   0.01429601
 -0.02005275   0.01432830
 -0.02003268   0.01436066
 -0.02001273   0.01439308
 -0.01999288   0.01442557
 -0.01997315   0.01445812
 -0.01995352   0.01449073
 -0.01993400   0.01452341
 -0.01991460   0.01455615
 -0.01989531   0.01458895
 -0.01987612   0.01462182
 -0.01985705   0.01465475
 -0.01983809   0.01468774
 -0.01981924   0.01472078
 -0.01980050   0.01475389
 -0.01978188   0.01478706
 -0.01976336   0.01482029
 -0.01974496   0.01485358
 -0.01972668   0.01488693
 -0.01970850   0.01492034
 -0.01969044   0.01495380
 -0.01967249   0.01498732
 -0.01965466   0.01502090
 -0.01963693   0.01505453
 -0.01961933   0.01508823
 -0.01960183   0.01512197
 -0.01958445   0.01515578
 -0.01956719   0.01518963
 -0.01955004   0.01522354
 -0.01953300   0.01525751
 -0.01951608   0.01529153
 -0.01949928   0.01532560
 -0.01948259   0.01535973
 -0.01946602   0.01539391
 -0.01944956   0.01542814
 -0.01943322   0.01546242
 -0.01941699   0.01549676
 -0.01940088   0.01553114
 -0.01938489   0.01556558
 -0.01936901   0.01560006
 -0.01935325   0.01563459
 -0.01933761   0.01566918
 -0.01932209   0.01570381
 -0.01930668   0.01573849
 -0.01929139   0.01577321
 -0.01927622   0.01580799
 -0.01926116   0.01584281
 -0.01924623   0.01587768
 -0.01923141   0.01591259
 -0.01921671   0.01594755
 -0.01920213   0.01598255
 -0.01918767   0.01601760
 -0.01917332   0.01605270
 -0.01915910   0.01608783
 -0.01914499   0.01612301
 -0.01913101   0.01615824
 -0.01911714   0.01619350
 -0.01910339   0.01622881
 -0.01908977   0.01626416
 -0.01907626   0.01629955
 -0.01906287   0.01633498
 -0.01904960   0.01637045
 -0.01903646   0.01640596
 -0.01902343   0.01644151
 -0.01901052   0.01647710
 -0.01899774   0.01651272
 -0.01898507   0.01654839
 -0.01897253   0.01658409
 -0.01896011   0.01661983
 -0.01894781   0.01665561
 -0.01893563   0.01669142
 -0.01892357   0.01672727
 -0.01891163   0.01676315
 -0.01889982   0.01679907
 -0.01888812   0.01683502
 -0.01887655   0.01687101
 -0.01886510   0.01690703
 -0.01885377   0.01694308
 -0.01884257   0.01697917
 -0.01883149   0.01701529
 -0.01882052   0.01705143
 -0.01880969   0.01708762
 -0.01879897   0.01712383
 -0.01878838   0.01716007
 -0.01877791   0.01719634
 -0.01876756   0.01723264
 -0.01875734   0.01726897
 -0.01874724   0.01730533
 -0.01873726   0.01734171
 -0.01872741   0.01737813
 -0.01871768   0.01741457
 -0.01870807   0.01745103
 -0.01869858   0.01748753
 -0.01868922   0.01752405
 -0.01867999   0.01756059
 -0.01867088   0.01759716
 -0.01866188   0.01763375
 -0.01865292   0.01767036
 -0.01864398   0.01770698
 -0.01863507   0.01774360
 -0.01862618   0.01778025
 -0.01861732   0.01781690
 -0.01860849   0.01785356
 -0.01859967   0.01789023
 -0.01859089   0.01792692
 -0.01858212   0.01796362
 -0.01857338   0.01800032
 -0.01856467   0.01803704
 -0.01855598   0.01807377
 -0.01854732   0.01811051
 -0.01853868   0.01814727
 -0.01853006   0.01818403
 -0.01852147   0.01822080
 -0.01851291   0.01825759
 -0.01850436   0.01829438
 -0.01849585   0.01833119
 -0.01848736   0.01836801
 -0.01847889   0.01840483
 -0.01847045   0.01844167
 -0.01846204   0.01847852
 -0.01845364   0.01851538
 -0.01844528   0.01855225
 -0.01843694   0.01858913
 -0.01842862   0.01862602
 -0.01842033   0.01866292
 -0.01841206   0.01869983
 -0.01840382   0.01873675
 -0.01839561   0.01877369
 -0.01838742   0.01881063
 -0.01837925   0.01884758
 -0.01837111   0.01888454
 -0.01836299   0.01892151
 -0.01835490   0.01895849
 -0.01834684   0.01899548
 -0.01833880   0.01903248
 -0.01833079   0.01906950
 -0.01832280   0.01910652
 -0.01831483   0.01914355
 -0.01830689   0.01918059
 -0.01829898   0.01921763
 -0.01829109   0.01925469
 -0.01828323   0.01929176
 -0.01827539   0.01932884
 -0.01826758   0.01936593
 -0.01825980   0.01940302
 -0.01825204   0.01944013
 -0.01824430   0.01947724
 -0.01823659   0.01951437
 -0.01822891   0.01955150
 -0.01822125   0.01958864
 -0.01821361   0.01962579
 -0.01820601   0.01966295
 -0.01819842   0.01970012
 -0.01819087   0.01973730
 -0.01818334   0.01977449
 -0.01817583   0.01981168
 -0.01816835   0.01984889
 -0.01816090   0.01988610
 -0.01815347   0.01992332
 -0.01814607   0.01996055
 -0.01813869   0.01999779
 -0.01813134   0.02003504
 -0.01812401   0.02007229
 -0.01811671   0.02010956
 -0.01810944   0.02014683
 -0.01810219   0.02018411
 -0.01809497   0.02022140
 -0.01808777   0.02025870
 -0.01808060   0.02029600
 -0.01807345   0.02033331
 -0.01806633   0.02037063
 -0.01805924   0.02040796
 -0.01805217   0.02044530
 -0.01804513   0.02048265
 -0.01803812   0.02052000
 -0.01803113   0.02055736
 -0.01802416   0.02059473
 -0.01801723   0.02063210
 -0.01801031   0.02066949
 -0.01800343   0.02070688
 -0.01799657   0.02074427
 -0.01798973   0.02078168
 -0.01798293   0.02081909
 -0.01797615   0.02085651
 -0.01796939   0.02089394
 -0.01796266   0.02093138
 -0.01795596   0.02096882
 -0.01794928   0.02100627
 -0.01794263   0.02104373
 -0.01793600   0.02108119
 -0.01792940   0.02111866
 -0.01792283   0.02115614
 -0.01791629   0.02119362
 -0.01790977   0.02123112
 -0.01790327   0.02126861
 -0.01789680   0.02130612
 -0.01789036   0.02134363
 -0.01788395   0.02138115
 -0.01787756   0.02141867
 -0.01787119   0.02145621
 -0.01786486   0.02149374
 -0.01785855   0.02153129
 -0.01785226   0.02156884
 -0.01784601   0.02160640
 -0.01783977   0.02164396
 -0.01783357   0.02168153
 -0.01782739   0.02171910
 -0.01782124   0.02175669
 -0.01781511   0.02179428
 -0.01780901   0.02183187
 -0.01780294   0.02186947
 -0.01779689   0.02190708
 -0.01779087   0.02194469
 -0.01778488   0.02198231
 -0.01777891   0.02201993
 -0.01777297   0.02205756
 -0.01776706   0.02209519
 -0.01776117   0.02213283
 -0.01775531   0.02217048
 -0.01774947   0.02220813
 -0.01774366   0.02224579
 -0.01773788   0.02228345
 -0.01773213   0.02232112
 -0.01772640   0.02235879
 -0.01772070   0.02239647
 -0.01771502   0.02243415
 -0.01770937   0.02247184
 -0.01770375   0.02250954
 -0.01769815   0.02254724
 -0.01769258   0.02258494
 -0.01768704   0.02262265
 -0.01768152   0.02266036
 -0.01767604   0.02269808
 -0.01767057   0.02273581
 -0.01766514   0.02277353
 -0.01765973   0.02281127
 -0.01765434   0.02284900
 -0.01764899   0.02288675
 -0.01764366   0.02292449
 -0.01763836   0.02296224
 -0.01763308   0.02300000
