 -0.03637511   0.02300000
 -0.03636681   0.02293366
 -0.03635852   0.02286731
 -0.03635023   0.02280097
 -0.03634193   0.02273463
 -0.03633364   0.02266828
 -0.03632534   0.02260194
 -0.03631705   0.02253560
 -0.03630876   0.02246926
 -0.03630046   0.02240291
 -0.03629217   0.02233657
 -0.03628388   0.02227023
 -0.03627558   0.02220388
 -0.03626729   0.02213754
 -0.03625899   0.02207120
 -0.03625070   0.02200485
 -0.03624241   0.02193851
 -0.03623411   0.02187217
 -0.03622582   0.02180582
 -0.03621753   0.02173948
 -0.03620923   0.02167314
 -0.03620094   0.02160680
 -0.03619264   0.02154045
 -0.03618435   0.02147411
 -0.03617606   0.02140777
 -0.03616776   0.02134142
 -0.03615947   0.02127508
 -0.03615118   0.02120874
 -0.03614288   0.02114239
 -0.03613459   0.02107605
 -0.03612630   0.02100971
 -0.03611800   0.02094337
 -0.03610971   0.02087702
 -0.03610141   0.02081068
 -0.03609312   0.02074434
 -0.03608483   0.02067799
 -0.03607653   0.02061165
 -0.03606824   0.02054531
 -0.03605995   0.02047896
 -0.03605165   0.02041262
 -0.03604336   0.02034628
 -0.03603506   0.02027993
 -0.03602677   0.02021359
 -0.03601848   0.02014725
 -0.03601018   0.02008091
 -0.03600189   0.02001456
 -0.03599360   0.01994822
 -0.03598530   0.01988188
 -0.03597701   0.01981553
 -0.03596871   0.01974919
 -0.03596042   0.01968285
 -0.03595213   0.01961650
 -0.03594383   0.01955016
 -0.03593554   0.01948382
 -0.03592725   0.01941748
 -0.03591895   0.01935113
 -0.03591066   0.01928479
 -0.03590237   0.01921845
 -0.03589407   0.01915210
 -0.03588578   0.01908576
 -0.03587748   0.01901942
 -0.03586919   0.01895307
 -0.03586090   0.01888673
 -0.03585260   0.01882039
 -0.03584431   0.01875404
 -0.03583602   0.01868770
 -0.03582772   0.01862136
 -0.03581943   0.01855502
 -0.03581113   0.01848867
 -0.03580284   0.01842233
 -0.03579455   0.01835599
 -0.03578625   0.01828964
 -0.03577796   0.01822330
 -0.03576967   0.01815696
 -0.03576137   0.01809061
 -0.03575308   0.01802427
 -0.03574478   0.01795793
 -0.03573649   0.01789158
 -0.03572820   0.01782524
 -0.03571990   0.01775890
 -0.03571161   0.01769256
 -0.03570332   0.01762621
 -0.03569502   0.01755987
 -0.03568673   0.01749353
 -0.03567844   0.01742718
 -0.03567014   0.01736084
 -0.03566185   0.01729450
 -0.03565355   0.01722815
 -0.03564526   0.01716181
 -0.03563697   0.01709547
 -0.03562867   0.01702913
 -0.03562038   0.01696278
 -0.03561209   0.01689644
 -0.03560379   0.01683010
 -0.03559550   0.01676375
 -0.03558720   0.01669741
 -0.03557891   0.01663107
 -0.03557062   0.01656472
 -0.03556232   0.01649838
 -0.03555403   0.01643204
 -0.03554574   0.01636569
 -0.03553744   0.01629935
 -0.03552915   0.01623301
 -0.03552085   0.01616667
 -0.03551256   0.01610032
 -0.03550427   0.01603398
 -0.03549597   0.01596764
 -0.03548768   0.01590129
 -0.03547939   0.01583495
 -0.03547109   0.01576861
 -0.03546280   0.01570226
 -0.03545450   0.01563592
 -0.03544621   0.01556958
 -0.03543792   0.01550323
 -0.03542953   0.01543690
 -0.03542090   0.01537060
 -0.03541202   0.01530434
 -0.03540290   0.01523811
 -0.03539353   0.01517191
 -0.03538391   0.01510576
 -0.03537405   0.01503964
 -0.03536395   0.01497356
 -0.03535360   0.01490753
 -0.03534301   0.01484154
 -0.03533218   0.01477559
 -0.03532110   0.01470969
 -0.03530977   0.01464384
 -0.03529821   0.01457804
 -0.03528640   0.01451229
 -0.03527435   0.01444659
 -0.03526205   0.01438095
 -0.03524952   0.01431536
 -0.03523674   0.01424983
 -0.03522372   0.01418435
 -0.03521046   0.01411894
 -0.03519696   0.01405358
 -0.03518322   0.01398829
 -0.03516924   0.01392306
 -0.03515502   0.01385790
 -0.03514057   0.01379280
 -0.03512586   0.01372778
 -0.03511084   0.01366283
 -0.03509548   0.01359797
 -0.03507977   0.01353319
 -0.03506373   0.01346850
 -0.03504734   0.01340390
 -0.03503061   0.01333940
 -0.03501354   0.01327498
 -0.03499614   0.01321067
 -0.03497839   0.01314645
 -0.03496031   0.01308232
 -0.03494189   0.01301830
 -0.03492313   0.01295439
 -0.03490404   0.01289058
 -0.03488461   0.01282687
 -0.03486484   0.01276327
 -0.03484474   0.01269978
 -0.03482431   0.01263641
 -0.03480354   0.01257315
 -0.03478244   0.01251000
 -0.03476101   0.01244697
 -0.03473925   0.01238406
 -0.03471716   0.01232127
 -0.03469474   0.01225861
 -0.03467198   0.01219606
 -0.03464890   0.01213365
 -0.03462550   0.01207136
 -0.03460176   0.01200920
 -0.03457770   0.01194718
 -0.03455331   0.01188528
 -0.03452860   0.01182352
 -0.03450356   0.01176190
 -0.03447820   0.01170042
 -0.03445252   0.01163908
 -0.03442652   0.01157787
 -0.03440019   0.01151682
 -0.03437355   0.01145591
 -0.03434658   0.01139514
 -0.03431930   0.01133452
 -0.03429170   0.01127406
 -0.03426378   0.01121375
 -0.03423555   0.01115359
 -0.03420700   0.01109358
 -0.03417814   0.01103374
 -0.03414896   0.01097405
 -0.03411947   0.01091453
 -0.03408967   0.01085516
 -0.03405956   0.01079596
 -0.03402914   0.01073693
 -0.03399841   0.01067806
 -0.03396738   0.01061936
 -0.03393603   0.01056084
 -0.03390438   0.01050248
 -0.03387243   0.01044430
 -0.03384017   0.01038630
 -0.03380761   0.01032847
 -0.03377474   0.01027082
 -0.03374158   0.01021335
 -0.03370811   0.01015607
 -0.03367435   0.01009897
 -0.03364029   0.01004205
 -0.03360593   0.00998532
 -0.03357127   0.00992878
 -0.03353633   0.00987243
 -0.03350108   0.00981627
 -0.03346555   0.00976030
 -0.03342972   0.00970453
 -0.03339360   0.00964896
 -0.03335719   0.00959358
 -0.03332050   0.00953840
 -0.03328351   0.00948343
 -0.03324624   0.00942865
 -0.03320869   0.00937408
 -0.03317085   0.00931972
 -0.03313273   0.00926556
 -0.03309433   0.00921161
 -0.03305565   0.00915787
 -0.03301668   0.00910435
 -0.03297744   0.00905103
 -0.03293793   0.00899793
 -0.03289814   0.00894505
 -0.03285807   0.00889239
 -0.03281773   0.00883994
 -0.03277712   0.00878771
 -0.03273624   0.00873571
 -0.03269508   0.00868393
 -0.03265366   0.00863237
 -0.03261198   0.00858104
 -0.03257002   0.00852994
 -0.03252781   0.00847907
 -0.03248532   0.00842843
 -0.03244258   0.00837802
 -0.03239958   0.00832784
 -0.03235632   0.00827790
 -0.03231280   0.00822819
 -0.03226902   0.00817872
 -0.03222499   0.00812949
 -0.03218070   0.00808050
 -0.03213616   0.00803175
 -0.03209137   0.00798324
 -0.03204633   0.00793498
 -0.03200104   0.00788696
 -0.03195550   0.00783919
 -0.03190972   0.00779167
 -0.03186369   0.00774440
 -0.03181742   0.00769738
 -0.03177091   0.00765061
 -0.03172416   0.00760409
 -0.03167716   0.00755783
 -0.03162993   0.00751182
 -0.03158247   0.00746607
 -0.03153477   0.00742058
 -0.03148684   0.00737535
 -0.03143867   0.00733037
 -0.03139027   0.00728566
 -0.03134165   0.00724122
 -0.03129280   0.00719704
 -0.03124372   0.00715312
 -0.03119442   0.00710947
 -0.03114489   0.00706609
 -0.03109514   0.00702297
 -0.03104518   0.00698013
 -0.03099499   0.00693756
 -0.03094459   0.00689526
 -0.03089397   0.00685324
 -0.03084314   0.00681149
 -0.03079209   0.00677001
 -0.03074084   0.00672881
 -0.03068937   0.00668789
 -0.03063770   0.00664725
 -0.03058582   0.00660689
 -0.03053373   0.00656682
 -0.03048144   0.00652702
 -0.03042895   0.00648751
 -0.03037626   0.00644828
 -0.03032338   0.00640934
 -0.03027029   0.00637068
 -0.03021701   0.00633231
 -0.03016353   0.00629423
 -0.03010987   0.00625644
 -0.03005601   0.00621895
 -0.03000196   0.00618174
 -0.02994773   0.00614482
 -0.02989331   0.00610820
 -0.02983871   0.00607188
 -0.02978392   0.00603585
 -0.02972895   0.00600011
 -0.02967381   0.00596467
 -0.02961848   0.00592954
 -0.02956298   0.00589470
 -0.02950731   0.00586016
 -0.02945146   0.00582592
 -0.02939544   0.00579198
 -0.02933926   0.00575835
 -0.02928290   0.00572502
 -0.02922638   0.00569199
 -0.02916970   0.00565928
 -0.02911285   0.00562686
 -0.02905584   0.00559476
 -0.02899867   0.00556296
 -0.02894135   0.00553147
 -0.02888387   0.00550029
 -0.02882623   0.00546942
 -0.02876845   0.00543886
 -0.02871051   0.00540861
 -0.02865242   0.00537868
 -0.02859419   0.00534905
 -0.02853581   0.00531975
 -0.02847728   0.00529076
 -0.02841862   0.00526208
 -0.02835981   0.00523372
 -0.02830087   0.00520567
 -0.02824179   0.00517795
 -0.02818257   0.00515054
 -0.02812322   0.00512345
 -0.02806375   0.00509664
 -0.02800420   0.00506997
 -0.02794457   0.00504341
 -0.02788486   0.00501697
 -0.02782507   0.00499065
 -0.02776521   0.00496445
 -0.02770527   0.00493837
 -0.02764525   0.00491242
 -0.02758516   0.00488658
 -0.02752499   0.00486087
 -0.02746475   0.00483527
 -0.02740443   0.00480980
 -0.02734404   0.00478445
 -0.02728358   0.00475923
 -0.02722304   0.00473412
 -0.02716242   0.00470914
 -0.02710174   0.00468429
 -0.02704098   0.00465955
 -0.02698015   0.00463494
 -0.02691925   0.00461046
 -0.02685827   0.00458610
 -0.02679723   0.00456186
 -0.02673612   0.00453775
 -0.02667493   0.00451376
 -0.02661368   0.00448990
 -0.02655235   0.00446617
 -0.02649096   0.00444256
 -0.02642950   0.00441907
 -0.02636797   0.00439572
 -0.02630637   0.00437249
 -0.02624471   0.00434939
 -0.02618298   0.00432641
 -0.02612118   0.00430356
 -0.02605932   0.00428084
 -0.02599739   0.00425825
 -0.02593540   0.00423579
 -0.02587334   0.00421345
 -0.02581122   0.00419125
 -0.02574903   0.00416917
 -0.02568678   0.00414722
 -0.02562446   0.00412540
 -0.02556209   0.00410371
 -0.02549965   0.00408216
 -0.02543715   0.00406073
 -0.02537459   0.00403943
 -0.02531196   0.00401826
 -0.02524928   0.00399722
 -0.02518654   0.00397632
 -0.02512373   0.00395555
 -0.02506087   0.00393490
 -0.02499795   0.00391439
 -0.02493497   0.00389401
 -0.02487193   0.00387377
 -0.02480883   0.00385365
 -0.02474568   0.00383367
 -0.02468247   0.00381382
 -0.02461920   0.00379411
 -0.02455588   0.00377453
 -0.02449250   0.00375508
 -0.02442907   0.00373576
 -0.02436558   0.00371658
 -0.02430204   0.00369754
 -0.02423845   0.00367862
 -0.02417480   0.00365984
 -0.02411110   0.00364120
 -0.02404734   0.00362269
 -0.02398354   0.00360432
 -0.02391968   0.00358608
 -0.02385577   0.00356798
 -0.02379181   0.00355001
 -0.02372781   0.00353218
 -0.02366375   0.00351449
 -0.02359964   0.00349693
 -0.02353548   0.00347951
 -0.02347128   0.00346222
 -0.02340702   0.00344507
 -0.02334272   0.00342806
 -0.02327837   0.00341119
 -0.02321398   0.00339445
 -0.02314954   0.00337785
 -0.02308505   0.00336139
 -0.02302052   0.00334506
 -0.02295594   0.00332888
 -0.02289132   0.00331283
 -0.02282666   0.00329692
 -0.02276195   0.00328115
 -0.02269720   0.00326552
 -0.02263240   0.00325002
 -0.02256757   0.00323467
 -0.02250269   0.00321945
 -0.02243777   0.00320438
 -0.02237281   0.00318944
 -0.02230781   0.00317464
 -0.02224277   0.00315998
 -0.02217769   0.00314547
 -0.02211258   0.00313109
 -0.02204742   0.00311685
 -0.02198222   0.00310275
 -0.02191699   0.00308880
 -0.02185172   0.00307498
 -0.02178642   0.00306130
 -0.02172108   0.00304777
 -0.02165570   0.00303438
 -0.02159029   0.00302112
 -0.02152484   0.00300801
 -0.02145936   0.00299504
 -0.02139384   0.00298221
 -0.02132829   0.00296953
 -0.02126271   0.00295698
 -0.02119711   0.00294454
 -0.02113149   0.00293215
 -0.02106587   0.00291983
 -0.02100024   0.00290755
 -0.02093459   0.00289534
 -0.02086894   0.00288318
 -0.02080327   0.00287108
 -0.02073760   0.00285903
 -0.02067191   0.00284704
 -0.02060622   0.00283511
 -0.02054051   0.00282323
 -0.02047480   0.00281141
 -0.02040908   0.00279965
 -0.02034334   0.00278794
 -0.02027760   0.00277629
 -0.02021185   0.00276470
 -0.02014609   0.00275316
 -0.02008032   0.00274168
 -0.02001454   0.00273026
 -0.01994875   0.00271889
 -0.01988295   0.00270758
 -0.01981714   0.00269632
 -0.01975132   0.00268513
 -0.01968550   0.00267399
 -0.01961966   0.00266290
 -0.01955382   0.00265187
 -0.01948796   0.00264090
 -0.01948274   0.00263990
 -0.01947751   0.00263892
 -0.01947228   0.00263796
 -0.01946704   0.00263701
 -0.01946180   0.00263609
 -0.01945655   0.00263519
 -0.01945130   0.00263431
 -0.01944605   0.00263345
 -0.01944080   0.00263261
 -0.01943554   0.00263180
 -0.01943027   0.00263100
 -0.01942501   0.00263022
 -0.01941974   0.00262946
 -0.01941447   0.00262872
 -0.01940919   0.00262801
 -0.01940391   0.00262731
 -0.01939863   0.00262664
 -0.01939335   0.00262598
 -0.01938806   0.00262535
 -0.01938277   0.00262474
 -0.01937748   0.00262414
 -0.01937218   0.00262357
 -0.01936689   0.00262302
 -0.01936159   0.00262249
 -0.01935628   0.00262198
 -0.01935098   0.00262149
 -0.01934568   0.00262102
 -0.01934037   0.00262057
 -0.01933506   0.00262014
 -0.01932975   0.00261974
 -0.01932444   0.00261935
 -0.01931912   0.00261899
 -0.01931380   0.00261864
 -0.01930849   0.00261832
 -0.01930317   0.00261802
 -0.01929785   0.00261773
 -0.01929253   0.00261747
 -0.01928721   0.00261723
 -0.01928188   0.00261701
 -0.01927656   0.00261681
 -0.01927123   0.00261663
 -0.01926591   0.00261648
 -0.01926058   0.00261634
 -0.01925526   0.00261622
 -0.01924993   0.00261613
 -0.01924460   0.00261605
 -0.01923927   0.00261600
 -0.01923395   0.00261597
 -0.01922862   0.00261595
 -0.01922329   0.00261596
 -0.01921796   0.00261599
 -0.01921264   0.00261604
 -0.01920731   0.00261611
 -0.01920198   0.00261620
 -0.01919665   0.00261632
 -0.01919133   0.00261645
 -0.01918600   0.00261660
 -0.01918068   0.00261678
 -0.01917535   0.00261697
 -0.01917003   0.00261719
 -0.01916471   0.00261743
 -0.01915939   0.00261768
 -0.01915407   0.00261796
 -0.01914875   0.00261826
 -0.01914343   0.00261858
 -0.01913811   0.00261892
 -0.01913280   0.00261928
 -0.01912748   0.00261967
 -0.01912217   0.00262007
 -0.01911686   0.00262049
 -0.01911155   0.00262094
 -0.01910625   0.00262140
 -0.01910094   0.00262189
 -0.01909564   0.00262240
 -0.01909034   0.00262292
 -0.01908504   0.00262347
 -0.01907975   0.00262404
 -0.01907446   0.00262463
 -0.01906917   0.00262524
 -0.01906388   0.00262587
 -0.01905859   0.00262652
 -0.01905331   0.00262719
 -0.01904803   0.00262788
 -0.01904275   0.00262859
 -0.01903748   0.00262933
 -0.01903221   0.00263008
 -0.01902694   0.00263086
 -0.01902168   0.00263165
 -0.01901642   0.00263247
 -0.01901116   0.00263330
 -0.01900591   0.00263416
 -0.01900066   0.00263503
 -0.01899541   0.00263593
 -0.01899017   0.00263685
 -0.01898493   0.00263779
 -0.01897970   0.00263875
 -0.01897447   0.00263972
 -0.01896924   0.00264072
 -0.01896402   0.00264174
 -0.01895880   0.00264278
 -0.01889408   0.00265405
 -0.01882936   0.00266537
 -0.01876466   0.00267675
 -0.01869996   0.00268818
 -0.01863527   0.00269967
 -0.01857059   0.00271121
 -0.01850593   0.00272281
 -0.01844127   0.00273446
 -0.01837662   0.00274617
 -0.01831198   0.00275793
 -0.01824735   0.00276974
 -0.01818272   0.00278161
 -0.01811811   0.00279354
 -0.01805351   0.00280552
 -0.01798892   0.00281755
 -0.01792434   0.00282964
 -0.01785976   0.00284179
 -0.01779521   0.00285400
 -0.01773068   0.00286634
 -0.01766618   0.00287882
 -0.01760171   0.00289144
 -0.01753728   0.00290420
 -0.01747288   0.00291709
 -0.01740852   0.00293011
 -0.01734419   0.00294328
 -0.01727989   0.00295658
 -0.01721563   0.00297001
 -0.01715140   0.00298359
 -0.01708721   0.00299730
 -0.01702306   0.00301114
 -0.01695894   0.00302512
 -0.01689486   0.00303924
 -0.01683082   0.00305349
 -0.01676682   0.00306787
 -0.01670285   0.00308239
 -0.01663893   0.00309705
 -0.01657504   0.00311184
 -0.01651119   0.00312677
 -0.01644739   0.00314183
 -0.01638362   0.00315702
 -0.01631990   0.00317235
 -0.01625621   0.00318782
 -0.01619257   0.00320342
 -0.01612897   0.00321915
 -0.01606542   0.00323501
 -0.01600191   0.00325101
 -0.01593844   0.00326714
 -0.01587501   0.00328341
 -0.01581163   0.00329981
 -0.01574830   0.00331634
 -0.01568501   0.00333300
 -0.01562177   0.00334980
 -0.01555857   0.00336673
 -0.01549542   0.00338379
 -0.01543231   0.00340098
 -0.01536926   0.00341830
 -0.01530625   0.00343576
 -0.01524329   0.00345335
 -0.01518038   0.00347107
 -0.01511752   0.00348892
 -0.01505471   0.00350690
 -0.01499195   0.00352501
 -0.01492924   0.00354325
 -0.01486658   0.00356163
 -0.01480397   0.00358013
 -0.01474141   0.00359876
 -0.01467891   0.00361753
 -0.01461646   0.00363642
 -0.01455406   0.00365544
 -0.01449171   0.00367459
 -0.01442942   0.00369387
 -0.01436718   0.00371328
 -0.01430500   0.00373282
 -0.01424287   0.00375249
 -0.01418080   0.00377228
 -0.01411879   0.00379221
 -0.01405683   0.00381226
 -0.01399492   0.00383243
 -0.01393308   0.00385274
 -0.01387129   0.00387317
 -0.01380956   0.00389373
 -0.01374789   0.00391442
 -0.01368627   0.00393523
 -0.01362472   0.00395617
 -0.01356322   0.00397724
 -0.01350179   0.00399843
 -0.01344041   0.00401975
 -0.01337910   0.00404119
 -0.01331785   0.00406276
 -0.01325666   0.00408445
 -0.01319553   0.00410627
 -0.01313446   0.00412821
 -0.01307346   0.00415028
 -0.01301251   0.00417247
 -0.01295164   0.00419478
 -0.01289082   0.00421722
 -0.01283007   0.00423978
 -0.01276939   0.00426247
 -0.01270877   0.00428528
 -0.01264822   0.00430821
 -0.01258773   0.00433126
 -0.01252730   0.00435443
 -0.01246695   0.00437773
 -0.01240666   0.00440115
 -0.01234644   0.00442469
 -0.01228629   0.00444835
 -0.01222620   0.00447213
 -0.01216618   0.00449603
 -0.01210624   0.00452006
 -0.01204636   0.00454420
 -0.01198655   0.00456846
 -0.01192681   0.00459284
 -0.01186714   0.00461735
 -0.01180754   0.00464197
 -0.01174801   0.00466671
 -0.01168856   0.00469157
 -0.01162917   0.00471654
 -0.01156986   0.00474164
 -0.01151062   0.00476685
 -0.01145146   0.00479218
 -0.01139237   0.00481763
 -0.01133335   0.00484319
 -0.01127440   0.00486887
 -0.01121553   0.00489467
 -0.01115674   0.00492058
 -0.01109802   0.00494661
 -0.01103937   0.00497276
 -0.01098080   0.00499902
 -0.01092231   0.00502539
 -0.01086389   0.00505189
 -0.01080560   0.00507865
 -0.01074743   0.00510573
 -0.01068939   0.00513311
 -0.01063149   0.00516080
 -0.01057372   0.00518879
 -0.01051608   0.00521709
 -0.01045859   0.00524570
 -0.01040123   0.00527461
 -0.01034402   0.00530382
 -0.01028694   0.00533334
 -0.01023002   0.00536316
 -0.01017323   0.00539328
 -0.01011660   0.00542370
 -0.01006011   0.00545442
 -0.01000378   0.00548545
 -0.00994760   0.00551677
 -0.00989157   0.00554839
 -0.00983570   0.00558030
 -0.00977998   0.00561251
 -0.00972443   0.00564502
 -0.00966903   0.00567782
 -0.00961380   0.00571092
 -0.00955873   0.00574431
 -0.00950383   0.00577799
 -0.00944909   0.00581197
 -0.00939452   0.00584623
 -0.00934013   0.00588079
 -0.00928590   0.00591563
 -0.00923185   0.00595076
 -0.00917797   0.00598618
 -0.00912427   0.00602188
 -0.00907074   0.00605787
 -0.00901740   0.00609415
 -0.00896423   0.00613070
 -0.00891125   0.00616754
 -0.00885846   0.00620466
 -0.00880585   0.00624207
 -0.00875342   0.00627975
 -0.00870119   0.00631771
 -0.00864914   0.00635595
 -0.00859729   0.00639446
 -0.00854563   0.00643325
 -0.00849416   0.00647232
 -0.00844289   0.00651166
 -0.00839182   0.00655127
 -0.00834095   0.00659115
 -0.00829028   0.00663131
 -0.00823981   0.00667173
 -0.00818954   0.00671243
 -0.00813948   0.00675339
 -0.00808962   0.00679462
 -0.00803998   0.00683611
 -0.00799054   0.00687786
 -0.00794131   0.00691989
 -0.00789230   0.00696217
 -0.00784350   0.00700471
 -0.00779491   0.00704751
 -0.00774654   0.00709058
 -0.00769839   0.00713390
 -0.00765046   0.00717747
 -0.00760275   0.00722131
 -0.00755526   0.00726539
 -0.00750799   0.00730973
 -0.00746095   0.00735432
 -0.00741414   0.00739917
 -0.00736755   0.00744426
 -0.00732119   0.00748960
 -0.00727506   0.00753519
 -0.00722917   0.00758102
 -0.00718351   0.00762710
 -0.00713808   0.00767342
 -0.00709288   0.00771999
 -0.00704793   0.00776679
 -0.00700321   0.00781384
 -0.00695873   0.00786112
 -0.00691449   0.00790864
 -0.00687050   0.00795640
 -0.00682675   0.00800439
 -0.00678324   0.00805262
 -0.00673998   0.00810108
 -0.00669697   0.00814977
 -0.00665420   0.00819869
 -0.00661168   0.00824784
 -0.00656942   0.00829721
 -0.00652741   0.00834681
 -0.00648565   0.00839664
 -0.00644415   0.00844669
 -0.00640290   0.00849696
 -0.00636191   0.00854745
 -0.00632118   0.00859816
 -0.00628070   0.00864908
 -0.00624049   0.00870023
 -0.00620054   0.00875159
 -0.00616085   0.00880316
 -0.00612143   0.00885495
 -0.00608227   0.00890694
 -0.00604338   0.00895915
 -0.00600476   0.00901156
 -0.00596641   0.00906418
 -0.00592832   0.00911700
 -0.00589051   0.00917003
 -0.00585297   0.00922327
 -0.00581570   0.00927670
 -0.00577871   0.00933033
 -0.00574199   0.00938416
 -0.00570555   0.00943819
 -0.00566939   0.00949241
 -0.00563350   0.00954682
 -0.00559790   0.00960143
 -0.00556258   0.00965623
 -0.00552753   0.00971122
 -0.00549277   0.00976639
 -0.00545830   0.00982175
 -0.00542411   0.00987730
 -0.00539020   0.00993303
 -0.00535659   0.00998894
 -0.00532326   0.01004503
 -0.00529022   0.01010130
 -0.00525747   0.01015775
 -0.00522501   0.01021437
 -0.00519284   0.01027117
 -0.00516097   0.01032814
 -0.00512939   0.01038528
 -0.00509810   0.01044259
 -0.00506711   0.01050007
 -0.00503641   0.01055771
 -0.00500602   0.01061552
 -0.00497592   0.01067350
 -0.00494612   0.01073163
 -0.00491662   0.01078993
 -0.00488742   0.01084838
 -0.00485853   0.01090699
 -0.00482993   0.01096575
 -0.00480164   0.01102467
 -0.00477366   0.01108374
 -0.00474598   0.01114296
 -0.00471860   0.01120233
 -0.00469154   0.01126185
 -0.00466478   0.01132151
 -0.00463833   0.01138132
 -0.00461218   0.01144127
 -0.00458635   0.01150135
 -0.00456083   0.01156158
 -0.00453562   0.01162195
 -0.00451072   0.01168245
 -0.00448614   0.01174308
 -0.00446187   0.01180385
 -0.00443792   0.01186475
 -0.00441427   0.01192578
 -0.00439095   0.01198693
 -0.00436794   0.01204821
 -0.00434525   0.01210962
 -0.00432288   0.01217114
 -0.00430083   0.01223279
 -0.00427909   0.01229456
 -0.00425768   0.01235644
 -0.00423659   0.01241844
 -0.00421581   0.01248055
 -0.00419536   0.01254278
 -0.00417524   0.01260511
 -0.00415543   0.01266756
 -0.00413595   0.01273011
 -0.00411679   0.01279276
 -0.00409796   0.01285552
 -0.00407946   0.01291839
 -0.00406128   0.01298135
 -0.00404342   0.01304441
 -0.00402590   0.01310756
 -0.00400870   0.01317082
 -0.00399183   0.01323416
 -0.00397529   0.01329760
 -0.00395907   0.01336112
 -0.00394319   0.01342473
 -0.00392764   0.01348843
 -0.00391242   0.01355222
 -0.00389752   0.01361608
 -0.00388286   0.01368002
 -0.00386843   0.01374402
 -0.00385424   0.01380809
 -0.00384028   0.01387222
 -0.00382655   0.01393642
 -0.00381305   0.01400067
 -0.00379979   0.01406499
 -0.00378675   0.01412937
 -0.00377396   0.01419380
 -0.00376139   0.01425829
 -0.00374906   0.01432284
 -0.00373697   0.01438743
 -0.00372510   0.01445208
 -0.00371348   0.01451678
 -0.00370209   0.01458153
 -0.00369093   0.01464633
 -0.00368001   0.01471118
 -0.00366933   0.01477607
 -0.00365888   0.01484100
 -0.00364867   0.01490598
 -0.00363870   0.01497099
 -0.00362896   0.01503605
 -0.00361947   0.01510115
 -0.00361020   0.01516628
 -0.00360118   0.01523144
 -0.00359240   0.01529665
 -0.00358385   0.01536188
 -0.00357554   0.01542715
 -0.00356737   0.01549243
 -0.00355920   0.01555771
 -0.00355103   0.01562300
 -0.00354286   0.01568828
 -0.00353469   0.01575356
 -0.00352652   0.01581884
 -0.00351835   0.01588413
 -0.00351018   0.01594941
 -0.00350202   0.01601469
 -0.00349385   0.01607998
 -0.00348568   0.01614526
 -0.00347751   0.01621054
 -0.00346934   0.01627583
 -0.00346117   0.01634111
 -0.00345300   0.01640639
 -0.00344483   0.01647168
 -0.00343666   0.01653696
 -0.00342849   0.01660224
 -0.00342032   0.01666753
 -0.00341215   0.01673281
 -0.00340398   0.01679809
 -0.00339581   0.01686338
 -0.00338764   0.01692866
 -0.00337948   0.01699394
 -0.00337131   0.01705923
 -0.00336314   0.01712451
 -0.00335497   0.01718979
 -0.00334680   0.01725508
 -0.00333863   0.01732036
 -0.00333046   0.01738564
 -0.00332229   0.01745093
 -0.00331412   0.01751621
 -0.00330595   0.01758149
 -0.00329778   0.01764678
 -0.00328961   0.01771206
 -0.00328144   0.01777734
 -0.00327327   0.01784262
 -0.00326510   0.01790791
 -0.00325694   0.01797319
 -0.00324877   0.01803847
 -0.00324060   0.01810376
 -0.00323243   0.01816904
 -0.00322426   0.01823432
 -0.00321609   0.01829961
 -0.00320792   0.01836489
 -0.00319975   0.01843017
 -0.00319158   0.01849546
 -0.00318341   0.01856074
 -0.00317524   0.01862602
 -0.00316707   0.01869131
 -0.00315890   0.01875659
 -0.00315073   0.01882187
 -0.00314256   0.01888716
 -0.00313440   0.01895244
 -0.00312623   0.01901772
 -0.00311806   0.01908301
 -0.00310989   0.01914829
 -0.00310172   0.01921357
 -0.00309355   0.01927886
 -0.00308538   0.01934414
 -0.00307721   0.01940942
 -0.00306904   0.01947471
 -0.00306087   0.01953999
 -0.00305270   0.01960527
 -0.00304453   0.01967056
 -0.00303636   0.01973584
 -0.00302819   0.01980112
 -0.00302002   0.01986640
 -0.00301186   0.01993169
 -0.00300369   0.01999697
 -0.00299552   0.02006225
 -0.00298735   0.02012754
 -0.00297918   0.02019282
 -0.00297101   0.02025810
 -0.00296284   0.02032339
 -0.00295467   0.02038867
 -0.00294650   0.02045395
 -0.00293833   0.02051924
 -0.00293016   0.02058452
 -0.00292199   0.02064980
 -0.00291382   0.02071509
 -0.00290565   0.02078037
 -0.00289748   0.02084565
 -0.00288932   0.02091094
 -0.00288115   0.02097622
 -0.00287298   0.02104150
 -0.00286481   0.02110679
 -0.00285664   0.02117207
 -0.00284847   0.02123735
 -0.00284030   0.02130264
 -0.00283213   0.02136792
 -0.00282396   0.02143320
 -0.00281579   0.02149849
 -0.00280762   0.02156377
 -0.00279945   0.02162905
 -0.00279128   0.02169434
 -0.00278311   0.02175962
 -0.00277494   0.02182490
 -0.00276677   0.02189019
 -0.00275861   0.02195547
 -0.00275044   0.02202075
 -0.00274227   0.02208603
 -0.00273410   0.02215132
 -0.00272593   0.02221660
 -0.00271776   0.02228188
 -0.00270959   0.02234717
 -0.00270142   0.02241245
 -0.00269325   0.02247773
 -0.00268508   0.02254302
 -0.00267691   0.02260830
 -0.00266874   0.02267358
 -0.00266057   0.02273887
 -0.00265240   0.02280415
 -0.00264423   0.02286943
 -0.00263607   0.02293472
 -0.00262790   0.02300000
