 -0.03636432   0.02300000
 -0.03635902   0.02296452
 -0.03635369   0.02292905
 -0.03634833   0.02289358
 -0.03634293   0.02285812
 -0.03633750   0.02282267
 -0.03633204   0.02278722
 -0.03632654   0.02275178
 -0.03632102   0.02271635
 -0.03631546   0.02268092
 -0.03630986   0.02264549
 -0.03630424   0.02261008
 -0.03629858   0.02257467
 -0.03629289   0.02253926
 -0.03628717   0.02250387
 -0.03628142   0.02246848
 -0.03627563   0.02243309
 -0.03626981   0.02239771
 -0.03626396   0.02236234
 -0.03625807   0.02232698
 -0.03625216   0.02229163
 -0.03624621   0.02225628
 -0.03624023   0.02222093
 -0.03623421   0.02218560
 -0.03622817   0.02215027
 -0.03622209   0.02211495
 -0.03621598   0.02207964
 -0.03620984   0.02204433
 -0.03620366   0.02200904
 -0.03619746   0.02197374
 -0.03619122   0.02193846
 -0.03618494   0.02190319
 -0.03617864   0.02186792
 -0.03617230   0.02183266
 -0.03616594   0.02179741
 -0.03615954   0.02176216
 -0.03615310   0.02172693
 -0.03614664   0.02169170
 -0.03614014   0.02165648
 -0.03613361   0.02162127
 -0.03612705   0.02158607
 -0.03612046   0.02155087
 -0.03611383   0.02151568
 -0.03610718   0.02148051
 -0.03610049   0.02144534
 -0.03609377   0.02141018
 -0.03608702   0.02137502
 -0.03608023   0.02133988
 -0.03607341   0.02130475
 -0.03606656   0.02126962
 -0.03605968   0.02123450
 -0.03605277   0.02119939
 -0.03604583   0.02116429
 -0.03603885   0.02112920
 -0.03603184   0.02109412
 -0.03602480   0.02105905
 -0.03601773   0.02102399
 -0.03601063   0.02098894
 -0.03600349   0.02095389
 -0.03599633   0.02091886
 -0.03598913   0.02088383
 -0.03598190   0.02084882
 -0.03597463   0.02081381
 -0.03596734   0.02077882
 -0.03596002   0.02074383
 -0.03595266   0.02070885
 -0.03594527   0.02067389
 -0.03593785   0.02063893
 -0.03593040   0.02060398
 -0.03592291   0.02056905
 -0.03591540   0.02053412
 -0.03590785   0.02049921
 -0.03590028   0.02046430
 -0.03589267   0.02042940
 -0.03588503   0.02039452
 -0.03587735   0.02035964
 -0.03586965   0.02032478
 -0.03586191   0.02028993
 -0.03585415   0.02025508
 -0.03584635   0.02022025
 -0.03583852   0.02018543
 -0.03583066   0.02015062
 -0.03582277   0.02011582
 -0.03581485   0.02008103
 -0.03580689   0.02004625
 -0.03579891   0.02001149
 -0.03579089   0.01997673
 -0.03578284   0.01994199
 -0.03577477   0.01990725
 -0.03576666   0.01987253
 -0.03575852   0.01983782
 -0.03575034   0.01980312
 -0.03574214   0.01976844
 -0.03573391   0.01973376
 -0.03572564   0.01969909
 -0.03571734   0.01966444
 -0.03570902   0.01962980
 -0.03570066   0.01959517
 -0.03569227   0.01956056
 -0.03568385   0.01952595
 -0.03567540   0.01949136
 -0.03566692   0.01945678
 -0.03565841   0.01942221
 -0.03564986   0.01938765
 -0.03564129   0.01935311
 -0.03563269   0.01931857
 -0.03562405   0.01928405
 -0.03561538   0.01924955
 -0.03560669   0.01921505
 -0.03559796   0.01918057
 -0.03558920   0.01914610
 -0.03558041   0.01911164
 -0.03557159   0.01907720
 -0.03556274   0.01904276
 -0.03555386   0.01900835
 -0.03554495   0.01897394
 -0.03553601   0.01893955
 -0.03552704   0.01890517
 -0.03551804   0.01887080
 -0.03550901   0.01883645
 -0.03549994   0.01880211
 -0.03549085   0.01876778
 -0.03548173   0.01873346
 -0.03547257   0.01869916
 -0.03546339   0.01866488
 -0.03545417   0.01863060
 -0.03544493   0.01859634
 -0.03543566   0.01856210
 -0.03542635   0.01852786
 -0.03541702   0.01849364
 -0.03540765   0.01845944
 -0.03539826   0.01842525
 -0.03538883   0.01839107
 -0.03537937   0.01835691
 -0.03536989   0.01832276
 -0.03536037   0.01828862
 -0.03535083   0.01825450
 -0.03534125   0.01822039
 -0.03533165   0.01818630
 -0.03532201   0.01815222
 -0.03531235   0.01811816
 -0.03530258   0.01808412
 -0.03529271   0.01805010
 -0.03528273   0.01801611
 -0.03527264   0.01798215
 -0.03526244   0.01794821
 -0.03525213   0.01791430
 -0.03524171   0.01788041
 -0.03523119   0.01784655
 -0.03522055   0.01781272
 -0.03520980   0.01777892
 -0.03519895   0.01774515
 -0.03518799   0.01771140
 -0.03517691   0.01767769
 -0.03516573   0.01764400
 -0.03515444   0.01761035
 -0.03514304   0.01757672
 -0.03513153   0.01754313
 -0.03511992   0.01750957
 -0.03510820   0.01747603
 -0.03509636   0.01744254
 -0.03508442   0.01740907
 -0.03507238   0.01737563
 -0.03506022   0.01734223
 -0.03504796   0.01730887
 -0.03503558   0.01727553
 -0.03502311   0.01724224
 -0.03501052   0.01720897
 -0.03499783   0.01717574
 -0.03498502   0.01714255
 -0.03497212   0.01710939
 -0.03495910   0.01707627
 -0.03494598   0.01704319
 -0.03493275   0.01701014
 -0.03491942   0.01697713
 -0.03490598   0.01694416
 -0.03489243   0.01691122
 -0.03487877   0.01687833
 -0.03486501   0.01684547
 -0.03485115   0.01681266
 -0.03483717   0.01677988
 -0.03482310   0.01674714
 -0.03480891   0.01671445
 -0.03479462   0.01668179
 -0.03478023   0.01664918
 -0.03476573   0.01661661
 -0.03475113   0.01658408
 -0.03473642   0.01655159
 -0.03472160   0.01651914
 -0.03470668   0.01648674
 -0.03469166   0.01645438
 -0.03467653   0.01642207
 -0.03466130   0.01638980
 -0.03464596   0.01635757
 -0.03463052   0.01632539
 -0.03461498   0.01629326
 -0.03459933   0.01626117
 -0.03458358   0.01622913
 -0.03456773   0.01619713
 -0.03455177   0.01616518
 -0.03453571   0.01613328
 -0.03451955   0.01610143
 -0.03450328   0.01606962
 -0.03448692   0.01603786
 -0.03447045   0.01600615
 -0.03445387   0.01597449
 -0.03443720   0.01594288
 -0.03442042   0.01591132
 -0.03440355   0.01587981
 -0.03438657   0.01584835
 -0.03436949   0.01581694
 -0.03435230   0.01578559
 -0.03433502   0.01575428
 -0.03431764   0.01572303
 -0.03430015   0.01569183
 -0.03428257   0.01566068
 -0.03426489   0.01562958
 -0.03424710   0.01559854
 -0.03422922   0.01556755
 -0.03421123   0.01553662
 -0.03419315   0.01550574
 -0.03417497   0.01547492
 -0.03415668   0.01544415
 -0.03413830   0.01541344
 -0.03411982   0.01538278
 -0.03410124   0.01535218
 -0.03408257   0.01532164
 -0.03406379   0.01529115
 -0.03404492   0.01526072
 -0.03402595   0.01523035
 -0.03400688   0.01520004
 -0.03398772   0.01516978
 -0.03396845   0.01513959
 -0.03394909   0.01510945
 -0.03392964   0.01507937
 -0.03391009   0.01504936
 -0.03389044   0.01501940
 -0.03387069   0.01498950
 -0.03385085   0.01495967
 -0.03383091   0.01492989
 -0.03381088   0.01490018
 -0.03379075   0.01487053
 -0.03377053   0.01484094
 -0.03375021   0.01481142
 -0.03372980   0.01478195
 -0.03370930   0.01475255
 -0.03368870   0.01472322
 -0.03366800   0.01469395
 -0.03364721   0.01466474
 -0.03362633   0.01463560
 -0.03360536   0.01460652
 -0.03358429   0.01457751
 -0.03356313   0.01454856
 -0.03354188   0.01451968
 -0.03352053   0.01449087
 -0.03349909   0.01446212
 -0.03347756   0.01443344
 -0.03345594   0.01440482
 -0.03343423   0.01437628
 -0.03341243   0.01434780
 -0.03339053   0.01431939
 -0.03336855   0.01429105
 -0.03334647   0.01426278
 -0.03332430   0.01423458
 -0.03330205   0.01420645
 -0.03327970   0.01417838
 -0.03325727   0.01415039
 -0.03323474   0.01412247
 -0.03321213   0.01409462
 -0.03318943   0.01406684
 -0.03316664   0.01403913
 -0.03314376   0.01401149
 -0.03312080   0.01398393
 -0.03309774   0.01395644
 -0.03307460   0.01392902
 -0.03305137   0.01390167
 -0.03302806   0.01387440
 -0.03300465   0.01384720
 -0.03298117   0.01382007
 -0.03295759   0.01379302
 -0.03293393   0.01376605
 -0.03291019   0.01373915
 -0.03288635   0.01371232
 -0.03286244   0.01368557
 -0.03283844   0.01365889
 -0.03281435   0.01363230
 -0.03279018   0.01360577
 -0.03276593   0.01357933
 -0.03274159   0.01355296
 -0.03271717   0.01352667
 -0.03269267   0.01350046
 -0.03266808   0.01347432
 -0.03264341   0.01344827
 -0.03261866   0.01342229
 -0.03259382   0.01339639
 -0.03256891   0.01337057
 -0.03254391   0.01334483
 -0.03251883   0.01331917
 -0.03249367   0.01329358
 -0.03246844   0.01326808
 -0.03244312   0.01324266
 -0.03241772   0.01321732
 -0.03239224   0.01319206
 -0.03236668   0.01316689
 -0.03234104   0.01314179
 -0.03231532   0.01311678
 -0.03228953   0.01309185
 -0.03226365   0.01306700
 -0.03223770   0.01304223
 -0.03221167   0.01301755
 -0.03218556   0.01299295
 -0.03215938   0.01296843
 -0.03213312   0.01294400
 -0.03210678   0.01291965
 -0.03208037   0.01289539
 -0.03205388   0.01287121
 -0.03202731   0.01284712
 -0.03200067   0.01282311
 -0.03197396   0.01279918
 -0.03194717   0.01277535
 -0.03192030   0.01275159
 -0.03189337   0.01272793
 -0.03186635   0.01270435
 -0.03183927   0.01268086
 -0.03181211   0.01265745
 -0.03178488   0.01263414
 -0.03175757   0.01261091
 -0.03173020   0.01258777
 -0.03170275   0.01256471
 -0.03167523   0.01254175
 -0.03164764   0.01251887
 -0.03161998   0.01249608
 -0.03159225   0.01247338
 -0.03156445   0.01245077
 -0.03153657   0.01242825
 -0.03150863   0.01240582
 -0.03148062   0.01238348
 -0.03145254   0.01236123
 -0.03142439   0.01233907
 -0.03139618   0.01231700
 -0.03136789   0.01229502
 -0.03133954   0.01227314
 -0.03131112   0.01225134
 -0.03128263   0.01222964
 -0.03125408   0.01220803
 -0.03122546   0.01218651
 -0.03119677   0.01216508
 -0.03116802   0.01214375
 -0.03113920   0.01212250
 -0.03111032   0.01210136
 -0.03108138   0.01208030
 -0.03105237   0.01205934
 -0.03102329   0.01203847
 -0.03099415   0.01201770
 -0.03096495   0.01199702
 -0.03093569   0.01197643
 -0.03090636   0.01195594
 -0.03087697   0.01193555
 -0.03084752   0.01191525
 -0.03081801   0.01189504
 -0.03078843   0.01187493
 -0.03075880   0.01185492
 -0.03072910   0.01183500
 -0.03069934   0.01181518
 -0.03066953   0.01179545
 -0.03063965   0.01177582
 -0.03060972   0.01175629
 -0.03057973   0.01173686
 -0.03054967   0.01171752
 -0.03051956   0.01169828
 -0.03048940   0.01167913
 -0.03045917   0.01166009
 -0.03042889   0.01164114
 -0.03039855   0.01162229
 -0.03036816   0.01160354
 -0.03033771   0.01158489
 -0.03030720   0.01156633
 -0.03027664   0.01154788
 -0.03024602   0.01152952
 -0.03021535   0.01151126
 -0.03018462   0.01149311
 -0.03015384   0.01147505
 -0.03012301   0.01145709
 -0.03009213   0.01143923
 -0.03006119   0.01142148
 -0.03003020   0.01140382
 -0.02999915   0.01138626
 -0.02996806   0.01136880
 -0.02993691   0.01135145
 -0.02990571   0.01133419
 -0.02987447   0.01131704
 -0.02984317   0.01129999
 -0.02981182   0.01128304
 -0.02978042   0.01126619
 -0.02974898   0.01124944
 -0.02971748   0.01123280
 -0.02968594   0.01121626
 -0.02965435   0.01119982
 -0.02962271   0.01118348
 -0.02959102   0.01116724
 -0.02955929   0.01115111
 -0.02952751   0.01113508
 -0.02949569   0.01111916
 -0.02946381   0.01110334
 -0.02943190   0.01108762
 -0.02939994   0.01107200
 -0.02936793   0.01105649
 -0.02933588   0.01104108
 -0.02930378   0.01102578
 -0.02927165   0.01101058
 -0.02923947   0.01099548
 -0.02920724   0.01098049
 -0.02917498   0.01096560
 -0.02914267   0.01095082
 -0.02911032   0.01093615
 -0.02907793   0.01092157
 -0.02904549   0.01090711
 -0.02901302   0.01089275
 -0.02898051   0.01087849
 -0.02894796   0.01086434
 -0.02891537   0.01085030
 -0.02888274   0.01083636
 -0.02885007   0.01082252
 -0.02881736   0.01080880
 -0.02878462   0.01079515
 -0.02875186   0.01078154
 -0.02871908   0.01076797
 -0.02868628   0.01075444
 -0.02865346   0.01074096
 -0.02862062   0.01072751
 -0.02858776   0.01071411
 -0.02855488   0.01070074
 -0.02852198   0.01068742
 -0.02848906   0.01067414
 -0.02845611   0.01066090
 -0.02842315   0.01064770
 -0.02839017   0.01063454
 -0.02835717   0.01062143
 -0.02832414   0.01060835
 -0.02829110   0.01059532
 -0.02825804   0.01058232
 -0.02822496   0.01056937
 -0.02819186   0.01055646
 -0.02815873   0.01054360
 -0.02812559   0.01053077
 -0.02809243   0.01051798
 -0.02805925   0.01050524
 -0.02802606   0.01049254
 -0.02799284   0.01047988
 -0.02795960   0.01046726
 -0.02792634   0.01045468
 -0.02791503   0.01044925
 -0.02790366   0.01044393
 -0.02789224   0.01043870
 -0.02788077   0.01043359
 -0.02786925   0.01042858
 -0.02785768   0.01042367
 -0.02784607   0.01041888
 -0.02783440   0.01041419
 -0.02782270   0.01040960
 -0.02781094   0.01040513
 -0.02779915   0.01040076
 -0.02778731   0.01039650
 -0.02777543   0.01039235
 -0.02776351   0.01038831
 -0.02775156   0.01038439
 -0.02773956   0.01038057
 -0.02772753   0.01037686
 -0.02771546   0.01037326
 -0.02770336   0.01036978
 -0.02769122   0.01036641
 -0.02767905   0.01036314
 -0.02766685   0.01036000
 -0.02765462   0.01035696
 -0.02764236   0.01035404
 -0.02763007   0.01035123
 -0.02761776   0.01034854
 -0.02760542   0.01034595
 -0.02759305   0.01034349
 -0.02758066   0.01034114
 -0.02756825   0.01033890
 -0.02755582   0.01033678
 -0.02754337   0.01033477
 -0.02753090   0.01033288
 -0.02751841   0.01033110
 -0.02750590   0.01032944
 -0.02749338   0.01032789
 -0.02748084   0.01032647
 -0.02746829   0.01032515
 -0.02745573   0.01032396
 -0.02744315   0.01032288
 -0.02743057   0.01032191
 -0.02741798   0.01032107
 -0.02740538   0.01032034
 -0.02739277   0.01031972
 -0.02738016   0.01031923
 -0.02736754   0.01031885
 -0.02735492   0.01031858
 -0.02734230   0.01031844
 -0.02732968   0.01031841
 -0.02731706   0.01031850
 -0.02730444   0.01031870
 -0.02729182   0.01031903
 -0.02727920   0.01031947
 -0.02726659   0.01032002
 -0.02725399   0.01032069
 -0.02724140   0.01032148
 -0.02722881   0.01032239
 -0.02721623   0.01032341
 -0.02720366   0.01032455
 -0.02719111   0.01032581
 -0.02717856   0.01032718
 -0.02716604   0.01032867
 -0.02715352   0.01033027
 -0.02714102   0.01033199
 -0.02712854   0.01033383
 -0.02711608   0.01033578
 -0.02710364   0.01033784
 -0.02709122   0.01034002
 -0.02707882   0.01034232
 -0.02706645   0.01034473
 -0.02705410   0.01034726
 -0.02704177   0.01034989
 -0.02702947   0.01035265
 -0.02701720   0.01035551
 -0.02700496   0.01035849
 -0.02699274   0.01036159
 -0.02698056   0.01036479
 -0.02696841   0.01036811
 -0.02695629   0.01037154
 -0.02694421   0.01037508
 -0.02693216   0.01037873
 -0.02692015   0.01038250
 -0.02690818   0.01038637
 -0.02689624   0.01039035
 -0.02688435   0.01039445
 -0.02687249   0.01039865
 -0.02686068   0.01040297
 -0.02684891   0.01040739
 -0.02683718   0.01041192
 -0.02682550   0.01041655
 -0.02681386   0.01042130
 -0.02680227   0.01042615
 -0.02679073   0.01043111
 -0.02677924   0.01043617
 -0.02676780   0.01044134
 -0.02675641   0.01044661
 -0.02674507   0.01045199
 -0.02673379   0.01045747
 -0.02672256   0.01046306
 -0.02671138   0.01046874
 -0.02667894   0.01048162
 -0.02664652   0.01049454
 -0.02661411   0.01050749
 -0.02658173   0.01052049
 -0.02654936   0.01053353
 -0.02651702   0.01054660
 -0.02648469   0.01055972
 -0.02645239   0.01057288
 -0.02642010   0.01058607
 -0.02638783   0.01059931
 -0.02635559   0.01061258
 -0.02632336   0.01062589
 -0.02629115   0.01063925
 -0.02625897   0.01065264
 -0.02622680   0.01066607
 -0.02619466   0.01067954
 -0.02616253   0.01069305
 -0.02613043   0.01070661
 -0.02609836   0.01072027
 -0.02606633   0.01073403
 -0.02603434   0.01074790
 -0.02600239   0.01076186
 -0.02597047   0.01077593
 -0.02593859   0.01079010
 -0.02590676   0.01080437
 -0.02587496   0.01081874
 -0.02584320   0.01083321
 -0.02581148   0.01084779
 -0.02577980   0.01086246
 -0.02574817   0.01087724
 -0.02571657   0.01089212
 -0.02568502   0.01090709
 -0.02565351   0.01092217
 -0.02562204   0.01093735
 -0.02559061   0.01095263
 -0.02555923   0.01096801
 -0.02552789   0.01098349
 -0.02549659   0.01099907
 -0.02546534   0.01101475
 -0.02543413   0.01103053
 -0.02540297   0.01104641
 -0.02537185   0.01106239
 -0.02534078   0.01107847
 -0.02530975   0.01109465
 -0.02527877   0.01111092
 -0.02524784   0.01112730
 -0.02521695   0.01114377
 -0.02518611   0.01116034
 -0.02515532   0.01117701
 -0.02512458   0.01119378
 -0.02509388   0.01121065
 -0.02506324   0.01122761
 -0.02503264   0.01124468
 -0.02500209   0.01126184
 -0.02497159   0.01127909
 -0.02494115   0.01129645
 -0.02491075   0.01131390
 -0.02488040   0.01133145
 -0.02485011   0.01134909
 -0.02481986   0.01136683
 -0.02478967   0.01138467
 -0.02475953   0.01140260
 -0.02472944   0.01142063
 -0.02469941   0.01143876
 -0.02466943   0.01145698
 -0.02463950   0.01147530
 -0.02460962   0.01149371
 -0.02457981   0.01151222
 -0.02455004   0.01153082
 -0.02452033   0.01154952
 -0.02449067   0.01156831
 -0.02446107   0.01158719
 -0.02443153   0.01160617
 -0.02440204   0.01162525
 -0.02437261   0.01164442
 -0.02434324   0.01166368
 -0.02431392   0.01168303
 -0.02428466   0.01170248
 -0.02425546   0.01172202
 -0.02422632   0.01174166
 -0.02419723   0.01176138
 -0.02416821   0.01178120
 -0.02413924   0.01180111
 -0.02411033   0.01182112
 -0.02408149   0.01184121
 -0.02405270   0.01186140
 -0.02402397   0.01188168
 -0.02399531   0.01190205
 -0.02396670   0.01192251
 -0.02393816   0.01194306
 -0.02390968   0.01196370
 -0.02388126   0.01198444
 -0.02385290   0.01200526
 -0.02382461   0.01202617
 -0.02379638   0.01204717
 -0.02376821   0.01206827
 -0.02374011   0.01208945
 -0.02371207   0.01211072
 -0.02368409   0.01213208
 -0.02365618   0.01215353
 -0.02362834   0.01217506
 -0.02360056   0.01219669
 -0.02357284   0.01221840
 -0.02354519   0.01224020
 -0.02351761   0.01226209
 -0.02349010   0.01228407
 -0.02346265   0.01230613
 -0.02343527   0.01232828
 -0.02340795   0.01235052
 -0.02338070   0.01237284
 -0.02335353   0.01239525
 -0.02332642   0.01241774
 -0.02329937   0.01244032
 -0.02327240   0.01246299
 -0.02324550   0.01248574
 -0.02321867   0.01250858
 -0.02319190   0.01253150
 -0.02316521   0.01255450
 -0.02313859   0.01257759
 -0.02311203   0.01260077
 -0.02308555   0.01262402
 -0.02305914   0.01264736
 -0.02303280   0.01267079
 -0.02300654   0.01269430
 -0.02298034   0.01271789
 -0.02295422   0.01274156
 -0.02292817   0.01276531
 -0.02290220   0.01278915
 -0.02287630   0.01281307
 -0.02285047   0.01283707
 -0.02282472   0.01286115
 -0.02279904   0.01288531
 -0.02277343   0.01290956
 -0.02274790   0.01293388
 -0.02272245   0.01295828
 -0.02269707   0.01298277
 -0.02267176   0.01300733
 -0.02264653   0.01303197
 -0.02262138   0.01305670
 -0.02259631   0.01308150
 -0.02257131   0.01310638
 -0.02254639   0.01313134
 -0.02252154   0.01315637
 -0.02249678   0.01318149
 -0.02247209   0.01320668
 -0.02244748   0.01323195
 -0.02242295   0.01325729
 -0.02239849   0.01328272
 -0.02237412   0.01330822
 -0.02234983   0.01333379
 -0.02232561   0.01335944
 -0.02230147   0.01338517
 -0.02227742   0.01341097
 -0.02225344   0.01343685
 -0.02222955   0.01346280
 -0.02220574   0.01348883
 -0.02218200   0.01351493
 -0.02215835   0.01354110
 -0.02213478   0.01356735
 -0.02211130   0.01359367
 -0.02208789   0.01362007
 -0.02206457   0.01364654
 -0.02204133   0.01367308
 -0.02201817   0.01369969
 -0.02199510   0.01372637
 -0.02197211   0.01375313
 -0.02194920   0.01377996
 -0.02192638   0.01380686
 -0.02190364   0.01383383
 -0.02188098   0.01386087
 -0.02185841   0.01388798
 -0.02183593   0.01391516
 -0.02181353   0.01394240
 -0.02179121   0.01396972
 -0.02176899   0.01399711
 -0.02174684   0.01402457
 -0.02172479   0.01405209
 -0.02170282   0.01407968
 -0.02168093   0.01410734
 -0.02165913   0.01413507
 -0.02163742   0.01416287
 -0.02161580   0.01419073
 -0.02159427   0.01421866
 -0.02157282   0.01424665
 -0.02155146   0.01427471
 -0.02153019   0.01430284
 -0.02150901   0.01433103
 -0.02148791   0.01435929
 -0.02146691   0.01438761
 -0.02144599   0.01441599
 -0.02142516   0.01444444
 -0.02140443   0.01447296
 -0.02138378   0.01450153
 -0.02136322   0.01453017
 -0.02134275   0.01455888
 -0.02132238   0.01458764
 -0.02130209   0.01461647
 -0.02128189   0.01464536
 -0.02126179   0.01467431
 -0.02124178   0.01470332
 -0.02122186   0.01473239
 -0.02120203   0.01476152
 -0.02118229   0.01479072
 -0.02116264   0.01481997
 -0.02114309   0.01484928
 -0.02112363   0.01487866
 -0.02110426   0.01490809
 -0.02108498   0.01493758
 -0.02106580   0.01496712
 -0.02104671   0.01499673
 -0.02102772   0.01502639
 -0.02100881   0.01505611
 -0.02099001   0.01508589
 -0.02097129   0.01511572
 -0.02095267   0.01514561
 -0.02093415   0.01517556
 -0.02091572   0.01520556
 -0.02089738   0.01523562
 -0.02087914   0.01526573
 -0.02086100   0.01529590
 -0.02084295   0.01532612
 -0.02082499   0.01535639
 -0.02080713   0.01538672
 -0.02078937   0.01541710
 -0.02077170   0.01544754
 -0.02075413   0.01547802
 -0.02073666   0.01550856
 -0.02071928   0.01553915
 -0.02070200   0.01556980
 -0.02068482   0.01560049
 -0.02066774   0.01563123
 -0.02065075   0.01566203
 -0.02063386   0.01569287
 -0.02061706   0.01572377
 -0.02060037   0.01575471
 -0.02058377   0.01578571
 -0.02056727   0.01581675
 -0.02055087   0.01584784
 -0.02053457   0.01587898
 -0.02051837   0.01591017
 -0.02050226   0.01594140
 -0.02048626   0.01597268
 -0.02047035   0.01600401
 -0.02045454   0.01603538
 -0.02043883   0.01606680
 -0.02042323   0.01609827
 -0.02040772   0.01612978
 -0.02039231   0.01616134
 -0.02037700   0.01619294
 -0.02036179   0.01622458
 -0.02034669   0.01625627
 -0.02033168   0.01628800
 -0.02031677   0.01631978
 -0.02030197   0.01635159
 -0.02028726   0.01638345
 -0.02027266   0.01641535
 -0.02025816   0.01644730
 -0.02024376   0.01647928
 -0.02022946   0.01651131
 -0.02021526   0.01654338
 -0.02020116   0.01657548
 -0.02018717   0.01660763
 -0.02017327   0.01663982
 -0.02015948   0.01667204
 -0.02014580   0.01670431
 -0.02013221   0.01673661
 -0.02011873   0.01676895
 -0.02010535   0.01680133
 -0.02009207   0.01683375
 -0.02007889   0.01686620
 -0.02006582   0.01689869
 -0.02005285   0.01693122
 -0.02003999   0.01696378
 -0.02002723   0.01699637
 -0.02001457   0.01702901
 -0.02000201   0.01706167
 -0.01998956   0.01709438
 -0.01997721   0.01712711
 -0.01996497   0.01715988
 -0.01995283   0.01719269
 -0.01994079   0.01722552
 -0.01992886   0.01725839
 -0.01991703   0.01729129
 -0.01990531   0.01732422
 -0.01989369   0.01735719
 -0.01988218   0.01739018
 -0.01987077   0.01742321
 -0.01985946   0.01745626
 -0.01984826   0.01748935
 -0.01983717   0.01752247
 -0.01982618   0.01755561
 -0.01981530   0.01758879
 -0.01980452   0.01762199
 -0.01979384   0.01765522
 -0.01978327   0.01768848
 -0.01977281   0.01772176
 -0.01976245   0.01775508
 -0.01975220   0.01778841
 -0.01974206   0.01782178
 -0.01973201   0.01785517
 -0.01972208   0.01788859
 -0.01971225   0.01792203
 -0.01970253   0.01795550
 -0.01969291   0.01798899
 -0.01968340   0.01802251
 -0.01967399   0.01805604
 -0.01966462   0.01808960
 -0.01965528   0.01812316
 -0.01964596   0.01815674
 -0.01963668   0.01819034
 -0.01962742   0.01822394
 -0.01961819   0.01825757
 -0.01960900   0.01829120
 -0.01959983   0.01832485
 -0.01959069   0.01835851
 -0.01958158   0.01839218
 -0.01957250   0.01842587
 -0.01956344   0.01845957
 -0.01955442   0.01849328
 -0.01954543   0.01852701
 -0.01953646   0.01856075
 -0.01952753   0.01859450
 -0.01951862   0.01862826
 -0.01950975   0.01866204
 -0.01950090   0.01869583
 -0.01949208   0.01872964
 -0.01948329   0.01876345
 -0.01947454   0.01879728
 -0.01946581   0.01883112
 -0.01945711   0.01886497
 -0.01944844   0.01889884
 -0.01943980   0.01893271
 -0.01943118   0.01896660
 -0.01942260   0.01900051
 -0.01941405   0.01903442
 -0.01940553   0.01906835
 -0.01939704   0.01910228
 -0.01938857   0.01913623
 -0.01938014   0.01917020
 -0.01937174   0.01920417
 -0.01936336   0.01923815
 -0.01935502   0.01927215
 -0.01934670   0.01930616
 -0.01933842   0.01934018
 -0.01933017   0.01937421
 -0.01932194   0.01940826
 -0.01931375   0.01944231
 -0.01930558   0.01947638
 -0.01929745   0.01951045
 -0.01928934   0.01954454
 -0.01928127   0.01957864
 -0.01927322   0.01961275
 -0.01926521   0.01964687
 -0.01925722   0.01968101
 -0.01924927   0.01971515
 -0.01924134   0.01974931
 -0.01923345   0.01978347
 -0.01922558   0.01981765
 -0.01921775   0.01985184
 -0.01920995   0.01988603
 -0.01920217   0.01992024
 -0.01919443   0.01995446
 -0.01918672   0.01998869
 -0.01917903   0.02002293
 -0.01917138   0.02005718
 -0.01916376   0.02009144
 -0.01915616   0.02012571
 -0.01914860   0.02015999
 -0.01914107   0.02019428
 -0.01913357   0.02022859
 -0.01912610   0.02026290
 -0.01911866   0.02029722
 -0.01911125   0.02033155
 -0.01910387   0.02036589
 -0.01909652   0.02040024
 -0.01908920   0.02043460
 -0.01908191   0.02046897
 -0.01907465   0.02050335
 -0.01906743   0.02053774
 -0.01906023   0.02057214
 -0.01905306   0.02060655
 -0.01904593   0.02064096
 -0.01903882   0.02067539
 -0.01903175   0.02070983
 -0.01902471   0.02074427
 -0.01901769   0.02077872
 -0.01901071   0.02081319
 -0.01900376   0.02084766
 -0.01899684   0.02088214
 -0.01898995   0.02091663
 -0.01898309   0.02095113
 -0.01897626   0.02098564
 -0.01896947   0.02102015
 -0.01896270   0.02105468
 -0.01895596   0.02108921
 -0.01894926   0.02112375
 -0.01894258   0.02115830
 -0.01893594   0.02119286
 -0.01892933   0.02122743
 -0.01892275   0.02126201
 -0.01891620   0.02129659
 -0.01890968   0.02133118
 -0.01890319   0.02136578
 -0.01889673   0.02140039
 -0.01889030   0.02143501
 -0.01888391   0.02146963
 -0.01887754   0.02150426
 -0.01887121   0.02153890
 -0.01886491   0.02157355
 -0.01885863   0.02160820
 -0.01885239   0.02164287
 -0.01884618   0.02167754
 -0.01884001   0.02171221
 -0.01883386   0.02174690
 -0.01882774   0.02178159
 -0.01882166   0.02181629
 -0.01881560   0.02185100
 -0.01880958   0.02188571
 -0.01880359   0.02192043
 -0.01879763   0.02195516
 -0.01879170   0.02198990
 -0.01878580   0.02202464
 -0.01877994   0.02205939
 -0.01877410   0.02209415
 -0.01876830   0.02212891
 -0.01876252   0.02216368
 -0.01875678   0.02219845
 -0.01875107   0.02223324
 -0.01874539   0.02226803
 -0.01873975   0.02230282
 -0.01873413   0.02233762
 -0.01872855   0.02237243
 -0.01872299   0.02240725
 -0.01871747   0.02244207
 -0.01871198   0.02247690
 -0.01870652   0.02251173
 -0.01870109   0.02254657
 -0.01869570   0.02258141
 -0.01869033   0.02261626
 -0.01868500   0.02265112
 -0.01867970   0.02268598
 -0.01867443   0.02272085
 -0.01866919   0.02275573
 -0.01866398   0.02279061
 -0.01865880   0.02282549
 -0.01865366   0.02286038
 -0.01864855   0.02289528
 -0.01864347   0.02293018
 -0.01863842   0.02296509
 -0.01863340   0.02300000
