 -0.00835340   0.02300000
 -0.00834976   0.02287390
 -0.00834617   0.02274785
 -0.00834259   0.02262175
 -0.00833895   0.02249570
 -0.00833536   0.02236961
 -0.00833178   0.02224355
 -0.00832814   0.02211746
 -0.00832455   0.02199141
 -0.00832097   0.02186531
 -0.00831733   0.02173921
 -0.00831374   0.02161316
 -0.00831016   0.02148706
 -0.00830652   0.02136101
 -0.00830293   0.02123491
 -0.00829935   0.02110881
 -0.00829571   0.02098271
 -0.00829212   0.02085661
 -0.00828858   0.02073056
 -0.00828494   0.02060446
 -0.00828136   0.02047841
 -0.00827777   0.02035232
 -0.00827413   0.02022626
 -0.00827055   0.02010017
 -0.00826696   0.01997412
 -0.00826332   0.01984802
 -0.00825973   0.01972192
 -0.00825615   0.01959587
 -0.00825251   0.01946977
 -0.00824892   0.01934372
 -0.00824528   0.01921762
 -0.00824170   0.01909157
 -0.00823811   0.01896548
 -0.00823447   0.01883942
 -0.00823089   0.01871333
 -0.00822730   0.01858723
 -0.00822366   0.01846118
 -0.00822008   0.01833508
 -0.00821649   0.01820903
 -0.00821285   0.01808293
 -0.00820927   0.01795688
 -0.00820568   0.01783078
 -0.00820209   0.01770469
 -0.00819850   0.01757863
 -0.00819492   0.01745254
 -0.00819128   0.01732643
 -0.00818769   0.01720033
 -0.00818411   0.01707428
 -0.00818047   0.01694819
 -0.00817688   0.01682213
 -0.00817329   0.01669604
 -0.00816966   0.01656994
 -0.00816607   0.01644389
 -0.00816248   0.01631779
 -0.00815884   0.01619174
 -0.00815526   0.01606564
 -0.00815167   0.01593959
 -0.00814803   0.01581349
 -0.00814445   0.01568744
 -0.00814086   0.01556135
 -0.00813722   0.01543525
 -0.00813364   0.01530920
 -0.00813000   0.01518310
 -0.00812641   0.01505705
 -0.00812283   0.01493095
 -0.00811919   0.01480490
 -0.00811565   0.01467880
 -0.00811206   0.01455270
 -0.00810842   0.01442665
 -0.00810484   0.01430056
 -0.00810125   0.01417450
 -0.00809761   0.01404841
 -0.00809403   0.01392236
 -0.00809044   0.01379626
 -0.00808680   0.01367021
 -0.00808322   0.01354406
 -0.00807963   0.01341796
 -0.00807599   0.01329191
 -0.00807240   0.01316581
 -0.00806882   0.01303976
 -0.00806518   0.01291366
 -0.00806159   0.01278761
 -0.00805801   0.01266151
 -0.00805437   0.01253546
 -0.00805078   0.01240936
 -0.00804720   0.01228327
 -0.00804356   0.01215722
 -0.00803997   0.01203112
 -0.00803639   0.01190507
 -0.00803275   0.01177897
 -0.00802916   0.01165292
 -0.00802562   0.01152682
 -0.00802198   0.01140077
 -0.00801840   0.01127467
 -0.00801476   0.01114857
 -0.00801117   0.01102252
 -0.00800759   0.01089643
 -0.00800395   0.01077037
 -0.00800036   0.01064428
 -0.00799678   0.01051823
 -0.00799314   0.01039213
 -0.00799080   0.01031931
 -0.00798791   0.01024654
 -0.00798453   0.01017383
 -0.00798055   0.01010106
 -0.00797613   0.01002835
 -0.00797111   0.00995568
 -0.00796555   0.00988306
 -0.00795954   0.00981049
 -0.00795288   0.00973793
 -0.00794577   0.00966546
 -0.00793818   0.00959309
 -0.00792994   0.00952067
 -0.00792125   0.00944840
 -0.00791201   0.00937613
 -0.00790223   0.00930395
 -0.00789195   0.00923183
 -0.00788112   0.00915981
 -0.00786976   0.00908788
 -0.00785789   0.00901606
 -0.00784553   0.00894423
 -0.00783262   0.00887255
 -0.00781917   0.00880102
 -0.00780522   0.00872949
 -0.00779067   0.00865817
 -0.00777568   0.00858688
 -0.00776019   0.00851570
 -0.00774416   0.00844466
 -0.00772758   0.00837373
 -0.00771050   0.00830299
 -0.00769288   0.00823230
 -0.00767477   0.00816171
 -0.00765610   0.00809132
 -0.00763699   0.00802108
 -0.00761733   0.00795098
 -0.00759718   0.00788098
 -0.00757649   0.00781119
 -0.00755529   0.00774144
 -0.00753360   0.00767199
 -0.00751141   0.00760258
 -0.00748868   0.00753338
 -0.00746550   0.00746442
 -0.00744178   0.00739551
 -0.00741755   0.00732685
 -0.00739283   0.00725839
 -0.00736762   0.00719002
 -0.00734191   0.00712190
 -0.00731570   0.00705398
 -0.00728895   0.00698621
 -0.00726175   0.00691869
 -0.00723410   0.00685131
 -0.00720591   0.00678418
 -0.00717717   0.00671720
 -0.00714804   0.00665052
 -0.00711835   0.00658398
 -0.00708827   0.00651770
 -0.00705764   0.00645166
 -0.00702653   0.00638581
 -0.00699495   0.00632022
 -0.00696289   0.00625482
 -0.00693038   0.00618972
 -0.00689737   0.00612482
 -0.00686386   0.00606011
 -0.00682991   0.00599575
 -0.00679546   0.00593159
 -0.00676056   0.00586767
 -0.00672522   0.00580400
 -0.00668938   0.00574063
 -0.00665315   0.00567751
 -0.00661641   0.00561468
 -0.00657918   0.00555205
 -0.00654151   0.00548977
 -0.00650343   0.00542774
 -0.00646486   0.00536595
 -0.00642584   0.00530450
 -0.00638643   0.00524336
 -0.00634646   0.00518241
 -0.00630616   0.00512186
 -0.00626535   0.00506155
 -0.00622414   0.00500150
 -0.00618249   0.00494183
 -0.00614039   0.00488242
 -0.00609785   0.00482335
 -0.00605485   0.00476458
 -0.00601151   0.00470615
 -0.00596767   0.00464803
 -0.00592344   0.00459019
 -0.00587881   0.00453271
 -0.00583377   0.00447557
 -0.00578825   0.00441872
 -0.00574237   0.00436228
 -0.00569600   0.00430608
 -0.00564932   0.00425032
 -0.00560220   0.00419481
 -0.00555469   0.00413970
 -0.00550672   0.00408494
 -0.00545841   0.00403052
 -0.00540970   0.00397644
 -0.00536054   0.00392277
 -0.00531104   0.00386938
 -0.00526113   0.00381645
 -0.00521083   0.00376381
 -0.00516018   0.00371157
 -0.00510918   0.00365972
 -0.00505778   0.00360817
 -0.00500594   0.00355711
 -0.00495379   0.00350636
 -0.00490125   0.00345599
 -0.00484836   0.00340603
 -0.00479512   0.00335646
 -0.00474149   0.00330728
 -0.00468750   0.00325844
 -0.00463317   0.00321011
 -0.00457848   0.00316207
 -0.00452345   0.00311448
 -0.00446808   0.00306728
 -0.00441235   0.00302048
 -0.00435627   0.00297413
 -0.00429990   0.00292817
 -0.00424317   0.00288260
 -0.00418610   0.00283748
 -0.00412873   0.00279271
 -0.00407101   0.00274848
 -0.00401299   0.00270460
 -0.00395467   0.00266116
 -0.00389600   0.00261812
 -0.00383703   0.00257552
 -0.00377772   0.00253337
 -0.00371816   0.00249167
 -0.00365824   0.00245041
 -0.00359807   0.00240955
 -0.00353761   0.00236913
 -0.00347685   0.00232921
 -0.00341579   0.00228968
 -0.00335442   0.00225060
 -0.00329276   0.00221201
 -0.00323085   0.00217382
 -0.00316869   0.00213613
 -0.00310619   0.00209887
 -0.00304348   0.00206207
 -0.00298052   0.00202576
 -0.00291721   0.00198984
 -0.00285370   0.00195448
 -0.00278999   0.00191950
 -0.00272593   0.00188507
 -0.00266167   0.00185104
 -0.00259711   0.00181750
 -0.00253240   0.00178446
 -0.00246740   0.00175186
 -0.00240219   0.00171976
 -0.00233668   0.00168810
 -0.00227102   0.00165699
 -0.00220511   0.00162628
 -0.00213895   0.00159611
 -0.00207259   0.00156638
 -0.00200603   0.00153720
 -0.00193926   0.00150846
 -0.00187226   0.00148023
 -0.00180509   0.00145248
 -0.00173768   0.00142523
 -0.00167016   0.00139843
 -0.00160235   0.00137222
 -0.00153443   0.00134645
 -0.00146622   0.00132119
 -0.00139795   0.00129636
 -0.00132938   0.00127214
 -0.00126071   0.00124830
 -0.00119189   0.00122507
 -0.00112287   0.00120232
 -0.00105370   0.00118007
 -0.00098438   0.00115833
 -0.00091485   0.00113707
 -0.00084527   0.00111631
 -0.00077544   0.00109609
 -0.00070551   0.00107637
 -0.00063544   0.00105715
 -0.00056525   0.00103851
 -0.00049492   0.00102033
 -0.00042443   0.00100264
 -0.00035380   0.00098550
 -0.00028311   0.00096885
 -0.00021226   0.00095275
 -0.00014133   0.00093719
 -0.00007023   0.00092207
  0.00000092   0.00090751
  0.00007217   0.00089349
  0.00014356   0.00087996
  0.00021501   0.00086698
  0.00028657   0.00085454
  0.00035818   0.00084260
  0.00042993   0.00083116
  0.00050175   0.00082026
  0.00057356   0.00080991
  0.00064552   0.00080004
  0.00071754   0.00079073
  0.00078966   0.00078192
  0.00086179   0.00077369
  0.00093396   0.00076597
  0.00100624   0.00075874
  0.00107852   0.00075205
  0.00115085   0.00074591
  0.00125586   0.00073284
  0.00136081   0.00071999
  0.00146587   0.00070724
  0.00157089   0.00069471
  0.00167600   0.00068228
  0.00178106   0.00067002
  0.00188623   0.00065796
  0.00199135   0.00064602
  0.00209652   0.00063424
  0.00220169   0.00062261
  0.00230691   0.00061115
  0.00241214   0.00059985
  0.00251741   0.00058865
  0.00262269   0.00057767
  0.00272802   0.00056690
  0.00283330   0.00055619
  0.00293868   0.00054569
  0.00304401   0.00053530
  0.00314934   0.00052512
  0.00325478   0.00051505
  0.00336017   0.00050514
  0.00346565   0.00049545
  0.00357104   0.00048586
  0.00367658   0.00047643
  0.00378202   0.00046717
  0.00388756   0.00045806
  0.00399306   0.00044912
  0.00409865   0.00044033
  0.00420415   0.00043171
  0.00430974   0.00042324
  0.00441534   0.00041489
  0.00452099   0.00040675
  0.00462659   0.00039877
  0.00473224   0.00039089
  0.00483784   0.00038323
  0.00494355   0.00037568
  0.00504920   0.00036834
  0.00515496   0.00036111
  0.00526061   0.00035404
  0.00536637   0.00034719
  0.00547208   0.00034044
  0.00557788   0.00033385
  0.00568359   0.00032742
  0.00578940   0.00032120
  0.00589516   0.00031509
  0.00600093   0.00030915
  0.00610679   0.00030336
  0.00621255   0.00029774
  0.00631841   0.00029228
  0.00642423   0.00028697
  0.00653015   0.00028178
  0.00663596   0.00027680
  0.00674188   0.00027198
  0.00684769   0.00026721
  0.00695361   0.00026244
  0.00705948   0.00025778
  0.00716540   0.00025312
  0.00727121   0.00024852
  0.00737713   0.00024396
  0.00748300   0.00023946
  0.00758891   0.00023497
  0.00769478   0.00023052
  0.00780070   0.00022613
  0.00790657   0.00022179
  0.00801254   0.00021745
  0.00811841   0.00021322
  0.00822432   0.00020899
  0.00833019   0.00020481
  0.00843616   0.00020069
  0.00854203   0.00019656
  0.00864795   0.00019249
  0.00875387   0.00018853
  0.00885979   0.00018456
  0.00896571   0.00018065
  0.00907158   0.00017679
  0.00917755   0.00017293
  0.00928347   0.00016913
  0.00938939   0.00016538
  0.00949531   0.00016163
  0.00960128   0.00015799
  0.00970715   0.00015435
  0.00981312   0.00015076
  0.00991904   0.00014722
  0.01002501   0.00014369
  0.01013094   0.00014021
  0.01023690   0.00013683
  0.01034283   0.00013346
  0.01044880   0.00013008
  0.01055472   0.00012681
  0.01066069   0.00012355
  0.01076661   0.00012033
  0.01087258   0.00011717
  0.01097851   0.00011407
  0.01108448   0.00011096
  0.01119045   0.00010791
  0.01129642   0.00010491
  0.01140234   0.00010196
  0.01150831   0.00009907
  0.01161429   0.00009618
  0.01172026   0.00009334
  0.01182618   0.00009055
  0.01193216   0.00008787
  0.01203813   0.00008519
  0.01214411   0.00008251
  0.01225008   0.00007989
  0.01235605   0.00007732
  0.01246202   0.00007480
  0.01256800   0.00007228
  0.01267397   0.00006987
  0.01277994   0.00006746
  0.01288597   0.00006505
  0.01299189   0.00006275
  0.01309791   0.00006050
  0.01320389   0.00005825
  0.01330986   0.00005605
  0.01341584   0.00005391
  0.01352186   0.00005177
  0.01362784   0.00004973
  0.01373381   0.00004770
  0.01383978   0.00004571
  0.01394581   0.00004379
  0.01405178   0.00004186
  0.01415781   0.00003998
  0.01426378   0.00003822
  0.01436975   0.00003639
  0.01447573   0.00003468
  0.01458175   0.00003302
  0.01468773   0.00003136
  0.01479375   0.00002975
  0.01489973   0.00002825
  0.01500570   0.00002675
  0.01511173   0.00002525
  0.01521770   0.00002380
  0.01532373   0.00002241
  0.01542970   0.00002107
  0.01553573   0.00001978
  0.01564170   0.00001850
  0.01574778   0.00001727
  0.01585376   0.00001609
  0.01595978   0.00001496
  0.01606576   0.00001389
  0.01617178   0.00001282
  0.01627776   0.00001180
  0.01638378   0.00001084
  0.01648976   0.00000993
  0.01659583   0.00000902
  0.01670181   0.00000816
  0.01680783   0.00000741
  0.01691381   0.00000661
  0.01701983   0.00000591
  0.01712586   0.00000527
  0.01723189   0.00000462
  0.01733786   0.00000404
  0.01744389   0.00000350
  0.01754992   0.00000296
  0.01765594   0.00000254
  0.01776192   0.00000211
  0.01786794   0.00000173
  0.01797392   0.00000146
  0.01807995   0.00000114
  0.01818597   0.00000087
  0.01829195   0.00000071
  0.01839797   0.00000055
  0.01850400   0.00000039
  0.01861002   0.00000033
  0.01871600   0.00000028
  0.01882202   0.00000028
  0.01892805   0.00000028
  0.01903408   0.00000028
  0.01914005   0.00000028
  0.01924613   0.00000028
  0.01935211   0.00000028
  0.01945813   0.00000028
  0.01956410   0.00000028
  0.01967018   0.00000028
  0.01977616   0.00000028
  0.01988218   0.00000028
  0.01998816   0.00000028
  0.02009423   0.00000028
  0.02020021   0.00000028
  0.02030623   0.00000028
  0.02041221   0.00000028
  0.02051829   0.00000028
  0.02062426   0.00000028
  0.02073029   0.00000028
  0.02083626   0.00000028
  0.02094229   0.00000028
  0.02104832   0.00000033
  0.02115429   0.00000033
  0.02126032   0.00000033
  0.02136635   0.00000033
  0.02147237   0.00000033
  0.02157835   0.00000033
  0.02168437   0.00000033
  0.02179040   0.00000033
  0.02189642   0.00000033
  0.02200240   0.00000033
  0.02210842   0.00000033
  0.02221445   0.00000033
  0.02232048   0.00000033
  0.02242645   0.00000033
  0.02253253   0.00000033
  0.02263851   0.00000033
  0.02274453   0.00000033
  0.02285051   0.00000033
  0.02295658   0.00000033
  0.02306256   0.00000033
  0.02316858   0.00000033
  0.02327456   0.00000033
  0.02338064   0.00000033
  0.02348661   0.00000033
  0.02359264   0.00000033
  0.02369861   0.00000033
  0.02380469   0.00000033
  0.02391067   0.00000033
  0.02401664   0.00000033
  0.02412267   0.00000037
  0.02422870   0.00000037
  0.02433472   0.00000037
  0.02444070   0.00000037
  0.02454672   0.00000037
  0.02465275   0.00000037
  0.02475877   0.00000037
  0.02486475   0.00000037
  0.02497077   0.00000037
  0.02507680   0.00000037
  0.02518283   0.00000037
  0.02528880   0.00000037
  0.02539482   0.00000037
  0.02550086   0.00000037
  0.02560688   0.00000037
  0.02571285   0.00000037
  0.02581888   0.00000037
  0.02592491   0.00000037
  0.02603093   0.00000037
  0.02613691   0.00000037
  0.02624298   0.00000037
  0.02634896   0.00000037
  0.02645498   0.00000037
  0.02656096   0.00000037
  0.02666704   0.00000037
  0.02677301   0.00000037
  0.02687904   0.00000037
  0.02698501   0.00000037
  0.02709104   0.00000037
  0.02719707   0.00000042
  0.02730304   0.00000042
  0.02740907   0.00000042
  0.02751510   0.00000042
  0.02762112   0.00000042
  0.02772710   0.00000042
  0.02783312   0.00000042
  0.02793915   0.00000042
  0.02804517   0.00000042
  0.02815115   0.00000042
  0.02825717   0.00000042
  0.02836320   0.00000042
  0.02846923   0.00000042
  0.02857520   0.00000042
  0.02868123   0.00000042
  0.02878726   0.00000042
  0.02889328   0.00000042
  0.02899926   0.00000042
  0.02910528   0.00000042
  0.02921131   0.00000042
  0.02931733   0.00000042
  0.02942331   0.00000042
  0.02952939   0.00000042
  0.02963536   0.00000042
  0.02974139   0.00000042
  0.02984736   0.00000042
  0.02995339   0.00000042
  0.03005942   0.00000042
  0.03016539   0.00000042
  0.03027142   0.00000046
  0.03037745   0.00000046
  0.03048347   0.00000046
  0.03058945   0.00000046
  0.03069547   0.00000046
  0.03080150   0.00000046
  0.03090752   0.00000046
  0.03101350   0.00000046
  0.03111952   0.00000046
  0.03122555   0.00000046
  0.03133157   0.00000046
  0.03143755   0.00000046
  0.03154357   0.00000046
  0.03164960   0.00000046
  0.03175563   0.00000046
  0.03186160   0.00000046
  0.03196763   0.00000046
  0.03207366   0.00000046
  0.03217968   0.00000046
  0.03228566   0.00000046
  0.03239168   0.00000046
  0.03249771   0.00000046
  0.03260373   0.00000046
  0.03270971   0.00000046
  0.03281573   0.00000046
  0.03292176   0.00000046
  0.03302774   0.00000046
  0.03313376   0.00000046
  0.03323979   0.00000046
  0.03334582   0.00000051
  0.03345179   0.00000051
  0.03355782   0.00000051
  0.03366385   0.00000051
  0.03376987   0.00000051
  0.03387585   0.00000051
  0.03398187   0.00000051
  0.03408790   0.00000051
  0.03419392   0.00000051
  0.03429990   0.00000051
  0.03440592   0.00000051
  0.03451195   0.00000051
  0.03461798   0.00000051
  0.03472395   0.00000051
  0.03482998   0.00000051
  0.03493601   0.00000051
  0.03504203   0.00000051
  0.03514801   0.00000051
  0.03525403   0.00000051
  0.03536006   0.00000051
  0.03546608   0.00000051
  0.03557206   0.00000051
  0.03567808   0.00000051
  0.03578411   0.00000051
  0.03589009   0.00000051
  0.03599611   0.00000051
  0.03610209   0.00000051
  0.03620817   0.00000051
  0.03631414   0.00000051
  0.03642017   0.00000056
  0.03652620   0.00000056
  0.03663222   0.00000056
  0.03673820   0.00000056
  0.03684422   0.00000056
  0.03695025   0.00000056
  0.03705627   0.00000056
  0.03716225   0.00000056
  0.03726827   0.00000056
  0.03737430   0.00000056
  0.03748032   0.00000056
  0.03758630   0.00000056
  0.03769232   0.00000056
  0.03779835   0.00000056
  0.03790438   0.00000056
  0.03801035   0.00000056
  0.03811638   0.00000056
  0.03822241   0.00000056
  0.03832843   0.00000056
  0.03843441   0.00000056
  0.03854043   0.00000056
  0.03864646   0.00000056
  0.03875248   0.00000056
  0.03885846   0.00000056
  0.03896444   0.00000056
  0.03907051   0.00000056
  0.03917649   0.00000056
  0.03928251   0.00000056
  0.03938849   0.00000060
  0.03949457   0.00000060
  0.03960054   0.00000060
  0.03970657   0.00000060
  0.03981254   0.00000060
  0.03991862   0.00000060
  0.04002460   0.00000060
  0.04013062   0.00000060
  0.04023665   0.00000060
  0.04034267   0.00000060
  0.04044865   0.00000060
  0.04055467   0.00000060
  0.04066070   0.00000060
  0.04076673   0.00000060
  0.04087270   0.00000060
  0.04097873   0.00000060
  0.04108476   0.00000060
  0.04119078   0.00000060
  0.04129676   0.00000060
  0.04140278   0.00000060
  0.04150881   0.00000060
  0.04161483   0.00000060
  0.04172081   0.00000060
  0.04182683   0.00000060
  0.04193286   0.00000060
  0.04203884   0.00000060
  0.04214486   0.00000060
  0.04225084   0.00000060
  0.04235692   0.00000060
  0.04246289   0.00000065
  0.04256892   0.00000065
  0.04267489   0.00000065
  0.04278097   0.00000065
  0.04288695   0.00000065
  0.04299297   0.00000065
  0.04309894   0.00000065
  0.04320502   0.00000065
  0.04331100   0.00000065
  0.04341702   0.00000065
  0.04352305   0.00000065
  0.04372933   0.00000823
  0.04393446   0.00003093
  0.04413721   0.00006851
  0.04433853   0.00011418
  0.04453884   0.00016409
  0.04473887   0.00021544
  0.04493886   0.00026680
  0.04513885   0.00031815
  0.04533888   0.00036950
  0.04553887   0.00042085
  0.04573886   0.00047220
  0.04593889   0.00052356
  0.04613888   0.00057491
  0.04633891   0.00062626
  0.04653890   0.00067761
  0.04673889   0.00072897
  0.04693892   0.00078032
  0.04713891   0.00083167
  0.04733890   0.00088302
  0.04753893   0.00093438
  0.04773892   0.00098573
  0.04793895   0.00103708
  0.04813894   0.00108838
  0.04833893   0.00113973
  0.04853896   0.00119108
  0.04873895   0.00124244
  0.04893898   0.00129379
  0.04913897   0.00134514
  0.04933896   0.00139649
  0.04953899   0.00144785
  0.04973898   0.00149920
  0.04993897   0.00155055
  0.05013900   0.00160190
  0.05033899   0.00165325
  0.05053903   0.00170461
  0.05073901   0.00175596
  0.05093900   0.00180731
  0.05113903   0.00185866
  0.05133902   0.00191002
  0.05153901   0.00196137
  0.05173904   0.00201272
  0.05193903   0.00206407
  0.05213907   0.00211543
  0.05233905   0.00216678
  0.05253904   0.00221813
  0.05273908   0.00226948
  0.05293906   0.00232083
  0.05313905   0.00237219
  0.05333909   0.00242354
  0.05353907   0.00247489
  0.05373911   0.00252624
  0.05393910   0.00257760
  0.05413908   0.00262895
  0.05433912   0.00268030
  0.05453910   0.00273165
  0.05473914   0.00278301
  0.05493913   0.00283436
  0.05513911   0.00288571
  0.05533915   0.00293701
  0.05553914   0.00298836
  0.05573912   0.00303971
  0.05593916   0.00309107
  0.05613915   0.00314242
  0.05633918   0.00319377
  0.05653917   0.00324512
  0.05673916   0.00329648
  0.05693919   0.00334783
  0.05713918   0.00339918
  0.05733916   0.00345053
  0.05753920   0.00350189
  0.05773924   0.00355324
  0.05793927   0.00360459
  0.05813926   0.00365594
  0.05833925   0.00370729
  0.05853928   0.00375865
  0.05873927   0.00381000
  0.05893926   0.00386135
  0.05913929   0.00391270
  0.05933928   0.00396406
  0.05953932   0.00401541
  0.05973930   0.00406676
  0.05993929   0.00411811
  0.06013933   0.00416947
  0.06033931   0.00422082
  0.06053930   0.00427217
  0.06073933   0.00432352
  0.06093932   0.00437487
  0.06113936   0.00442623
  0.06133934   0.00447758
  0.06153933   0.00452893
  0.06173937   0.00458028
  0.06193935   0.00463164
  0.06213939   0.00468299
  0.06233938   0.00473434
  0.06253936   0.00478564
  0.06273940   0.00483699
  0.06293939   0.00488834
  0.06313937   0.00493970
  0.06333941   0.00499105
  0.06353939   0.00504240
  0.06373943   0.00509375
  0.06393942   0.00514511
  0.06413940   0.00519646
  0.06433944   0.00524781
  0.06453943   0.00529916
  0.06473941   0.00535052
  0.06493945   0.00540187
  0.06513944   0.00545322
  0.06533947   0.00550457
  0.06553946   0.00555592
  0.06573945   0.00560728
  0.06593948   0.00565863
  0.06613947   0.00570998
  0.06633946   0.00576133
  0.06653949   0.00581269
  0.06673948   0.00586404
  0.06693951   0.00591539
  0.06713950   0.00596674
  0.06733949   0.00601810
  0.06753952   0.00606945
  0.06773951   0.00612075
  0.06793954   0.00617211
  0.06813953   0.00622346
  0.06833952   0.00627481
  0.06853955   0.00632616
  0.06873954   0.00637752
  0.06893953   0.00642887
  0.06913956   0.00648022
  0.06933955   0.00653157
  0.06953958   0.00658293
  0.06973957   0.00663422
  0.06993956   0.00668558
  0.07013959   0.00673693
  0.07033958   0.00678828
  0.07053957   0.00683963
  0.07073960   0.00689099
  0.07093959   0.00694234
  0.07113962   0.00699369
  0.07133961   0.00704504
  0.07153960   0.00709639
  0.07173963   0.00714775
  0.07193962   0.00719910
  0.07213961   0.00725045
  0.07233964   0.00730180
  0.07253963   0.00735316
  0.07273967   0.00740451
  0.07293965   0.00745586
  0.07313964   0.00750721
  0.07333968   0.00755857
  0.07353966   0.00760992
  0.07373965   0.00766127
  0.07393968   0.00771262
  0.07413967   0.00776398
  0.07433971   0.00781533
  0.07453969   0.00786668
  0.07473968   0.00791803
  0.07493972   0.00796938
  0.07513970   0.00802074
  0.07533974   0.00807209
  0.07553973   0.00812344
  0.07573971   0.00817479
  0.07593975   0.00822615
  0.07613974   0.00827750
  0.07633972   0.00832885
  0.07653976   0.00838020
  0.07673974   0.00843156
  0.07693978   0.00848285
  0.07713977   0.00853421
  0.07733975   0.00858556
  0.07753979   0.00863691
  0.07773978   0.00868826
  0.07793976   0.00873962
  0.07813980   0.00879097
  0.07833979   0.00884232
  0.07853982   0.00889367
  0.07873981   0.00894503
  0.07893980   0.00899638
  0.07913983   0.00904773
  0.07933982   0.00909908
  0.07953981   0.00915043
  0.07973984   0.00920179
  0.07993983   0.00925314
  0.08013986   0.00930449
  0.08033985   0.00935584
  0.08053984   0.00940720
  0.08073987   0.00945855
  0.08093986   0.00950990
  0.08113985   0.00956125
  0.08133988   0.00961261
  0.08153987   0.00966396
  0.08173990   0.00971531
  0.08193989   0.00976666
  0.08213988   0.00981801
  0.08233991   0.00986937
  0.08253990   0.00992072
  0.08273993   0.00997207
  0.08293992   0.01002342
  0.08313991   0.01007478
  0.08333994   0.01012613
  0.08351797   0.01020817
  0.08368196   0.01030923
  0.08384515   0.01041088
  0.08400737   0.01051301
  0.08416884   0.01061567
  0.08432941   0.01071882
  0.08448906   0.01082250
  0.08464785   0.01092667
  0.08480574   0.01103132
  0.08496272   0.01113639
  0.08511888   0.01124195
  0.08527404   0.01134794
  0.08542839   0.01145435
  0.08558172   0.01156125
  0.08573414   0.01166847
  0.08588570   0.01177617
  0.08603625   0.01188419
  0.08618589   0.01199264
  0.08633461   0.01210141
  0.08648238   0.01221056
  0.08662922   0.01232008
  0.08677506   0.01242987
  0.08691993   0.01254003
  0.08706394   0.01265046
  0.08720688   0.01276122
  0.08734891   0.01287224
  0.08748992   0.01298358
  0.08762997   0.01309514
  0.08776911   0.01320696
  0.08790718   0.01331900
  0.08804428   0.01343131
  0.08818042   0.01354377
  0.08831554   0.01365646
  0.08844975   0.01376935
  0.08858289   0.01388246
  0.08871501   0.01399568
  0.08884622   0.01410906
  0.08897636   0.01422259
  0.08910554   0.01433629
  0.08923369   0.01445005
  0.08936083   0.01456396
  0.08948700   0.01467793
  0.08961216   0.01479200
  0.08973625   0.01490613
  0.08985948   0.01502031
  0.08998250   0.01513455
  0.09010546   0.01524873
  0.09022847   0.01536291
  0.09035144   0.01547714
  0.09047445   0.01559132
  0.09059741   0.01570556
  0.09072043   0.01581974
  0.09084344   0.01593392
  0.09096641   0.01604816
  0.09108937   0.01616234
  0.09121238   0.01627657
  0.09133535   0.01639075
  0.09145841   0.01650499
  0.09158138   0.01661917
  0.09170434   0.01673335
  0.09182735   0.01684759
  0.09195032   0.01696177
  0.09207338   0.01707600
  0.09219635   0.01719018
  0.09231931   0.01730437
  0.09244232   0.01741860
  0.09256529   0.01753278
  0.09268825   0.01764702
  0.09281132   0.01776120
  0.09293428   0.01787538
  0.09305729   0.01798961
  0.09318026   0.01810380
  0.09330322   0.01821803
  0.09342623   0.01833221
  0.09354925   0.01844639
  0.09367221   0.01856063
  0.09379523   0.01867481
  0.09391819   0.01878904
  0.09404120   0.01890323
  0.09416417   0.01901741
  0.09428718   0.01913164
  0.09441020   0.01924582
  0.09453316   0.01936006
  0.09463193   0.01949402
  0.09464224   0.01970020
  0.09465255   0.01990647
  0.09466291   0.02011269
  0.09467317   0.02031896
  0.09468348   0.02052518
  0.09469378   0.02073146
  0.09470409   0.02093768
  0.09471440   0.02114385
  0.09472476   0.02135012
  0.09473507   0.02155634
  0.09474537   0.02176262
  0.09475568   0.02196884
  0.09476599   0.02217506
  0.09477625   0.02238129
  0.09478661   0.02258751
  0.09479692   0.02279378
  0.09480723   0.02300000
