  0.00564660   0.02300000
  0.00565034   0.02286953
  0.00565407   0.02273915
  0.00565779   0.02260868
  0.00566153   0.02247830
  0.00566526   0.02234783
  0.00566898   0.02221745
  0.00567272   0.02208698
  0.00567644   0.02195659
  0.00568017   0.02182613
  0.00568391   0.02169566
  0.00568763   0.02156528
  0.00569136   0.02143481
  0.00569510   0.02130443
  0.00569882   0.02117396
  0.00570255   0.02104356
  0.00570629   0.02091309
  0.00571001   0.02078262
  0.00571365   0.02065224
  0.00571740   0.02052177
  0.00572112   0.02039139
  0.00572484   0.02026092
  0.00572859   0.02013054
  0.00573231   0.02000007
  0.00573603   0.01986968
  0.00573978   0.01973922
  0.00574350   0.01960875
  0.00574722   0.01947837
  0.00575096   0.01934790
  0.00575469   0.01921751
  0.00575843   0.01908705
  0.00576215   0.01895666
  0.00576588   0.01882620
  0.00576962   0.01869581
  0.00577334   0.01856535
  0.00577707   0.01843488
  0.00578081   0.01830449
  0.00578453   0.01817403
  0.00578826   0.01804364
  0.00579200   0.01791318
  0.00579572   0.01778279
  0.00579944   0.01765233
  0.00580311   0.01752186
  0.00580683   0.01739147
  0.00581055   0.01726101
  0.00581430   0.01713060
  0.00581802   0.01700014
  0.00582174   0.01686975
  0.00582548   0.01673929
  0.00582921   0.01660890
  0.00583293   0.01647844
  0.00583667   0.01634797
  0.00584040   0.01621758
  0.00584412   0.01608712
  0.00584786   0.01595673
  0.00585159   0.01582627
  0.00585531   0.01569588
  0.00585905   0.01556542
  0.00586278   0.01543503
  0.00586650   0.01530456
  0.00587024   0.01517410
  0.00587396   0.01504371
  0.00587771   0.01491325
  0.00588143   0.01478286
  0.00588515   0.01465240
  0.00588890   0.01452201
  0.00589254   0.01439154
  0.00589626   0.01426108
  0.00590000   0.01413069
  0.00590373   0.01400023
  0.00590745   0.01386984
  0.00591119   0.01373937
  0.00591492   0.01360899
  0.00591864   0.01347852
  0.00592238   0.01334814
  0.00592611   0.01321765
  0.00592983   0.01308719
  0.00593357   0.01295680
  0.00593730   0.01282634
  0.00594102   0.01269595
  0.00594476   0.01256548
  0.00594848   0.01243510
  0.00595221   0.01230463
  0.00595595   0.01217425
  0.00595967   0.01204378
  0.00596340   0.01191332
  0.00596714   0.01178293
  0.00597086   0.01165246
  0.00597459   0.01152208
  0.00597833   0.01139161
  0.00598205   0.01126123
  0.00598569   0.01113076
  0.00598944   0.01100038
  0.00599316   0.01086991
  0.00599690   0.01073944
  0.00600063   0.01060906
  0.00600435   0.01047859
  0.00600809   0.01034821
  0.00601182   0.01021774
  0.00601554   0.01008736
  0.00601928   0.00995689
  0.00602172   0.00988132
  0.00602475   0.00980584
  0.00602833   0.00973037
  0.00603252   0.00965488
  0.00603718   0.00957942
  0.00604251   0.00950403
  0.00604842   0.00942866
  0.00605481   0.00935338
  0.00606188   0.00927809
  0.00606943   0.00920291
  0.00607754   0.00912782
  0.00608634   0.00905272
  0.00609561   0.00897773
  0.00610546   0.00890274
  0.00611590   0.00882792
  0.00612684   0.00875311
  0.00613841   0.00867841
  0.00615057   0.00860387
  0.00616323   0.00852936
  0.00617645   0.00845492
  0.00619026   0.00838059
  0.00620464   0.00830645
  0.00621958   0.00823231
  0.00623513   0.00815836
  0.00625115   0.00808450
  0.00626774   0.00801074
  0.00628491   0.00793715
  0.00630265   0.00786367
  0.00632090   0.00779039
  0.00633979   0.00771719
  0.00635918   0.00764409
  0.00637916   0.00757119
  0.00639961   0.00749847
  0.00642064   0.00742593
  0.00644224   0.00735349
  0.00646441   0.00728125
  0.00648709   0.00720909
  0.00651033   0.00713723
  0.00653406   0.00706546
  0.00655844   0.00699388
  0.00658324   0.00692258
  0.00660869   0.00685137
  0.00663463   0.00678037
  0.00666107   0.00670963
  0.00668807   0.00663900
  0.00671564   0.00656864
  0.00674370   0.00649849
  0.00677235   0.00642852
  0.00680148   0.00635882
  0.00683108   0.00628925
  0.00686127   0.00622002
  0.00689204   0.00615091
  0.00692327   0.00608216
  0.00695502   0.00601353
  0.00698723   0.00594518
  0.00702003   0.00587711
  0.00705338   0.00580930
  0.00708715   0.00574171
  0.00712149   0.00567438
  0.00715631   0.00560736
  0.00719162   0.00554053
  0.00722750   0.00547397
  0.00726386   0.00540778
  0.00730072   0.00534180
  0.00733806   0.00527609
  0.00737588   0.00521067
  0.00741426   0.00514555
  0.00745304   0.00508071
  0.00749232   0.00501623
  0.00753216   0.00495195
  0.00757249   0.00488805
  0.00761321   0.00482443
  0.00765450   0.00476109
  0.00769620   0.00469813
  0.00773837   0.00463548
  0.00778112   0.00457308
  0.00782425   0.00451109
  0.00786788   0.00444937
  0.00791190   0.00438794
  0.00795647   0.00432697
  0.00800147   0.00426621
  0.00804694   0.00420590
  0.00809289   0.00414589
  0.00813922   0.00408627
  0.00818605   0.00402694
  0.00823335   0.00396797
  0.00828104   0.00390938
  0.00832914   0.00385118
  0.00837779   0.00379333
  0.00842677   0.00373589
  0.00847630   0.00367872
  0.00852614   0.00362204
  0.00857646   0.00356564
  0.00862718   0.00350970
  0.00867838   0.00345408
  0.00872995   0.00339890
  0.00878193   0.00334410
  0.00883439   0.00328971
  0.00888724   0.00323567
  0.00894048   0.00318211
  0.00899412   0.00312886
  0.00904814   0.00307607
  0.00910254   0.00302373
  0.00915734   0.00297170
  0.00921263   0.00292023
  0.00926821   0.00286906
  0.00932420   0.00281835
  0.00938056   0.00276805
  0.00943730   0.00271820
  0.00949445   0.00266881
  0.00955198   0.00261981
  0.00960982   0.00257131
  0.00966805   0.00252316
  0.00972665   0.00247550
  0.00978564   0.00242830
  0.00984495   0.00238150
  0.00990464   0.00233518
  0.00996462   0.00228933
  0.01002499   0.00224393
  0.01008568   0.00219895
  0.01014673   0.00215442
  0.01020810   0.00211047
  0.01026977   0.00206689
  0.01033180   0.00202380
  0.01039415   0.00198117
  0.01045680   0.00193902
  0.01051983   0.00189735
  0.01058314   0.00185617
  0.01064677   0.00181546
  0.01071062   0.00177521
  0.01077483   0.00173545
  0.01083934   0.00169625
  0.01090415   0.00165745
  0.01096926   0.00161919
  0.01103467   0.00158143
  0.01110036   0.00154413
  0.01116627   0.00150733
  0.01123257   0.00147107
  0.01129906   0.00143524
  0.01136577   0.00140002
  0.01143286   0.00136521
  0.01150015   0.00133098
  0.01156765   0.00129721
  0.01163546   0.00126402
  0.01170353   0.00123129
  0.01177184   0.00119906
  0.01184033   0.00116739
  0.01190912   0.00113621
  0.01197812   0.00110558
  0.01204741   0.00107544
  0.01211682   0.00104588
  0.01218651   0.00101678
  0.01225642   0.00098826
  0.01232653   0.00096022
  0.01239684   0.00093276
  0.01246736   0.00090584
  0.01253815   0.00087943
  0.01260906   0.00085358
  0.01268019   0.00082822
  0.01275142   0.00080341
  0.01282295   0.00077920
  0.01289458   0.00075553
  0.01296651   0.00073236
  0.01303846   0.00070967
  0.01311071   0.00068765
  0.01318306   0.00066608
  0.01325553   0.00064512
  0.01332819   0.00062471
  0.01340104   0.00060487
  0.01347401   0.00058553
  0.01354712   0.00056675
  0.01362031   0.00054853
  0.01369371   0.00053089
  0.01376722   0.00051376
  0.01384091   0.00049718
  0.01391463   0.00048127
  0.01398848   0.00046583
  0.01406251   0.00045096
  0.01413665   0.00043661
  0.01421082   0.00042288
  0.01428510   0.00040967
  0.01435954   0.00039710
  0.01443405   0.00038502
  0.01450863   0.00037351
  0.01458325   0.00036259
  0.01465805   0.00035222
  0.01473288   0.00034244
  0.01480774   0.00033324
  0.01488268   0.00032460
  0.01495774   0.00031646
  0.01503282   0.00030896
  0.01510790   0.00030198
  0.01518310   0.00029563
  0.01525831   0.00028979
  0.01533363   0.00028452
  0.01540889   0.00027991
  0.01548422   0.00027580
  0.01555960   0.00027225
  0.01563497   0.00026928
  0.01571037   0.00026689
  0.01578056   0.00026221
  0.01585068   0.00025761
  0.01592089   0.00025305
  0.01599102   0.00024857
  0.01606126   0.00024412
  0.01613141   0.00023973
  0.01620166   0.00023542
  0.01627183   0.00023114
  0.01634208   0.00022693
  0.01641227   0.00022277
  0.01648255   0.00021867
  0.01655276   0.00021462
  0.01662305   0.00021062
  0.01669327   0.00020669
  0.01676358   0.00020290
  0.01683381   0.00019907
  0.01690414   0.00019531
  0.01697439   0.00019159
  0.01704464   0.00018795
  0.01711499   0.00018435
  0.01718525   0.00018080
  0.01725562   0.00017733
  0.01732589   0.00017390
  0.01739627   0.00017053
  0.01746656   0.00016722
  0.01753694   0.00016396
  0.01760725   0.00016076
  0.01767766   0.00015761
  0.01774796   0.00015453
  0.01781837   0.00015150
  0.01788871   0.00014851
  0.01795913   0.00014560
  0.01802948   0.00014274
  0.01809990   0.00013993
  0.01817025   0.00013718
  0.01824069   0.00013448
  0.01831105   0.00013186
  0.01838152   0.00012927
  0.01845188   0.00012674
  0.01852234   0.00012429
  0.01859272   0.00012187
  0.01866321   0.00011951
  0.01873359   0.00011721
  0.01880407   0.00011505
  0.01887447   0.00011287
  0.01894487   0.00011074
  0.01901537   0.00010867
  0.01908578   0.00010666
  0.01915628   0.00010470
  0.01922670   0.00010281
  0.01929722   0.00010095
  0.01936764   0.00009917
  0.01943816   0.00009744
  0.01950858   0.00009574
  0.01957910   0.00009403
  0.01964954   0.00009236
  0.01972006   0.00009070
  0.01979048   0.00008905
  0.01986100   0.00008742
  0.01993144   0.00008581
  0.02000196   0.00008420
  0.02007240   0.00008261
  0.02014292   0.00008104
  0.02021336   0.00007948
  0.02028390   0.00007793
  0.02035434   0.00007642
  0.02042486   0.00007490
  0.02049530   0.00007341
  0.02056584   0.00007193
  0.02063628   0.00007046
  0.02070680   0.00006900
  0.02077726   0.00006758
  0.02084778   0.00006623
  0.02091824   0.00006483
  0.02098868   0.00006345
  0.02105921   0.00006207
  0.02112967   0.00006071
  0.02120019   0.00005937
  0.02127065   0.00005802
  0.02134119   0.00005672
  0.02141163   0.00005542
  0.02148217   0.00005413
  0.02155263   0.00005287
  0.02162317   0.00005160
  0.02169363   0.00005036
  0.02176417   0.00004915
  0.02183463   0.00004794
  0.02190517   0.00004674
  0.02197562   0.00004557
  0.02204616   0.00004440
  0.02211662   0.00004325
  0.02218716   0.00004212
  0.02225762   0.00004101
  0.02232816   0.00003989
  0.02239864   0.00003880
  0.02246918   0.00003773
  0.02253964   0.00003667
  0.02261018   0.00003564
  0.02268065   0.00003460
  0.02275119   0.00003359
  0.02282165   0.00003259
  0.02289213   0.00003170
  0.02296267   0.00003074
  0.02303315   0.00002978
  0.02310369   0.00002884
  0.02317417   0.00002792
  0.02324471   0.00002702
  0.02331518   0.00002612
  0.02338572   0.00002526
  0.02345620   0.00002439
  0.02352676   0.00002353
  0.02359722   0.00002271
  0.02366778   0.00002190
  0.02373825   0.00002110
  0.02380879   0.00002031
  0.02387927   0.00001955
  0.02394983   0.00001878
  0.02402031   0.00001805
  0.02409085   0.00001732
  0.02416133   0.00001661
  0.02423188   0.00001592
  0.02430236   0.00001523
  0.02437292   0.00001456
  0.02444340   0.00001393
  0.02451394   0.00001328
  0.02458442   0.00001267
  0.02465498   0.00001207
  0.02472545   0.00001148
  0.02479601   0.00001090
  0.02486649   0.00001043
  0.02493697   0.00000989
  0.02500753   0.00000935
  0.02507800   0.00000884
  0.02514856   0.00000834
  0.02521904   0.00000786
  0.02528960   0.00000740
  0.02536008   0.00000694
  0.02543066   0.00000650
  0.02550113   0.00000608
  0.02557169   0.00000567
  0.02564217   0.00000529
  0.02571273   0.00000491
  0.02578321   0.00000454
  0.02585377   0.00000420
  0.02592424   0.00000387
  0.02599482   0.00000355
  0.02606530   0.00000324
  0.02613586   0.00000297
  0.02620634   0.00000268
  0.02627689   0.00000244
  0.02634739   0.00000221
  0.02641795   0.00000198
  0.02648843   0.00000176
  0.02655899   0.00000157
  0.02662948   0.00000138
  0.02670004   0.00000123
  0.02677052   0.00000107
  0.02684108   0.00000094
  0.02691156   0.00000091
  0.02698205   0.00000079
  0.02705261   0.00000070
  0.02712309   0.00000064
  0.02719365   0.00000058
  0.02726415   0.00000052
  0.02733471   0.00000050
  0.02740518   0.00000049
  0.02747574   0.00000049
  0.02754624   0.00000049
  0.02761680   0.00000049
  0.02768728   0.00000049
  0.02775785   0.00000049
  0.02782833   0.00000049
  0.02789889   0.00000049
  0.02796937   0.00000049
  0.02803995   0.00000049
  0.02811042   0.00000049
  0.02818098   0.00000049
  0.02825146   0.00000049
  0.02832204   0.00000049
  0.02839252   0.00000049
  0.02846307   0.00000049
  0.02853355   0.00000049
  0.02860413   0.00000049
  0.02867461   0.00000049
  0.02874517   0.00000049
  0.02881564   0.00000049
  0.02888614   0.00000049
  0.02895670   0.00000057
  0.02902718   0.00000057
  0.02909774   0.00000057
  0.02916823   0.00000057
  0.02923879   0.00000057
  0.02930927   0.00000057
  0.02937983   0.00000057
  0.02945033   0.00000057
  0.02952089   0.00000057
  0.02959136   0.00000057
  0.02966192   0.00000057
  0.02973242   0.00000057
  0.02980298   0.00000057
  0.02987346   0.00000057
  0.02994403   0.00000057
  0.03001451   0.00000057
  0.03008507   0.00000057
  0.03015555   0.00000057
  0.03022613   0.00000057
  0.03029660   0.00000057
  0.03036716   0.00000057
  0.03043764   0.00000057
  0.03050822   0.00000057
  0.03057870   0.00000057
  0.03064926   0.00000057
  0.03071973   0.00000057
  0.03079031   0.00000057
  0.03086079   0.00000057
  0.03093127   0.00000057
  0.03100183   0.00000065
  0.03107232   0.00000065
  0.03114288   0.00000065
  0.03121336   0.00000065
  0.03128392   0.00000065
  0.03135441   0.00000065
  0.03142497   0.00000065
  0.03149545   0.00000065
  0.03156601   0.00000065
  0.03163651   0.00000065
  0.03170707   0.00000065
  0.03177754   0.00000065
  0.03184810   0.00000065
  0.03191860   0.00000065
  0.03198916   0.00000065
  0.03205964   0.00000065
  0.03213019   0.00000065
  0.03220069   0.00000065
  0.03227125   0.00000065
  0.03234173   0.00000065
  0.03241231   0.00000065
  0.03248278   0.00000065
  0.03255334   0.00000065
  0.03262382   0.00000065
  0.03269440   0.00000065
  0.03276488   0.00000065
  0.03283544   0.00000065
  0.03290591   0.00000065
  0.03297641   0.00000065
  0.03304697   0.00000073
  0.03311745   0.00000073
  0.03318801   0.00000073
  0.03325850   0.00000073
  0.03332906   0.00000073
  0.03339954   0.00000073
  0.03347010   0.00000073
  0.03354060   0.00000073
  0.03361115   0.00000073
  0.03368163   0.00000073
  0.03375219   0.00000073
  0.03382269   0.00000073
  0.03389325   0.00000073
  0.03396372   0.00000073
  0.03403428   0.00000073
  0.03410478   0.00000073
  0.03417534   0.00000073
  0.03424582   0.00000073
  0.03431638   0.00000073
  0.03438687   0.00000073
  0.03445743   0.00000073
  0.03452791   0.00000073
  0.03459849   0.00000073
  0.03466896   0.00000073
  0.03473952   0.00000073
  0.03481000   0.00000073
  0.03488050   0.00000073
  0.03495106   0.00000073
  0.03502153   0.00000073
  0.03509209   0.00000081
  0.03516259   0.00000081
  0.03523315   0.00000081
  0.03530363   0.00000081
  0.03537419   0.00000081
  0.03544468   0.00000081
  0.03551524   0.00000081
  0.03558572   0.00000081
  0.03565628   0.00000081
  0.03572678   0.00000081
  0.03579733   0.00000081
  0.03586781   0.00000081
  0.03593837   0.00000081
  0.03600887   0.00000081
  0.03607943   0.00000081
  0.03614990   0.00000081
  0.03622046   0.00000081
  0.03629096   0.00000081
  0.03636152   0.00000081
  0.03643200   0.00000081
  0.03650256   0.00000081
  0.03657305   0.00000081
  0.03664361   0.00000081
  0.03671409   0.00000081
  0.03678465   0.00000081
  0.03685514   0.00000081
  0.03692562   0.00000081
  0.03699618   0.00000081
  0.03706668   0.00000081
  0.03713724   0.00000089
  0.03720772   0.00000089
  0.03727827   0.00000089
  0.03734877   0.00000089
  0.03741933   0.00000089
  0.03748981   0.00000089
  0.03756037   0.00000089
  0.03763086   0.00000089
  0.03770142   0.00000089
  0.03777190   0.00000089
  0.03784246   0.00000089
  0.03791296   0.00000089
  0.03798351   0.00000089
  0.03805399   0.00000089
  0.03812455   0.00000089
  0.03819505   0.00000089
  0.03826561   0.00000089
  0.03833608   0.00000089
  0.03840664   0.00000089
  0.03847714   0.00000089
  0.03854770   0.00000089
  0.03861818   0.00000089
  0.03868874   0.00000089
  0.03875923   0.00000089
  0.03882971   0.00000089
  0.03890027   0.00000089
  0.03897075   0.00000089
  0.03904133   0.00000089
  0.03911180   0.00000089
  0.03918236   0.00000097
  0.03925286   0.00000097
  0.03932342   0.00000097
  0.03939390   0.00000097
  0.03946445   0.00000097
  0.03953495   0.00000097
  0.03960551   0.00000097
  0.03967599   0.00000097
  0.03974655   0.00000097
  0.03981704   0.00000097
  0.03988760   0.00000097
  0.03995808   0.00000097
  0.04002864   0.00000097
  0.04009914   0.00000097
  0.04016969   0.00000097
  0.04024017   0.00000097
  0.04031073   0.00000097
  0.04038123   0.00000097
  0.04045179   0.00000097
  0.04052227   0.00000097
  0.04059282   0.00000097
  0.04066332   0.00000097
  0.04073388   0.00000097
  0.04080436   0.00000097
  0.04087484   0.00000097
  0.04094541   0.00000097
  0.04101589   0.00000097
  0.04108645   0.00000097
  0.04115693   0.00000105
  0.04122751   0.00000105
  0.04129798   0.00000105
  0.04136854   0.00000105
  0.04143902   0.00000105
  0.04150960   0.00000105
  0.04158008   0.00000105
  0.04165063   0.00000105
  0.04172113   0.00000105
  0.04179169   0.00000105
  0.04186217   0.00000105
  0.04193273   0.00000105
  0.04200322   0.00000105
  0.04207378   0.00000105
  0.04214426   0.00000105
  0.04221482   0.00000105
  0.04228532   0.00000105
  0.04235588   0.00000105
  0.04242635   0.00000105
  0.04249691   0.00000105
  0.04256741   0.00000105
  0.04263797   0.00000105
  0.04270845   0.00000105
  0.04277900   0.00000105
  0.04284950   0.00000105
  0.04291998   0.00000105
  0.04299054   0.00000105
  0.04306102   0.00000105
  0.04313159   0.00000105
  0.04320207   0.00000113
  0.04327263   0.00000113
  0.04334311   0.00000113
  0.04341369   0.00000113
  0.04348416   0.00000113
  0.04355472   0.00000113
  0.04362520   0.00000113
  0.04369578   0.00000113
  0.04376626   0.00000113
  0.04383681   0.00000113
  0.04390731   0.00000113
  0.04415053   0.00001129
  0.04439199   0.00004176
  0.04463003   0.00009207
  0.04486640   0.00015054
  0.04510235   0.00021053
  0.04533826   0.00027103
  0.04557409   0.00033153
  0.04580992   0.00039203
  0.04604583   0.00045254
  0.04628166   0.00051304
  0.04651749   0.00057354
  0.04675340   0.00063404
  0.04698923   0.00069455
  0.04722514   0.00075505
  0.04746097   0.00081555
  0.04769680   0.00087605
  0.04793271   0.00093655
  0.04816855   0.00099706
  0.04840438   0.00105756
  0.04864029   0.00111806
  0.04887612   0.00117856
  0.04911203   0.00123907
  0.04934786   0.00129955
  0.04958369   0.00136005
  0.04981960   0.00142055
  0.05005543   0.00148106
  0.05029134   0.00154156
  0.05052717   0.00160206
  0.05076300   0.00166256
  0.05099892   0.00172306
  0.05123475   0.00178357
  0.05147058   0.00184407
  0.05170649   0.00190457
  0.05194232   0.00196507
  0.05217823   0.00202557
  0.05241406   0.00208608
  0.05264989   0.00214658
  0.05288580   0.00220708
  0.05312163   0.00226758
  0.05335746   0.00232809
  0.05359337   0.00238859
  0.05382920   0.00244909
  0.05406512   0.00250959
  0.05430095   0.00257009
  0.05453678   0.00263060
  0.05477269   0.00269110
  0.05500852   0.00275160
  0.05524435   0.00281210
  0.05548026   0.00287261
  0.05571609   0.00293311
  0.05595200   0.00299361
  0.05618783   0.00305411
  0.05642366   0.00311461
  0.05665957   0.00317512
  0.05689540   0.00323562
  0.05713132   0.00329612
  0.05736715   0.00335662
  0.05760298   0.00341713
  0.05783889   0.00347761
  0.05807472   0.00353811
  0.05831055   0.00359861
  0.05854646   0.00365912
  0.05878229   0.00371962
  0.05901820   0.00378012
  0.05925403   0.00384062
  0.05948986   0.00390112
  0.05972577   0.00396163
  0.05996160   0.00402213
  0.06019744   0.00408263
  0.06043335   0.00414313
  0.06066920   0.00420364
  0.06090511   0.00426414
  0.06114094   0.00432464
  0.06137677   0.00438514
  0.06161268   0.00444564
  0.06184851   0.00450615
  0.06208434   0.00456665
  0.06232025   0.00462715
  0.06255608   0.00468765
  0.06279199   0.00474816
  0.06302782   0.00480866
  0.06326365   0.00486916
  0.06349957   0.00492966
  0.06373540   0.00499016
  0.06397123   0.00505067
  0.06420714   0.00511117
  0.06444297   0.00517167
  0.06467888   0.00523217
  0.06491471   0.00529268
  0.06515054   0.00535318
  0.06538645   0.00541368
  0.06562228   0.00547418
  0.06585819   0.00553468
  0.06609402   0.00559519
  0.06632985   0.00565567
  0.06656577   0.00571617
  0.06680160   0.00577667
  0.06703743   0.00583718
  0.06727334   0.00589768
  0.06750917   0.00595818
  0.06774508   0.00601868
  0.06798091   0.00607918
  0.06821674   0.00613969
  0.06845265   0.00620019
  0.06868848   0.00626069
  0.06892431   0.00632119
  0.06916022   0.00638170
  0.06939606   0.00644220
  0.06963197   0.00650270
  0.06986780   0.00656320
  0.07010363   0.00662370
  0.07033954   0.00668421
  0.07057537   0.00674471
  0.07081120   0.00680521
  0.07104711   0.00686571
  0.07128294   0.00692622
  0.07151885   0.00698672
  0.07175468   0.00704722
  0.07199051   0.00710772
  0.07222642   0.00716822
  0.07246226   0.00722865
  0.07269817   0.00728915
  0.07293400   0.00734965
  0.07316983   0.00741015
  0.07340574   0.00747065
  0.07364157   0.00753116
  0.07387740   0.00759166
  0.07411331   0.00765216
  0.07434914   0.00771266
  0.07458505   0.00777317
  0.07482088   0.00783365
  0.07505671   0.00789415
  0.07529263   0.00795465
  0.07552846   0.00801516
  0.07576429   0.00807566
  0.07600020   0.00813616
  0.07623603   0.00819666
  0.07647194   0.00825716
  0.07670777   0.00831767
  0.07694360   0.00837817
  0.07717951   0.00843867
  0.07741534   0.00849917
  0.07765117   0.00855968
  0.07788708   0.00862018
  0.07812291   0.00868068
  0.07835883   0.00874118
  0.07859466   0.00880168
  0.07883049   0.00886219
  0.07906640   0.00892269
  0.07930223   0.00898319
  0.07953806   0.00904369
  0.07977397   0.00910420
  0.08000980   0.00916470
  0.08024571   0.00922520
  0.08048154   0.00928570
  0.08071737   0.00934620
  0.08095328   0.00940671
  0.08118911   0.00946721
  0.08142503   0.00952771
  0.08166086   0.00958821
  0.08189669   0.00964872
  0.08213260   0.00970922
  0.08236843   0.00976972
  0.08260426   0.00983022
  0.08284017   0.00989072
  0.08307600   0.00995123
  0.08331191   0.01001171
  0.08354774   0.01007221
  0.08378357   0.01013271
  0.08401948   0.01019322
  0.08425531   0.01025372
  0.08449114   0.01031422
  0.08472706   0.01037472
  0.08496289   0.01043522
  0.08519880   0.01049573
  0.08543463   0.01055623
  0.08567046   0.01061673
  0.08590637   0.01067723
  0.08614220   0.01073774
  0.08637803   0.01079824
  0.08661394   0.01085874
  0.08684977   0.01091924
  0.08708568   0.01097974
  0.08732151   0.01104025
  0.08755735   0.01110075
  0.08779326   0.01116125
  0.08802909   0.01122175
  0.08826492   0.01128226
  0.08850083   0.01134276
  0.08873666   0.01140326
  0.08897257   0.01146376
  0.08920840   0.01152426
  0.08944423   0.01158477
  0.08968014   0.01164527
  0.08991597   0.01170577
  0.09015188   0.01176627
  0.09038771   0.01182678
  0.09062355   0.01188728
  0.09085946   0.01194778
  0.09108743   0.01201926
  0.09131038   0.01209755
  0.09153311   0.01217605
  0.09175543   0.01225472
  0.09197754   0.01233358
  0.09219927   0.01241261
  0.09242066   0.01249184
  0.09264182   0.01257124
  0.09286259   0.01265081
  0.09308303   0.01273053
  0.09330324   0.01281043
  0.09352303   0.01289048
  0.09374260   0.01297069
  0.09396173   0.01305106
  0.09418055   0.01313155
  0.09439911   0.01321222
  0.09461726   0.01329299
  0.09483507   0.01337393
  0.09505262   0.01345497
  0.09526977   0.01353615
  0.09548665   0.01361747
  0.09570310   0.01369888
  0.09591921   0.01378042
  0.09613508   0.01386206
  0.09635050   0.01394382
  0.09656566   0.01402567
  0.09678039   0.01410764
  0.09699477   0.01418968
  0.09720889   0.01427182
  0.09742257   0.01435404
  0.09763590   0.01443635
  0.09784895   0.01451872
  0.09806157   0.01460116
  0.09827393   0.01468369
  0.09848584   0.01476628
  0.09869739   0.01484892
  0.09890867   0.01493162
  0.09911951   0.01501437
  0.09933001   0.01509718
  0.09954020   0.01518001
  0.09974997   0.01526289
  0.09995945   0.01534580
  0.10016851   0.01542874
  0.10037718   0.01551171
  0.10058561   0.01559469
  0.10079390   0.01567769
  0.10100217   0.01576067
  0.10121053   0.01584366
  0.10141880   0.01592666
  0.10162715   0.01600964
  0.10183542   0.01609264
  0.10204371   0.01617562
  0.10225207   0.01625861
  0.10246034   0.01634161
  0.10266861   0.01642459
  0.10287696   0.01650759
  0.10308523   0.01659057
  0.10329361   0.01667357
  0.10350188   0.01675656
  0.10371015   0.01683954
  0.10391850   0.01692254
  0.10412677   0.01700552
  0.10433515   0.01708852
  0.10454342   0.01717151
  0.10475169   0.01725449
  0.10496004   0.01733749
  0.10516831   0.01742047
  0.10537659   0.01750347
  0.10558496   0.01758646
  0.10579323   0.01766944
  0.10600158   0.01775244
  0.10620985   0.01783542
  0.10641812   0.01791842
  0.10662648   0.01800141
  0.10683477   0.01808439
  0.10704304   0.01816739
  0.10725139   0.01825037
  0.10745966   0.01833337
  0.10766802   0.01841636
  0.10787629   0.01849934
  0.10808458   0.01858234
  0.10829293   0.01866532
  0.10850120   0.01874832
  0.10866736   0.01886574
  0.10867953   0.01910886
  0.10869169   0.01935208
  0.10870387   0.01959527
  0.10871596   0.01983849
  0.10872812   0.02008169
  0.10874029   0.02032491
  0.10875245   0.02056810
  0.10876462   0.02081122
  0.10877680   0.02105444
  0.10878897   0.02129764
  0.10880113   0.02154085
  0.10881330   0.02178405
  0.10882546   0.02202725
  0.10883755   0.02227039
  0.10884973   0.02251358
  0.10886190   0.02275680
  0.10887406   0.02300000
