  0.00364660   0.02300000
  0.00365033   0.02287016
  0.00365403   0.02274039
  0.00365774   0.02261055
  0.00366146   0.02248078
  0.00366517   0.02235094
  0.00366887   0.02222118
  0.00367260   0.02209133
  0.00367630   0.02196157
  0.00368001   0.02183173
  0.00368373   0.02170188
  0.00368744   0.02157212
  0.00369114   0.02144228
  0.00369487   0.02131251
  0.00369857   0.02118267
  0.00370228   0.02105288
  0.00370600   0.02092304
  0.00370971   0.02079319
  0.00371333   0.02066343
  0.00371706   0.02053359
  0.00372077   0.02040382
  0.00372447   0.02027398
  0.00372820   0.02014421
  0.00373190   0.02001437
  0.00373561   0.01988460
  0.00373933   0.01975476
  0.00374304   0.01962492
  0.00374674   0.01949515
  0.00375047   0.01936531
  0.00375417   0.01923554
  0.00375790   0.01910570
  0.00376160   0.01897594
  0.00376531   0.01884609
  0.00376903   0.01871633
  0.00377274   0.01858649
  0.00377644   0.01845664
  0.00378017   0.01832688
  0.00378387   0.01819704
  0.00378758   0.01806727
  0.00379130   0.01793743
  0.00379501   0.01780766
  0.00379871   0.01767782
  0.00380236   0.01754798
  0.00380607   0.01741821
  0.00380977   0.01728837
  0.00381350   0.01715858
  0.00381720   0.01702874
  0.00382091   0.01689897
  0.00382463   0.01676913
  0.00382834   0.01663936
  0.00383204   0.01650952
  0.00383577   0.01637968
  0.00383947   0.01624991
  0.00384318   0.01612007
  0.00384690   0.01599031
  0.00385061   0.01586046
  0.00385431   0.01573070
  0.00385804   0.01560086
  0.00386174   0.01547109
  0.00386545   0.01534125
  0.00386917   0.01521140
  0.00387288   0.01508164
  0.00387661   0.01495180
  0.00388031   0.01482203
  0.00388401   0.01469219
  0.00388774   0.01456242
  0.00389137   0.01443258
  0.00389507   0.01430274
  0.00389880   0.01417297
  0.00390250   0.01404313
  0.00390621   0.01391336
  0.00390994   0.01378352
  0.00391364   0.01365376
  0.00391734   0.01352391
  0.00392107   0.01339415
  0.00392477   0.01326428
  0.00392848   0.01313444
  0.00393221   0.01300467
  0.00393591   0.01287483
  0.00393961   0.01274507
  0.00394334   0.01261522
  0.00394704   0.01248546
  0.00395075   0.01235562
  0.00395448   0.01222585
  0.00395818   0.01209601
  0.00396188   0.01196617
  0.00396561   0.01183640
  0.00396932   0.01170656
  0.00397302   0.01157679
  0.00397675   0.01144695
  0.00398045   0.01131718
  0.00398408   0.01118734
  0.00398781   0.01105758
  0.00399151   0.01092773
  0.00399524   0.01079789
  0.00399894   0.01066813
  0.00400264   0.01053828
  0.00400637   0.01040852
  0.00401008   0.01027867
  0.00401378   0.01014891
  0.00401751   0.01001907
  0.00401994   0.00994389
  0.00402294   0.00986880
  0.00402649   0.00979372
  0.00403065   0.00971862
  0.00403528   0.00964355
  0.00404056   0.00956855
  0.00404642   0.00949358
  0.00405276   0.00941868
  0.00405977   0.00934378
  0.00406726   0.00926899
  0.00407530   0.00919429
  0.00408401   0.00911957
  0.00409320   0.00904497
  0.00410297   0.00897037
  0.00411331   0.00889592
  0.00412415   0.00882150
  0.00413562   0.00874718
  0.00414767   0.00867301
  0.00416022   0.00859889
  0.00417331   0.00852482
  0.00418699   0.00845087
  0.00420124   0.00837710
  0.00421604   0.00830333
  0.00423144   0.00822976
  0.00424732   0.00815627
  0.00426375   0.00808287
  0.00428075   0.00800966
  0.00429833   0.00793654
  0.00431642   0.00786362
  0.00433513   0.00779078
  0.00435433   0.00771804
  0.00437412   0.00764549
  0.00439438   0.00757313
  0.00441522   0.00750094
  0.00443661   0.00742885
  0.00445857   0.00735696
  0.00448104   0.00728514
  0.00450405   0.00721363
  0.00452757   0.00714219
  0.00455171   0.00707095
  0.00457628   0.00699999
  0.00460148   0.00692910
  0.00462717   0.00685844
  0.00465337   0.00678803
  0.00468012   0.00671772
  0.00470742   0.00664768
  0.00473522   0.00657785
  0.00476359   0.00650819
  0.00479244   0.00643880
  0.00482177   0.00636954
  0.00485167   0.00630061
  0.00488215   0.00623181
  0.00491309   0.00616335
  0.00494454   0.00609502
  0.00497645   0.00602696
  0.00500893   0.00595919
  0.00504197   0.00589166
  0.00507542   0.00582435
  0.00510944   0.00575730
  0.00514392   0.00569055
  0.00517891   0.00562400
  0.00521445   0.00555770
  0.00525046   0.00549178
  0.00528698   0.00542605
  0.00532397   0.00536060
  0.00536143   0.00529543
  0.00539945   0.00523056
  0.00543787   0.00516596
  0.00547679   0.00510172
  0.00551626   0.00503768
  0.00555620   0.00497401
  0.00559655   0.00491061
  0.00563745   0.00484750
  0.00567877   0.00478476
  0.00572054   0.00472232
  0.00576289   0.00466013
  0.00580562   0.00459834
  0.00584884   0.00453683
  0.00589247   0.00447559
  0.00593662   0.00441481
  0.00598120   0.00435424
  0.00602625   0.00429411
  0.00607178   0.00423428
  0.00611769   0.00417482
  0.00616409   0.00411566
  0.00621095   0.00405686
  0.00625821   0.00399843
  0.00630586   0.00394038
  0.00635407   0.00388267
  0.00640261   0.00382537
  0.00645169   0.00376835
  0.00650107   0.00371180
  0.00655094   0.00365552
  0.00660120   0.00359970
  0.00665193   0.00354420
  0.00670305   0.00348913
  0.00675456   0.00343444
  0.00680655   0.00338014
  0.00685891   0.00332620
  0.00691168   0.00327273
  0.00696484   0.00321957
  0.00701838   0.00316685
  0.00707230   0.00311459
  0.00712661   0.00306263
  0.00718140   0.00301122
  0.00723650   0.00296010
  0.00729199   0.00290945
  0.00734786   0.00285919
  0.00740410   0.00280938
  0.00746074   0.00276002
  0.00751776   0.00271104
  0.00757511   0.00266256
  0.00763283   0.00261444
  0.00769092   0.00256678
  0.00774940   0.00251958
  0.00780819   0.00247278
  0.00786736   0.00242646
  0.00792684   0.00238059
  0.00798668   0.00233517
  0.00804685   0.00229017
  0.00810738   0.00224560
  0.00816823   0.00220161
  0.00822937   0.00215799
  0.00829087   0.00211485
  0.00835270   0.00207216
  0.00841482   0.00202995
  0.00847732   0.00198821
  0.00854010   0.00194695
  0.00860319   0.00190617
  0.00866652   0.00186583
  0.00873019   0.00182598
  0.00879417   0.00178667
  0.00885844   0.00174777
  0.00892302   0.00170939
  0.00898790   0.00167151
  0.00905305   0.00163408
  0.00911842   0.00159716
  0.00918417   0.00156076
  0.00925013   0.00152478
  0.00931630   0.00148941
  0.00938285   0.00145444
  0.00944960   0.00142005
  0.00951655   0.00138611
  0.00958383   0.00135274
  0.00965136   0.00131982
  0.00971913   0.00128741
  0.00978708   0.00125555
  0.00985534   0.00122416
  0.00992379   0.00119332
  0.00999254   0.00116296
  0.01006141   0.00113318
  0.01013056   0.00110385
  0.01019994   0.00107509
  0.01026952   0.00104681
  0.01033929   0.00101911
  0.01040927   0.00099193
  0.01047952   0.00096526
  0.01054989   0.00093913
  0.01062049   0.00091351
  0.01069119   0.00088841
  0.01076219   0.00086392
  0.01083329   0.00083995
  0.01090469   0.00081648
  0.01097611   0.00079349
  0.01104784   0.00077114
  0.01111966   0.00074925
  0.01119161   0.00072797
  0.01126376   0.00070723
  0.01133608   0.00068704
  0.01140853   0.00066736
  0.01148112   0.00064822
  0.01155380   0.00062964
  0.01162669   0.00061164
  0.01169969   0.00059413
  0.01177286   0.00057718
  0.01184608   0.00056087
  0.01191942   0.00054505
  0.01199294   0.00052977
  0.01206659   0.00051502
  0.01214026   0.00050088
  0.01221405   0.00048725
  0.01228799   0.00047426
  0.01236201   0.00046174
  0.01243610   0.00044980
  0.01251024   0.00043843
  0.01258456   0.00042761
  0.01265890   0.00041737
  0.01273328   0.00040771
  0.01280775   0.00039860
  0.01288234   0.00038999
  0.01295695   0.00038200
  0.01303156   0.00037454
  0.01310630   0.00036769
  0.01318106   0.00036136
  0.01325592   0.00035558
  0.01333073   0.00035045
  0.01340561   0.00034582
  0.01348055   0.00034174
  0.01355548   0.00033824
  0.01363044   0.00033532
  0.01370560   0.00032944
  0.01378070   0.00032366
  0.01385589   0.00031793
  0.01393100   0.00031230
  0.01400622   0.00030671
  0.01408136   0.00030120
  0.01415660   0.00029578
  0.01423176   0.00029041
  0.01430700   0.00028511
  0.01438219   0.00027989
  0.01445745   0.00027474
  0.01453267   0.00026966
  0.01460795   0.00026462
  0.01468319   0.00025969
  0.01475850   0.00025490
  0.01483374   0.00025008
  0.01490907   0.00024536
  0.01498434   0.00024069
  0.01505960   0.00023612
  0.01513496   0.00023159
  0.01521024   0.00022714
  0.01528562   0.00022278
  0.01536091   0.00021847
  0.01543632   0.00021423
  0.01551163   0.00021007
  0.01558703   0.00020597
  0.01566237   0.00020195
  0.01573780   0.00019800
  0.01581313   0.00019413
  0.01588856   0.00019032
  0.01596394   0.00018656
  0.01603940   0.00018290
  0.01611478   0.00017932
  0.01619024   0.00017578
  0.01626562   0.00017233
  0.01634110   0.00016894
  0.01641650   0.00016564
  0.01649201   0.00016239
  0.01656741   0.00015921
  0.01664292   0.00015613
  0.01671835   0.00015310
  0.01679387   0.00015013
  0.01686930   0.00014724
  0.01694483   0.00014450
  0.01702029   0.00014176
  0.01709574   0.00013909
  0.01717129   0.00013649
  0.01724674   0.00013396
  0.01732230   0.00013150
  0.01739777   0.00012912
  0.01747335   0.00012678
  0.01754883   0.00012454
  0.01762440   0.00012237
  0.01769988   0.00012023
  0.01777546   0.00011809
  0.01785096   0.00011599
  0.01792654   0.00011390
  0.01800201   0.00011183
  0.01807759   0.00010978
  0.01815309   0.00010776
  0.01822867   0.00010574
  0.01830417   0.00010374
  0.01837975   0.00010176
  0.01845525   0.00009981
  0.01853085   0.00009786
  0.01860635   0.00009596
  0.01868193   0.00009406
  0.01875743   0.00009218
  0.01883303   0.00009033
  0.01890853   0.00008847
  0.01898410   0.00008664
  0.01905963   0.00008486
  0.01913521   0.00008313
  0.01921073   0.00008137
  0.01928623   0.00007964
  0.01936183   0.00007791
  0.01943736   0.00007620
  0.01951294   0.00007451
  0.01958846   0.00007282
  0.01966406   0.00007119
  0.01973956   0.00006955
  0.01981516   0.00006794
  0.01989069   0.00006635
  0.01996629   0.00006476
  0.02004181   0.00006319
  0.02011742   0.00006168
  0.02019294   0.00006016
  0.02026854   0.00005864
  0.02034407   0.00005717
  0.02041967   0.00005570
  0.02049519   0.00005426
  0.02057079   0.00005284
  0.02064632   0.00005144
  0.02072192   0.00005005
  0.02079747   0.00004867
  0.02087307   0.00004733
  0.02094860   0.00004600
  0.02102420   0.00004470
  0.02109975   0.00004340
  0.02117535   0.00004212
  0.02125087   0.00004087
  0.02132642   0.00003972
  0.02140202   0.00003852
  0.02147757   0.00003731
  0.02155317   0.00003613
  0.02162872   0.00003498
  0.02170432   0.00003385
  0.02177987   0.00003271
  0.02185547   0.00003163
  0.02193102   0.00003055
  0.02200665   0.00002946
  0.02208217   0.00002843
  0.02215780   0.00002742
  0.02223335   0.00002640
  0.02230895   0.00002542
  0.02238450   0.00002445
  0.02246012   0.00002349
  0.02253567   0.00002258
  0.02261127   0.00002166
  0.02268682   0.00002077
  0.02276244   0.00001990
  0.02283799   0.00001904
  0.02291362   0.00001819
  0.02298917   0.00001740
  0.02306477   0.00001658
  0.02314032   0.00001581
  0.02321594   0.00001506
  0.02329149   0.00001432
  0.02336712   0.00001360
  0.02344267   0.00001297
  0.02351822   0.00001230
  0.02359384   0.00001162
  0.02366939   0.00001097
  0.02374502   0.00001035
  0.02382056   0.00000975
  0.02389619   0.00000917
  0.02397174   0.00000859
  0.02404739   0.00000804
  0.02412294   0.00000751
  0.02419856   0.00000700
  0.02427411   0.00000652
  0.02434974   0.00000604
  0.02442529   0.00000558
  0.02450091   0.00000515
  0.02457646   0.00000474
  0.02465211   0.00000433
  0.02472766   0.00000394
  0.02480328   0.00000361
  0.02487883   0.00000324
  0.02495446   0.00000293
  0.02503003   0.00000264
  0.02510566   0.00000235
  0.02518120   0.00000209
  0.02525683   0.00000185
  0.02533240   0.00000161
  0.02540803   0.00000141
  0.02548358   0.00000122
  0.02555920   0.00000105
  0.02563475   0.00000099
  0.02571032   0.00000084
  0.02578595   0.00000072
  0.02586150   0.00000065
  0.02593712   0.00000058
  0.02601270   0.00000050
  0.02608832   0.00000048
  0.02616387   0.00000046
  0.02623950   0.00000046
  0.02631507   0.00000046
  0.02639069   0.00000046
  0.02646624   0.00000046
  0.02654189   0.00000046
  0.02661744   0.00000046
  0.02669307   0.00000046
  0.02676862   0.00000046
  0.02684427   0.00000046
  0.02691981   0.00000046
  0.02699544   0.00000046
  0.02707099   0.00000046
  0.02714664   0.00000046
  0.02722219   0.00000046
  0.02729781   0.00000046
  0.02737336   0.00000046
  0.02744901   0.00000046
  0.02752456   0.00000046
  0.02760018   0.00000046
  0.02767573   0.00000046
  0.02775131   0.00000046
  0.02782693   0.00000053
  0.02790248   0.00000053
  0.02797811   0.00000053
  0.02805368   0.00000053
  0.02812930   0.00000053
  0.02820485   0.00000053
  0.02828048   0.00000053
  0.02835605   0.00000053
  0.02843168   0.00000053
  0.02850723   0.00000053
  0.02858285   0.00000053
  0.02865842   0.00000053
  0.02873405   0.00000053
  0.02880960   0.00000053
  0.02888525   0.00000053
  0.02896080   0.00000053
  0.02903642   0.00000053
  0.02911197   0.00000053
  0.02918762   0.00000053
  0.02926317   0.00000053
  0.02933879   0.00000053
  0.02941434   0.00000053
  0.02948999   0.00000053
  0.02956554   0.00000053
  0.02964117   0.00000053
  0.02971672   0.00000053
  0.02979236   0.00000053
  0.02986791   0.00000053
  0.02994346   0.00000053
  0.03001909   0.00000061
  0.03009466   0.00000061
  0.03017029   0.00000061
  0.03024584   0.00000061
  0.03032146   0.00000061
  0.03039703   0.00000061
  0.03047266   0.00000061
  0.03054821   0.00000061
  0.03062383   0.00000061
  0.03069941   0.00000061
  0.03077503   0.00000061
  0.03085058   0.00000061
  0.03092621   0.00000061
  0.03100178   0.00000061
  0.03107740   0.00000061
  0.03115295   0.00000061
  0.03122858   0.00000061
  0.03130415   0.00000061
  0.03137978   0.00000061
  0.03145533   0.00000061
  0.03153097   0.00000061
  0.03160652   0.00000061
  0.03168215   0.00000061
  0.03175770   0.00000061
  0.03183335   0.00000061
  0.03190890   0.00000061
  0.03198452   0.00000061
  0.03206007   0.00000061
  0.03213564   0.00000061
  0.03221127   0.00000068
  0.03228682   0.00000068
  0.03236244   0.00000068
  0.03243802   0.00000068
  0.03251364   0.00000068
  0.03258919   0.00000068
  0.03266482   0.00000068
  0.03274039   0.00000068
  0.03281601   0.00000068
  0.03289156   0.00000068
  0.03296719   0.00000068
  0.03304276   0.00000068
  0.03311839   0.00000068
  0.03319394   0.00000068
  0.03326956   0.00000068
  0.03334513   0.00000068
  0.03342076   0.00000068
  0.03349631   0.00000068
  0.03357193   0.00000068
  0.03364751   0.00000068
  0.03372313   0.00000068
  0.03379868   0.00000068
  0.03387433   0.00000068
  0.03394988   0.00000068
  0.03402550   0.00000068
  0.03410105   0.00000068
  0.03417663   0.00000068
  0.03425225   0.00000068
  0.03432780   0.00000068
  0.03440343   0.00000076
  0.03447900   0.00000076
  0.03455462   0.00000076
  0.03463017   0.00000076
  0.03470580   0.00000076
  0.03478137   0.00000076
  0.03485700   0.00000076
  0.03493255   0.00000076
  0.03500817   0.00000076
  0.03508374   0.00000076
  0.03515937   0.00000076
  0.03523492   0.00000076
  0.03531054   0.00000076
  0.03538612   0.00000076
  0.03546174   0.00000076
  0.03553729   0.00000076
  0.03561292   0.00000076
  0.03568849   0.00000076
  0.03576411   0.00000076
  0.03583966   0.00000076
  0.03591529   0.00000076
  0.03599086   0.00000076
  0.03606649   0.00000076
  0.03614204   0.00000076
  0.03621766   0.00000076
  0.03629323   0.00000076
  0.03636878   0.00000076
  0.03644441   0.00000076
  0.03651998   0.00000076
  0.03659561   0.00000084
  0.03667116   0.00000084
  0.03674678   0.00000084
  0.03682235   0.00000084
  0.03689798   0.00000084
  0.03697353   0.00000084
  0.03704915   0.00000084
  0.03712473   0.00000084
  0.03720035   0.00000084
  0.03727590   0.00000084
  0.03735153   0.00000084
  0.03742710   0.00000084
  0.03750272   0.00000084
  0.03757827   0.00000084
  0.03765390   0.00000084
  0.03772947   0.00000084
  0.03780510   0.00000084
  0.03788064   0.00000084
  0.03795627   0.00000084
  0.03803184   0.00000084
  0.03810747   0.00000084
  0.03818302   0.00000084
  0.03825864   0.00000084
  0.03833422   0.00000084
  0.03840976   0.00000084
  0.03848539   0.00000084
  0.03856094   0.00000084
  0.03863659   0.00000084
  0.03871214   0.00000084
  0.03878776   0.00000091
  0.03886334   0.00000091
  0.03893896   0.00000091
  0.03901451   0.00000091
  0.03909013   0.00000091
  0.03916571   0.00000091
  0.03924133   0.00000091
  0.03931688   0.00000091
  0.03939251   0.00000091
  0.03946808   0.00000091
  0.03954371   0.00000091
  0.03961925   0.00000091
  0.03969488   0.00000091
  0.03977045   0.00000091
  0.03984608   0.00000091
  0.03992163   0.00000091
  0.03999725   0.00000091
  0.04007283   0.00000091
  0.04014845   0.00000091
  0.04022400   0.00000091
  0.04029962   0.00000091
  0.04037520   0.00000091
  0.04045082   0.00000091
  0.04052637   0.00000091
  0.04060192   0.00000091
  0.04067757   0.00000091
  0.04075312   0.00000091
  0.04082874   0.00000091
  0.04090429   0.00000099
  0.04097994   0.00000099
  0.04105549   0.00000099
  0.04113112   0.00000099
  0.04120667   0.00000099
  0.04128232   0.00000099
  0.04135786   0.00000099
  0.04143349   0.00000099
  0.04150906   0.00000099
  0.04158469   0.00000099
  0.04166024   0.00000099
  0.04173586   0.00000099
  0.04181144   0.00000099
  0.04188706   0.00000099
  0.04196261   0.00000099
  0.04203823   0.00000099
  0.04211381   0.00000099
  0.04218943   0.00000099
  0.04226498   0.00000099
  0.04234061   0.00000099
  0.04241618   0.00000099
  0.04249181   0.00000099
  0.04256735   0.00000099
  0.04264298   0.00000099
  0.04271855   0.00000099
  0.04279410   0.00000099
  0.04286973   0.00000099
  0.04294528   0.00000099
  0.04302093   0.00000099
  0.04309647   0.00000106
  0.04317210   0.00000106
  0.04324765   0.00000106
  0.04332330   0.00000106
  0.04339885   0.00000106
  0.04347447   0.00000106
  0.04355002   0.00000106
  0.04362567   0.00000106
  0.04370122   0.00000106
  0.04377684   0.00000106
  0.04385242   0.00000106
  0.04409036   0.00001086
  0.04432663   0.00004022
  0.04455963   0.00008871
  0.04479099   0.00014535
  0.04502184   0.00020389
  0.04525263   0.00026309
  0.04548334   0.00032228
  0.04571405   0.00038148
  0.04594484   0.00044067
  0.04617555   0.00049987
  0.04640626   0.00055906
  0.04663704   0.00061826
  0.04686775   0.00067745
  0.04709854   0.00073665
  0.04732925   0.00079584
  0.04755996   0.00085504
  0.04779074   0.00091423
  0.04802145   0.00097343
  0.04825216   0.00103263
  0.04848295   0.00109182
  0.04871366   0.00115102
  0.04894445   0.00121021
  0.04917516   0.00126938
  0.04940587   0.00132858
  0.04963665   0.00138777
  0.04986736   0.00144697
  0.05009815   0.00150616
  0.05032886   0.00156536
  0.05055957   0.00162455
  0.05079036   0.00168375
  0.05102107   0.00174294
  0.05125178   0.00180214
  0.05148256   0.00186133
  0.05171327   0.00192053
  0.05194406   0.00197972
  0.05217477   0.00203892
  0.05240548   0.00209811
  0.05263626   0.00215731
  0.05286697   0.00221650
  0.05309768   0.00227570
  0.05332847   0.00233489
  0.05355918   0.00239409
  0.05378997   0.00245328
  0.05402068   0.00251248
  0.05425139   0.00257167
  0.05448217   0.00263087
  0.05471288   0.00269006
  0.05494359   0.00274926
  0.05517438   0.00280845
  0.05540509   0.00286765
  0.05563587   0.00292684
  0.05586658   0.00298604
  0.05609729   0.00304523
  0.05632808   0.00310443
  0.05655879   0.00316362
  0.05678958   0.00322282
  0.05702029   0.00328201
  0.05725100   0.00334121
  0.05748178   0.00340038
  0.05771249   0.00345958
  0.05794320   0.00351877
  0.05817399   0.00357797
  0.05840470   0.00363716
  0.05863548   0.00369636
  0.05886619   0.00375555
  0.05909690   0.00381475
  0.05932769   0.00387394
  0.05955840   0.00393314
  0.05978911   0.00399233
  0.06001990   0.00405153
  0.06025063   0.00411072
  0.06048142   0.00416992
  0.06071213   0.00422911
  0.06094284   0.00428831
  0.06117362   0.00434750
  0.06140433   0.00440670
  0.06163504   0.00446589
  0.06186583   0.00452509
  0.06209654   0.00458428
  0.06232733   0.00464348
  0.06255804   0.00470267
  0.06278875   0.00476187
  0.06301953   0.00482106
  0.06325024   0.00488026
  0.06348095   0.00493945
  0.06371174   0.00499865
  0.06394245   0.00505784
  0.06417323   0.00511704
  0.06440394   0.00517623
  0.06463465   0.00523543
  0.06486544   0.00529462
  0.06509615   0.00535382
  0.06532694   0.00541301
  0.06555765   0.00547221
  0.06578836   0.00553138
  0.06601914   0.00559057
  0.06624985   0.00564977
  0.06648056   0.00570896
  0.06671135   0.00576816
  0.06694206   0.00582735
  0.06717284   0.00588655
  0.06740355   0.00594574
  0.06763426   0.00600494
  0.06786505   0.00606414
  0.06809576   0.00612333
  0.06832647   0.00618253
  0.06855726   0.00624172
  0.06878797   0.00630092
  0.06901875   0.00636011
  0.06924946   0.00641931
  0.06948017   0.00647850
  0.06971096   0.00653770
  0.06994167   0.00659689
  0.07017238   0.00665609
  0.07040316   0.00671528
  0.07063387   0.00677448
  0.07086466   0.00683367
  0.07109537   0.00689287
  0.07132608   0.00695206
  0.07155687   0.00701126
  0.07178758   0.00707038
  0.07201836   0.00712957
  0.07224907   0.00718877
  0.07247978   0.00724796
  0.07271057   0.00730716
  0.07294128   0.00736635
  0.07317199   0.00742555
  0.07340278   0.00748474
  0.07363349   0.00754394
  0.07386427   0.00760313
  0.07409498   0.00766230
  0.07432569   0.00772150
  0.07455648   0.00778069
  0.07478719   0.00783989
  0.07501790   0.00789908
  0.07524868   0.00795828
  0.07547939   0.00801747
  0.07571018   0.00807667
  0.07594089   0.00813586
  0.07617160   0.00819506
  0.07640239   0.00825425
  0.07663310   0.00831345
  0.07686381   0.00837264
  0.07709459   0.00843184
  0.07732530   0.00849103
  0.07755609   0.00855023
  0.07778680   0.00860942
  0.07801751   0.00866862
  0.07824829   0.00872781
  0.07847900   0.00878701
  0.07870971   0.00884620
  0.07894050   0.00890540
  0.07917121   0.00896459
  0.07940200   0.00902379
  0.07963271   0.00908298
  0.07986342   0.00914218
  0.08009420   0.00920137
  0.08032491   0.00926057
  0.08055570   0.00931976
  0.08078641   0.00937896
  0.08101712   0.00943816
  0.08124790   0.00949735
  0.08147861   0.00955655
  0.08170933   0.00961574
  0.08194011   0.00967494
  0.08217082   0.00973413
  0.08240161   0.00979330
  0.08263232   0.00985250
  0.08286303   0.00991169
  0.08309381   0.00997089
  0.08332452   0.01003008
  0.08355523   0.01008928
  0.08378602   0.01014847
  0.08401673   0.01020767
  0.08424752   0.01026686
  0.08447823   0.01032606
  0.08470894   0.01038525
  0.08493972   0.01044445
  0.08517043   0.01050364
  0.08540114   0.01056284
  0.08563193   0.01062203
  0.08586264   0.01068123
  0.08609342   0.01074042
  0.08632413   0.01079962
  0.08655484   0.01085881
  0.08678563   0.01091801
  0.08701634   0.01097720
  0.08724705   0.01103640
  0.08747784   0.01109559
  0.08770855   0.01115479
  0.08793933   0.01121398
  0.08817004   0.01127318
  0.08840075   0.01133237
  0.08863154   0.01139157
  0.08886225   0.01145076
  0.08909303   0.01150996
  0.08932374   0.01156915
  0.08955445   0.01162835
  0.08978524   0.01168754
  0.09000608   0.01176054
  0.09022061   0.01184208
  0.09043483   0.01192388
  0.09064856   0.01200590
  0.09086201   0.01208817
  0.09107500   0.01217064
  0.09128758   0.01225336
  0.09149982   0.01233630
  0.09171161   0.01241945
  0.09192298   0.01250280
  0.09213405   0.01258636
  0.09234461   0.01267012
  0.09255485   0.01275407
  0.09276459   0.01283823
  0.09297392   0.01292254
  0.09318291   0.01300707
  0.09339140   0.01309174
  0.09359947   0.01317660
  0.09380719   0.01326161
  0.09401443   0.01334678
  0.09422130   0.01343213
  0.09442767   0.01351759
  0.09463360   0.01360322
  0.09483920   0.01368898
  0.09504427   0.01377488
  0.09524898   0.01386090
  0.09545318   0.01394706
  0.09565694   0.01403332
  0.09586035   0.01411970
  0.09606323   0.01420617
  0.09626567   0.01429277
  0.09646773   0.01437944
  0.09666928   0.01446620
  0.09687047   0.01455307
  0.09707113   0.01464002
  0.09727134   0.01472703
  0.09747118   0.01481411
  0.09767049   0.01490126
  0.09786937   0.01498848
  0.09806784   0.01507573
  0.09826581   0.01516305
  0.09846339   0.01525039
  0.09866046   0.01533778
  0.09885705   0.01542520
  0.09905331   0.01551264
  0.09924942   0.01560010
  0.09944550   0.01568754
  0.09964166   0.01577498
  0.09983775   0.01586244
  0.10003391   0.01594988
  0.10022999   0.01603734
  0.10042610   0.01612478
  0.10062226   0.01621222
  0.10081835   0.01629969
  0.10101443   0.01638712
  0.10121059   0.01647459
  0.10140668   0.01656203
  0.10160286   0.01664949
  0.10179895   0.01673693
  0.10199503   0.01682437
  0.10219120   0.01691183
  0.10238728   0.01699927
  0.10258347   0.01708674
  0.10277955   0.01717417
  0.10297564   0.01726161
  0.10317180   0.01734908
  0.10336788   0.01743652
  0.10356397   0.01752398
  0.10376015   0.01761142
  0.10395624   0.01769886
  0.10415240   0.01778632
  0.10434848   0.01787376
  0.10454457   0.01796122
  0.10474073   0.01804866
  0.10493684   0.01813610
  0.10513292   0.01822357
  0.10532908   0.01831101
  0.10552517   0.01839847
  0.10572133   0.01848591
  0.10591741   0.01857335
  0.10611352   0.01866081
  0.10630968   0.01874825
  0.10650577   0.01883571
  0.10666230   0.01895550
  0.10667420   0.01919334
  0.10668610   0.01943128
  0.10669802   0.01966919
  0.10670985   0.01990713
  0.10672175   0.02014505
  0.10673365   0.02038299
  0.10674555   0.02062090
  0.10675745   0.02085874
  0.10676937   0.02109668
  0.10678127   0.02133460
  0.10679317   0.02157253
  0.10680507   0.02181045
  0.10681697   0.02204837
  0.10682879   0.02228623
  0.10684072   0.02252414
  0.10685262   0.02276208
  0.10686452   0.02300000
