 -0.02335340   0.02300000
 -0.02334987   0.02287858
 -0.02334643   0.02275718
 -0.02334299   0.02263576
 -0.02333947   0.02251435
 -0.02333603   0.02239293
 -0.02333259   0.02227153
 -0.02332906   0.02215011
 -0.02332562   0.02202870
 -0.02332218   0.02190729
 -0.02331866   0.02178587
 -0.02331522   0.02166446
 -0.02331178   0.02154304
 -0.02330825   0.02142164
 -0.02330481   0.02130022
 -0.02330137   0.02117872
 -0.02329784   0.02105731
 -0.02329441   0.02093589
 -0.02329098   0.02081448
 -0.02328745   0.02069306
 -0.02328401   0.02057166
 -0.02328057   0.02045024
 -0.02327704   0.02032883
 -0.02327360   0.02020742
 -0.02327017   0.02008601
 -0.02326664   0.01996459
 -0.02326320   0.01984317
 -0.02325976   0.01972177
 -0.02325623   0.01960035
 -0.02325279   0.01947894
 -0.02324927   0.01935753
 -0.02324583   0.01923612
 -0.02324239   0.01911470
 -0.02323886   0.01899329
 -0.02323542   0.01887188
 -0.02323198   0.01875046
 -0.02322845   0.01862905
 -0.02322502   0.01850764
 -0.02322158   0.01838623
 -0.02321805   0.01826481
 -0.02321461   0.01814340
 -0.02321117   0.01802199
 -0.02320765   0.01790057
 -0.02320421   0.01777916
 -0.02320078   0.01765775
 -0.02319725   0.01753625
 -0.02319381   0.01741483
 -0.02319037   0.01729342
 -0.02318684   0.01717201
 -0.02318340   0.01705060
 -0.02317997   0.01692918
 -0.02317644   0.01680777
 -0.02317300   0.01668636
 -0.02316956   0.01656494
 -0.02316603   0.01644353
 -0.02316259   0.01632212
 -0.02315915   0.01620071
 -0.02315563   0.01607929
 -0.02315219   0.01595789
 -0.02314875   0.01583647
 -0.02314522   0.01571505
 -0.02314178   0.01559364
 -0.02313825   0.01547223
 -0.02313482   0.01535082
 -0.02313138   0.01522940
 -0.02312785   0.01510800
 -0.02312442   0.01498658
 -0.02312098   0.01486516
 -0.02311745   0.01474375
 -0.02311401   0.01462234
 -0.02311058   0.01450093
 -0.02310705   0.01437951
 -0.02310361   0.01425811
 -0.02310017   0.01413669
 -0.02309664   0.01401528
 -0.02309320   0.01389377
 -0.02308976   0.01377236
 -0.02308624   0.01365095
 -0.02308280   0.01352953
 -0.02307936   0.01340812
 -0.02307583   0.01328671
 -0.02307239   0.01316530
 -0.02306895   0.01304388
 -0.02306543   0.01292248
 -0.02306199   0.01280106
 -0.02305855   0.01267964
 -0.02305502   0.01255823
 -0.02305158   0.01243682
 -0.02304814   0.01231541
 -0.02304461   0.01219399
 -0.02304118   0.01207259
 -0.02303775   0.01195117
 -0.02303422   0.01182976
 -0.02303078   0.01170834
 -0.02302725   0.01158693
 -0.02302381   0.01146552
 -0.02302037   0.01134410
 -0.02301685   0.01122270
 -0.02301341   0.01110128
 -0.02300997   0.01097987
 -0.02300644   0.01085846
 -0.02300421   0.01078859
 -0.02300147   0.01071873
 -0.02299832   0.01064896
 -0.02299456   0.01057911
 -0.02299039   0.01050934
 -0.02298571   0.01043958
 -0.02298051   0.01036992
 -0.02297490   0.01030026
 -0.02296869   0.01023060
 -0.02296206   0.01016105
 -0.02295502   0.01009159
 -0.02294737   0.01002204
 -0.02293930   0.00995269
 -0.02293073   0.00988333
 -0.02292165   0.00981399
 -0.02291207   0.00974474
 -0.02290206   0.00967560
 -0.02289154   0.00960647
 -0.02288052   0.00953752
 -0.02286908   0.00946849
 -0.02285713   0.00939965
 -0.02284467   0.00933093
 -0.02283179   0.00926220
 -0.02281831   0.00919367
 -0.02280443   0.00912515
 -0.02279012   0.00905673
 -0.02277530   0.00898842
 -0.02275998   0.00892021
 -0.02274415   0.00885220
 -0.02272790   0.00878420
 -0.02271114   0.00871631
 -0.02269388   0.00864861
 -0.02267620   0.00858102
 -0.02265802   0.00851354
 -0.02263942   0.00844616
 -0.02262031   0.00837897
 -0.02260069   0.00831180
 -0.02258066   0.00824493
 -0.02256013   0.00817807
 -0.02253917   0.00811141
 -0.02251772   0.00804496
 -0.02249584   0.00797852
 -0.02247346   0.00791237
 -0.02245058   0.00784633
 -0.02242729   0.00778040
 -0.02240357   0.00771468
 -0.02237935   0.00764916
 -0.02235462   0.00758374
 -0.02232949   0.00751854
 -0.02230394   0.00745353
 -0.02227789   0.00738864
 -0.02225132   0.00732395
 -0.02222444   0.00725947
 -0.02219696   0.00719519
 -0.02216917   0.00713111
 -0.02214086   0.00706725
 -0.02211214   0.00700350
 -0.02208293   0.00694004
 -0.02205329   0.00687671
 -0.02202325   0.00681367
 -0.02199271   0.00675083
 -0.02196175   0.00668812
 -0.02193038   0.00662571
 -0.02189851   0.00656350
 -0.02186623   0.00650150
 -0.02183354   0.00643971
 -0.02180043   0.00637823
 -0.02176692   0.00631695
 -0.02173291   0.00625589
 -0.02169848   0.00619503
 -0.02166364   0.00613448
 -0.02162841   0.00607414
 -0.02159275   0.00601400
 -0.02155660   0.00595418
 -0.02152014   0.00589466
 -0.02148316   0.00583526
 -0.02144587   0.00577626
 -0.02140809   0.00571746
 -0.02136990   0.00565888
 -0.02133139   0.00560062
 -0.02129238   0.00554264
 -0.02125297   0.00548490
 -0.02121314   0.00542745
 -0.02117301   0.00537032
 -0.02113238   0.00531348
 -0.02109142   0.00525687
 -0.02105007   0.00520056
 -0.02100832   0.00514456
 -0.02096615   0.00508878
 -0.02092358   0.00503341
 -0.02088060   0.00497824
 -0.02083732   0.00492348
 -0.02079363   0.00486893
 -0.02074954   0.00481470
 -0.02070504   0.00476086
 -0.02066023   0.00470725
 -0.02061502   0.00465395
 -0.02056940   0.00460105
 -0.02052347   0.00454837
 -0.02047714   0.00449609
 -0.02043041   0.00444412
 -0.02038337   0.00439247
 -0.02033602   0.00434113
 -0.02028827   0.00429010
 -0.02024011   0.00423948
 -0.02019166   0.00418917
 -0.02014280   0.00413917
 -0.02009363   0.00408958
 -0.02004415   0.00404030
 -0.01999427   0.00399134
 -0.01994409   0.00394269
 -0.01989351   0.00389455
 -0.01984262   0.00384662
 -0.01979143   0.00379910
 -0.01973992   0.00375190
 -0.01968802   0.00370510
 -0.01963582   0.00365871
 -0.01958331   0.00361264
 -0.01953050   0.00356689
 -0.01947729   0.00352162
 -0.01942386   0.00347659
 -0.01937005   0.00343207
 -0.01931593   0.00338785
 -0.01926160   0.00334405
 -0.01920687   0.00330056
 -0.01915185   0.00325749
 -0.01909651   0.00321482
 -0.01904097   0.00317257
 -0.01898503   0.00313072
 -0.01892881   0.00308919
 -0.01887236   0.00304807
 -0.01881562   0.00300738
 -0.01875857   0.00296708
 -0.01870123   0.00292711
 -0.01864359   0.00288764
 -0.01858573   0.00284849
 -0.01852759   0.00280984
 -0.01846913   0.00277151
 -0.01841048   0.00273368
 -0.01835153   0.00269619
 -0.01829228   0.00265909
 -0.01823283   0.00262251
 -0.01817317   0.00258625
 -0.01811313   0.00255049
 -0.01805296   0.00251506
 -0.01799242   0.00248012
 -0.01793177   0.00244560
 -0.01787081   0.00241150
 -0.01780966   0.00237781
 -0.01774820   0.00234453
 -0.01768656   0.00231176
 -0.01762471   0.00227931
 -0.01756256   0.00224737
 -0.01750022   0.00221584
 -0.01743767   0.00218482
 -0.01737493   0.00215413
 -0.01731197   0.00212394
 -0.01724883   0.00209416
 -0.01718539   0.00206489
 -0.01712186   0.00203595
 -0.01705802   0.00200760
 -0.01699409   0.00197959
 -0.01692985   0.00195207
 -0.01686553   0.00192496
 -0.01680090   0.00189838
 -0.01673618   0.00187211
 -0.01667126   0.00184644
 -0.01660615   0.00182119
 -0.01654092   0.00179636
 -0.01647551   0.00177204
 -0.01640981   0.00174813
 -0.01634410   0.00172463
 -0.01627811   0.00170165
 -0.01621201   0.00167917
 -0.01614580   0.00165711
 -0.01607942   0.00163557
 -0.01601284   0.00161443
 -0.01594615   0.00159372
 -0.01587928   0.00157360
 -0.01581231   0.00155381
 -0.01574515   0.00153461
 -0.01567797   0.00151585
 -0.01561052   0.00149749
 -0.01554307   0.00147964
 -0.01547543   0.00146231
 -0.01540768   0.00144539
 -0.01533984   0.00142898
 -0.01527182   0.00141308
 -0.01520379   0.00139760
 -0.01513557   0.00138262
 -0.01506726   0.00136807
 -0.01499895   0.00135411
 -0.01493045   0.00134049
 -0.01486186   0.00132745
 -0.01479317   0.00131484
 -0.01472439   0.00130275
 -0.01465561   0.00129115
 -0.01458665   0.00127998
 -0.01451769   0.00126931
 -0.01444863   0.00125916
 -0.01430633   0.00123709
 -0.01416404   0.00121539
 -0.01402165   0.00119388
 -0.01387926   0.00117272
 -0.01373678   0.00115174
 -0.01359430   0.00113103
 -0.01345173   0.00111069
 -0.01330917   0.00109053
 -0.01316659   0.00107064
 -0.01302394   0.00105102
 -0.01288127   0.00103167
 -0.01273853   0.00101259
 -0.01259577   0.00099369
 -0.01245294   0.00097515
 -0.01231009   0.00095690
 -0.01216726   0.00093882
 -0.01202432   0.00092109
 -0.01188139   0.00090355
 -0.01173847   0.00088637
 -0.01159544   0.00086938
 -0.01145243   0.00085265
 -0.01130931   0.00083628
 -0.01116629   0.00082010
 -0.01102309   0.00080418
 -0.01087998   0.00078854
 -0.01073677   0.00077317
 -0.01059358   0.00075807
 -0.01045028   0.00074324
 -0.01030708   0.00072869
 -0.01016378   0.00071440
 -0.01002041   0.00070029
 -0.00987702   0.00068655
 -0.00973364   0.00067308
 -0.00959025   0.00065979
 -0.00944687   0.00064686
 -0.00930340   0.00063411
 -0.00915993   0.00062172
 -0.00901636   0.00060952
 -0.00887289   0.00059758
 -0.00872932   0.00058601
 -0.00858576   0.00057461
 -0.00844210   0.00056349
 -0.00829854   0.00055264
 -0.00815489   0.00054207
 -0.00801124   0.00053177
 -0.00786759   0.00052173
 -0.00772384   0.00051196
 -0.00758019   0.00050247
 -0.00743644   0.00049325
 -0.00729270   0.00048430
 -0.00714886   0.00047553
 -0.00700512   0.00046712
 -0.00686128   0.00045898
 -0.00671754   0.00045093
 -0.00657370   0.00044289
 -0.00642987   0.00043502
 -0.00628603   0.00042715
 -0.00614229   0.00041938
 -0.00599845   0.00041169
 -0.00585462   0.00040410
 -0.00571078   0.00039650
 -0.00556695   0.00038900
 -0.00542311   0.00038158
 -0.00527928   0.00037426
 -0.00513535   0.00036693
 -0.00499152   0.00035979
 -0.00484768   0.00035265
 -0.00470385   0.00034560
 -0.00455992   0.00033863
 -0.00441609   0.00033167
 -0.00427225   0.00032480
 -0.00412833   0.00031811
 -0.00398449   0.00031134
 -0.00384057   0.00030474
 -0.00369674   0.00029823
 -0.00355281   0.00029172
 -0.00340889   0.00028530
 -0.00326505   0.00027897
 -0.00312113   0.00027264
 -0.00297720   0.00026649
 -0.00283337   0.00026034
 -0.00268944   0.00025428
 -0.00254551   0.00024832
 -0.00240158   0.00024235
 -0.00225766   0.00023647
 -0.00211373   0.00023077
 -0.00196981   0.00022508
 -0.00182588   0.00021938
 -0.00168196   0.00021387
 -0.00153803   0.00020835
 -0.00139411   0.00020293
 -0.00125018   0.00019759
 -0.00110626   0.00019235
 -0.00096233   0.00018710
 -0.00081832   0.00018195
 -0.00067439   0.00017689
 -0.00053047   0.00017191
 -0.00038654   0.00016703
 -0.00024253   0.00016215
 -0.00009860   0.00015736
  0.00004532   0.00015265
  0.00018933   0.00014805
  0.00033326   0.00014353
  0.00047728   0.00013901
  0.00062121   0.00013458
  0.00076522   0.00013024
  0.00090915   0.00012599
  0.00105316   0.00012174
  0.00119709   0.00011767
  0.00134110   0.00011360
  0.00148512   0.00010953
  0.00162904   0.00010565
  0.00177306   0.00010185
  0.00191707   0.00009805
  0.00206100   0.00009434
  0.00220501   0.00009073
  0.00234903   0.00008711
  0.00249305   0.00008367
  0.00263698   0.00008024
  0.00278099   0.00007689
  0.00292501   0.00007364
  0.00306902   0.00007038
  0.00321304   0.00006722
  0.00335705   0.00006423
  0.00350098   0.00006116
  0.00364499   0.00005827
  0.00378901   0.00005546
  0.00393302   0.00005266
  0.00407704   0.00004995
  0.00422106   0.00004734
  0.00436507   0.00004480
  0.00450909   0.00004227
  0.00465310   0.00003983
  0.00479712   0.00003748
  0.00494113   0.00003522
  0.00508515   0.00003305
  0.00522916   0.00003088
  0.00537327   0.00002880
  0.00551728   0.00002681
  0.00566130   0.00002491
  0.00580531   0.00002310
  0.00594934   0.00002130
  0.00609335   0.00001958
  0.00623737   0.00001795
  0.00638138   0.00001641
  0.00652549   0.00001488
  0.00666950   0.00001343
  0.00681352   0.00001216
  0.00695753   0.00001081
  0.00710155   0.00000963
  0.00724565   0.00000855
  0.00738967   0.00000746
  0.00753369   0.00000647
  0.00767771   0.00000556
  0.00782181   0.00000466
  0.00796583   0.00000394
  0.00810984   0.00000321
  0.00825386   0.00000258
  0.00839787   0.00000205
  0.00854197   0.00000150
  0.00868599   0.00000105
  0.00883000   0.00000078
  0.00897403   0.00000051
  0.00911813   0.00000024
  0.00926215   0.00000015
  0.00940616   0.00000006
  0.00955018   0.00000006
  0.00969428   0.00000006
  0.00983830   0.00000006
  0.00998231   0.00000006
  0.01012642   0.00000006
  0.01027043   0.00000006
  0.01041446   0.00000006
  0.01055847   0.00000006
  0.01070258   0.00000006
  0.01084659   0.00000006
  0.01099061   0.00000006
  0.01113462   0.00000006
  0.01127873   0.00000006
  0.01142274   0.00000006
  0.01156676   0.00000006
  0.01171077   0.00000006
  0.01185488   0.00000006
  0.01199890   0.00000006
  0.01214292   0.00000006
  0.01228693   0.00000006
  0.01243103   0.00000006
  0.01257505   0.00000007
  0.01271906   0.00000007
  0.01286308   0.00000007
  0.01300718   0.00000007
  0.01315120   0.00000007
  0.01329521   0.00000007
  0.01343924   0.00000007
  0.01358334   0.00000007
  0.01372736   0.00000007
  0.01387137   0.00000007
  0.01401539   0.00000007
  0.01415949   0.00000007
  0.01430351   0.00000007
  0.01444752   0.00000007
  0.01459163   0.00000007
  0.01473564   0.00000007
  0.01487966   0.00000007
  0.01502368   0.00000007
  0.01516779   0.00000007
  0.01531180   0.00000007
  0.01545582   0.00000007
  0.01559983   0.00000007
  0.01574394   0.00000007
  0.01588795   0.00000007
  0.01603197   0.00000007
  0.01617598   0.00000007
  0.01632009   0.00000007
  0.01646411   0.00000007
  0.01660812   0.00000007
  0.01675214   0.00000008
  0.01689624   0.00000008
  0.01704026   0.00000008
  0.01718427   0.00000008
  0.01732829   0.00000008
  0.01747239   0.00000008
  0.01761641   0.00000008
  0.01776042   0.00000008
  0.01790444   0.00000008
  0.01804855   0.00000008
  0.01819257   0.00000008
  0.01833658   0.00000008
  0.01848060   0.00000008
  0.01862470   0.00000008
  0.01876872   0.00000008
  0.01891273   0.00000008
  0.01905675   0.00000008
  0.01920085   0.00000008
  0.01934487   0.00000008
  0.01948889   0.00000008
  0.01963300   0.00000008
  0.01977701   0.00000008
  0.01992103   0.00000008
  0.02006504   0.00000008
  0.02020915   0.00000008
  0.02035316   0.00000008
  0.02049718   0.00000008
  0.02064119   0.00000008
  0.02078529   0.00000008
  0.02092932   0.00000009
  0.02107333   0.00000009
  0.02121735   0.00000009
  0.02136145   0.00000009
  0.02150547   0.00000009
  0.02164948   0.00000009
  0.02179350   0.00000009
  0.02193760   0.00000009
  0.02208162   0.00000009
  0.02222563   0.00000009
  0.02236965   0.00000009
  0.02251376   0.00000009
  0.02265778   0.00000009
  0.02280179   0.00000009
  0.02294581   0.00000009
  0.02308991   0.00000009
  0.02323393   0.00000009
  0.02337794   0.00000009
  0.02352196   0.00000009
  0.02366606   0.00000009
  0.02381008   0.00000009
  0.02395410   0.00000009
  0.02409821   0.00000009
  0.02424222   0.00000009
  0.02438624   0.00000009
  0.02453025   0.00000009
  0.02467435   0.00000009
  0.02481837   0.00000009
  0.02496238   0.00000009
  0.02510640   0.00000010
  0.02525050   0.00000010
  0.02539453   0.00000010
  0.02553854   0.00000010
  0.02568256   0.00000010
  0.02582666   0.00000010
  0.02597068   0.00000010
  0.02611469   0.00000010
  0.02625871   0.00000010
  0.02640281   0.00000010
  0.02654683   0.00000010
  0.02669084   0.00000010
  0.02683486   0.00000010
  0.02697897   0.00000010
  0.02712299   0.00000010
  0.02726700   0.00000010
  0.02741102   0.00000010
  0.02755512   0.00000010
  0.02769914   0.00000010
  0.02784315   0.00000010
  0.02798717   0.00000010
  0.02813127   0.00000010
  0.02827529   0.00000010
  0.02841931   0.00000010
  0.02856333   0.00000010
  0.02870743   0.00000010
  0.02885144   0.00000010
  0.02899546   0.00000010
  0.02913956   0.00000010
  0.02928358   0.00000011
  0.02942759   0.00000011
  0.02957161   0.00000011
  0.02971571   0.00000011
  0.02985974   0.00000011
  0.03000375   0.00000011
  0.03014777   0.00000011
  0.03029187   0.00000011
  0.03043589   0.00000011
  0.03057990   0.00000011
  0.03072392   0.00000011
  0.03086802   0.00000011
  0.03101204   0.00000011
  0.03115605   0.00000011
  0.03130007   0.00000011
  0.03144418   0.00000011
  0.03158820   0.00000011
  0.03173221   0.00000011
  0.03187623   0.00000011
  0.03202033   0.00000011
  0.03216435   0.00000011
  0.03230836   0.00000011
  0.03245238   0.00000011
  0.03259648   0.00000011
  0.03274049   0.00000011
  0.03288452   0.00000011
  0.03302853   0.00000011
  0.03317264   0.00000011
  0.03331665   0.00000011
  0.03346067   0.00000011
  0.03360477   0.00000011
  0.03374879   0.00000011
  0.03389280   0.00000011
  0.03403682   0.00000011
  0.03418092   0.00000011
  0.03432494   0.00000011
  0.03446896   0.00000011
  0.03461298   0.00000011
  0.03475708   0.00000011
  0.03490110   0.00000011
  0.03504511   0.00000011
  0.03518913   0.00000011
  0.03533323   0.00000011
  0.03547725   0.00000011
  0.03562126   0.00000011
  0.03576528   0.00000011
  0.03590939   0.00000011
  0.03605341   0.00000011
  0.03619742   0.00000011
  0.03634144   0.00000011
  0.03648554   0.00000011
  0.03662956   0.00000011
  0.03677357   0.00000011
  0.03691758   0.00000011
  0.03706169   0.00000011
  0.03720570   0.00000011
  0.03734973   0.00000011
  0.03749374   0.00000012
  0.03763785   0.00000012
  0.03778186   0.00000012
  0.03792588   0.00000012
  0.03806989   0.00000012
  0.03821400   0.00000012
  0.03835801   0.00000012
  0.03850203   0.00000012
  0.03864613   0.00000012
  0.03879015   0.00000012
  0.03893417   0.00000012
  0.03907819   0.00000012
  0.03922229   0.00000012
  0.03936631   0.00000012
  0.03951032   0.00000012
  0.03965434   0.00000012
  0.03979844   0.00000012
  0.03994246   0.00000012
  0.04008647   0.00000012
  0.04023049   0.00000012
  0.04037460   0.00000012
  0.04051862   0.00000012
  0.04066263   0.00000012
  0.04080665   0.00000012
  0.04095075   0.00000012
  0.04109476   0.00000012
  0.04123878   0.00000012
  0.04138279   0.00000012
  0.04152690   0.00000012
  0.04167091   0.00000013
  0.04181493   0.00000013
  0.04195895   0.00000013
  0.04210306   0.00000013
  0.04224707   0.00000013
  0.04239109   0.00000013
  0.04253510   0.00000013
  0.04267921   0.00000013
  0.04282322   0.00000013
  0.04296724   0.00000013
  0.04311134   0.00000013
  0.04327804   0.00000495
  0.04344425   0.00001932
  0.04360919   0.00004326
  0.04377295   0.00007523
  0.04393508   0.00011434
  0.04409667   0.00015589
  0.04425826   0.00019743
  0.04441984   0.00023898
  0.04458144   0.00028053
  0.04474302   0.00032208
  0.04490461   0.00036363
  0.04506620   0.00040518
  0.04522778   0.00044673
  0.04538938   0.00048828
  0.04555096   0.00052983
  0.04571255   0.00057137
  0.04587414   0.00061292
  0.04603573   0.00065447
  0.04619731   0.00069602
  0.04635891   0.00073757
  0.04652049   0.00077912
  0.04668209   0.00082067
  0.04684367   0.00086213
  0.04700526   0.00090367
  0.04716685   0.00094522
  0.04732843   0.00098677
  0.04749003   0.00102832
  0.04765161   0.00106987
  0.04781320   0.00111142
  0.04797479   0.00115297
  0.04813638   0.00119452
  0.04829796   0.00123607
  0.04845956   0.00127761
  0.04862114   0.00131916
  0.04878274   0.00136071
  0.04894432   0.00140226
  0.04910590   0.00144381
  0.04926750   0.00148536
  0.04942908   0.00152691
  0.04959067   0.00156846
  0.04975226   0.00161001
  0.04991385   0.00165155
  0.05007544   0.00169310
  0.05023703   0.00173465
  0.05039861   0.00177620
  0.05056021   0.00181775
  0.05072179   0.00185930
  0.05088338   0.00190085
  0.05104497   0.00194240
  0.05120655   0.00198395
  0.05136815   0.00202549
  0.05152973   0.00206704
  0.05169132   0.00210859
  0.05185291   0.00215014
  0.05201450   0.00219169
  0.05217609   0.00223324
  0.05233768   0.00227479
  0.05249926   0.00231634
  0.05266086   0.00235780
  0.05282244   0.00239934
  0.05298403   0.00244089
  0.05314562   0.00248244
  0.05330720   0.00252399
  0.05346880   0.00256554
  0.05363038   0.00260709
  0.05379197   0.00264864
  0.05395356   0.00269019
  0.05411515   0.00273174
  0.05427673   0.00277328
  0.05443833   0.00281483
  0.05460000   0.00285638
  0.05476160   0.00289793
  0.05492318   0.00293948
  0.05508477   0.00298103
  0.05524636   0.00302258
  0.05540794   0.00306413
  0.05556953   0.00310568
  0.05573112   0.00314722
  0.05589271   0.00318877
  0.05605430   0.00323032
  0.05621589   0.00327187
  0.05637747   0.00331342
  0.05653907   0.00335497
  0.05670065   0.00339652
  0.05686224   0.00343807
  0.05702383   0.00347962
  0.05718542   0.00352116
  0.05734701   0.00356271
  0.05750859   0.00360426
  0.05767018   0.00364581
  0.05783177   0.00368736
  0.05799336   0.00372891
  0.05815495   0.00377046
  0.05831654   0.00381201
  0.05847812   0.00385347
  0.05863972   0.00389501
  0.05880130   0.00393656
  0.05896289   0.00397811
  0.05912448   0.00401966
  0.05928607   0.00406121
  0.05944766   0.00410276
  0.05960924   0.00414431
  0.05977083   0.00418586
  0.05993242   0.00422741
  0.06009401   0.00426895
  0.06025559   0.00431050
  0.06041719   0.00435205
  0.06057877   0.00439360
  0.06074037   0.00443515
  0.06090195   0.00447670
  0.06106354   0.00451825
  0.06122513   0.00455980
  0.06138672   0.00460135
  0.06154830   0.00464289
  0.06170989   0.00468444
  0.06187148   0.00472599
  0.06203307   0.00476754
  0.06219466   0.00480909
  0.06235624   0.00485064
  0.06251784   0.00489219
  0.06267942   0.00493373
  0.06284102   0.00497528
  0.06300260   0.00501682
  0.06316419   0.00505837
  0.06332578   0.00509992
  0.06348737   0.00514147
  0.06364895   0.00518302
  0.06381054   0.00522457
  0.06397213   0.00526612
  0.06413372   0.00530767
  0.06429531   0.00534913
  0.06445689   0.00539067
  0.06461849   0.00543222
  0.06478007   0.00547377
  0.06494166   0.00551532
  0.06510325   0.00555687
  0.06526484   0.00559842
  0.06542643   0.00563997
  0.06558802   0.00568152
  0.06574960   0.00572307
  0.06591119   0.00576461
  0.06607278   0.00580616
  0.06623436   0.00584771
  0.06639596   0.00588926
  0.06655754   0.00593081
  0.06671914   0.00597236
  0.06688072   0.00601391
  0.06704231   0.00605546
  0.06720390   0.00609701
  0.06736549   0.00613855
  0.06752707   0.00618010
  0.06768867   0.00622165
  0.06785025   0.00626320
  0.06801184   0.00630475
  0.06817343   0.00634630
  0.06833501   0.00638785
  0.06849661   0.00642940
  0.06865819   0.00647095
  0.06881979   0.00651249
  0.06898137   0.00655404
  0.06914296   0.00659559
  0.06930455   0.00663714
  0.06946614   0.00667869
  0.06962772   0.00672024
  0.06978931   0.00676179
  0.06995090   0.00680334
  0.07011249   0.00684480
  0.07027408   0.00688634
  0.07043566   0.00692789
  0.07059726   0.00696944
  0.07075884   0.00701099
  0.07092043   0.00705254
  0.07108202   0.00709409
  0.07124361   0.00713564
  0.07140520   0.00717719
  0.07156679   0.00721874
  0.07172837   0.00726028
  0.07188996   0.00730183
  0.07205155   0.00734338
  0.07221313   0.00738493
  0.07237473   0.00742648
  0.07253631   0.00746803
  0.07269791   0.00750958
  0.07285949   0.00755113
  0.07302108   0.00759268
  0.07318267   0.00763422
  0.07334426   0.00767577
  0.07350584   0.00771732
  0.07366744   0.00775887
  0.07382902   0.00780042
  0.07399061   0.00784197
  0.07415220   0.00788352
  0.07431378   0.00792507
  0.07447538   0.00796662
  0.07463696   0.00800816
  0.07479856   0.00804971
  0.07496014   0.00809126
  0.07512173   0.00813281
  0.07528332   0.00817436
  0.07540784   0.00826772
  0.07550866   0.00839317
  0.07560805   0.00851963
  0.07570589   0.00864689
  0.07580238   0.00877506
  0.07589742   0.00890404
  0.07599092   0.00903393
  0.07608289   0.00916463
  0.07617341   0.00929614
  0.07626239   0.00942838
  0.07634993   0.00956143
  0.07643583   0.00969521
  0.07652030   0.00982971
  0.07660313   0.00996502
  0.07668443   0.01010087
  0.07676419   0.01023754
  0.07684232   0.01037475
  0.07691891   0.01051269
  0.07699389   0.01065116
  0.07706732   0.01079027
  0.07713913   0.01093002
  0.07720930   0.01107021
  0.07727784   0.01121104
  0.07734486   0.01135232
  0.07741015   0.01149414
  0.07747382   0.01163641
  0.07753586   0.01177923
  0.07759626   0.01192241
  0.07765505   0.01206604
  0.07771212   0.01221003
  0.07776755   0.01235448
  0.07782128   0.01249919
  0.07787337   0.01264427
  0.07792384   0.01278971
  0.07797258   0.01293551
  0.07801961   0.01308149
  0.07806501   0.01322774
  0.07810869   0.01337427
  0.07815075   0.01352106
  0.07819100   0.01366795
  0.07822962   0.01381510
  0.07826652   0.01396235
  0.07830180   0.01410978
  0.07833526   0.01425730
  0.07836719   0.01440491
  0.07839885   0.01455260
  0.07843041   0.01470021
  0.07846199   0.01484782
  0.07849355   0.01499552
  0.07852512   0.01514313
  0.07855669   0.01529083
  0.07858834   0.01543844
  0.07861992   0.01558605
  0.07865148   0.01573375
  0.07868304   0.01588136
  0.07871462   0.01602905
  0.07874618   0.01617666
  0.07877785   0.01632436
  0.07880941   0.01647197
  0.07884098   0.01661958
  0.07887255   0.01676728
  0.07890411   0.01691489
  0.07893578   0.01706259
  0.07896734   0.01721020
  0.07899891   0.01735781
  0.07903048   0.01750550
  0.07906204   0.01765311
  0.07909361   0.01780081
  0.07912527   0.01794842
  0.07915684   0.01809603
  0.07918841   0.01824373
  0.07921997   0.01839134
  0.07925154   0.01853904
  0.07928311   0.01868665
  0.07931477   0.01883426
  0.07934633   0.01898196
  0.07937790   0.01912956
  0.07940947   0.01927726
  0.07944104   0.01942487
  0.07947261   0.01957248
  0.07950426   0.01972018
  0.07953583   0.01986779
  0.07956740   0.02001549
  0.07959397   0.02016718
  0.07960229   0.02033377
  0.07961060   0.02050046
  0.07961901   0.02066706
  0.07962732   0.02083375
  0.07963564   0.02100036
  0.07964396   0.02116705
  0.07965227   0.02133365
  0.07966059   0.02150024
  0.07966900   0.02166693
  0.07967732   0.02183353
  0.07968563   0.02200022
  0.07969395   0.02216682
  0.07970227   0.02233342
  0.07971058   0.02250011
  0.07971898   0.02266671
  0.07972730   0.02283340
  0.07973562   0.02300000
