74.6054           -10.3846
74.649           -10.5055
74.6913           -10.6268
74.7324           -10.7485
74.7723           -10.8706
74.8111           -10.9931
74.8486           -11.116
74.8849           -11.2392
74.9199           -11.3628
74.9538           -11.4868
74.9864           -11.611
75.0178           -11.7356
75.0479           -11.8605
75.0769           -11.9857
75.1045           -12.1111
75.131           -12.2368
75.1562           -12.3628
75.1801           -12.489
75.2028           -12.6155
75.2243           -12.7422
75.2445           -12.869
75.2634           -12.9961
75.2811           -13.1234
75.2976           -13.2508
75.3127           -13.3784
75.3266           -13.5061
75.3393           -13.6339
75.3507           -13.7619
75.3608           -13.89
75.3696           -14.0181
75.3772           -14.1464
75.3837           -14.2747
75.3901           -14.403
75.3966           -14.5313
75.403           -14.6596
75.4094           -14.7879
75.4158           -14.9163
75.4222           -15.0446
75.4286           -15.1729
75.4351           -15.3012
75.4415           -15.4295
75.4479           -15.5578
75.4543           -15.6861
75.4607           -15.8144
75.4671           -15.9428
75.4736           -16.0711
75.48           -16.1994
75.4864           -16.3277
75.4928           -16.456
75.4992           -16.5843
75.5056           -16.7126
75.512           -16.841
75.5185           -16.9693
75.5249           -17.0976
75.5313           -17.2259
75.5377           -17.3542
75.5441           -17.4825
75.5505           -17.6108
75.557           -17.7391
75.5634           -17.8675
75.5698           -17.9958
75.5762           -18.1241
75.5826           -18.2524
75.589           -18.3807
75.5955           -18.509
75.6019           -18.6373
75.6083           -18.7657
75.6147           -18.894
75.6211           -19.0223
75.6275           -19.1506
75.6339           -19.2789
75.6404           -19.4072
75.6468           -19.5355
75.6532           -19.6639
75.6596           -19.7922
75.666           -19.9205
75.6724           -20.0488
75.6789           -20.1771
75.6853           -20.3054
75.6917           -20.4337
75.6981           -20.562
75.7045           -20.6904
75.7109           -20.8187
75.7173           -20.947
75.7238           -21.0753
75.7302           -21.2036
75.7366           -21.3319
75.743           -21.4602
75.7494           -21.5886
75.7558           -21.7169
75.7623           -21.8452
75.7687           -21.9735
75.7751           -22.1018
75.7815           -22.2301
75.7879           -22.3584
75.7943           -22.4867
75.8008           -22.6151
75.8072           -22.7434
75.8136           -22.8717
33.4702           -.0113
33.6802           -.0451
33.8869           -.0957
34.0934           -.1473
34.2999           -.199
34.5063           -.2506
34.7128           -.3022
34.9193           -.3538
35.1257           -.4054
35.3322           -.457
35.5387           -.5087
35.7451           -.5603
35.9516           -.6119
36.1581           -.6635
36.3645           -.7151
36.571           -.7667
36.7775           -.8184
36.9839           -.87
37.1904           -.9216
37.3969           -.9732
37.6033           -1.0248
37.8098           -1.0764
38.0162           -1.1281
38.2227           -1.1797
38.4292           -1.2313
38.6356           -1.2829
38.8421           -1.3345
39.0486           -1.3861
39.255           -1.4378
39.4615           -1.4894
39.668           -1.541
39.8744           -1.5926
40.0809           -1.6442
40.2874           -1.6958
40.4938           -1.7475
40.7003           -1.7991
40.9068           -1.8507
41.1132           -1.9023
41.3197           -1.9539
41.5262           -2.0055
41.7326           -2.0572
41.9391           -2.1088
42.1456           -2.1604
42.352           -2.212
42.5585           -2.2636
42.765           -2.3152
42.9714           -2.3669
43.1779           -2.4185
43.3844           -2.4701
43.5908           -2.5217
43.7973           -2.5733
44.0038           -2.6249
44.2102           -2.6766
44.4167           -2.7282
44.6232           -2.7798
44.8296           -2.8314
45.0361           -2.883
45.2426           -2.9346
45.449           -2.9863
45.6555           -3.0379
45.862           -3.0895
46.0684           -3.1411
46.2749           -3.1927
46.4814           -3.2443
46.6878           -3.296
46.8943           -3.3476
47.1007           -3.3992
47.3072           -3.4508
47.5137           -3.5024
47.7201           -3.554
47.9266           -3.6057
48.1331           -3.6573
48.3395           -3.7089
48.546           -3.7605
48.7525           -3.8121
48.9589           -3.8637
49.1654           -3.9154
49.3719           -3.967
49.5783           -4.0186
49.7848           -4.0702
49.9913           -4.1218
50.1977           -4.1734
50.4042           -4.2251
50.6107           -4.2767
50.8171           -4.3283
51.0236           -4.3799
51.2301           -4.4315
51.4365           -4.4831
51.643           -4.5347
51.8495           -4.5864
52.0559           -4.638
52.2624           -4.6896
52.4689           -4.7412
52.6753           -4.7928
52.8818           -4.8444
53.0883           -4.8961
53.2947           -4.9477
53.5012           -4.9993
53.7077           -5.0509
53.9141           -5.1025
54.1206           -5.1541
54.3271           -5.2058
54.5335           -5.2574
54.74           -5.309
54.9465           -5.3606
55.1529           -5.4122
55.3594           -5.4638
55.5659           -5.5155
55.7723           -5.5671
55.9788           -5.6187
56.1852           -5.6703
56.3917           -5.7219
56.5982           -5.7735
56.8046           -5.8252
57.0111           -5.8768
57.2176           -5.9284
57.424           -5.98
57.6305           -6.0316
57.837           -6.0832
58.0434           -6.1349
58.2499           -6.1865
58.4564           -6.2381
58.6628           -6.2897
58.8693           -6.3413
59.0758           -6.3929
59.2822           -6.4446
59.4887           -6.4962
59.6952           -6.5478
59.9016           -6.5994
60.1081           -6.651
60.3146           -6.7026
60.521           -6.7543
60.7275           -6.8059
60.934           -6.8575
61.1404           -6.9091
61.3469           -6.9607
61.5534           -7.0123
61.7598           -7.064
61.9663           -7.1156
62.1728           -7.1672
62.3792           -7.2188
62.5857           -7.2704
62.7922           -7.322
62.9986           -7.3737
63.2051           -7.4253
63.4116           -7.4769
63.618           -7.5285
63.8245           -7.5801
64.031           -7.6317
64.2374           -7.6834
64.4439           -7.735
64.6504           -7.7866
64.8568           -7.8382
65.0633           -7.8898
65.2697           -7.9414
65.4762           -7.9931
65.6827           -8.0447
65.8891           -8.0963
66.0956           -8.1479
66.3021           -8.1995
66.5085           -8.2511
66.715           -8.3028
66.9215           -8.3544
67.1279           -8.406
67.3344           -8.4576
67.5409           -8.5092
67.7473           -8.5608
67.9538           -8.6125
68.1603           -8.6641
68.3667           -8.7157
68.5732           -8.7673
68.7797           -8.8189
68.9861           -8.8705
69.1926           -8.9222
69.3991           -8.9738
69.6055           -9.0254
69.812           -9.077
70.0185           -9.1286
70.2249           -9.1802
70.4314           -9.2318
70.6379           -9.2835
70.8443           -9.3351
71.0508           -9.3867
71.2573           -9.4383
71.4637           -9.4899
71.6702           -9.5415
71.8767           -9.5932
72.0831           -9.6448
72.2896           -9.6964
72.4961           -9.748
72.7025           -9.7996
72.909           -9.8512
73.1155           -9.9029
73.3219           -9.9545
73.5284           -10.0061
73.7349           -10.0577
73.9413           -10.1093
74.1478           -10.1609
74.3543           -10.2126
9.6682           0
9.7868           0
9.9053           0
10.0238           0
10.1424           0
10.2609           0
10.3795           0
10.498           0
10.6165           0
10.7351           0
10.8536           0
10.9722           0
11.0907           0
11.2092           0
11.3278           0
11.4463           0
11.5649           0
11.6834           0
11.8019           0
11.9205           0
12.039           0
12.1576           0
12.2761           0
12.3947           0
12.5132           0
12.6317           0
12.7503           0
12.8688           0
12.9874           0
13.1059           0
13.2244           0
13.343           0
13.4615           0
13.5801           0
13.6986           0
13.8171           0
13.9357           0
14.0542           0
14.1728           0
14.2913           0
14.4098           0
14.5284           0
14.6469           0
14.7655           0
14.884           0
15.0025           0
15.1211           0
15.2396           0
15.3582           0
15.4767           0
15.5952           0
15.7138           0
15.8323           0
15.9509           0
16.0694           0
16.1879           0
16.3065           0
16.425           0
16.5436           0
16.6621           0
16.7807           0
16.8992           0
17.0177           0
17.1363           0
17.2548           0
17.3734           0
17.4919           0
17.6104           0
17.729           0
17.8475           0
17.9661           0
18.0846           0
18.2031           0
18.3217           0
18.4402           0
18.5588           0
18.6773           0
18.7958           0
18.9144           0
19.0329           0
19.1515           0
19.27           0
19.3885           0
19.5071           0
19.6256           0
19.7442           0
19.8627           0
19.9812           0
20.0998           0
20.2183           0
20.3369           0
20.4554           0
20.5739           0
20.6925           0
20.811           0
20.9296           0
21.0481           0
21.1667           0
21.2852           0
21.4037           0
21.5223           0
21.6408           0
21.7594           0
21.8779           0
21.9964           0
22.115           0
22.2335           0
22.3521           0
22.4706           0
22.5891           0
22.7077           0
22.8262           0
22.9448           0
23.0633           0
23.1818           0
23.3004           0
23.4189           0
23.5375           0
23.656           0
23.7745           0
23.8931           0
24.0116           0
24.1302           0
24.2487           0
24.3672           0
24.4858           0
24.6043           0
24.7229           0
24.8414           0
24.96           0
25.0785           0
25.197           0
25.3156           0
25.4341           0
25.5527           0
25.6712           0
25.7897           0
25.9083           0
26.0268           0
26.1454           0
26.2639           0
26.3824           0
26.501           0
26.6195           0
26.7381           0
26.8566           0
26.9751           0
27.0937           0
27.2122           0
27.3308           0
27.4493           0
27.5678           0
27.6864           0
27.8049           0
27.9235           0
28.042           0
28.1605           0
28.2791           0
28.3976           0
28.5162           0
28.6347           0
28.7532           0
28.8718           0
28.9903           0
29.1089           0
29.2274           0
29.346           0
29.4645           0
29.583           0
29.7016           0
29.8201           0
29.9387           0
30.0572           0
30.1757           0
30.2943           0
30.4128           0
30.5314           0
30.6499           0
30.7684           0
30.887           0
31.0055           0
31.1241           0
31.2426           0
31.3611           0
31.4797           0
31.5982           0
31.7168           0
31.8353           0
31.9538           0
32.0724           0
32.1909           0
32.3095           0
32.428           0
32.5465           0
32.6651           0
32.7836           0
32.9022           0
33.0207           0
33.1392           0
9.4293           .001
9.309           .002
9.1887           .0029
9.0684           .0038
8.948           .0046
8.8277           .0054
8.7074           .0061
8.587           .0068
8.4667           .0074
8.3464           .008
8.226           .0086
8.1057           .009
7.9854           .0095
7.865           .0099
7.7447           .0102
7.6244           .0105
7.504           .0108
7.3837           .011
7.2634           .0111
7.143           .0112
7.0227           .0113
6.9024           .0113
6.782           .0112
6.6617           .0111
6.5414           .011
6.421           .0108
6.3007           .0106
6.1804           .0103
6.06           .01
5.9397           .0096
5.8194           .0092
5.699           .0087
5.5787           .0082
5.4584           .0076
5.338           .007
5.2177           .0063
5.0974           .0056
4.9771           .0048
4.8567           .004
4.7364           .0031
4.6161           .0022
4.4957           .0013
4.3754           .0003
4.2551           -.0008
4.1347           -.0019
4.0144           -.0031
3.8941           -.0043
3.7738           -.0055
3.6534           -.0068
3.5331           -.0081
3.4128           -.0095
3.2925           -.011
3.1721           -.0125
3.0518           -.014
2.9315           -.0156
2.8112           -.0172
2.6908           -.0189
2.5705           -.0207
2.4502           -.0224
2.3299           -.0243
2.2096           -.0261
2.0893           -.0281
1.9689           -.03
1.8486           -.0321
1.7283           -.0341
1.608           -.0362
1.4877           -.0384
1.3674           -.0406
1.247           -.0429
1.1267           -.0452
1.0064           -.0476
.8861           -.05
.7658           -.0524
.6455           -.0549
.5252           -.0575
.4049           -.0601
.2846           -.0627
.1643           -.0654
.044           -.0682
-.0763           -.071
-.1966           -.0738
-.3169           -.0767
-.4372           -.0796
-.5575           -.0827
-.6778           -.0858
-.7981           -.089
-.9184           -.0922
-1.0387           -.0954
-1.159           -.0987
-1.2792           -.1021
-1.3995           -.1055
-1.5198           -.1089
-1.6401           -.1124
-1.7604           -.116
-1.8807           -.1196
-2.0009           -.1232
-2.1212           -.1269
-2.2415           -.1307
-2.3618           -.1345
-2.482           -.1383
-2.6023           -.1422
-2.7226           -.1461
-2.8428           -.1501
-2.9631           -.1541
-3.0834           -.1582
-3.2036           -.1623
-3.3239           -.1665
-3.4442           -.1707
-3.5644           -.175
-3.6847           -.1793
-3.8049           -.1837
-3.9252           -.1881
-4.0454           -.1926
-4.1657           -.1971
-4.2859           -.2016
-4.4062           -.2062
-4.5264           -.2109
-4.6467           -.2156
-4.7669           -.2204
-4.8871           -.2252
-5.0074           -.23
-5.1276           -.2349
-5.2478           -.2399
-5.3681           -.2449
-5.4883           -.2499
-5.6085           -.255
-5.7287           -.2601
-5.849           -.2653
-5.9692           -.2706
-6.0894           -.2758
-6.2096           -.2812
-6.3298           -.2865
-6.45           -.292
-6.5702           -.2975
-6.6905           -.303
-6.8107           -.3086
-6.9309           -.3142
-7.0511           -.3198
-7.1713           -.3256
-7.2915           -.3313
-7.4116           -.3371
-7.5318           -.343
-7.652           -.3489
-7.7722           -.3549
-7.8924           -.3609
-8.0126           -.3669
-8.1328           -.373
-8.2529           -.3792
-8.3731           -.3854
-8.4933           -.3916
-8.6134           -.3979
-8.7336           -.4043
-8.8538           -.4107
-8.9739           -.4171
-9.0941           -.4236
-9.2142           -.4301
-9.3344           -.4367
-9.4545           -.4434
-9.5747           -.4501
-9.6948           -.4568
-9.815           -.4636
-9.9351           -.4704
-10.0553           -.4773
-10.1754           -.4842
-10.2955           -.4912
-10.4157           -.4982
-10.5358           -.5052
-10.6559           -.5124
-10.776           -.5198
-10.8961           -.5274
-11.0162           -.5351
-11.1363           -.543
-11.2563           -.5511
-11.3764           -.5594
-11.4964           -.5679
-11.6164           -.5765
-11.7364           -.5853
-11.8564           -.5943
-11.9764           -.6035
-12.0964           -.6129
-12.2163           -.6224
-12.3363           -.6321
-12.4562           -.642
-12.5761           -.6521
-12.696           -.6624
-12.8159           -.6728
-12.9357           -.6835
-13.0556           -.6943
-13.1754           -.7053
-13.2952           -.7164
-13.415           -.7278
-13.5348           -.7393
-13.6546           -.751
-13.7743           -.7629
-13.894           -.775
-14.0138           -.7872
-14.1334           -.7997
-14.2531           -.8123
-14.3728           -.8251
-14.4924           -.838
-14.612           -.8512
-14.7316           -.8645
-14.8512           -.878
-14.9707           -.8917
-15.0903           -.9056
-15.2098           -.9196
-15.3293           -.9338
-15.4487           -.9483
-15.5682           -.9628
-15.6876           -.9776
-15.807           -.9926
-15.9264           -1.0077
-16.0457           -1.023
-16.1651           -1.0385
-16.2844           -1.0541
-16.4037           -1.07
-16.5229           -1.086
-16.6422           -1.1022
-16.7614           -1.1186
-16.8806           -1.1351
-16.9997           -1.1519
-17.1189           -1.1688
-17.238           -1.1859
-17.3571           -1.2032
-17.4761           -1.2206
-17.5952           -1.2383
-17.7142           -1.2561
-17.8331           -1.2741
-17.9521           -1.2923
-18.071           -1.3106
-18.1899           -1.3291
-18.3088           -1.3479
-18.4276           -1.3667
-18.5465           -1.3858
-18.6652           -1.4051
-18.784           -1.4245
-18.9027           -1.4441
-19.0214           -1.4639
-19.1401           -1.4838
-19.2587           -1.504
-19.3773           -1.5243
-19.4959           -1.5448
-19.6144           -1.5655
-19.733           -1.5863
-19.8514           -1.6073
-19.9699           -1.6285
-20.0883           -1.6499
-20.2067           -1.6715
-20.325           -1.6932
-20.4434           -1.7152
-20.5616           -1.7373
-20.6799           -1.7595
-20.7981           -1.782
-20.9163           -1.8046
-21.0345           -1.8274
-21.1526           -1.8504
-21.2707           -1.8736
-21.3887           -1.8969
-21.5067           -1.9204
-21.6247           -1.9441
-21.7426           -1.968
-21.8605           -1.9921
-21.9784           -2.0163
-22.0962           -2.0407
-22.214           -2.0653
-22.3318           -2.0901
-22.4495           -2.115
-22.5672           -2.1401
-22.6848           -2.1654
-22.8024           -2.1909
-22.92           -2.2165
-23.0375           -2.2423
-23.155           -2.2683
-23.2725           -2.2945
-23.3899           -2.3209
-23.5073           -2.3474
-23.6246           -2.3741
-23.7419           -2.401
-23.8592           -2.4281
-23.9764           -2.4553
-24.0935           -2.4827
-24.2107           -2.5103
-24.3277           -2.5381
-24.4448           -2.566
-24.5618           -2.5941
-24.6788           -2.6224
-24.7957           -2.6509
-24.9125           -2.6795
-25.0294           -2.7083
-25.1462           -2.7373
-25.2629           -2.7665
-25.3796           -2.7959
-25.4963           -2.8254
-25.6129           -2.8551
-25.7294           -2.885
-25.8458           -2.9156
-25.9619           -2.9472
-26.0777           -2.98
-26.1932           -3.0138
-26.3084           -3.0486
-26.4232           -3.0846
-26.5377           -3.1216
-26.6519           -3.1597
-26.7656           -3.1988
-26.8791           -3.2389
-26.9921           -3.2802
-27.1048           -3.3224
-27.2171           -3.3657
-27.3289           -3.4101
-27.4404           -3.4554
-27.5514           -3.5018
-27.662           -3.5493
-27.7722           -3.5977
-27.8818           -3.6472
-27.9911           -3.6977
-28.0998           -3.7492
-28.2081           -3.8017
-28.3159           -3.8552
-28.4232           -3.9097
-28.53           -3.9651
-28.6362           -4.0216
-28.742           -4.0791
-28.8472           -4.1375
-28.9518           -4.1969
-29.0559           -4.2572
-29.1595           -4.3186
-29.2624           -4.3808
-29.3648           -4.4441
-29.4666           -4.5082
-29.5678           -4.5734
-29.6684           -4.6394
-29.7683           -4.7064
-29.8677           -4.7743
-29.9664           -4.8431
-30.0645           -4.9128
-30.1619           -4.9835
-30.2587           -5.055
-30.3548           -5.1274
-30.4502           -5.2007
-30.5449           -5.2749
-30.639           -5.35
-30.7323           -5.4259
-30.825           -5.5027
-30.9169           -5.5803
-31.0081           -5.6588
-31.0986           -5.7382
-31.1883           -5.8183
-31.2773           -5.8993
-31.3656           -5.9811
-31.453           -6.0638
-31.5398           -6.1472
-31.6257           -6.2314
-31.7108           -6.3165
-31.7952           -6.4023
-31.8788           -6.4889
-31.9615           -6.5762
-32.0435           -6.6643
-32.1246           -6.7532
-32.2049           -6.8428
-32.2844           -6.9332
-32.363           -7.0243
-32.4408           -7.1161
-32.5177           -7.2086
-32.5938           -7.3019
-32.669           -7.3958
-32.7433           -7.4904
-32.8167           -7.5858
-32.8893           -7.6817
-32.961           -7.7784
-33.0318           -7.8757
-33.1016           -7.9737
-33.1706           -8.0723
-33.2386           -8.1716
-33.3058           -8.2714
-33.3719           -8.3719
-33.4372           -8.473
-33.5015           -8.5747
-33.5649           -8.677
-33.6273           -8.7799
-33.6888           -8.8833
-33.7493           -8.9873
-33.8089           -9.0919
-33.8675           -9.197
-33.9251           -9.3026
-33.9817           -9.4088
-34.0373           -9.5155
-34.092           -9.6227
-34.1456           -9.7304
-34.1983           -9.8386
-34.25           -9.9473
-34.3006           -10.0565
-34.3502           -10.1661
-34.3988           -10.2762
-34.4464           -10.3867
-34.493           -10.4977
-34.5385           -10.609
-34.583           -10.7208
-34.6265           -10.833
-34.6689           -10.9456
-34.7103           -11.0586
-34.7507           -11.172
-34.79           -11.2858
-34.8282           -11.3999
-34.8654           -11.5143
-34.9015           -11.6291
-34.9365           -11.7442
-34.9705           -11.8596
-35.0034           -11.9754
-35.0352           -12.0914
-35.066           -12.2078
-35.0957           -12.3244
-35.1243           -12.4413
-35.1518           -12.5584
-35.1783           -12.6758
-35.2036           -12.7934
-35.2279           -12.9113
-35.251           -13.0294
-35.2731           -13.1477
-35.2941           -13.2662
-35.314           -13.3848
-35.3327           -13.5037
-35.3504           -13.6227
-35.367           -13.7419
-35.3825           -13.8612
-35.3968           -13.9807
-35.4101           -14.1003
-35.4222           -14.22
-35.4333           -14.3399
-35.4432           -14.4598
-35.452           -14.5798
-35.4598           -14.6999
-35.4664           -14.82
-35.4718           -14.9402
-35.4762           -15.0605
-35.4795           -15.1808
-35.4825           -15.3011
-35.4855           -15.4214
-35.4885           -15.5417
-35.4915           -15.662
-35.4946           -15.7823
-35.4976           -15.9025
-35.5006           -16.0228
-35.5036           -16.1431
-35.5066           -16.2634
-35.5096           -16.3837
-35.5126           -16.504
-35.5156           -16.6243
-35.5186           -16.7446
-35.5216           -16.8649
-35.5246           -16.9852
-35.5276           -17.1055
-35.5306           -17.2258
-35.5337           -17.3461
-35.5367           -17.4664
-35.5397           -17.5867
-35.5427           -17.707
-35.5457           -17.8273
-35.5487           -17.9476
-35.5517           -18.0679
-35.5547           -18.1882
-35.5577           -18.3085
-35.5607           -18.4288
-35.5637           -18.5491
-35.5667           -18.6694
-35.5697           -18.7896
-35.5727           -18.9099
-35.5758           -19.0302
-35.5788           -19.1505
-35.5818           -19.2708
-35.5848           -19.3911
-35.5878           -19.5114
-35.5908           -19.6317
-35.5938           -19.752
-35.5968           -19.8723
-35.5998           -19.9926
-35.6028           -20.1129
-35.6058           -20.2332
-35.6088           -20.3535
-35.6118           -20.4738
-35.6149           -20.5941
-35.6179           -20.7144
-35.6209           -20.8347
-35.6239           -20.955
-35.6269           -21.0753
-35.6299           -21.1956
-35.6329           -21.3159
-35.6359           -21.4362
-35.6389           -21.5565
-35.6419           -21.6767
-35.6449           -21.797
-35.6479           -21.9173
-35.6509           -22.0376
-35.6539           -22.1579
-35.657           -22.2782
-35.66           -22.3985
-35.663           -22.5188
-35.666           -22.6391
-35.669           -22.7594
-35.672           -22.8797
75.82           -23
74.5607           -10.2642
33.2578           0
9.5497           0
-35.675           -23
