84.767           -15.54
84.767           -15.6155
84.767           -15.6909
84.767           -15.7664
84.7707           -15.8417
84.7745           -15.9171
84.7782           -15.9924
84.782           -16.0678
84.7858           -16.1431
84.7895           -16.2185
84.7933           -16.2938
84.7971           -16.3692
84.8008           -16.4445
84.8046           -16.5199
84.8084           -16.5952
84.8121           -16.6706
84.8159           -16.7459
84.8197           -16.8213
84.8234           -16.8966
84.8272           -16.972
84.831           -17.0473
84.8347           -17.1227
84.8385           -17.198
84.8423           -17.2734
84.846           -17.3487
84.8498           -17.4241
84.8536           -17.4994
84.8573           -17.5748
84.8611           -17.6501
84.8649           -17.7255
84.8686           -17.8008
84.8724           -17.8762
84.8762           -17.9515
84.8799           -18.0269
84.8837           -18.1022
84.8875           -18.1776
84.8912           -18.2529
84.895           -18.3283
84.8988           -18.4036
84.9025           -18.479
84.9063           -18.5543
84.9101           -18.6297
84.9139           -18.705
84.9176           -18.7804
84.9214           -18.8557
84.9252           -18.9311
84.9289           -19.0064
84.9327           -19.0818
84.9365           -19.1571
84.9402           -19.2325
84.944           -19.3078
84.9478           -19.3832
84.9515           -19.4585
84.9553           -19.5339
84.9591           -19.6092
84.9628           -19.6846
84.9666           -19.7599
84.9704           -19.8353
84.9741           -19.9106
84.9779           -19.986
84.9817           -20.0613
84.9854           -20.1367
84.9892           -20.212
84.993           -20.2874
84.9967           -20.3627
85.0005           -20.4381
85.0043           -20.5134
85.008           -20.5888
85.0118           -20.6641
85.0156           -20.7395
85.0193           -20.8148
85.0231           -20.8902
85.0269           -20.9655
85.0306           -21.0409
85.0344           -21.1162
85.0382           -21.1916
85.0419           -21.2669
85.0457           -21.3423
85.0495           -21.4176
85.0532           -21.493
85.057           -21.5683
85.0608           -21.6437
85.0646           -21.719
85.0683           -21.7944
85.0721           -21.8697
85.0759           -21.9451
85.0796           -22.0204
85.0834           -22.0958
85.0872           -22.1711
85.0909           -22.2465
85.0947           -22.3218
85.0985           -22.3972
85.1022           -22.4725
85.106           -22.5479
85.1098           -22.6232
85.1135           -22.6986
85.1173           -22.7739
85.1211           -22.8493
85.1248           -22.9246
84.4568           -15.387
84.1466           -15.3095
83.8364           -15.232
83.5263           -15.1544
83.2161           -15.0769
82.9059           -14.9993
82.5957           -14.9218
82.2855           -14.8442
81.9754           -14.7667
81.6652           -14.6891
81.355           -14.6116
81.0448           -14.5341
80.7347           -14.4565
80.4245           -14.379
80.1143           -14.3014
79.8041           -14.2239
79.4939           -14.1463
79.1838           -14.0688
78.8736           -13.9912
78.5634           -13.9137
78.2532           -13.8362
77.943           -13.7586
77.6329           -13.6811
77.3227           -13.6035
77.0125           -13.526
76.7023           -13.4484
76.3922           -13.3709
76.082           -13.2933
75.7718           -13.2158
75.4616           -13.1383
75.1514           -13.0607
74.8413           -12.9832
74.5311           -12.9056
74.2209           -12.8281
73.9107           -12.7505
73.6005           -12.673
73.2904           -12.5954
72.9802           -12.5179
72.67           -12.4404
72.3598           -12.3628
72.0497           -12.2853
71.7395           -12.2077
71.4293           -12.1302
71.1191           -12.0526
70.8089           -11.9751
70.4988           -11.8975
70.1886           -11.82
69.8784           -11.7425
69.5682           -11.6649
69.258           -11.5874
68.9479           -11.5098
68.6377           -11.4323
68.3275           -11.3547
68.0173           -11.2772
67.7071           -11.1996
67.397           -11.1221
67.0868           -11.0445
66.7766           -10.967
66.4664           -10.8895
66.1563           -10.8119
65.8461           -10.7344
65.5359           -10.6568
65.2257           -10.5793
64.9155           -10.5017
64.6054           -10.4242
64.2952           -10.3466
63.985           -10.2691
63.6748           -10.1916
63.3646           -10.114
63.0545           -10.0365
62.7443           -9.9589
62.4341           -9.8814
62.1239           -9.8038
61.8138           -9.7263
61.5036           -9.6487
61.1934           -9.5712
60.8832           -9.4937
60.573           -9.4161
60.2629           -9.3386
59.9527           -9.261
59.6425           -9.1835
59.3323           -9.1059
59.0221           -9.0284
58.712           -8.9508
58.4018           -8.8733
58.0916           -8.7958
57.7814           -8.7182
57.4713           -8.6407
57.1611           -8.5631
56.8509           -8.4856
56.5407           -8.408
56.2305           -8.3305
55.9204           -8.2529
55.6102           -8.1754
55.3           -8.0979
54.9898           -8.0203
54.6796           -7.9428
54.3695           -7.8652
54.0593           -7.7877
53.7491           -7.7101
53.4389           -7.6326
53.1288           -7.555
52.8186           -7.4775
52.5084           -7.3999
52.1982           -7.3224
51.888           -7.2449
51.5779           -7.1673
51.2677           -7.0898
50.9575           -7.0122
50.6473           -6.9347
50.3371           -6.8571
50.027           -6.7796
49.7168           -6.702
49.4066           -6.6245
49.0964           -6.547
48.7863           -6.4694
48.4761           -6.3919
48.1659           -6.3143
47.8557           -6.2368
47.5455           -6.1592
47.2354           -6.0817
46.9252           -6.0041
46.615           -5.9266
46.3048           -5.8491
45.9946           -5.7715
45.6845           -5.694
45.3743           -5.6164
45.0641           -5.5389
44.7539           -5.4613
44.4438           -5.3838
44.1336           -5.3062
43.8234           -5.2287
43.5132           -5.1512
43.203           -5.0736
42.8929           -4.9961
42.5827           -4.9185
42.2725           -4.841
41.9623           -4.7634
41.6521           -4.6859
41.342           -4.6083
41.0318           -4.5308
40.7216           -4.4533
40.4114           -4.3757
40.1013           -4.2982
39.7911           -4.2206
39.4809           -4.1431
39.1707           -4.0655
38.8605           -3.988
38.5504           -3.9104
38.2402           -3.8329
37.93           -3.7554
37.6198           -3.6778
37.3096           -3.6003
36.9995           -3.5227
36.6893           -3.4452
36.3791           -3.3676
36.0689           -3.2901
35.7588           -3.2125
35.4486           -3.135
35.1384           -3.0574
34.8282           -2.9799
34.518           -2.9024
34.2079           -2.8248
33.8977           -2.7473
33.5875           -2.6697
33.2773           -2.5922
32.9671           -2.5146
32.657           -2.4371
32.3468           -2.3595
32.0366           -2.282
31.7264           -2.2045
31.4163           -2.1269
31.1061           -2.0494
30.7959           -1.9718
30.4857           -1.8943
30.1755           -1.8167
29.8654           -1.7392
29.5552           -1.6616
29.245           -1.5841
28.9348           -1.5066
28.6246           -1.429
28.3145           -1.3515
28.0043           -1.2739
27.6941           -1.1964
27.3839           -1.1188
27.0737           -1.0413
26.7636           -.9637
26.4534           -.8862
26.1432           -.8087
25.833           -.7311
25.5229           -.6536
25.2127           -.576
24.9025           -.4985
24.5923           -.4209
24.2821           -.3434
23.972           -.2658
23.6618           -.1883
23.3516           -.1108
23.0413           -.0339
18.8776           0
18.8969           0
18.9163           0
18.9356           0
18.9549           0
18.9742           0
18.9936           0
19.0129           0
19.0322           0
19.0516           0
19.0709           0
19.0902           0
19.1095           0
19.1289           0
19.1482           0
19.1675           0
19.1869           0
19.2062           0
19.2255           0
19.2448           0
19.2642           0
19.2835           0
19.3028           0
19.3222           0
19.3415           0
19.3608           0
19.3801           0
19.3995           0
19.4188           0
19.4381           0
19.4575           0
19.4768           0
19.4961           0
19.5154           0
19.5348           0
19.5541           0
19.5734           0
19.5928           0
19.6121           0
19.6314           0
19.6507           0
19.6701           0
19.6894           0
19.7087           0
19.7281           0
19.7474           0
19.7667           0
19.786           0
19.8054           0
19.8247           0
19.844           0
19.8634           0
19.8827           0
19.902           0
19.9213           0
19.9407           0
19.96           0
19.9793           0
19.9986           0
20.018           0
20.0373           0
20.0566           0
20.076           0
20.0953           0
20.1146           0
20.1339           0
20.1533           0
20.1726           0
20.1919           0
20.2113           0
20.2306           0
20.2499           0
20.2692           0
20.2886           0
20.3079           0
20.3272           0
20.3466           0
20.3659           0
20.3852           0
20.4045           0
20.4239           0
20.4432           0
20.4625           0
20.4819           0
20.5012           0
20.5205           0
20.5398           0
20.5592           0
20.5785           0
20.5978           0
20.6172           0
20.6365           0
20.6558           0
20.6751           0
20.6945           0
20.7138           0
20.7331           0
20.7525           0
20.7718           0
20.7911           0
20.8104           0
20.8298           0
20.8491           0
20.8684           0
20.8878           0
20.9071           0
20.9264           0
20.9457           0
20.9651           0
20.9844           0
21.0037           0
21.023           0
21.0424           0
21.0617           0
21.081           0
21.1004           0
21.1197           0
21.139           0
21.1583           0
21.1777           0
21.197           0
21.2163           0
21.2357           0
21.255           0
21.2743           0
21.2936           0
21.313           0
21.3323           0
21.3516           0
21.371           0
21.3903           0
21.4096           0
21.4289           0
21.4483           0
21.4676           0
21.4869           0
21.5063           0
21.5256           0
21.5449           0
21.5642           0
21.5836           0
21.6029           0
21.6222           0
21.6416           0
21.6609           0
21.6802           0
21.6995           0
21.7189           0
21.7382           0
21.7575           0
21.7769           0
21.7962           0
21.8155           0
21.8348           0
21.8542           0
21.8735           0
21.8928           0
21.9122           0
21.9315           0
21.9508           0
21.9701           0
21.9895           0
22.0088           0
22.0281           0
22.0475           0
22.0668           0
22.0861           0
22.1054           0
22.1248           0
22.1441           0
22.1634           0
22.1827           0
22.2021           0
22.2214           0
22.2407           0
22.2601           0
22.2794           0
22.2987           0
22.318           0
22.3374           0
22.3567           0
22.376           0
22.3954           0
22.4147           0
22.434           0
22.4533           0
22.4727           0
22.492           0
22.5113           0
22.5307           0
22.55           0
22.5693           0
22.5886           0
22.608           0
22.6273           0
22.6466           0
22.666           0
22.6853           0
22.7046           0
-18.136           -22.8902
-18.1328           -22.7804
-18.1297           -22.6706
-18.1265           -22.5608
-18.1234           -22.451
-18.1203           -22.3413
-18.1171           -22.2315
-18.114           -22.1217
-18.1109           -22.0119
-18.1077           -21.9021
-18.1046           -21.7923
-18.1014           -21.6825
-18.0983           -21.5727
-18.0952           -21.4629
-18.092           -21.3531
-18.0889           -21.2433
-18.0858           -21.1336
-18.0826           -21.0238
-18.0795           -20.914
-18.0763           -20.8042
-18.0732           -20.6944
-18.0701           -20.5846
-18.0669           -20.4748
-18.0638           -20.365
-18.0607           -20.2552
-18.0575           -20.1454
-18.0544           -20.0356
-18.0513           -19.9259
-18.0481           -19.8161
-18.045           -19.7063
-18.0418           -19.5965
-18.0387           -19.4867
-18.0356           -19.3769
-18.0324           -19.2671
-18.0293           -19.1573
-18.0262           -19.0475
-18.023           -18.9377
-18.0199           -18.8279
-18.0167           -18.7182
-18.0136           -18.6084
-18.0105           -18.4986
-18.0073           -18.3888
-18.0042           -18.279
-18.0011           -18.1692
-17.9979           -18.0594
-17.9948           -17.9496
-17.9917           -17.8398
-17.9885           -17.73
-17.9854           -17.6202
-17.9822           -17.5105
-17.9791           -17.4007
-17.976           -17.2909
-17.9728           -17.1811
-17.9697           -17.0713
-17.9666           -16.9615
-17.9634           -16.8517
-17.9603           -16.7419
-17.9571           -16.6321
-17.954           -16.5223
-17.9509           -16.4125
-17.9477           -16.3028
-17.9446           -16.193
-17.9415           -16.0832
-17.9383           -15.9734
-17.9352           -15.8636
-17.9321           -15.7538
-17.9289           -15.644
-17.9258           -15.5342
-17.9226           -15.4244
-17.9195           -15.3146
-17.9164           -15.2048
-17.9132           -15.0951
-17.9101           -14.9853
-17.907           -14.8755
-17.9038           -14.7657
-17.9007           -14.6559
-17.8975           -14.5461
-17.8944           -14.4363
-17.8913           -14.3265
-17.8881           -14.2167
-17.885           -14.1069
-17.8819           -13.9971
-17.8787           -13.8874
-17.8756           -13.7776
-17.8725           -13.6678
-17.8693           -13.558
-17.8662           -13.4482
-17.863           -13.3384
-17.8599           -13.2286
-17.8568           -13.1188
-17.8536           -13.009
-17.8505           -12.8992
-17.8474           -12.7894
-17.8442           -12.6797
-17.8411           -12.5699
-17.8379           -12.4601
-17.8348           -12.3503
-17.8317           -12.2405
-17.8285           -12.1307
-17.8254           -12.0209
-17.8223           -11.9111
-17.8191           -11.8013
-17.816           -11.6915
-17.8129           -11.5817
-17.8097           -11.4719
-17.8066           -11.3622
-17.8034           -11.2524
-17.8003           -11.1426
-17.7972           -11.0328
-17.794           -10.923
-17.7909           -10.8132
-17.7878           -10.7034
-17.7846           -10.5936
-17.7815           -10.4838
-17.7783           -10.374
-17.7752           -10.2642
-17.7721           -10.1545
-17.7689           -10.0447
-17.7658           -9.9349
-17.7627           -9.8251
-17.7595           -9.7153
-17.7558           -9.6055
-17.7509           -9.4958
-17.7447           -9.3861
-17.7374           -9.2765
-17.7288           -9.167
-17.7191           -9.0576
-17.7081           -8.9484
-17.696           -8.8392
-17.6826           -8.7302
-17.6681           -8.6213
-17.6523           -8.5126
-17.6354           -8.4041
-17.6173           -8.2958
-17.598           -8.1876
-17.5775           -8.0797
-17.5558           -7.972
-17.5329           -7.8646
-17.5089           -7.7574
-17.4837           -7.6505
-17.4573           -7.5439
-17.4297           -7.4376
-17.401           -7.3316
-17.3711           -7.2259
-17.34           -7.1206
-17.3078           -7.0155
-17.2745           -6.9109
-17.24           -6.8066
-17.2043           -6.7027
-17.1676           -6.5992
-17.1296           -6.4962
-17.0906           -6.3935
-17.0504           -6.2913
-17.0091           -6.1895
-16.9667           -6.0882
-16.9232           -5.9873
-16.8786           -5.887
-16.8328           -5.7871
-16.786           -5.6877
-16.7381           -5.5889
-16.6891           -5.4906
-16.6391           -5.3928
-16.5879           -5.2956
-16.5357           -5.199
-16.4825           -5.1029
-16.4281           -5.0075
-16.3728           -4.9126
-16.3164           -4.8184
-16.259           -4.7247
-16.2005           -4.6317
-16.141           -4.5394
-16.0806           -4.4477
-16.0191           -4.3567
-15.9566           -4.2664
-15.8931           -4.1767
-15.8287           -4.0878
-15.7633           -3.9996
-15.6969           -3.9121
-15.6295           -3.8253
-15.5612           -3.7393
-15.492           -3.654
-15.4218           -3.5695
-15.3507           -3.4858
-15.2787           -3.4028
-15.2058           -3.3207
-15.132           -3.2394
-15.0573           -3.1588
-14.9817           -3.0791
-14.9053           -3.0003
-14.828           -2.9223
-14.7498           -2.8451
-14.6708           -2.7688
-14.591           -2.6934
-14.5103           -2.6188
-14.4264           -2.5479
-14.3376           -2.4834
-14.2443           -2.4255
-14.147           -2.3745
-14.0463           -2.3309
-13.9426           -2.2947
-13.8365           -2.2662
-13.7293           -2.2424
-13.622           -2.2188
-13.5147           -2.1954
-13.4074           -2.1721
-13.3           -2.149
-13.1926           -2.126
-13.0852           -2.1032
-12.9777           -2.0805
-12.8702           -2.0579
-12.7627           -2.0355
-12.6551           -2.0133
-12.5475           -1.9912
-12.4399           -1.9692
-12.3323           -1.9474
-12.2246           -1.9258
-12.1169           -1.9042
-12.0091           -1.8829
-11.9014           -1.8617
-11.7936           -1.8406
-11.6858           -1.8197
-11.5779           -1.7989
-11.47           -1.7783
-11.3621           -1.7578
-11.2542           -1.7375
-11.1462           -1.7173
-11.0382           -1.6973
-10.9302           -1.6774
-10.8221           -1.6576
-10.7141           -1.6381
-10.606           -1.6186
-10.4978           -1.5993
-10.3897           -1.5802
-10.2815           -1.5612
-10.1733           -1.5423
-10.0651           -1.5237
-9.9568           -1.5051
-9.8485           -1.4867
-9.7402           -1.4685
-9.6319           -1.4504
-9.5235           -1.4324
-9.4151           -1.4146
-9.3067           -1.3969
-9.1983           -1.3794
-9.0898           -1.3621
-8.9814           -1.3449
-8.8729           -1.3278
-8.7643           -1.3109
-8.6558           -1.2941
-8.5472           -1.2775
-8.4386           -1.2611
-8.33           -1.2448
-8.2214           -1.2286
-8.1127           -1.2126
-8.004           -1.1967
-7.8953           -1.181
-7.7866           -1.1654
-7.6778           -1.15
-7.5691           -1.1347
-7.4603           -1.1196
-7.3515           -1.1046
-7.2426           -1.0898
-7.1338           -1.0752
-7.0249           -1.0606
-6.916           -1.0463
-6.8071           -1.032
-6.6982           -1.018
-6.5892           -1.004
-6.4803           -.9903
-6.3713           -.9766
-6.2623           -.9632
-6.1532           -.9498
-6.0442           -.9367
-5.9351           -.9236
-5.8261           -.9108
-5.717           -.898
-5.6078           -.8855
-5.4987           -.873
-5.3896           -.8608
-5.2804           -.8486
-5.1712           -.8367
-5.062           -.8248
-4.9528           -.8131
-4.8436           -.8016
-4.7343           -.7902
-4.6251           -.779
-4.5158           -.7679
-4.4065           -.757
-4.2972           -.7462
-4.1879           -.7356
-4.0786           -.7251
-3.9692           -.7148
-3.8598           -.7046
-3.7505           -.6946
-3.6411           -.6847
-3.5317           -.675
-3.4223           -.6654
-3.3128           -.656
-3.2034           -.6467
-3.0939           -.6376
-2.9845           -.6286
-2.875           -.6198
-2.7655           -.6111
-2.656           -.6026
-2.5465           -.5942
-2.4369           -.586
-2.3274           -.5779
-2.2178           -.57
-2.1083           -.5622
-1.9987           -.5546
-1.8891           -.5471
-1.7795           -.5398
-1.6699           -.5326
-1.5603           -.5256
-1.4507           -.5188
-1.3411           -.512
-1.2314           -.5055
-1.1218           -.499
-1.0121           -.4926
-.9025           -.4863
-.7928           -.4799
-.6832           -.4736
-.5735           -.4674
-.4639           -.4612
-.3542           -.455
-.2445           -.4488
-.1349           -.4428
-.0252           -.4367
.0845           -.4307
.1941           -.4247
.3038           -.4188
.4135           -.4129
.5232           -.407
.6329           -.4012
.7425           -.3955
.8522           -.3897
.9619           -.384
1.0716           -.3784
1.1813           -.3728
1.291           -.3672
1.4007           -.3617
1.5104           -.3562
1.6201           -.3507
1.7298           -.3453
1.8395           -.3399
1.9492           -.3346
2.0589           -.3293
2.1686           -.3241
2.2783           -.3189
2.388           -.3137
2.4978           -.3086
2.6075           -.3035
2.7172           -.2984
2.8269           -.2934
2.9366           -.2884
3.0464           -.2835
3.1561           -.2786
3.2658           -.2738
3.3756           -.269
3.4853           -.2642
3.595           -.2595
3.7048           -.2548
3.8145           -.2501
3.9242           -.2455
4.034           -.241
4.1437           -.2364
4.2535           -.232
4.3632           -.2275
4.473           -.2231
4.5827           -.2187
4.6925           -.2144
4.8022           -.2101
4.912           -.2059
5.0217           -.2017
5.1315           -.1975
5.2412           -.1934
5.351           -.1893
5.4607           -.1853
5.5705           -.1812
5.6803           -.1773
5.79           -.1734
5.8998           -.1695
6.0096           -.1656
6.1193           -.1618
6.2291           -.1581
6.3389           -.1543
6.4487           -.1507
6.5584           -.147
6.6682           -.1434
6.778           -.1399
6.8878           -.1363
6.9976           -.1328
7.1073           -.1294
7.2171           -.126
7.3269           -.1226
7.4367           -.1193
7.5465           -.116
7.6563           -.1128
7.7661           -.1096
7.8758           -.1064
7.9856           -.1033
8.0954           -.1002
8.2052           -.0972
8.315           -.0942
8.4248           -.0912
8.5346           -.0883
8.6444           -.0854
8.7542           -.0826
8.864           -.0798
8.9738           -.0771
9.0836           -.0745
9.1934           -.0719
9.3032           -.0693
9.413           -.0668
9.5228           -.0643
9.6326           -.0618
9.7425           -.0594
9.8523           -.0571
9.9621           -.0548
10.0719           -.0525
10.1817           -.0502
10.2915           -.048
10.4013           -.0459
10.5111           -.0437
10.621           -.0416
10.7308           -.0396
10.8406           -.0376
10.9504           -.0356
11.0602           -.0337
11.1701           -.0318
11.2799           -.03
11.3897           -.0282
11.4995           -.0264
11.6093           -.0247
11.7192           -.023
11.829           -.0214
11.9388           -.0198
12.0486           -.0182
12.1585           -.0167
12.2683           -.0152
12.3781           -.0138
12.4879           -.0124
12.5978           -.011
12.7076           -.0097
12.8174           -.0084
12.9272           -.0072
13.0371           -.006
13.1469           -.0048
13.2567           -.0037
13.3666           -.0026
13.4764           -.0016
13.5862           -.0006
13.6961           .0004
13.8059           .0013
13.9157           .0022
14.0256           .003
14.1354           .0038
14.2452           .0045
14.3551           .0053
14.4649           .0059
14.5747           .0066
14.6846           .0072
14.7944           .0077
14.9042           .0082
15.0141           .0087
15.1239           .0091
15.2337           .0095
15.3436           .0099
15.4534           .0102
15.5632           .0105
15.6731           .0107
15.7829           .0109
15.8927           .0111
16.0026           .0112
16.1124           .0112
16.2223           .0113
16.3321           .0113
16.4419           .0112
16.5518           .0111
16.6616           .011
16.7714           .0108
16.8813           .0106
16.9911           .0104
17.1009           .0101
17.2108           .0098
17.3206           .0094
17.4304           .009
17.5403           .0085
17.6501           .008
17.7599           .0075
17.8698           .0069
17.9796           .0063
18.0894           .0057
18.1993           .005
18.3091           .0043
18.4189           .0035
18.5288           .0027
18.6386           .0018
18.7484           .0009
-18.1391           -23
85.1286           -23
84.767           -15.4646
22.7239           0
18.8583           0
