85.8393           -8.5581
85.9106           -8.6887
85.9803           -8.8201
86.0486           -8.9523
86.1153           -9.0853
86.1805           -9.219
86.2441           -9.3535
86.3063           -9.4887
86.3668           -9.6245
86.4258           -9.7611
86.4833           -9.8983
86.5392           -10.0362
86.5934           -10.1747
86.6461           -10.3139
86.6972           -10.4536
86.7467           -10.5939
86.7946           -10.7347
86.8409           -10.8761
86.8856           -11.018
86.9286           -11.1604
86.97           -11.3033
87.0098           -11.4467
87.0479           -11.5905
87.0843           -11.7347
87.1192           -11.8794
87.1523           -12.0244
87.1838           -12.1698
87.2136           -12.3155
87.2418           -12.4616
87.2683           -12.608
87.2931           -12.7547
87.3162           -12.9017
87.3377           -13.0489
87.3574           -13.1963
87.3755           -13.344
87.3919           -13.4919
87.4066           -13.6399
87.4195           -13.7881
87.4308           -13.9364
87.4404           -14.0849
87.4484           -14.2335
87.4558           -14.382
87.4632           -14.5306
87.4707           -14.6792
87.4781           -14.8278
87.4855           -14.9764
87.4929           -15.125
87.5004           -15.2736
87.5078           -15.4221
87.5152           -15.5707
87.5227           -15.7193
87.5301           -15.8679
87.5375           -16.0165
87.545           -16.1651
87.5524           -16.3137
87.5598           -16.4622
87.5672           -16.6108
87.5747           -16.7594
87.5821           -16.908
87.5895           -17.0566
87.597           -17.2052
87.6044           -17.3538
87.6118           -17.5023
87.6192           -17.6509
87.6267           -17.7995
87.6341           -17.9481
87.6415           -18.0967
87.649           -18.2453
87.6564           -18.3939
87.6638           -18.5424
87.6713           -18.691
87.6787           -18.8396
87.6861           -18.9882
87.6935           -19.1368
87.701           -19.2854
87.7084           -19.434
87.7158           -19.5825
87.7233           -19.7311
87.7307           -19.8797
87.7381           -20.0283
87.7455           -20.1769
87.753           -20.3255
87.7604           -20.474
87.7678           -20.6226
87.7753           -20.7712
87.7827           -20.9198
87.7901           -21.0684
87.7975           -21.217
87.805           -21.3656
87.8124           -21.5141
87.8198           -21.6627
87.8273           -21.8113
87.8347           -21.9599
87.8421           -22.1085
87.8496           -22.2571
87.857           -22.4057
87.8644           -22.5542
87.8718           -22.7028
87.8793           -22.8514
51.9817           -.0076
52.1552           -.0305
52.326           -.0682
52.4957           -.1106
52.6655           -.1531
52.8352           -.1955
53.005           -.2379
53.1747           -.2804
53.3445           -.3228
53.5142           -.3653
53.684           -.4077
53.8537           -.4501
54.0235           -.4926
54.1932           -.535
54.363           -.5774
54.5327           -.6199
54.7025           -.6623
54.8722           -.7048
55.042           -.7472
55.2117           -.7896
55.3815           -.8321
55.5512           -.8745
55.721           -.9169
55.8907           -.9594
56.0605           -1.0018
56.2302           -1.0443
56.4           -1.0867
56.5697           -1.1291
56.7395           -1.1716
56.9092           -1.214
57.079           -1.2564
57.2487           -1.2989
57.4185           -1.3413
57.5882           -1.3838
57.758           -1.4262
57.9277           -1.4686
58.0975           -1.5111
58.2672           -1.5535
58.437           -1.5959
58.6067           -1.6384
58.7765           -1.6808
58.9462           -1.7233
59.1159           -1.7657
59.2857           -1.8081
59.4554           -1.8506
59.6252           -1.893
59.7949           -1.9354
59.9647           -1.9779
60.1344           -2.0203
60.3042           -2.0627
60.4739           -2.1052
60.6437           -2.1476
60.8134           -2.1901
60.9832           -2.2325
61.1529           -2.2749
61.3227           -2.3174
61.4924           -2.3598
61.6622           -2.4022
61.8319           -2.4447
62.0017           -2.4871
62.1714           -2.5296
62.3412           -2.572
62.5109           -2.6144
62.6807           -2.6569
62.8504           -2.6993
63.0202           -2.7417
63.1899           -2.7842
63.3597           -2.8266
63.5294           -2.8691
63.6992           -2.9115
63.8689           -2.9539
64.0387           -2.9964
64.2084           -3.0388
64.3782           -3.0812
64.5479           -3.1237
64.7177           -3.1661
64.8874           -3.2086
65.0572           -3.251
65.2269           -3.2934
65.3967           -3.3359
65.5664           -3.3783
65.7362           -3.4207
65.9059           -3.4632
66.0757           -3.5056
66.2454           -3.5481
66.4152           -3.5905
66.5849           -3.6329
66.7547           -3.6754
66.9244           -3.7178
67.0942           -3.7602
67.2639           -3.8027
67.4337           -3.8451
67.6034           -3.8876
67.7732           -3.93
67.9429           -3.9724
68.1127           -4.0149
68.2824           -4.0573
68.4522           -4.0997
68.6219           -4.1422
68.7917           -4.1846
68.9614           -4.2271
69.1312           -4.2695
69.3009           -4.3119
69.4707           -4.3544
69.6404           -4.3968
69.8102           -4.4392
69.9799           -4.4817
70.1497           -4.5241
70.3194           -4.5666
70.4891           -4.609
70.6589           -4.6514
70.8286           -4.6939
70.9984           -4.7363
71.1681           -4.7787
71.3379           -4.8212
71.5076           -4.8636
71.6774           -4.906
71.8471           -4.9485
72.0169           -4.9909
72.1866           -5.0334
72.3564           -5.0758
72.5261           -5.1182
72.6959           -5.1607
72.8656           -5.2031
73.0354           -5.2455
73.2051           -5.288
73.3749           -5.3304
73.5446           -5.3729
73.7144           -5.4153
73.8841           -5.4577
74.0539           -5.5002
74.2236           -5.5426
74.3934           -5.585
74.5631           -5.6275
74.7329           -5.6699
74.9026           -5.7124
75.0724           -5.7548
75.2421           -5.7972
75.4119           -5.8397
75.5816           -5.8821
75.7514           -5.9245
75.9211           -5.967
76.0909           -6.0094
76.2606           -6.0519
76.4304           -6.0943
76.6001           -6.1367
76.7699           -6.1792
76.9396           -6.2216
77.1094           -6.264
77.2791           -6.3065
77.4489           -6.3489
77.6186           -6.3914
77.7884           -6.4338
77.9581           -6.4762
78.1279           -6.5187
78.2976           -6.5611
78.4674           -6.6035
78.6371           -6.646
78.8069           -6.6884
78.9766           -6.7309
79.1464           -6.7733
79.3161           -6.8157
79.4859           -6.8582
79.6556           -6.9006
79.8254           -6.943
79.9951           -6.9855
80.1649           -7.0279
80.3346           -7.0704
80.5044           -7.1128
80.6741           -7.1552
80.8439           -7.1977
81.0136           -7.2401
81.1834           -7.2825
81.3531           -7.325
81.5229           -7.3674
81.6926           -7.4099
81.8623           -7.4523
82.0321           -7.4947
82.2018           -7.5372
82.3716           -7.5796
82.5413           -7.622
82.7111           -7.6645
82.8808           -7.7069
83.0506           -7.7493
83.2203           -7.7918
83.3901           -7.8342
83.5598           -7.8767
83.7296           -7.9191
83.8993           -7.9615
84.0691           -8.004
84.2388           -8.0464
84.4086           -8.0888
84.5783           -8.1313
84.7481           -8.1737
84.9178           -8.2162
85.0876           -8.2586
85.2573           -8.301
85.4271           -8.3435
85.5968           -8.3859
21.7673           0
21.9183           0
22.0692           0
22.2202           0
22.3711           0
22.5221           0
22.673           0
22.824           0
22.975           0
23.1259           0
23.2769           0
23.4278           0
23.5788           0
23.7297           0
23.8807           0
24.0316           0
24.1826           0
24.3335           0
24.4845           0
24.6354           0
24.7864           0
24.9373           0
25.0883           0
25.2393           0
25.3902           0
25.5412           0
25.6921           0
25.8431           0
25.994           0
26.145           0
26.2959           0
26.4469           0
26.5978           0
26.7488           0
26.8997           0
27.0507           0
27.2016           0
27.3526           0
27.5035           0
27.6545           0
27.8055           0
27.9564           0
28.1074           0
28.2583           0
28.4093           0
28.5602           0
28.7112           0
28.8621           0
29.0131           0
29.164           0
29.315           0
29.4659           0
29.6169           0
29.7678           0
29.9188           0
30.0697           0
30.2207           0
30.3717           0
30.5226           0
30.6736           0
30.8245           0
30.9755           0
31.1264           0
31.2774           0
31.4283           0
31.5793           0
31.7302           0
31.8812           0
32.0321           0
32.1831           0
32.334           0
32.485           0
32.636           0
32.7869           0
32.9379           0
33.0888           0
33.2398           0
33.3907           0
33.5417           0
33.6926           0
33.8436           0
33.9945           0
34.1455           0
34.2964           0
34.4474           0
34.5983           0
34.7493           0
34.9002           0
35.0512           0
35.2022           0
35.3531           0
35.5041           0
35.655           0
35.806           0
35.9569           0
36.1079           0
36.2588           0
36.4098           0
36.5607           0
36.7117           0
36.8626           0
37.0136           0
37.1645           0
37.3155           0
37.4664           0
37.6174           0
37.7684           0
37.9193           0
38.0703           0
38.2212           0
38.3722           0
38.5231           0
38.6741           0
38.825           0
38.976           0
39.1269           0
39.2779           0
39.4288           0
39.5798           0
39.7307           0
39.8817           0
40.0327           0
40.1836           0
40.3346           0
40.4855           0
40.6365           0
40.7874           0
40.9384           0
41.0893           0
41.2403           0
41.3912           0
41.5422           0
41.6931           0
41.8441           0
41.995           0
42.146           0
42.2969           0
42.4479           0
42.5989           0
42.7498           0
42.9008           0
43.0517           0
43.2027           0
43.3536           0
43.5046           0
43.6555           0
43.8065           0
43.9574           0
44.1084           0
44.2593           0
44.4103           0
44.5612           0
44.7122           0
44.8631           0
45.0141           0
45.1651           0
45.316           0
45.467           0
45.6179           0
45.7689           0
45.9198           0
46.0708           0
46.2217           0
46.3727           0
46.5236           0
46.6746           0
46.8255           0
46.9765           0
47.1274           0
47.2784           0
47.4294           0
47.5803           0
47.7313           0
47.8822           0
48.0332           0
48.1841           0
48.3351           0
48.486           0
48.637           0
48.7879           0
48.9389           0
49.0898           0
49.2408           0
49.3917           0
49.5427           0
49.6936           0
49.8446           0
49.9956           0
50.1465           0
50.2975           0
50.4484           0
50.5994           0
50.7503           0
50.9013           0
51.0522           0
51.2032           0
51.3541           0
51.5051           0
51.656           0
-15.3779           -22.8902
-15.3747           -22.7804
-15.3716           -22.6706
-15.3684           -22.5608
-15.3653           -22.451
-15.3622           -22.3413
-15.359           -22.2315
-15.3559           -22.1217
-15.3528           -22.0119
-15.3496           -21.9021
-15.3465           -21.7923
-15.3433           -21.6825
-15.3402           -21.5727
-15.3371           -21.4629
-15.3339           -21.3531
-15.3308           -21.2433
-15.3277           -21.1336
-15.3245           -21.0238
-15.3214           -20.914
-15.3182           -20.8042
-15.3151           -20.6944
-15.312           -20.5846
-15.3088           -20.4748
-15.3057           -20.365
-15.3026           -20.2552
-15.2994           -20.1454
-15.2963           -20.0356
-15.2932           -19.9259
-15.29           -19.8161
-15.2869           -19.7063
-15.2837           -19.5965
-15.2806           -19.4867
-15.2775           -19.3769
-15.2743           -19.2671
-15.2712           -19.1573
-15.2681           -19.0475
-15.2649           -18.9377
-15.2618           -18.8279
-15.2586           -18.7182
-15.2555           -18.6084
-15.2524           -18.4986
-15.2492           -18.3888
-15.2461           -18.279
-15.243           -18.1692
-15.2398           -18.0594
-15.2367           -17.9496
-15.2336           -17.8398
-15.2304           -17.73
-15.2273           -17.6202
-15.2241           -17.5105
-15.221           -17.4007
-15.2179           -17.2909
-15.2147           -17.1811
-15.2116           -17.0713
-15.2085           -16.9615
-15.2053           -16.8517
-15.2022           -16.7419
-15.199           -16.6321
-15.1959           -16.5223
-15.1928           -16.4125
-15.1896           -16.3028
-15.1865           -16.193
-15.1834           -16.0832
-15.1802           -15.9734
-15.1771           -15.8636
-15.174           -15.7538
-15.1708           -15.644
-15.1677           -15.5342
-15.1645           -15.4244
-15.1614           -15.3146
-15.1583           -15.2048
-15.1551           -15.0951
-15.152           -14.9853
-15.1489           -14.8755
-15.1457           -14.7657
-15.1426           -14.6559
-15.1394           -14.5461
-15.1363           -14.4363
-15.1332           -14.3265
-15.13           -14.2167
-15.1269           -14.1069
-15.1238           -13.9971
-15.1206           -13.8874
-15.1175           -13.7776
-15.1144           -13.6678
-15.1112           -13.558
-15.1081           -13.4482
-15.1049           -13.3384
-15.1018           -13.2286
-15.0987           -13.1188
-15.0955           -13.009
-15.0924           -12.8992
-15.0893           -12.7894
-15.0861           -12.6797
-15.083           -12.5699
-15.0798           -12.4601
-15.0767           -12.3503
-15.0736           -12.2405
-15.0704           -12.1307
-15.0673           -12.0209
-15.0642           -11.9111
-15.061           -11.8013
-15.0579           -11.6915
-15.0548           -11.5817
-15.0516           -11.4719
-15.0485           -11.3622
-15.0453           -11.2524
-15.0422           -11.1426
-15.0391           -11.0328
-15.0359           -10.923
-15.0328           -10.8132
-15.0297           -10.7034
-15.0265           -10.5936
-15.0234           -10.4838
-15.0202           -10.374
-15.0171           -10.2642
-15.014           -10.1545
-15.0108           -10.0447
-15.0077           -9.9349
-15.0046           -9.8251
-15.0014           -9.7153
-14.9977           -9.6055
-14.9928           -9.4958
-14.9866           -9.3861
-14.9793           -9.2765
-14.9707           -9.167
-14.961           -9.0576
-14.95           -8.9484
-14.9379           -8.8392
-14.9245           -8.7302
-14.91           -8.6213
-14.8942           -8.5126
-14.8773           -8.4041
-14.8592           -8.2958
-14.8399           -8.1876
-14.8194           -8.0797
-14.7977           -7.972
-14.7748           -7.8646
-14.7508           -7.7574
-14.7256           -7.6505
-14.6992           -7.5439
-14.6716           -7.4376
-14.6429           -7.3316
-14.613           -7.2259
-14.5819           -7.1206
-14.5497           -7.0155
-14.5164           -6.9109
-14.4819           -6.8066
-14.4462           -6.7027
-14.4095           -6.5992
-14.3715           -6.4962
-14.3325           -6.3935
-14.2923           -6.2913
-14.251           -6.1895
-14.2086           -6.0882
-14.1651           -5.9873
-14.1205           -5.887
-14.0747           -5.7871
-14.0279           -5.6877
-13.98           -5.5889
-13.931           -5.4906
-13.881           -5.3928
-13.8298           -5.2956
-13.7776           -5.199
-13.7244           -5.1029
-13.67           -5.0075
-13.6147           -4.9126
-13.5583           -4.8184
-13.5009           -4.7247
-13.4424           -4.6317
-13.3829           -4.5394
-13.3225           -4.4477
-13.261           -4.3567
-13.1985           -4.2664
-13.135           -4.1767
-13.0706           -4.0878
-13.0052           -3.9996
-12.9388           -3.9121
-12.8714           -3.8253
-12.8031           -3.7393
-12.7339           -3.654
-12.6637           -3.5695
-12.5926           -3.4858
-12.5206           -3.4028
-12.4477           -3.3207
-12.3739           -3.2394
-12.2992           -3.1588
-12.2236           -3.0791
-12.1472           -3.0003
-12.0699           -2.9223
-11.9917           -2.8451
-11.9127           -2.7688
-11.8329           -2.6934
-11.7522           -2.6188
-11.6683           -2.5479
-11.5795           -2.4834
-11.4862           -2.4255
-11.3889           -2.3745
-11.2882           -2.3309
-11.1845           -2.2947
-11.0784           -2.2662
-10.9712           -2.2424
-10.8639           -2.2188
-10.7566           -2.1954
-10.6493           -2.1721
-10.5419           -2.149
-10.4345           -2.126
-10.3271           -2.1032
-10.2196           -2.0805
-10.1121           -2.0579
-10.0046           -2.0355
-9.897           -2.0133
-9.7894           -1.9912
-9.6818           -1.9692
-9.5742           -1.9474
-9.4665           -1.9258
-9.3588           -1.9042
-9.251           -1.8829
-9.1433           -1.8617
-9.0355           -1.8406
-8.9277           -1.8197
-8.8198           -1.7989
-8.7119           -1.7783
-8.604           -1.7578
-8.4961           -1.7375
-8.3881           -1.7173
-8.2801           -1.6973
-8.1721           -1.6774
-8.064           -1.6576
-7.956           -1.6381
-7.8479           -1.6186
-7.7397           -1.5993
-7.6316           -1.5802
-7.5234           -1.5612
-7.4152           -1.5423
-7.307           -1.5237
-7.1987           -1.5051
-7.0904           -1.4867
-6.9821           -1.4685
-6.8738           -1.4504
-6.7654           -1.4324
-6.657           -1.4146
-6.5486           -1.3969
-6.4402           -1.3794
-6.3317           -1.3621
-6.2233           -1.3449
-6.1148           -1.3278
-6.0062           -1.3109
-5.8977           -1.2941
-5.7891           -1.2775
-5.6805           -1.2611
-5.5719           -1.2448
-5.4633           -1.2286
-5.3546           -1.2126
-5.2459           -1.1967
-5.1372           -1.181
-5.0285           -1.1654
-4.9197           -1.15
-4.811           -1.1347
-4.7022           -1.1196
-4.5934           -1.1046
-4.4845           -1.0898
-4.3757           -1.0752
-4.2668           -1.0606
-4.1579           -1.0463
-4.049           -1.032
-3.9401           -1.018
-3.8311           -1.004
-3.7222           -.9903
-3.6132           -.9766
-3.5042           -.9632
-3.3951           -.9498
-3.2861           -.9367
-3.177           -.9236
-3.068           -.9108
-2.9589           -.898
-2.8497           -.8855
-2.7406           -.873
-2.6315           -.8608
-2.5223           -.8486
-2.4131           -.8367
-2.3039           -.8248
-2.1947           -.8131
-2.0855           -.8016
-1.9762           -.7902
-1.867           -.779
-1.7577           -.7679
-1.6484           -.757
-1.5391           -.7462
-1.4298           -.7356
-1.3205           -.7251
-1.2111           -.7148
-1.1017           -.7046
-.9924           -.6946
-.883           -.6847
-.7736           -.675
-.6642           -.6654
-.5547           -.656
-.4453           -.6467
-.3358           -.6376
-.2264           -.6286
-.1169           -.6198
-.0074           -.6111
.1021           -.6026
.2116           -.5942
.3212           -.586
.4307           -.5779
.5403           -.57
.6498           -.5622
.7594           -.5546
.869           -.5471
.9786           -.5398
1.0882           -.5326
1.1978           -.5256
1.3074           -.5188
1.417           -.512
1.5267           -.5055
1.6363           -.499
1.746           -.4926
1.8556           -.4863
1.9653           -.4799
2.0749           -.4736
2.1846           -.4674
2.2942           -.4612
2.4039           -.455
2.5136           -.4488
2.6232           -.4428
2.7329           -.4367
2.8426           -.4307
2.9522           -.4247
3.0619           -.4188
3.1716           -.4129
3.2813           -.407
3.391           -.4012
3.5006           -.3955
3.6103           -.3897
3.72           -.384
3.8297           -.3784
3.9394           -.3728
4.0491           -.3672
4.1588           -.3617
4.2685           -.3562
4.3782           -.3507
4.4879           -.3453
4.5976           -.3399
4.7073           -.3346
4.817           -.3293
4.9267           -.3241
5.0364           -.3189
5.1461           -.3137
5.2559           -.3086
5.3656           -.3035
5.4753           -.2984
5.585           -.2934
5.6947           -.2884
5.8045           -.2835
5.9142           -.2786
6.0239           -.2738
6.1337           -.269
6.2434           -.2642
6.3531           -.2595
6.4629           -.2548
6.5726           -.2501
6.6823           -.2455
6.7921           -.241
6.9018           -.2364
7.0116           -.232
7.1213           -.2275
7.2311           -.2231
7.3408           -.2187
7.4506           -.2144
7.5603           -.2101
7.6701           -.2059
7.7798           -.2017
7.8896           -.1975
7.9993           -.1934
8.1091           -.1893
8.2188           -.1853
8.3286           -.1812
8.4384           -.1773
8.5481           -.1734
8.6579           -.1695
8.7677           -.1656
8.8774           -.1618
8.9872           -.1581
9.097           -.1543
9.2068           -.1507
9.3165           -.147
9.4263           -.1434
9.5361           -.1399
9.6459           -.1363
9.7557           -.1328
9.8654           -.1294
9.9752           -.126
10.085           -.1226
10.1948           -.1193
10.3046           -.116
10.4144           -.1128
10.5242           -.1096
10.6339           -.1064
10.7437           -.1033
10.8535           -.1002
10.9633           -.0972
11.0731           -.0942
11.1829           -.0912
11.2927           -.0883
11.4025           -.0854
11.5123           -.0826
11.6221           -.0798
11.7319           -.0771
11.8417           -.0745
11.9515           -.0719
12.0613           -.0693
12.1711           -.0668
12.2809           -.0643
12.3907           -.0618
12.5006           -.0594
12.6104           -.0571
12.7202           -.0548
12.83           -.0525
12.9398           -.0502
13.0496           -.048
13.1594           -.0459
13.2692           -.0437
13.3791           -.0416
13.4889           -.0396
13.5987           -.0376
13.7085           -.0356
13.8183           -.0337
13.9282           -.0318
14.038           -.03
14.1478           -.0282
14.2576           -.0264
14.3674           -.0247
14.4773           -.023
14.5871           -.0214
14.6969           -.0198
14.8067           -.0182
14.9166           -.0167
15.0264           -.0152
15.1362           -.0138
15.246           -.0124
15.3559           -.011
15.4657           -.0097
15.5755           -.0084
15.6853           -.0072
15.7952           -.006
15.905           -.0048
16.0148           -.0037
16.1247           -.0026
16.2345           -.0016
16.3443           -.0006
16.4542           .0004
16.564           .0013
16.6738           .0022
16.7837           .003
16.8935           .0038
17.0033           .0045
17.1132           .0053
17.223           .0059
17.3328           .0066
17.4427           .0072
17.5525           .0077
17.6623           .0082
17.7722           .0087
17.882           .0091
17.9918           .0095
18.1017           .0099
18.2115           .0102
18.3213           .0105
18.4312           .0107
18.541           .0109
18.6508           .0111
18.7607           .0112
18.8705           .0112
18.9804           .0113
19.0902           .0113
19.2           .0112
19.3099           .0111
19.4197           .011
19.5295           .0108
19.6394           .0106
19.7492           .0104
19.859           .0101
19.9689           .0098
20.0787           .0094
20.1885           .009
20.2984           .0085
20.4082           .008
20.518           .0075
20.6279           .0069
20.7377           .0063
20.8475           .0057
20.9574           .005
21.0672           .0043
21.177           .0035
21.2869           .0027
21.3967           .0018
21.5065           .0009
87.8867           -23
85.7666           -8.4283
51.807           0
21.4233           0
-15.381           -23
