-16.1114           -1.5093
-16.0736           -1.5046
-16.0358           -1.5001
-15.9979           -1.4958
-15.96           -1.4917
-15.9221           -1.4878
-15.8842           -1.4842
-15.8463           -1.4807
-15.8083           -1.4774
-15.7703           -1.4743
-15.7324           -1.4715
-15.6943           -1.4688
-15.6563           -1.4664
-15.6183           -1.4641
-15.5803           -1.4621
-15.5422           -1.4603
-15.5041           -1.4587
-15.4661           -1.4573
-15.428           -1.4561
-15.3899           -1.4551
-15.3518           -1.4543
-15.3137           -1.4537
-15.2756           -1.4533
-15.2375           -1.4532
-15.1994           -1.4532
-15.1613           -1.4535
-15.1233           -1.4539
-15.0852           -1.4546
-15.0471           -1.4555
-15.009           -1.4565
-14.9709           -1.4578
-14.9329           -1.4593
-14.8948           -1.461
-14.8567           -1.4629
-14.8187           -1.465
-14.7807           -1.4674
-14.7427           -1.4699
-14.7047           -1.4726
-14.6667           -1.4756
-14.6287           -1.4787
-14.5908           -1.4821
-14.5528           -1.4856
-14.5149           -1.4894
-14.477           -1.4934
-14.4392           -1.4976
-14.4013           -1.5019
-14.3635           -1.5065
-14.3257           -1.5113
-14.288           -1.5163
-14.1806           -1.5314
-14.111           -1.5413
-14.0415           -1.5512
-13.9719           -1.5612
-13.9023           -1.5713
-13.8328           -1.5815
-13.7632           -1.5917
-13.6937           -1.6019
-13.6242           -1.6122
-13.5547           -1.6226
-13.4852           -1.6331
-13.4157           -1.6436
-13.3462           -1.6541
-13.2767           -1.6648
-13.2072           -1.6754
-13.1378           -1.6862
-13.0683           -1.697
-12.9989           -1.7079
-12.9294           -1.7188
-12.86           -1.7298
-12.7906           -1.7408
-12.7212           -1.752
-12.6518           -1.7631
-12.5824           -1.7744
-12.5131           -1.7857
-12.4437           -1.797
-12.3743           -1.8084
-12.305           -1.8199
-12.2357           -1.8315
-12.1663           -1.8431
-12.097           -1.8547
-12.0277           -1.8664
-11.9584           -1.8782
-11.8892           -1.8901
-11.8199           -1.902
-11.7506           -1.9139
-11.6814           -1.926
-11.6121           -1.9381
-11.5429           -1.9502
-11.4737           -1.9624
-11.4045           -1.9747
-11.3353           -1.987
-11.2661           -1.9994
-11.1969           -2.0119
-11.1278           -2.0244
-11.0586           -2.037
-10.9895           -2.0496
-10.9203           -2.0623
-10.8512           -2.075
-10.7821           -2.0879
-10.713           -2.1007
-10.6439           -2.1137
-10.5749           -2.1267
-10.5058           -2.1397
-10.4368           -2.1529
-10.3677           -2.166
-10.2987           -2.1793
-10.2297           -2.1926
-10.1607           -2.206
-10.0917           -2.2194
-10.0227           -2.2329
-9.9537           -2.2464
-9.8848           -2.26
-9.8158           -2.2737
-9.7469           -2.2874
-9.678           -2.3012
-9.6091           -2.315
-9.5402           -2.329
-9.4713           -2.3429
-9.4024           -2.357
-9.3336           -2.371
-9.2647           -2.3852
-9.1959           -2.3994
-9.127           -2.4137
-9.0582           -2.428
-8.9894           -2.4424
-8.9207           -2.4569
-8.8519           -2.4714
-8.7831           -2.4859
-8.7144           -2.5006
-8.6456           -2.5153
-8.5769           -2.53
-8.5082           -2.5448
-8.4395           -2.5597
-8.3708           -2.5747
-8.3022           -2.5896
-8.2335           -2.6047
-8.1649           -2.6198
-8.0963           -2.635
-8.0276           -2.6502
-7.959           -2.6655
-7.8905           -2.6809
-7.8219           -2.6963
-7.7533           -2.7118
-7.6848           -2.7273
-7.6162           -2.7429
-7.5477           -2.7586
-7.4792           -2.7743
-7.4107           -2.7901
-7.3422           -2.8059
-7.2738           -2.8218
-7.2053           -2.8378
-7.1369           -2.8538
-7.0685           -2.8699
-7.0001           -2.886
-6.9317           -2.9022
-6.8633           -2.9185
-6.7949           -2.9348
-6.7266           -2.9512
-6.6582           -2.9676
-6.5899           -2.9841
-6.5216           -3.0007
-6.4533           -3.0173
-6.385           -3.034
-6.3168           -3.0507
-6.2485           -3.0675
-6.1803           -3.0844
-6.1121           -3.1013
-6.0439           -3.1183
-5.9757           -3.1353
-5.9075           -3.1524
-5.8393           -3.1696
-5.7712           -3.1868
-5.7031           -3.2041
-5.635           -3.2214
-5.5669           -3.2388
-5.4988           -3.2563
-5.4307           -3.2738
-5.3627           -3.2914
-5.2947           -3.3092
-5.2267           -3.3273
-5.1589           -3.3458
-5.0912           -3.3647
-5.0236           -3.3839
-4.9561           -3.4035
-4.8887           -3.4235
-4.8215           -3.4438
-4.7543           -3.4645
-4.6872           -3.4855
-4.6203           -3.507
-4.5535           -3.5287
-4.4867           -3.5509
-4.4202           -3.5734
-4.3537           -3.5962
-4.2874           -3.6195
-4.2211           -3.643
-4.1551           -3.667
-4.0891           -3.6913
-4.0233           -3.7159
-3.9576           -3.7409
-3.892           -3.7663
-3.8266           -3.792
-3.7613           -3.818
-3.6962           -3.8445
-3.6312           -3.8712
-3.5664           -3.8983
-3.5017           -3.9258
-3.4371           -3.9536
-3.3727           -3.9818
-3.3085           -4.0103
-3.2444           -4.0392
-3.1805           -4.0684
-3.1167           -4.0979
-3.0531           -4.1278
-2.9897           -4.1581
-2.9264           -4.1887
-2.8633           -4.2196
-2.8003           -4.2509
-2.7375           -4.2825
-2.6749           -4.3144
-2.6125           -4.3467
-2.5502           -4.3793
-2.4882           -4.4123
-2.4263           -4.4456
-2.3645           -4.4792
-2.303           -4.5132
-2.2416           -4.5474
-2.1805           -4.5821
-2.1195           -4.617
-2.0587           -4.6523
-1.9981           -4.6879
-1.9377           -4.7239
-1.8775           -4.7601
-1.8175           -4.7967
-1.7577           -4.8336
-1.6981           -4.8709
-1.6387           -4.9084
-1.5794           -4.9463
-1.5204           -4.9845
-1.4617           -5.023
-1.4031           -5.0618
-1.3447           -5.101
-1.2865           -5.1404
-1.2286           -5.1802
-1.1709           -5.2203
-1.1133           -5.2607
-1.056           -5.3014
-0.999           -5.3425
-0.9421           -5.3838
-0.8855           -5.4254
-0.8291           -5.4674
-0.7729           -5.5096
-0.717           -5.5522
-0.6613           -5.595
-0.6058           -5.6382
-0.5505           -5.6816
-0.4955           -5.7254
-0.4408           -5.7694
-0.3862           -5.8138
-0.3319           -5.8584
-0.2779           -5.9033
-0.2241           -5.9485
-0.1705           -5.994
-0.1172           -6.0398
-0.0641           -6.0859
-0.0113           -6.1323
0.0413           -6.179
0.0936           -6.2259
0.1456           -6.2731
0.1974           -6.3206
0.249           -6.3684
0.3003           -6.4165
0.3513           -6.4648
0.402           -6.5134
0.4525           -6.5623
0.5028           -6.6115
0.5527           -6.6609
0.6024           -6.7106
0.6519           -6.7606
0.701           -6.8108
0.7499           -6.8613
0.7985           -6.9121
0.8469           -6.9631
0.8949           -7.0144
0.9427           -7.0659
0.9902           -7.1177
1.0374           -7.1698
1.0844           -7.2221
1.131           -7.2747
1.1774           -7.3275
1.2235           -7.3806
1.2693           -7.4339
1.3148           -7.4874
1.36           -7.5413
1.405           -7.5953
1.4496           -7.6496
1.4939           -7.7041
1.538           -7.7589
1.5817           -7.8139
1.6252           -7.8692
1.6683           -7.9246
1.7112           -7.9804
1.7537           -8.0363
1.796           -8.0925
1.8379           -8.1489
1.8795           -8.2055
1.9209           -8.2624
1.9619           -8.3194
2.0026           -8.3767
2.043           -8.4342
2.0831           -8.492
2.1229           -8.5499
2.1623           -8.6081
2.2015           -8.6665
2.2403           -8.725
2.2788           -8.7838
2.317           -8.8428
2.3549           -8.902
2.3925           -8.9615
2.4297           -9.0211
2.4666           -9.0809
2.5032           -9.1409
2.5395           -9.2011
2.5754           -9.2615
2.611           -9.3221
2.6463           -9.3829
2.6812           -9.4439
2.7159           -9.505
2.7502           -9.5664
2.7841           -9.6279
2.8177           -9.6897
2.851           -9.7516
2.884           -9.8136
2.9166           -9.8759
2.9489           -9.9383
2.9808           -10.0009
3.0124           -10.0637
3.0437           -10.1267
3.0746           -10.1898
3.1052           -10.2531
3.1355           -10.3165
3.1653           -10.3801
3.1949           -10.4439
3.2241           -10.5078
3.253           -10.5719
3.2815           -10.6362
3.3097           -10.7005
3.3375           -10.7651
3.3649           -10.8298
3.3921           -10.8946
3.4188           -10.9596
3.4452           -11.0248
3.4713           -11.09
3.497           -11.1554
3.5224           -11.221
3.5474           -11.2867
3.572           -11.3525
3.5963           -11.4185
3.6202           -11.4846
3.6438           -11.5508
3.667           -11.6171
3.6899           -11.6836
3.7124           -11.7502
3.7345           -11.8169
3.7563           -11.8837
3.7777           -11.9506
3.7988           -12.0177
3.8195           -12.0849
3.8398           -12.1522
3.8598           -12.2195
3.8793           -12.287
3.8986           -12.3546
3.9174           -12.4224
3.9359           -12.4902
3.9541           -12.5581
3.9718           -12.6261
3.9892           -12.6942
4.0063           -12.7624
4.0229           -12.8306
4.0392           -12.899
4.0551           -12.9675
4.0707           -13.036
4.0859           -13.1047
4.1007           -13.1734
4.1151           -13.2421
4.1292           -13.311
4.1429           -13.3799
4.1562           -13.449
4.1692           -13.518
4.1817           -13.5872
4.1939           -13.6564
4.2057           -13.7257
4.2172           -13.795
4.2283           -13.8645
4.239           -13.9339
4.2493           -14.0034
4.2592           -14.073
4.2688           -14.1427
4.278           -14.2123
4.2868           -14.2821
4.2956           -14.3518
4.3043           -14.4216
4.313           -14.4913
4.3217           -14.561
4.3304           -14.6308
4.3391           -14.7005
4.3479           -14.7703
4.3566           -14.84
4.3653           -14.9098
4.374           -14.9795
4.3827           -15.0492
4.3914           -15.119
4.4002           -15.1887
4.4089           -15.2585
4.4176           -15.3282
4.4263           -15.398
4.435           -15.4677
4.4438           -15.5375
4.4525           -15.6072
4.4612           -15.6769
4.4699           -15.7467
4.4786           -15.8164
4.4873           -15.8862
4.4961           -15.9559
4.5048           -16.0257
4.5135           -16.0954
4.5222           -16.1651
4.5309           -16.2349
4.5397           -16.3046
4.5484           -16.3744
4.5571           -16.4441
4.5658           -16.5139
4.5745           -16.5836
4.5832           -16.6533
4.592           -16.7231
4.6007           -16.7928
4.6094           -16.8626
4.6181           -16.9323
4.6268           -17.0021
4.6355           -17.0718
4.6443           -17.1416
4.653           -17.2113
4.6617           -17.281
4.6704           -17.3508
4.6791           -17.4205
4.6879           -17.4903
4.6966           -17.56
4.7053           -17.6298
4.714           -17.6995
4.7227           -17.7692
4.7314           -17.839
4.7402           -17.9087
4.7489           -17.9785
4.7576           -18.0482
4.7663           -18.118
4.775           -18.1877
4.7838           -18.2574
4.7925           -18.3272
4.8012           -18.3969
4.8099           -18.4667
4.8186           -18.5364
4.8273           -18.6062
4.8361           -18.6759
4.8448           -18.7457
4.8535           -18.8154
4.8622           -18.8851
4.8709           -18.9549
4.8797           -19.0246
4.8884           -19.0944
4.8971           -19.1641
4.9058           -19.2339
4.9145           -19.3036
4.9232           -19.3733
4.932           -19.4431
4.9407           -19.5128
4.9494           -19.5826
4.9581           -19.6523
4.9668           -19.7221
4.9755           -19.7918
4.9843           -19.8615
4.993           -19.9313
5.0017           -20.001
5.0104           -20.0708
5.0191           -20.1405
5.0279           -20.2103
5.0366           -20.28
5.0453           -20.3497
5.054           -20.4195
5.0627           -20.4892
5.0714           -20.559
5.0802           -20.6287
5.0889           -20.6985
5.0976           -20.7682
5.1063           -20.838
5.115           -20.9077
5.1238           -20.9774
5.1325           -21.0472
5.1412           -21.1169
5.1499           -21.1867
5.1586           -21.2564
5.1673           -21.3262
5.1761           -21.3959
5.1848           -21.4656
5.1935           -21.5354
5.2022           -21.6051
5.2109           -21.6749
5.2197           -21.7446
5.2284           -21.8144
5.2371           -21.8841
5.2458           -21.9538
5.2545           -22.0236
5.2632           -22.0933
5.272           -22.1631
5.2807           -22.2328
5.2894           -22.3026
5.2981           -22.3723
5.3068           -22.4421
5.3155           -22.5118
5.3243           -22.5815
5.333           -22.6513
5.3417           -22.721
5.3504           -22.7908
5.3591           -22.8605
5.3679           -22.9303
-36.3661           -22.9291
-36.3573           -22.8583
-36.3484           -22.7874
-36.3396           -22.7165
-36.3307           -22.6457
-36.3219           -22.5748
-36.313           -22.5039
-36.3041           -22.4331
-36.2953           -22.3622
-36.2864           -22.2913
-36.2776           -22.2205
-36.2687           -22.1496
-36.2598           -22.0787
-36.251           -22.0079
-36.2421           -21.937
-36.2333           -21.8661
-36.2244           -21.7953
-36.2156           -21.7244
-36.2067           -21.6535
-36.1978           -21.5827
-36.189           -21.5118
-36.1801           -21.4409
-36.1713           -21.3701
-36.1624           -21.2992
-36.1535           -21.2283
-36.1447           -21.1575
-36.1358           -21.0866
-36.127           -21.0157
-36.1181           -20.9449
-36.1093           -20.874
-36.1004           -20.8031
-36.0915           -20.7323
-36.0827           -20.6614
-36.0738           -20.5905
-36.065           -20.5197
-36.0561           -20.4488
-36.0472           -20.3779
-36.0384           -20.3071
-36.0295           -20.2362
-36.0207           -20.1653
-36.0118           -20.0945
-36.003           -20.0236
-35.9941           -19.9527
-35.9852           -19.8819
-35.9764           -19.811
-35.9675           -19.7401
-35.9587           -19.6693
-35.9498           -19.5984
-35.9409           -19.5275
-35.9321           -19.4567
-35.9232           -19.3858
-35.9144           -19.3149
-35.9055           -19.2441
-35.8967           -19.1732
-35.8878           -19.1023
-35.8789           -19.0315
-35.8701           -18.9606
-35.8612           -18.8897
-35.8524           -18.8189
-35.8435           -18.748
-35.8346           -18.6771
-35.8258           -18.6063
-35.8169           -18.5354
-35.8081           -18.4645
-35.7992           -18.3937
-35.7904           -18.3228
-35.7815           -18.2519
-35.7726           -18.1811
-35.7638           -18.1102
-35.7549           -18.0393
-35.7461           -17.9685
-35.7372           -17.8976
-35.7283           -17.8267
-35.7195           -17.7559
-35.7106           -17.685
-35.7018           -17.6141
-35.6929           -17.5433
-35.6841           -17.4724
-35.6752           -17.4015
-35.6663           -17.3307
-35.6575           -17.2598
-35.6486           -17.1889
-35.6398           -17.1181
-35.6309           -17.0472
-35.622           -16.9763
-35.6132           -16.9055
-35.6043           -16.8346
-35.5955           -16.7637
-35.5866           -16.6929
-35.5778           -16.622
-35.5689           -16.5511
-35.56           -16.4803
-35.5512           -16.4094
-35.5423           -16.3385
-35.5335           -16.2677
-35.5246           -16.1968
-35.5157           -16.1259
-35.5069           -16.0551
-35.498           -15.9842
-35.4892           -15.9133
-35.4803           -15.8425
-35.4715           -15.7716
-35.4626           -15.7007
-35.4537           -15.6299
-35.4449           -15.559
-35.436           -15.4881
-35.4272           -15.4173
-35.4183           -15.3464
-35.4094           -15.2756
-35.4006           -15.2047
-35.3917           -15.1338
-35.3829           -15.063
-35.374           -14.9921
-35.3652           -14.9212
-35.3563           -14.8504
-35.3474           -14.7795
-35.3386           -14.7086
-35.3297           -14.6378
-35.3209           -14.5669
-35.312           -14.496
-35.3031           -14.4252
-35.2943           -14.3543
-35.2853           -14.2834
-35.2759           -14.2126
-35.2662           -14.1419
-35.256           -14.0712
-35.2455           -14.0006
-35.2345           -13.93
-35.2232           -13.8595
-35.2115           -13.789
-35.1994           -13.7186
-35.187           -13.6483
-35.1741           -13.5781
-35.1609           -13.5079
-35.1472           -13.4378
-35.1332           -13.3677
-35.1188           -13.2978
-35.104           -13.2279
-35.0889           -13.1581
-35.0733           -13.0884
-35.0574           -13.0188
-35.0411           -12.9493
-35.0244           -12.8798
-35.0073           -12.8105
-34.9898           -12.7412
-34.972           -12.6721
-34.9538           -12.603
-34.9352           -12.5341
-34.9162           -12.4652
-34.8968           -12.3965
-34.8771           -12.3278
-34.857           -12.2593
-34.8365           -12.1909
-34.8156           -12.1226
-34.7944           -12.0544
-34.7728           -11.9863
-34.7508           -11.9184
-34.7285           -11.8506
-34.7057           -11.7829
-34.6826           -11.7153
-34.6592           -11.6478
-34.6353           -11.5805
-34.6111           -11.5133
-34.5865           -11.4463
-34.5616           -11.3793
-34.5363           -11.3126
-34.5106           -11.2459
-34.4845           -11.1794
-34.4581           -11.1131
-34.4313           -11.0469
-34.4042           -10.9808
-34.3767           -10.9149
-34.3488           -10.8491
-34.3206           -10.7835
-34.292           -10.7181
-34.2631           -10.6528
-34.2338           -10.5877
-34.2041           -10.5227
-34.1741           -10.4579
-34.1437           -10.3933
-34.113           -10.3288
-34.0819           -10.2645
-34.0505           -10.2004
-34.0187           -10.1364
-33.9866           -10.0726
-33.9541           -10.009
-33.9212           -9.9456
-33.8881           -9.8824
-33.8545           -9.8193
-33.8207           -9.7564
-33.7864           -9.6937
-33.7519           -9.6312
-33.717           -9.5689
-33.6817           -9.5068
-33.6461           -9.4449
-33.6102           -9.3832
-33.5739           -9.3217
-33.5373           -9.2603
-33.5004           -9.1992
-33.4631           -9.1383
-33.4255           -9.0776
-33.3876           -9.0171
-33.3493           -8.9568
-33.3107           -8.8967
-33.2717           -8.8368
-33.2325           -8.7772
-33.1929           -8.7177
-33.153           -8.6585
-33.1127           -8.5995
-33.0722           -8.5407
-33.0313           -8.4822
-32.9901           -8.4238
-32.9485           -8.3657
-32.9067           -8.3079
-32.8645           -8.2502
-32.822           -8.1928
-32.7792           -8.1356
-32.7361           -8.0787
-32.6927           -8.022
-32.649           -7.9655
-32.6049           -7.9093
-32.5606           -7.8533
-32.5159           -7.7976
-32.471           -7.7421
-32.4257           -7.6869
-32.3801           -7.6319
-32.3343           -7.5771
-32.2881           -7.5227
-32.2416           -7.4684
-32.1949           -7.4144
-32.1478           -7.3607
-32.1005           -7.3073
-32.0528           -7.2541
-32.0049           -7.2011
-31.9566           -7.1485
-31.9081           -7.0961
-31.8593           -7.0439
-31.8102           -6.992
-31.7608           -6.9404
-31.7112           -6.8891
-31.6612           -6.8381
-31.611           -6.7873
-31.5605           -6.7368
-31.5097           -6.6866
-31.4587           -6.6366
-31.4074           -6.587
-31.3558           -6.5376
-31.3039           -6.4885
-31.2518           -6.4397
-31.1994           -6.3911
-31.1467           -6.3429
-31.0938           -6.295
-31.0406           -6.2473
-30.9871           -6.2
-30.9334           -6.1529
-30.8794           -6.1061
-30.8252           -6.0596
-30.7707           -6.0135
-30.716           -5.9676
-30.661           -5.922
-30.6058           -5.8768
-30.5503           -5.8318
-30.4945           -5.7871
-30.4386           -5.7428
-30.3823           -5.6987
-30.3259           -5.655
-30.2692           -5.6116
-30.2122           -5.5685
-30.1551           -5.5257
-30.0977           -5.4832
-30.04           -5.441
-29.9822           -5.3992
-29.9241           -5.3576
-29.8657           -5.3164
-29.8072           -5.2755
-29.7484           -5.235
-29.6894           -5.1947
-29.6302           -5.1548
-29.5707           -5.1152
-29.5111           -5.0759
-29.4512           -5.037
-29.3911           -4.9984
-29.3309           -4.9601
-29.2704           -4.9221
-29.2096           -4.8845
-29.1487           -4.8472
-29.0876           -4.8103
-29.0263           -4.7737
-28.9648           -4.7374
-28.903           -4.7015
-28.8411           -4.6659
-28.779           -4.6306
-28.7167           -4.5957
-28.6542           -4.5612
-28.5915           -4.5269
-28.5287           -4.4931
-28.4656           -4.4595
-28.4024           -4.4263
-28.339           -4.3935
-28.2754           -4.361
-28.2116           -4.3289
-28.1476           -4.2971
-28.0835           -4.2656
-28.0192           -4.2346
-27.9547           -4.2038
-27.8901           -4.1734
-27.8253           -4.1434
-27.7603           -4.1138
-27.6952           -4.0845
-27.6299           -4.0555
-27.5645           -4.0269
-27.4989           -3.9987
-27.4331           -3.9708
-27.3672           -3.9433
-27.3011           -3.9162
-27.2349           -3.8894
-27.1686           -3.863
-27.1021           -3.8369
-27.0354           -3.8112
-26.9687           -3.7859
-26.9018           -3.761
-26.8347           -3.7364
-26.7675           -3.7122
-26.7002           -3.6883
-26.6327           -3.6648
-26.5652           -3.6417
-26.4975           -3.619
-26.4296           -3.5966
-26.3617           -3.5746
-26.2936           -3.553
-26.2254           -3.5318
-26.1571           -3.5109
-26.0887           -3.4904
-26.0202           -3.4703
-25.9516           -3.4506
-25.8828           -3.4312
-25.814           -3.4122
-25.745           -3.3936
-25.676           -3.3754
-25.6068           -3.3575
-25.5377           -3.3397
-25.4685           -3.3219
-25.3993           -3.3042
-25.3301           -3.2866
-25.2609           -3.269
-25.1916           -3.2515
-25.1224           -3.234
-25.0531           -3.2166
-24.9838           -3.1993
-24.9145           -3.182
-24.8452           -3.1648
-24.7759           -3.1476
-24.7066           -3.1306
-24.6372           -3.1135
-24.5678           -3.0966
-24.4984           -3.0797
-24.429           -3.0628
-24.3596           -3.0461
-24.2902           -3.0293
-24.2207           -3.0127
-24.1513           -2.9961
-24.0818           -2.9796
-24.0123           -2.9631
-23.9428           -2.9467
-23.8733           -2.9304
-23.8037           -2.9141
-23.7342           -2.8979
-23.6646           -2.8817
-23.595           -2.8656
-23.5254           -2.8496
-23.4558           -2.8336
-23.3862           -2.8177
-23.3165           -2.8019
-23.2469           -2.7861
-23.1772           -2.7704
-23.1075           -2.7547
-23.0379           -2.7391
-22.9681           -2.7236
-22.8984           -2.7081
-22.8287           -2.6927
-22.7589           -2.6773
-22.6892           -2.662
-22.6194           -2.6468
-22.5496           -2.6317
-22.4798           -2.6166
-22.41           -2.6015
-22.3402           -2.5866
-22.2703           -2.5716
-22.2005           -2.5568
-22.1306           -2.542
-22.0607           -2.5273
-21.9908           -2.5126
-21.9209           -2.498
-21.851           -2.4835
-21.781           -2.469
-21.7111           -2.4546
-21.6411           -2.4403
-21.5712           -2.426
-21.5012           -2.4117
-21.4312           -2.3976
-21.3612           -2.3835
-21.2911           -2.3694
-21.2211           -2.3555
-21.151           -2.3416
-21.081           -2.3277
-21.0109           -2.3139
-20.9408           -2.3002
-20.8707           -2.2865
-20.8006           -2.2729
-20.7305           -2.2594
-20.6603           -2.2459
-20.5902           -2.2325
-20.52           -2.2192
-20.4499           -2.2059
-20.3797           -2.1927
-20.3095           -2.1795
-20.2393           -2.1664
-20.1691           -2.1534
-20.0988           -2.1404
-20.0286           -2.1275
-19.9583           -2.1146
-19.8881           -2.1018
-19.8178           -2.0891
-19.7475           -2.0765
-19.6772           -2.0639
-19.6069           -2.0513
-19.5366           -2.0389
-19.4663           -2.0265
-19.3959           -2.0141
-19.3256           -2.0018
-19.2552           -1.9896
-19.1848           -1.9775
-19.1144           -1.9654
-19.044           -1.9533
-18.9736           -1.9414
-18.9032           -1.9295
-18.8328           -1.9176
-18.7623           -1.9058
-18.6919           -1.8941
-18.6214           -1.8825
-18.551           -1.8709
-18.4805           -1.8593
-18.41           -1.8479
-18.3395           -1.8365
-18.269           -1.8251
-18.1984           -1.8139
-18.1279           -1.8026
-18.0574           -1.7915
-17.9868           -1.7804
-17.9163           -1.7694
-17.8457           -1.7584
-17.7751           -1.7475
-17.7045           -1.7367
-17.6339           -1.7259
-17.5633           -1.7152
-17.4927           -1.7046
-17.4221           -1.694
-17.3514           -1.6835
-17.2808           -1.673
-17.2101           -1.6626
-17.1394           -1.6523
-17.0688           -1.642
-16.9981           -1.6318
-16.9274           -1.6217
-16.8567           -1.6116
-16.786           -1.6016
-16.7152           -1.5916
-16.6445           -1.5817
-16.5738           -1.5719
-16.503           -1.5621
-16.4323           -1.5524
-16.3615           -1.5428
-16.2907           -1.5332
-16.22           -1.5237
-14.2502           -1.5216
-16.1492           -1.5143
5.3766           -23
-36.375           -23
