-36.365           -22.9197
-36.3549           -22.8394
-36.3449           -22.7591
-36.3348           -22.6788
-36.3248           -22.5985
-36.3148           -22.5182
-36.3047           -22.4379
-36.2947           -22.3576
-36.2847           -22.2772
-36.2746           -22.1969
-36.2646           -22.1166
-36.2545           -22.0363
-36.2445           -21.956
-36.2345           -21.8757
-36.2244           -21.7954
-36.2144           -21.7151
-36.2044           -21.6348
-36.1943           -21.5545
-36.1843           -21.4742
-36.1742           -21.3939
-36.1642           -21.3136
-36.1542           -21.2333
-36.1441           -21.153
-36.1341           -21.0727
-36.124           -20.9924
-36.114           -20.9121
-36.104           -20.8317
-36.0939           -20.7514
-36.0839           -20.6711
-36.0739           -20.5908
-36.0638           -20.5105
-36.0538           -20.4302
-36.0437           -20.3499
-36.0337           -20.2696
-36.0237           -20.1893
-36.0136           -20.109
-36.0036           -20.0287
-35.9935           -19.9484
-35.9835           -19.8681
-35.9735           -19.7878
-35.9634           -19.7075
-35.9534           -19.6272
-35.9434           -19.5469
-35.9333           -19.4666
-35.9233           -19.3862
-35.9132           -19.3059
-35.9032           -19.2256
-35.8932           -19.1453
-35.8831           -19.065
-35.8731           -18.9847
-35.8631           -18.9044
-35.853           -18.8241
-35.843           -18.7438
-35.8329           -18.6635
-35.8229           -18.5832
-35.8129           -18.5029
-35.8028           -18.4226
-35.7928           -18.3423
-35.7827           -18.262
-35.7727           -18.1817
-35.7627           -18.1014
-35.7526           -18.0211
-35.7426           -17.9407
-35.7326           -17.8604
-35.7225           -17.7801
-35.7125           -17.6998
-35.7024           -17.6195
-35.6924           -17.5392
-35.6824           -17.4589
-35.6723           -17.3786
-35.6623           -17.2983
-35.6522           -17.218
-35.6422           -17.1377
-35.6322           -17.0574
-35.6221           -16.9771
-35.6121           -16.8968
-35.6021           -16.8165
-35.592           -16.7362
-35.582           -16.6559
-35.5719           -16.5756
-35.5619           -16.4952
-35.5519           -16.4149
-35.5418           -16.3346
-35.5318           -16.2543
-35.5218           -16.174
-35.5117           -16.0937
-35.5017           -16.0134
-35.4916           -15.9331
-35.4816           -15.8528
-35.4716           -15.7725
-35.4615           -15.6922
-35.4515           -15.6119
-35.4414           -15.5316
-35.4314           -15.4513
-35.4214           -15.371
-35.4113           -15.2907
-35.4013           -15.2104
-35.3913           -15.1301
-35.3812           -15.0497
-35.3712           -14.9694
-35.3611           -14.8891
-35.3511           -14.8088
-35.3411           -14.7285
-35.331           -14.6482
-35.321           -14.5679
-35.311           -14.4876
-35.3009           -14.4073
-35.2909           -14.327
-35.2808           -14.2467
-35.2708           -14.1664
-35.2608           -14.0861
-35.2507           -14.0058
-35.2407           -13.9255
-35.2306           -13.8452
-35.2206           -13.7649
-35.2106           -13.6846
-35.2005           -13.6042
-35.1905           -13.5239
-35.1805           -13.4436
-35.1704           -13.3633
-35.1601           -13.2831
-35.1492           -13.2029
-35.1378           -13.1227
-35.126           -13.0427
-35.1136           -12.9627
-35.1008           -12.8828
-35.0875           -12.803
-35.0736           -12.7232
-35.0593           -12.6436
-35.0444           -12.564
-35.0291           -12.4846
-35.0133           -12.4052
-34.997           -12.3259
-34.9802           -12.2468
-34.9629           -12.1677
-34.9451           -12.0887
-34.9268           -12.0099
-34.908           -11.9312
-34.8887           -11.8526
-34.869           -11.7741
-34.8487           -11.6957
-34.828           -11.6175
-34.8068           -11.5394
-34.7851           -11.4614
-34.7629           -11.3836
-34.7402           -11.3059
-34.7171           -11.2284
-34.6934           -11.151
-34.6693           -11.0737
-34.6447           -10.9966
-34.6196           -10.9197
-34.5941           -10.8429
-34.5681           -10.7663
-34.5415           -10.6898
-34.5146           -10.6135
-34.4871           -10.5374
-34.4592           -10.4614
-34.4308           -10.3856
-34.4019           -10.31
-34.3725           -10.2346
-34.3427           -10.1594
-34.3124           -10.0843
-34.2817           -10.0095
-34.2505           -9.9348
-34.2188           -9.8603
-34.1866           -9.786
-34.154           -9.712
-34.121           -9.6381
-34.0874           -9.5644
-34.0535           -9.491
-34.019           -9.4178
-33.9841           -9.3447
-33.9488           -9.2719
-33.913           -9.1994
-33.8767           -9.127
-33.84           -9.0549
-33.8029           -8.983
-33.7653           -8.9113
-33.7272           -8.8399
-33.6887           -8.7687
-33.6498           -8.6977
-33.6104           -8.627
-33.5706           -8.5566
-33.5304           -8.4863
-33.4897           -8.4164
-33.4486           -8.3467
-33.407           -8.2772
-33.365           -8.208
-33.3226           -8.1391
-33.2798           -8.0705
-33.2365           -8.0021
-33.1928           -7.9339
-33.1487           -7.8661
-33.1042           -7.7985
-33.0592           -7.7312
-33.0138           -7.6642
-32.968           -7.5975
-32.9218           -7.531
-32.8752           -7.4649
-32.8282           -7.399
-32.7807           -7.3335
-32.7329           -7.2682
-32.6846           -7.2032
-32.636           -7.1385
-32.5869           -7.0742
-32.5375           -7.0101
-32.4876           -6.9464
-32.4374           -6.8829
-32.3867           -6.8198
-32.3357           -6.757
-32.2842           -6.6945
-32.2324           -6.6323
-32.1802           -6.5705
-32.1276           -6.509
-32.0747           -6.4478
-32.0213           -6.3869
-31.9676           -6.3264
-31.9135           -6.2662
-31.859           -6.2063
-31.8042           -6.1468
-31.749           -6.0877
-31.6934           -6.0288
-31.6374           -5.9704
-31.5811           -5.9122
-31.5245           -5.8545
-31.4674           -5.797
-31.41           -5.74
-31.3523           -5.6833
-31.2942           -5.6269
-31.2358           -5.5709
-31.177           -5.5153
-31.1178           -5.4601
-31.0584           -5.4052
-30.9986           -5.3507
-30.9384           -5.2965
-30.8779           -5.2428
-30.8171           -5.1894
-30.7559           -5.1364
-30.6944           -5.0837
-30.6326           -5.0315
-30.5705           -4.9797
-30.508           -4.9282
-30.4453           -4.8771
-30.3822           -4.8264
-30.3188           -4.7761
-30.255           -4.7262
-30.191           -4.6767
-30.1267           -4.6276
-30.062           -4.5789
-29.9971           -4.5307
-29.9318           -4.4828
-29.8663           -4.4353
-29.8005           -4.3882
-29.7343           -4.3416
-29.6679           -4.2953
-29.6012           -4.2495
-29.5343           -4.2041
-29.467           -4.159
-29.3994           -4.1145
-29.3316           -4.0703
-29.2635           -4.0266
-29.1952           -3.9833
-29.1265           -3.9404
-29.0576           -3.8979
-28.9885           -3.8559
-28.919           -3.8143
-28.8494           -3.7731
-28.7794           -3.7324
-28.7092           -3.6921
-28.6388           -3.6523
-28.5681           -3.6128
-28.4972           -3.5739
-28.426           -3.5353
-28.3546           -3.4972
-28.283           -3.4596
-28.2111           -3.4224
-28.139           -3.3857
-28.0667           -3.3494
-27.9941           -3.3135
-27.9213           -3.2781
-27.8483           -3.2432
-27.7751           -3.2087
-27.7017           -3.1747
-27.628           -3.1411
-27.5542           -3.108
-27.4801           -3.0753
-27.4059           -3.0431
-27.3314           -3.0114
-27.2568           -2.9801
-27.1819           -2.9493
-27.1069           -2.919
-27.0317           -2.8891
-26.9563           -2.8598
-26.8807           -2.8308
-26.8049           -2.8024
-26.729           -2.7744
-26.6529           -2.7469
-26.5766           -2.7198
-26.5002           -2.6933
-26.4236           -2.6672
-26.3468           -2.6416
-26.2698           -2.6165
-26.1928           -2.5918
-26.1155           -2.5677
-26.0381           -2.544
-25.9606           -2.5208
-25.8829           -2.498
-25.8051           -2.4758
-25.7272           -2.4541
-25.6491           -2.4328
-25.5709           -2.412
-25.4925           -2.3917
-25.4142           -2.3715
-25.3358           -2.3513
-25.2574           -2.3313
-25.1789           -2.3113
-25.1005           -2.2914
-25.022           -2.2716
-24.9435           -2.2519
-24.865           -2.2323
-24.7865           -2.2127
-24.7079           -2.1932
-24.6294           -2.1738
-24.5508           -2.1545
-24.4722           -2.1352
-24.3935           -2.116
-24.3149           -2.0969
-24.2362           -2.0779
-24.1576           -2.059
-24.0788           -2.0401
-24.0001           -2.0214
-23.9214           -2.0027
-23.8426           -1.9841
-23.7638           -1.9655
-23.685           -1.9471
-23.6062           -1.9287
-23.5274           -1.9104
-23.4485           -1.8922
-23.3697           -1.874
-23.2908           -1.856
-23.2119           -1.838
-23.1329           -1.8201
-23.054           -1.8023
-22.975           -1.7846
-22.8961           -1.7669
-22.8171           -1.7493
-22.738           -1.7318
-22.659           -1.7144
-22.5799           -1.6971
-22.5009           -1.6798
-22.4218           -1.6626
-22.3427           -1.6455
-22.2636           -1.6285
-22.1844           -1.6116
-22.1053           -1.5947
-22.0261           -1.578
-21.9469           -1.5613
-21.8677           -1.5446
-21.7885           -1.5281
-21.7092           -1.5116
-21.63           -1.4953
-21.5507           -1.479
-21.4714           -1.4628
-21.3921           -1.4466
-21.3128           -1.4306
-21.2335           -1.4146
-21.1541           -1.3987
-21.0747           -1.3829
-20.9954           -1.3671
-20.9159           -1.3515
-20.8365           -1.3359
-20.7571           -1.3204
-20.6776           -1.305
-20.5982           -1.2897
-20.5187           -1.2744
-20.4392           -1.2593
-20.3597           -1.2442
-20.2802           -1.2291
-20.2006           -1.2142
-20.1211           -1.1994
-20.0415           -1.1846
-19.9619           -1.1699
-19.8823           -1.1553
-19.8027           -1.1408
-19.7231           -1.1263
-19.6434           -1.112
-19.5638           -1.0977
-19.4841           -1.0835
-19.4044           -1.0693
-19.3247           -1.0553
-19.245           -1.0413
-19.1652           -1.0274
-19.0855           -1.0136
-19.0057           -0.9999
-18.926           -0.9863
-18.8462           -0.9727
-18.7664           -0.9592
-18.6866           -0.9458
-18.6067           -0.9325
-18.5269           -0.9193
-18.4471           -0.9061
-18.3672           -0.8931
-18.2873           -0.8801
-18.2074           -0.8671
-18.1275           -0.8543
-18.0476           -0.8416
-17.9677           -0.8289
-17.8877           -0.8163
-17.8077           -0.8038
-17.7278           -0.7914
-17.6478           -0.779
-17.5678           -0.7667
-17.4878           -0.7546
-17.4078           -0.7424
-17.3277           -0.7304
-17.2477           -0.7185
-17.1676           -0.7066
-17.0876           -0.6948
-17.0075           -0.6831
-16.9274           -0.6715
-16.8473           -0.66
-16.7672           -0.6485
-16.6871           -0.6371
-16.6069           -0.6258
-16.5268           -0.6146
-16.4466           -0.6035
-16.3664           -0.5924
-16.2862           -0.5815
-16.2061           -0.5706
-16.1258           -0.5598
-16.0456           -0.549
-15.9654           -0.5384
-15.8852           -0.5278
-15.8049           -0.5174
-15.7247           -0.5069
-15.6444           -0.4966
-15.5641           -0.4864
-15.4838           -0.4762
-15.4035           -0.4661
-15.3232           -0.4562
-15.2429           -0.4462
-15.1626           -0.4364
-15.0822           -0.4266
-15.0019           -0.417
-14.9215           -0.4074
-14.8411           -0.3979
-14.7608           -0.3884
-14.6804           -0.3791
-14.6           -0.3698
-14.5196           -0.3607
-14.4391           -0.3515
-14.3587           -0.3425
-14.2783           -0.3336
-14.1978           -0.3247
-14.1174           -0.316
-14.0369           -0.3073
-13.9565           -0.2986
-13.876           -0.2901
-13.7955           -0.2817
-13.715           -0.2733
-13.6345           -0.265
-13.554           -0.2568
-13.4734           -0.2487
-13.3929           -0.2406
-13.3124           -0.2327
-13.2318           -0.2248
-13.1513           -0.217
-13.0707           -0.2093
-12.9902           -0.2016
-12.9096           -0.1941
-12.829           -0.1866
-12.7484           -0.1792
-12.6678           -0.1719
-12.5872           -0.1647
-12.5066           -0.1575
-12.426           -0.1504
-12.3453           -0.1435
-12.2647           -0.1366
-12.184           -0.1297
-12.1034           -0.123
-12.0227           -0.1163
-11.9421           -0.1098
-11.8614           -0.1033
-11.7807           -0.0969
-11.7001           -0.0905
-11.6194           -0.0843
-11.5387           -0.0781
-11.458           -0.072
-11.3773           -0.066
-11.2965           -0.0601
-11.2158           -0.0542
-11.1351           -0.0485
-11.0544           -0.0428
-10.9736           -0.0373
-10.8928           -0.0324
-10.812           -0.0281
-10.7312           -0.0245
-10.6503           -0.0215
-10.5694           -0.0192
-10.4885           -0.0176
-10.4076           -0.0166
-10.3266           -0.0162
-10.2457           -0.0165
-10.1648           -0.0175
-10.0839           -0.0191
-10.003           -0.0214
-9.9221           -0.0243
-9.8412           -0.0279
-9.7604           -0.0322
-9.6796           -0.0371
-9.5989           -0.0426
-9.5182           -0.0486
-9.4375           -0.0547
-9.3568           -0.0609
-9.2761           -0.0672
-9.1954           -0.0736
-9.1148           -0.08
-9.0341           -0.0865
-8.9534           -0.0931
-8.8728           -0.0998
-8.7921           -0.1066
-8.7115           -0.1134
-8.6309           -0.1204
-8.5502           -0.1274
-8.4696           -0.1345
-8.389           -0.1416
-8.3084           -0.1489
-8.2278           -0.1562
-8.1472           -0.1636
-8.0666           -0.1711
-7.9861           -0.1787
-7.9055           -0.1864
-7.8249           -0.1941
-7.7444           -0.202
-7.6638           -0.2099
-7.5833           -0.2178
-7.5028           -0.2259
-7.4223           -0.2341
-7.3417           -0.2423
-7.2612           -0.2506
-7.1807           -0.259
-7.1003           -0.2675
-7.0198           -0.276
-6.9393           -0.2847
-6.8589           -0.2934
-6.7784           -0.3022
-6.698           -0.3111
-6.6175           -0.3201
-6.5371           -0.3291
-6.4567           -0.3382
-6.3763           -0.3474
-6.2959           -0.3567
-6.2155           -0.3661
-6.1351           -0.3756
-6.0548           -0.3851
-5.9744           -0.3947
-5.8941           -0.4044
-5.8137           -0.4142
-5.7334           -0.4241
-5.6531           -0.434
-5.5728           -0.444
-5.4925           -0.4541
-5.4122           -0.4643
-5.3319           -0.4746
-5.2516           -0.4849
-5.1714           -0.4953
-5.0911           -0.5059
-5.0109           -0.5164
-4.9307           -0.5271
-4.8505           -0.5379
-4.7703           -0.5487
-4.6901           -0.5596
-4.6099           -0.5706
-4.5297           -0.5817
-4.4496           -0.5929
-4.3694           -0.6041
-4.2893           -0.6154
-4.2092           -0.6268
-4.1291           -0.6383
-4.049           -0.6499
-3.9689           -0.6615
-3.8888           -0.6732
-3.8087           -0.685
-3.7287           -0.6969
-3.6486           -0.7089
-3.5686           -0.721
-3.4886           -0.7331
-3.4086           -0.7453
-3.3286           -0.7576
-3.2486           -0.77
-3.1686           -0.7824
-3.0887           -0.795
-3.0088           -0.8076
-2.9288           -0.8203
-2.8489           -0.833
-2.769           -0.8459
-2.6891           -0.8588
-2.6092           -0.8719
-2.5294           -0.885
-2.4495           -0.8981
-2.3697           -0.9114
-2.2899           -0.9248
-2.2101           -0.9382
-2.1303           -0.9517
-2.0505           -0.9653
-1.9707           -0.9789
-1.891           -0.9927
-1.8112           -1.0065
-1.7315           -1.0204
-1.6518           -1.0344
-1.5721           -1.0485
-1.4924           -1.0626
-1.4127           -1.0769
-1.3331           -1.0912
-1.2534           -1.1056
-1.1738           -1.12
-1.0942           -1.1346
-1.0146           -1.1492
-0.935           -1.1639
-0.8555           -1.1787
-0.7759           -1.1936
-0.6964           -1.2086
-0.6168           -1.2236
-0.5373           -1.2387
-0.4578           -1.2539
-0.3784           -1.2692
-0.2989           -1.2846
-0.2195           -1.3
-0.14           -1.3155
-0.0606           -1.3311
0.0188           -1.3468
0.0982           -1.3626
0.1775           -1.3784
0.2569           -1.3943
0.3362           -1.4103
0.4155           -1.4264
0.4948           -1.4426
0.5741           -1.4588
0.6534           -1.4751
0.7326           -1.4915
0.8119           -1.508
0.8911           -1.5246
0.9703           -1.5412
1.0495           -1.5579
1.1286           -1.5747
1.2078           -1.5916
1.2869           -1.6086
1.366           -1.6256
1.4451           -1.6427
1.5242           -1.6599
1.6033           -1.6772
1.6823           -1.6946
1.7613           -1.712
1.8404           -1.7296
1.9193           -1.7472
1.9983           -1.7648
2.0773           -1.7826
2.1562           -1.8004
2.2351           -1.8184
2.314           -1.8364
2.3929           -1.8545
2.4718           -1.8726
2.5506           -1.8909
2.6295           -1.9092
2.7083           -1.9276
2.7871           -1.9461
2.8658           -1.9646
2.9446           -1.9833
3.0233           -2.002
3.1021           -2.0208
3.1808           -2.0397
3.2594           -2.0586
3.3381           -2.0776
3.4167           -2.0968
3.4954           -2.116
3.574           -2.1352
3.6525           -2.1546
3.7311           -2.174
3.8096           -2.1935
3.8882           -2.2131
3.9667           -2.2328
4.0451           -2.2526
4.1236           -2.2724
4.2021           -2.2923
4.2805           -2.3123
4.3589           -2.3324
4.4373           -2.3525
4.5156           -2.3728
4.5939           -2.3932
4.6721           -2.4141
4.7501           -2.4356
4.8281           -2.4575
4.9058           -2.4799
4.9835           -2.5027
5.0609           -2.5261
5.1383           -2.5499
5.2155           -2.5742
5.2925           -2.599
5.3694           -2.6243
5.4461           -2.6501
5.5227           -2.6763
5.5991           -2.703
5.6753           -2.7302
5.7514           -2.7579
5.8272           -2.786
5.903           -2.8146
5.9785           -2.8437
6.0538           -2.8732
6.129           -2.9032
6.204           -2.9337
6.2787           -2.9646
6.3533           -2.9961
6.4277           -3.0279
6.5019           -3.0603
6.5759           -3.0931
6.6497           -3.1263
6.7232           -3.16
6.7966           -3.1942
6.8698           -3.2288
6.9427           -3.2639
7.0154           -3.2995
7.0879           -3.3354
7.1601           -3.3719
7.2322           -3.4088
7.304           -3.4461
7.3755           -3.4839
7.4469           -3.5221
7.518           -3.5608
7.5888           -3.5999
7.6594           -3.6395
7.7298           -3.6795
7.7999           -3.7199
7.8698           -3.7608
7.9394           -3.8021
8.0087           -3.8438
8.0778           -3.8859
8.1466           -3.9285
8.2151           -3.9716
8.2834           -4.015
8.3514           -4.0589
8.4192           -4.1032
8.4866           -4.1479
8.5538           -4.193
8.6207           -4.2386
8.6873           -4.2845
8.7536           -4.3309
8.8197           -4.3777
8.8854           -4.4249
8.9508           -4.4725
9.016           -4.5205
9.0808           -4.5689
9.1454           -4.6178
9.2096           -4.667
9.2736           -4.7166
9.3372           -4.7666
9.4005           -4.8171
9.4635           -4.8679
9.5262           -4.9191
9.5885           -4.9706
9.6505           -5.0226
9.7123           -5.075
9.7736           -5.1277
9.8347           -5.1809
9.8954           -5.2344
9.9558           -5.2882
10.0158           -5.3425
10.0756           -5.3971
10.1349           -5.4521
10.194           -5.5075
10.2526           -5.5632
10.311           -5.6193
10.3689           -5.6758
10.4266           -5.7326
10.4838           -5.7898
10.5408           -5.8473
10.5973           -5.9052
10.6535           -5.9634
10.7094           -6.022
10.7648           -6.081
10.8199           -6.1402
10.8746           -6.1999
10.929           -6.2598
10.983           -6.3201
11.0366           -6.3808
11.0898           -6.4417
11.1427           -6.503
11.1951           -6.5646
11.2472           -6.6266
11.2989           -6.6888
11.3502           -6.7514
11.4011           -6.8143
11.4516           -6.8776
11.5018           -6.9411
11.5515           -7.005
11.6008           -7.0691
11.6498           -7.1336
11.6983           -7.1983
11.7464           -7.2634
11.7941           -7.3288
11.8414           -7.3944
11.8883           -7.4604
11.9348           -7.5266
11.9809           -7.5932
12.0266           -7.66
12.0718           -7.7271
12.1166           -7.7945
12.1611           -7.8621
12.205           -7.9301
12.2486           -7.9983
12.2917           -8.0668
12.3344           -8.1355
12.3767           -8.2045
12.4186           -8.2738
12.46           -8.3433
12.501           -8.4131
12.5415           -8.4831
12.5816           -8.5534
12.6213           -8.624
12.6605           -8.6948
12.6993           -8.7658
12.7377           -8.8371
12.7756           -8.9086
12.813           -8.9803
12.85           -9.0523
12.8866           -9.1245
12.9227           -9.1969
12.9584           -9.2695
12.9936           -9.3424
13.0283           -9.4155
13.0626           -9.4888
13.0965           -9.5623
13.1298           -9.6361
13.1628           -9.71
13.1952           -9.7841
13.2272           -9.8585
13.2588           -9.933
13.2898           -10.0077
13.3204           -10.0826
13.3506           -10.1577
13.3802           -10.233
13.4094           -10.3085
13.4382           -10.3842
13.4664           -10.46
13.4942           -10.536
13.5215           -10.6122
13.5484           -10.6886
13.5747           -10.7651
13.6006           -10.8418
13.626           -10.9186
13.6509           -10.9956
13.6754           -11.0727
13.6994           -11.15
13.7228           -11.2275
13.7458           -11.3051
13.7684           -11.3828
13.7904           -11.4607
13.8119           -11.5387
13.833           -11.6168
13.8536           -11.6951
13.8737           -11.7735
13.8933           -11.852
13.9124           -11.9307
13.931           -12.0094
13.9491           -12.0883
13.9668           -12.1673
13.9839           -12.2464
14.0006           -12.3256
14.0167           -12.4049
14.0324           -12.4843
14.0476           -12.5638
14.0623           -12.6434
14.0764           -12.723
14.0901           -12.8028
14.1033           -12.8827
14.116           -12.9626
14.1282           -13.0426
14.1399           -13.1227
14.1511           -13.2028
14.1618           -13.283
14.172           -13.3633
14.182           -13.4436
14.1921           -13.5239
14.2021           -13.6042
14.2121           -13.6846
14.2222           -13.7649
14.2322           -13.8452
14.2423           -13.9255
14.2523           -14.0058
14.2623           -14.0861
14.2724           -14.1664
14.2824           -14.2467
14.2924           -14.327
14.3025           -14.4073
14.3125           -14.4876
14.3226           -14.5679
14.3326           -14.6482
14.3426           -14.7285
14.3527           -14.8088
14.3627           -14.8891
14.3728           -14.9694
14.3828           -15.0497
14.3928           -15.1301
14.4029           -15.2104
14.4129           -15.2907
14.4229           -15.371
14.433           -15.4513
14.443           -15.5316
14.4531           -15.6119
14.4631           -15.6922
14.4731           -15.7725
14.4832           -15.8528
14.4932           -15.9331
14.5033           -16.0134
14.5133           -16.0937
14.5233           -16.174
14.5334           -16.2543
14.5434           -16.3346
14.5534           -16.4149
14.5635           -16.4952
14.5735           -16.5756
14.5836           -16.6559
14.5936           -16.7362
14.6036           -16.8165
14.6137           -16.8968
14.6237           -16.9771
14.6337           -17.0574
14.6438           -17.1377
14.6538           -17.218
14.6639           -17.2983
14.6739           -17.3786
14.6839           -17.4589
14.694           -17.5392
14.704           -17.6195
14.7141           -17.6998
14.7241           -17.7801
14.7341           -17.8604
14.7442           -17.9407
14.7542           -18.0211
14.7642           -18.1014
14.7743           -18.1817
14.7843           -18.262
14.7944           -18.3423
14.8044           -18.4226
14.8144           -18.5029
14.8245           -18.5832
14.8345           -18.6635
14.8445           -18.7438
14.8546           -18.8241
14.8646           -18.9044
14.8747           -18.9847
14.8847           -19.065
14.8947           -19.1453
14.9048           -19.2256
14.9148           -19.3059
14.9249           -19.3862
14.9349           -19.4666
14.9449           -19.5469
14.955           -19.6272
14.965           -19.7075
14.975           -19.7878
14.9851           -19.8681
14.9951           -19.9484
15.0052           -20.0287
15.0152           -20.109
15.0252           -20.1893
15.0353           -20.2696
15.0453           -20.3499
15.0554           -20.4302
15.0654           -20.5105
15.0754           -20.5908
15.0855           -20.6711
15.0955           -20.7514
15.1055           -20.8317
15.1156           -20.9121
15.1256           -20.9924
15.1357           -21.0727
15.1457           -21.153
15.1557           -21.2333
15.1658           -21.3136
15.1758           -21.3939
15.1858           -21.4742
15.1959           -21.5545
15.2059           -21.6348
15.216           -21.7151
15.226           -21.7954
15.236           -21.8757
15.2461           -21.956
15.2561           -22.0363
15.2662           -22.1166
15.2762           -22.1969
15.2862           -22.2772
15.2963           -22.3576
15.3063           -22.4379
15.3163           -22.5182
15.3264           -22.5985
15.3364           -22.6788
15.3465           -22.7591
15.3565           -22.8394
15.3665           -22.9197
15.3766           -23
-36.375           -23
