 -0.00935340   0.02300000
 -0.00934937   0.02285898
 -0.00934534   0.02271801
 -0.00934130   0.02257699
 -0.00933727   0.02243601
 -0.00933324   0.02229504
 -0.00932921   0.02215402
 -0.00932517   0.02201299
 -0.00932114   0.02187197
 -0.00931711   0.02173100
 -0.00931308   0.02158998
 -0.00930910   0.02144900
 -0.00930507   0.02130803
 -0.00930103   0.02116701
 -0.00929700   0.02102599
 -0.00929297   0.02088502
 -0.00928894   0.02074400
 -0.00928490   0.02060302
 -0.00928087   0.02046200
 -0.00927684   0.02032103
 -0.00927281   0.02018001
 -0.00926877   0.02003898
 -0.00926474   0.01989802
 -0.00926071   0.01975699
 -0.00925668   0.01961601
 -0.00925265   0.01947505
 -0.00924867   0.01933402
 -0.00924464   0.01919300
 -0.00924060   0.01905198
 -0.00923657   0.01891101
 -0.00923254   0.01876999
 -0.00922851   0.01862901
 -0.00922447   0.01848804
 -0.00922044   0.01834702
 -0.00921641   0.01820599
 -0.00921238   0.01806503
 -0.00920834   0.01792400
 -0.00920431   0.01778298
 -0.00920028   0.01764200
 -0.00919625   0.01750104
 -0.00919221   0.01736001
 -0.00918818   0.01721899
 -0.00918421   0.01707802
 -0.00918017   0.01693700
 -0.00917614   0.01679598
 -0.00917211   0.01665505
 -0.00916808   0.01651403
 -0.00916404   0.01637301
 -0.00916001   0.01623198
 -0.00915598   0.01609102
 -0.00915195   0.01594999
 -0.00914791   0.01580901
 -0.00914388   0.01566805
 -0.00913985   0.01552702
 -0.00913582   0.01538600
 -0.00913178   0.01524503
 -0.00912775   0.01510401
 -0.00912378   0.01496299
 -0.00911974   0.01482201
 -0.00911571   0.01468104
 -0.00911168   0.01454002
 -0.00910765   0.01439900
 -0.00910361   0.01425803
 -0.00909958   0.01411701
 -0.00909555   0.01397598
 -0.00909152   0.01383506
 -0.00908748   0.01369404
 -0.00908345   0.01355301
 -0.00907942   0.01341199
 -0.00907539   0.01327102
 -0.00907012   0.01313006
 -0.00906312   0.01298920
 -0.00905444   0.01284845
 -0.00904408   0.01270781
 -0.00903198   0.01256741
 -0.00901814   0.01242717
 -0.00900268   0.01228715
 -0.00898548   0.01214742
 -0.00896660   0.01200796
 -0.00894610   0.01186889
 -0.00892386   0.01173011
 -0.00889994   0.01159177
 -0.00887440   0.01145378
 -0.00884718   0.01131623
 -0.00881833   0.01117918
 -0.00878785   0.01104263
 -0.00875570   0.01090659
 -0.00872198   0.01077111
 -0.00868657   0.01063620
 -0.00864966   0.01050189
 -0.00861106   0.01036827
 -0.00857095   0.01023525
 -0.00852927   0.01010301
 -0.00848603   0.00997140
 -0.00844127   0.00984057
 -0.00839494   0.00971053
 -0.00834710   0.00958127
 -0.00829780   0.00945285
 -0.00824700   0.00932528
 -0.00819467   0.00919864
 -0.00814095   0.00907285
 -0.00808577   0.00894802
 -0.00802920   0.00882408
 -0.00797122   0.00870121
 -0.00791184   0.00857929
 -0.00785106   0.00845838
 -0.00778899   0.00833857
 -0.00772557   0.00821984
 -0.00766082   0.00810218
 -0.00759477   0.00798564
 -0.00752744   0.00787027
 -0.00745887   0.00775603
 -0.00738907   0.00764296
 -0.00731809   0.00753122
 -0.00724588   0.00742062
 -0.00717250   0.00731124
 -0.00709799   0.00720316
 -0.00702231   0.00709637
 -0.00694557   0.00699092
 -0.00686776   0.00688680
 -0.00678888   0.00678404
 -0.00670894   0.00668256
 -0.00662805   0.00658255
 -0.00654615   0.00648393
 -0.00646324   0.00638666
 -0.00637950   0.00629090
 -0.00629474   0.00619658
 -0.00620920   0.00610374
 -0.00612270   0.00601235
 -0.00603543   0.00592247
 -0.00594736   0.00583405
 -0.00585852   0.00574720
 -0.00576889   0.00566191
 -0.00567859   0.00557819
 -0.00558755   0.00549599
 -0.00549585   0.00541535
 -0.00540348   0.00533634
 -0.00531014   0.00525890
 -0.00521576   0.00518313
 -0.00512041   0.00510897
 -0.00502417   0.00503649
 -0.00492693   0.00496564
 -0.00482885   0.00489655
 -0.00472988   0.00482903
 -0.00463007   0.00476330
 -0.00452947   0.00469927
 -0.00442810   0.00463698
 -0.00432595   0.00457641
 -0.00422308   0.00451756
 -0.00411974   0.00445948
 -0.00401592   0.00440171
 -0.00391159   0.00434426
 -0.00380692   0.00428712
 -0.00370171   0.00423024
 -0.00359608   0.00417362
 -0.00348998   0.00411732
 -0.00338352   0.00406132
 -0.00327657   0.00400559
 -0.00316916   0.00395026
 -0.00306132   0.00389519
 -0.00295302   0.00384048
 -0.00284433   0.00378602
 -0.00273518   0.00373193
 -0.00262564   0.00367818
 -0.00251560   0.00362475
 -0.00240517   0.00357167
 -0.00229434   0.00351895
 -0.00218306   0.00346653
 -0.00207133   0.00341452
 -0.00195916   0.00336285
 -0.00184664   0.00331154
 -0.00173366   0.00326053
 -0.00162029   0.00320998
 -0.00150647   0.00315977
 -0.00139225   0.00310991
 -0.00127764   0.00306046
 -0.00116261   0.00301141
 -0.00104715   0.00296265
 -0.00093128   0.00291434
 -0.00081506   0.00286649
 -0.00069840   0.00281897
 -0.00058138   0.00277186
 -0.00046396   0.00272519
 -0.00034609   0.00267887
 -0.00022792   0.00263299
 -0.00010930   0.00258756
  0.00000967   0.00254252
  0.00012910   0.00249788
  0.00024882   0.00245373
  0.00036895   0.00240997
  0.00048948   0.00236666
  0.00061031   0.00232379
  0.00073160   0.00228131
  0.00085319   0.00223937
  0.00097518   0.00219782
  0.00109753   0.00215666
  0.00122018   0.00211581
  0.00134327   0.00207530
  0.00146664   0.00203506
  0.00159034   0.00199519
  0.00171441   0.00195558
  0.00183883   0.00191625
  0.00196355   0.00187734
  0.00208863   0.00183869
  0.00221402   0.00180038
  0.00233975   0.00176237
  0.00246580   0.00172474
  0.00259215   0.00168742
  0.00271881   0.00165042
  0.00284578   0.00161378
  0.00297310   0.00157752
  0.00310075   0.00154158
  0.00322864   0.00150594
  0.00335690   0.00147073
  0.00348540   0.00143587
  0.00361428   0.00140129
  0.00374336   0.00136716
  0.00387280   0.00133336
  0.00400245   0.00129990
  0.00413247   0.00126683
  0.00426275   0.00123416
  0.00439334   0.00120185
  0.00452409   0.00116990
  0.00465520   0.00113837
  0.00478658   0.00110720
  0.00491823   0.00107644
  0.00505013   0.00104604
  0.00518230   0.00101605
  0.00531470   0.00098642
  0.00544735   0.00095725
  0.00558032   0.00092844
  0.00571351   0.00090004
  0.00584691   0.00087204
  0.00598053   0.00084446
  0.00611447   0.00081723
  0.00624854   0.00079046
  0.00638286   0.00076410
  0.00651751   0.00073814
  0.00665227   0.00071264
  0.00678732   0.00068750
  0.00692252   0.00066281
  0.00705796   0.00063854
  0.00719360   0.00061471
  0.00732948   0.00059134
  0.00746554   0.00056833
  0.00760175   0.00054577
  0.00773820   0.00052366
  0.00787487   0.00050202
  0.00801172   0.00048077
  0.00814864   0.00045993
  0.00828583   0.00043958
  0.00842321   0.00041970
  0.00856071   0.00040022
  0.00869844   0.00038114
  0.00883629   0.00036261
  0.00897428   0.00034449
  0.00911244   0.00032682
  0.00925079   0.00030955
  0.00938921   0.00029283
  0.00952782   0.00027646
  0.00966660   0.00026065
  0.00980547   0.00024523
  0.00994447   0.00023032
  0.01008360   0.00021581
  0.01022286   0.00020180
  0.01036221   0.00018819
  0.01050170   0.00017513
  0.01064137   0.00016252
  0.01078107   0.00015031
  0.01092086   0.00013865
  0.01106079   0.00012744
  0.01120076   0.00011663
  0.01134091   0.00010637
  0.01148110   0.00009656
  0.01162133   0.00008725
  0.01176175   0.00007833
  0.01190216   0.00006992
  0.01204261   0.00006201
  0.01218315   0.00005455
  0.01232383   0.00004758
  0.01246446   0.00004111
  0.01260523   0.00003509
  0.01274603   0.00002953
  0.01288684   0.00002440
  0.01302774   0.00001983
  0.01316863   0.00001570
  0.01330952   0.00001208
  0.01345056   0.00000890
  0.01359154   0.00000622
  0.01373257   0.00000409
  0.01387359   0.00000236
  0.01401462   0.00000113
  0.01415570   0.00000034
  0.01429672   0.00000006
  0.01443780  -0.00000000
  0.01457882  -0.00000000
  0.01471989  -0.00000000
  0.01486097  -0.00000000
  0.01500199  -0.00000000
  0.01514307  -0.00000000
  0.01528414  -0.00000000
  0.01542522   0.00000004
  0.01556624   0.00000004
  0.01570726   0.00000004
  0.01584839   0.00000004
  0.01598941   0.00000004
  0.01613049   0.00000004
  0.01627151   0.00000004
  0.01641258   0.00000004
  0.01655366   0.00000004
  0.01669468   0.00000004
  0.01683576   0.00000004
  0.01697683   0.00000004
  0.01711785   0.00000004
  0.01725893   0.00000004
  0.01739995   0.00000004
  0.01754107   0.00000009
  0.01768210   0.00000009
  0.01782318   0.00000009
  0.01796420   0.00000009
  0.01810527   0.00000009
  0.01824635   0.00000009
  0.01838737   0.00000009
  0.01852845   0.00000009
  0.01866951   0.00000009
  0.01881054   0.00000009
  0.01895162   0.00000009
  0.01909264   0.00000009
  0.01923376   0.00000009
  0.01937479   0.00000009
  0.01951581   0.00000009
  0.01965693   0.00000013
  0.01979796   0.00000013
  0.01993903   0.00000013
  0.02008006   0.00000013
  0.02022118   0.00000013
  0.02036220   0.00000013
  0.02050323   0.00000013
  0.02064431   0.00000013
  0.02078537   0.00000013
  0.02092645   0.00000013
  0.02106748   0.00000013
  0.02120850   0.00000013
  0.02134962   0.00000013
  0.02149064   0.00000013
  0.02163172   0.00000013
  0.02177275   0.00000018
  0.02191381   0.00000018
  0.02205489   0.00000018
  0.02219592   0.00000018
  0.02233700   0.00000018
  0.02247806   0.00000018
  0.02261914   0.00000018
  0.02276016   0.00000018
  0.02290119   0.00000018
  0.02304231   0.00000018
  0.02318333   0.00000018
  0.02332441   0.00000018
  0.02346544   0.00000018
  0.02360650   0.00000018
  0.02374758   0.00000018
  0.02388861   0.00000022
  0.02402968   0.00000022
  0.02417075   0.00000022
  0.02431177   0.00000022
  0.02445285   0.00000022
  0.02459388   0.00000022
  0.02473500   0.00000022
  0.02487602   0.00000022
  0.02501710   0.00000022
  0.02515813   0.00000022
  0.02529919   0.00000022
  0.02544027   0.00000022
  0.02558129   0.00000022
  0.02572237   0.00000022
  0.02586344   0.00000022
  0.02600446   0.00000026
  0.02614554   0.00000026
  0.02628657   0.00000026
  0.02642769   0.00000026
  0.02656871   0.00000026
  0.02670974   0.00000026
  0.02685081   0.00000026
  0.02699188   0.00000026
  0.02713296   0.00000026
  0.02727398   0.00000026
  0.02741506   0.00000026
  0.02755613   0.00000026
  0.02769715   0.00000026
  0.02783823   0.00000026
  0.02797926   0.00000026
  0.02812038   0.00000031
  0.02826140   0.00000031
  0.02840242   0.00000031
  0.02854350   0.00000031
  0.02868457   0.00000031
  0.02882565   0.00000031
  0.02896667   0.00000031
  0.02910770   0.00000031
  0.02924882   0.00000031
  0.02938984   0.00000031
  0.02953092   0.00000031
  0.02967194   0.00000031
  0.02981307   0.00000031
  0.02995409   0.00000031
  0.03009511   0.00000031
  0.03023619   0.00000035
  0.03037726   0.00000035
  0.03051834   0.00000035
  0.03065936   0.00000035
  0.03080039   0.00000035
  0.03094151   0.00000035
  0.03108253   0.00000035
  0.03122361   0.00000035
  0.03136463   0.00000035
  0.03150570   0.00000035
  0.03164678   0.00000035
  0.03178780   0.00000035
  0.03192888   0.00000035
  0.03206995   0.00000035
  0.03221103   0.00000040
  0.03235205   0.00000040
  0.03249312   0.00000040
  0.03263420   0.00000040
  0.03277522   0.00000040
  0.03291630   0.00000040
  0.03305737   0.00000040
  0.03319839   0.00000040
  0.03333947   0.00000040
  0.03348049   0.00000040
  0.03362162   0.00000040
  0.03376264   0.00000040
  0.03390366   0.00000040
  0.03404474   0.00000040
  0.03418581   0.00000040
  0.03432689   0.00000044
  0.03446791   0.00000044
  0.03460899   0.00000044
  0.03475006   0.00000044
  0.03489108   0.00000044
  0.03503216   0.00000044
  0.03517318   0.00000044
  0.03531430   0.00000044
  0.03545533   0.00000044
  0.03559635   0.00000044
  0.03573743   0.00000044
  0.03587850   0.00000044
  0.03601958   0.00000044
  0.03616060   0.00000044
  0.03630162   0.00000044
  0.03644275   0.00000048
  0.03658377   0.00000048
  0.03672485   0.00000048
  0.03686587   0.00000048
  0.03700699   0.00000048
  0.03714802   0.00000048
  0.03728904   0.00000048
  0.03743012   0.00000048
  0.03757119   0.00000048
  0.03771227   0.00000048
  0.03785329   0.00000048
  0.03799431   0.00000048
  0.03813543   0.00000048
  0.03827646   0.00000048
  0.03841754   0.00000048
  0.03855856   0.00000053
  0.03869963   0.00000053
  0.03884071   0.00000053
  0.03898173   0.00000053
  0.03912281   0.00000053
  0.03926388   0.00000053
  0.03940495   0.00000053
  0.03954598   0.00000053
  0.03968700   0.00000053
  0.03982812   0.00000053
  0.03996915   0.00000053
  0.04011023   0.00000053
  0.04025125   0.00000053
  0.04039232   0.00000053
  0.04053340   0.00000053
  0.04067442   0.00000057
  0.04081550   0.00000057
  0.04095656   0.00000057
  0.04109759   0.00000057
  0.04123867   0.00000057
  0.04137969   0.00000057
  0.04152081   0.00000057
  0.04166184   0.00000057
  0.04180292   0.00000057
  0.04194394   0.00000057
  0.04208501   0.00000057
  0.04222608   0.00000057
  0.04236711   0.00000057
  0.04250819   0.00000057
  0.04264925   0.00000057
  0.04279028   0.00000062
  0.04293136   0.00000062
  0.04307238   0.00000062
  0.04321350   0.00000062
  0.04335453   0.00000062
  0.04349560   0.00000062
  0.04361787   0.00000330
  0.04373991   0.00001127
  0.04386139   0.00002455
  0.04398223   0.00004312
  0.04410201   0.00006683
  0.04422139   0.00009317
  0.04434044   0.00012110
  0.04445914   0.00015064
  0.04457763   0.00018108
  0.04469606   0.00021147
  0.04481455   0.00024191
  0.04493298   0.00027230
  0.04505146   0.00030274
  0.04516995   0.00033318
  0.04528838   0.00036357
  0.04540687   0.00039401
  0.04552530   0.00042440
  0.04564379   0.00045484
  0.04576228   0.00048523
  0.04588071   0.00051566
  0.04599920   0.00054610
  0.04611763   0.00057649
  0.04623612   0.00060693
  0.04635461   0.00063732
  0.04647304   0.00066776
  0.04659152   0.00069820
  0.04670996   0.00072859
  0.04682844   0.00075903
  0.04694693   0.00078942
  0.04706536   0.00081986
  0.04718385   0.00085029
  0.04730228   0.00088069
  0.04742077   0.00091112
  0.04753926   0.00094152
  0.04765769   0.00097195
  0.04777618   0.00100239
  0.04789461   0.00103278
  0.04801310   0.00106316
  0.04813159   0.00109356
  0.04825002   0.00112399
  0.04836850   0.00115443
  0.04848694   0.00118482
  0.04860542   0.00121526
  0.04872391   0.00124565
  0.04884239   0.00127609
  0.04896087   0.00130653
  0.04907931   0.00133692
  0.04919779   0.00136736
  0.04931628   0.00139775
  0.04943471   0.00142819
  0.04955320   0.00145862
  0.04967163   0.00148902
  0.04979012   0.00151945
  0.04990861   0.00154985
  0.05002704   0.00158028
  0.05014553   0.00161072
  0.05026396   0.00164111
  0.05038245   0.00167155
  0.05050094   0.00170194
  0.05061937   0.00173238
  0.05073785   0.00176282
  0.05085634   0.00179321
  0.05097477   0.00182365
  0.05109326   0.00185404
  0.05121169   0.00188448
  0.05133018   0.00191491
  0.05144867   0.00194531
  0.05156710   0.00197574
  0.05168559   0.00200614
  0.05180402   0.00203657
  0.05192251   0.00206701
  0.05204100   0.00209740
  0.05215943   0.00212784
  0.05227791   0.00215823
  0.05239635   0.00218867
  0.05251483   0.00221911
  0.05263332   0.00224950
  0.05275175   0.00227993
  0.05287024   0.00231033
  0.05298867   0.00234076
  0.05310720   0.00237116
  0.05322569   0.00240159
  0.05334412   0.00243203
  0.05346261   0.00246242
  0.05358104   0.00249286
  0.05369953   0.00252325
  0.05381802   0.00255369
  0.05393645   0.00258413
  0.05405494   0.00261452
  0.05417337   0.00264496
  0.05429186   0.00267535
  0.05441035   0.00270579
  0.05452878   0.00273622
  0.05464726   0.00276662
  0.05476570   0.00279705
  0.05488418   0.00282745
  0.05500267   0.00285788
  0.05512110   0.00288826
  0.05523959   0.00291866
  0.05535802   0.00294909
  0.05547651   0.00297949
  0.05559500   0.00300992
  0.05571343   0.00304036
  0.05583192   0.00307075
  0.05595035   0.00310119
  0.05606884   0.00313158
  0.05618733   0.00316202
  0.05630576   0.00319246
  0.05642424   0.00322285
  0.05654268   0.00325329
  0.05666116   0.00328368
  0.05677965   0.00331412
  0.05689808   0.00334455
  0.05701657   0.00337495
  0.05713500   0.00340538
  0.05725349   0.00343578
  0.05737198   0.00346621
  0.05749045   0.00349665
  0.05760894   0.00352704
  0.05772743   0.00355748
  0.05784586   0.00358787
  0.05796435   0.00361831
  0.05808278   0.00364875
  0.05820127   0.00367914
  0.05831976   0.00370958
  0.05843819   0.00373997
  0.05855668   0.00377041
  0.05867511   0.00380084
  0.05879359   0.00383123
  0.05891208   0.00386167
  0.05903051   0.00389206
  0.05914900   0.00392250
  0.05926743   0.00395294
  0.05938592   0.00398333
  0.05950441   0.00401377
  0.05962284   0.00404416
  0.05974133   0.00407460
  0.05985976   0.00410503
  0.05997825   0.00413543
  0.06009674   0.00416586
  0.06021517   0.00419626
  0.06033365   0.00422669
  0.06045209   0.00425709
  0.06057057   0.00428752
  0.06068906   0.00431796
  0.06080749   0.00434835
  0.06092598   0.00437879
  0.06104441   0.00440918
  0.06116290   0.00443962
  0.06128139   0.00447006
  0.06139982   0.00450045
  0.06151831   0.00453089
  0.06163674   0.00456128
  0.06175523   0.00459172
  0.06187376   0.00462215
  0.06199219   0.00465255
  0.06211068   0.00468298
  0.06222911   0.00471332
  0.06234760   0.00474376
  0.06246609   0.00477419
  0.06258452   0.00480459
  0.06270300   0.00483502
  0.06282144   0.00486542
  0.06293992   0.00489585
  0.06305841   0.00492629
  0.06317684   0.00495668
  0.06329533   0.00498712
  0.06341376   0.00501751
  0.06353225   0.00504795
  0.06365074   0.00507839
  0.06376917   0.00510878
  0.06388766   0.00513922
  0.06400609   0.00516961
  0.06412458   0.00520005
  0.06424307   0.00523048
  0.06436150   0.00526088
  0.06447998   0.00529131
  0.06459847   0.00532171
  0.06471690   0.00535214
  0.06483539   0.00538258
  0.06495382   0.00541297
  0.06507231   0.00544341
  0.06519080   0.00547380
  0.06530923   0.00550424
  0.06542772   0.00553468
  0.06554615   0.00556507
  0.06566464   0.00559550
  0.06578313   0.00562590
  0.06590156   0.00565633
  0.06602004   0.00568677
  0.06613852   0.00571716
  0.06625701   0.00574760
  0.06637550   0.00577799
  0.06649393   0.00580843
  0.06661242   0.00583887
  0.06673085   0.00586926
  0.06684933   0.00589970
  0.06696782   0.00593009
  0.06708625   0.00596053
  0.06720474   0.00599096
  0.06732317   0.00602136
  0.06744166   0.00605179
  0.06756015   0.00608219
  0.06767858   0.00611262
  0.06779707   0.00614302
  0.06791550   0.00617345
  0.06803399   0.00620389
  0.06815248   0.00623428
  0.06827091   0.00626472
  0.06838939   0.00629511
  0.06850783   0.00632555
  0.06862631   0.00635599
  0.06874480   0.00638638
  0.06886323   0.00641682
  0.06898172   0.00644721
  0.06910015   0.00647765
  0.06921864   0.00650808
  0.06933713   0.00653842
  0.06945556   0.00656886
  0.06957405   0.00659925
  0.06969248   0.00662969
  0.06981097   0.00666012
  0.06992946   0.00669052
  0.07004789   0.00672095
  0.07016637   0.00675135
  0.07028481   0.00678178
  0.07040329   0.00681222
  0.07052183   0.00684261
  0.07064026   0.00687305
  0.07075874   0.00690344
  0.07087718   0.00693388
  0.07099566   0.00696432
  0.07111415   0.00699471
  0.07123258   0.00702515
  0.07135107   0.00705554
  0.07146950   0.00708598
  0.07158799   0.00711641
  0.07170648   0.00714680
  0.07182491   0.00717724
  0.07194340   0.00720763
  0.07206189   0.00723807
  0.07218032   0.00726851
  0.07229881   0.00729890
  0.07241724   0.00732934
  0.07253572   0.00735973
  0.07265421   0.00739017
  0.07277264   0.00742060
  0.07289113   0.00745100
  0.07300956   0.00748143
  0.07312805   0.00751183
  0.07324654   0.00754226
  0.07336497   0.00757270
  0.07348346   0.00760309
  0.07360189   0.00763353
  0.07372038   0.00766392
  0.07383887   0.00769436
  0.07395730   0.00772480
  0.07407578   0.00775519
  0.07419422   0.00778563
  0.07431270   0.00781602
  0.07443119   0.00784646
  0.07454962   0.00787689
  0.07466811   0.00790729
  0.07478654   0.00793772
  0.07490507   0.00796812
  0.07502356   0.00799855
  0.07514199   0.00802895
  0.07526048   0.00805938
  0.07537891   0.00808982
  0.07549740   0.00812021
  0.07561589   0.00815065
  0.07573432   0.00818104
  0.07585281   0.00821148
  0.07597124   0.00824192
  0.07608973   0.00827231
  0.07620822   0.00830275
  0.07632665   0.00833314
  0.07644513   0.00836352
  0.07656357   0.00839396
  0.07668205   0.00842435
  0.07680054   0.00845479
  0.07691897   0.00848518
  0.07703746   0.00851562
  0.07715589   0.00854605
  0.07727438   0.00857645
  0.07739287   0.00860688
  0.07751130   0.00863728
  0.07762979   0.00866771
  0.07774822   0.00869815
  0.07786671   0.00872854
  0.07798520   0.00875898
  0.07810363   0.00878937
  0.07822211   0.00881981
  0.07834055   0.00885025
  0.07845903   0.00888064
  0.07857752   0.00891107
  0.07869595   0.00894147
  0.07881444   0.00897190
  0.07893293   0.00900234
  0.07905136   0.00903273
  0.07916985   0.00906317
  0.07928832   0.00909356
  0.07940681   0.00912400
  0.07952530   0.00915444
  0.07964373   0.00918483
  0.07976222   0.00921527
  0.07988065   0.00924566
  0.07999914   0.00927610
  0.08011763   0.00930653
  0.08023606   0.00933693
  0.08035455   0.00936736
  0.08047298   0.00939776
  0.08059146   0.00942819
  0.08070995   0.00945863
  0.08082838   0.00948902
  0.08094687   0.00951946
  0.08106530   0.00954985
  0.08118379   0.00958029
  0.08130228   0.00961073
  0.08142071   0.00964112
  0.08153920   0.00967156
  0.08165763   0.00970195
  0.08177612   0.00973239
  0.08189461   0.00976278
  0.08201304   0.00979322
  0.08213152   0.00982365
  0.08224996   0.00985405
  0.08236844   0.00988448
  0.08248693   0.00991488
  0.08260536   0.00994531
  0.08272385   0.00997575
  0.08284228   0.01000614
  0.08294520   0.01005831
  0.08304128   0.01011980
  0.08313708   0.01018149
  0.08323248   0.01024341
  0.08332761   0.01030546
  0.08342245   0.01036777
  0.08351696   0.01043026
  0.08361108   0.01049297
  0.08370492   0.01055584
  0.08379842   0.01061889
  0.08389153   0.01068216
  0.08398436   0.01074554
  0.08407686   0.01080920
  0.08416901   0.01087302
  0.08426084   0.01093697
  0.08435232   0.01100113
  0.08444347   0.01106542
  0.08453429   0.01112992
  0.08462477   0.01119458
  0.08471485   0.01125937
  0.08480466   0.01132437
  0.08489407   0.01138950
  0.08498315   0.01145483
  0.08507189   0.01152028
  0.08516029   0.01158586
  0.08524831   0.01165164
  0.08533598   0.01171749
  0.08542332   0.01178356
  0.08551033   0.01184979
  0.08559694   0.01191609
  0.08568322   0.01198255
  0.08576916   0.01204913
  0.08585471   0.01211587
  0.08593992   0.01218278
  0.08602474   0.01224975
  0.08610922   0.01231682
  0.08619337   0.01238408
  0.08627713   0.01245143
  0.08636054   0.01251890
  0.08644357   0.01258649
  0.08652626   0.01265418
  0.08660856   0.01272193
  0.08669057   0.01278985
  0.08677214   0.01285787
  0.08685337   0.01292597
  0.08693422   0.01299422
  0.08701472   0.01306248
  0.08709484   0.01313090
  0.08717456   0.01319937
  0.08725395   0.01326792
  0.08733294   0.01333661
  0.08741160   0.01340532
  0.08748981   0.01347413
  0.08756774   0.01354301
  0.08764522   0.01361199
  0.08772236   0.01368103
  0.08779912   0.01375013
  0.08787553   0.01381933
  0.08795156   0.01388849
  0.08802719   0.01395780
  0.08810243   0.01402717
  0.08817734   0.01409656
  0.08825185   0.01416604
  0.08832597   0.01423553
  0.08839975   0.01430507
  0.08847314   0.01437472
  0.08854614   0.01444433
  0.08861875   0.01451404
  0.08869102   0.01458370
  0.08876290   0.01465346
  0.08883439   0.01472328
  0.08890548   0.01479306
  0.08897619   0.01486287
  0.08904655   0.01493270
  0.08911670   0.01500258
  0.08918684   0.01507245
  0.08925698   0.01514228
  0.08932713   0.01521216
  0.08939727   0.01528199
  0.08946745   0.01535186
  0.08953760   0.01542174
  0.08960768   0.01549157
  0.08967783   0.01556144
  0.08974797   0.01563128
  0.08981811   0.01570115
  0.08988826   0.01577103
  0.08995840   0.01584086
  0.09002854   0.01591073
  0.09009868   0.01598062
  0.09016883   0.01605049
  0.09023897   0.01612037
  0.09030906   0.01619020
  0.09037920   0.01626007
  0.09044934   0.01632990
  0.09051948   0.01639978
  0.09058963   0.01646965
  0.09065977   0.01653948
  0.09072991   0.01660936
  0.09080006   0.01667919
  0.09087020   0.01674906
  0.09094034   0.01681894
  0.09101043   0.01688877
  0.09108057   0.01695864
  0.09115071   0.01702847
  0.09122086   0.01709835
  0.09129100   0.01716822
  0.09136114   0.01723805
  0.09143128   0.01730793
  0.09150143   0.01737776
  0.09157157   0.01744763
  0.09164171   0.01751751
  0.09171180   0.01758740
  0.09178194   0.01765727
  0.09185208   0.01772710
  0.09192223   0.01779698
  0.09199241   0.01786681
  0.09206256   0.01793668
  0.09213270   0.01800656
  0.09220284   0.01807639
  0.09227298   0.01814626
  0.09234313   0.01821609
  0.09241321   0.01828597
  0.09248336   0.01835584
  0.09255350   0.01842567
  0.09262364   0.01849555
  0.09269379   0.01856538
  0.09276393   0.01863525
  0.09283407   0.01870513
  0.09290421   0.01877496
  0.09297436   0.01884483
  0.09304450   0.01891466
  0.09311464   0.01898454
  0.09318473   0.01905441
  0.09325487   0.01912430
  0.09332501   0.01919417
  0.09339516   0.01926400
  0.09346530   0.01933388
  0.09353544   0.01940375
  0.09360559   0.01947358
  0.09363144   0.01957961
  0.09363755   0.01970178
  0.09364370   0.01982395
  0.09364975   0.01994607
  0.09365586   0.02006824
  0.09366196   0.02019040
  0.09366807   0.02031253
  0.09367418   0.02043469
  0.09368029   0.02055686
  0.09368644   0.02067903
  0.09369255   0.02080115
  0.09369865   0.02092332
  0.09370476   0.02104549
  0.09371081   0.02116761
  0.09371692   0.02128978
  0.09372303   0.02141194
  0.09372913   0.02153411
  0.09373528   0.02165629
  0.09374139   0.02177846
  0.09374750   0.02190063
  0.09375361   0.02202275
  0.09375971   0.02214492
  0.09376582   0.02226708
  0.09377187   0.02238921
  0.09377802   0.02251137
  0.09378413   0.02263354
  0.09379024   0.02275571
  0.09379635   0.02287783
  0.09380245   0.02300000
