 -0.02035340   0.02300000
 -0.02034877   0.02283822
 -0.02034415   0.02267652
 -0.02033952   0.02251474
 -0.02033489   0.02235298
 -0.02033026   0.02219128
 -0.02032564   0.02202950
 -0.02032101   0.02186772
 -0.02031638   0.02170594
 -0.02031176   0.02154425
 -0.02030713   0.02138247
 -0.02030259   0.02122070
 -0.02029796   0.02105901
 -0.02029333   0.02089723
 -0.02028870   0.02073545
 -0.02028408   0.02057375
 -0.02027945   0.02041197
 -0.02027482   0.02025021
 -0.02027020   0.02008843
 -0.02026557   0.01992673
 -0.02026094   0.01976495
 -0.02025632   0.01960317
 -0.02025169   0.01944148
 -0.02024706   0.01927970
 -0.02024243   0.01911793
 -0.02023781   0.01895624
 -0.02023326   0.01879446
 -0.02022864   0.01863268
 -0.02022401   0.01847090
 -0.02021938   0.01830920
 -0.02021476   0.01814742
 -0.02021013   0.01798566
 -0.02020550   0.01782396
 -0.02020087   0.01766218
 -0.02019625   0.01750040
 -0.02019162   0.01733870
 -0.02018699   0.01717692
 -0.02018237   0.01701514
 -0.02017774   0.01685338
 -0.02017311   0.01669168
 -0.02016849   0.01652990
 -0.02016386   0.01636812
 -0.02015931   0.01620643
 -0.02015469   0.01604465
 -0.02015006   0.01588287
 -0.02014543   0.01572119
 -0.02014081   0.01555941
 -0.02013618   0.01539763
 -0.02013155   0.01523585
 -0.02012692   0.01507415
 -0.02012230   0.01491237
 -0.02011767   0.01475061
 -0.02011304   0.01458891
 -0.02010842   0.01442713
 -0.02010379   0.01426535
 -0.02009916   0.01410366
 -0.02009454   0.01394188
 -0.02008999   0.01378010
 -0.02008536   0.01361833
 -0.02008074   0.01345664
 -0.02007611   0.01329486
 -0.02007148   0.01313308
 -0.02006686   0.01297138
 -0.02006223   0.01280960
 -0.02005760   0.01264782
 -0.02005298   0.01248614
 -0.02004835   0.01232436
 -0.02004372   0.01216258
 -0.02003909   0.01200080
 -0.02003447   0.01183910
 -0.02002801   0.01167741
 -0.02001898   0.01151588
 -0.02000746   0.01135445
 -0.01999345   0.01119325
 -0.01997687   0.01103238
 -0.01995771   0.01087176
 -0.01993614   0.01071148
 -0.01991200   0.01055161
 -0.01988536   0.01039215
 -0.01985632   0.01023321
 -0.01982470   0.01007476
 -0.01979059   0.00991696
 -0.01975408   0.00975967
 -0.01971507   0.00960304
 -0.01967365   0.00944715
 -0.01962983   0.00929195
 -0.01958351   0.00913756
 -0.01953487   0.00898400
 -0.01948373   0.00883128
 -0.01943036   0.00867946
 -0.01937449   0.00852864
 -0.01931638   0.00837874
 -0.01925595   0.00822993
 -0.01919319   0.00808210
 -0.01912819   0.00793544
 -0.01906086   0.00778994
 -0.01899129   0.00764560
 -0.01891956   0.00750250
 -0.01884559   0.00736065
 -0.01876938   0.00722015
 -0.01869109   0.00708096
 -0.01861064   0.00694318
 -0.01852811   0.00680673
 -0.01844351   0.00667186
 -0.01835684   0.00653840
 -0.01826808   0.00640643
 -0.01817742   0.00627606
 -0.01808476   0.00614733
 -0.01799011   0.00602018
 -0.01789355   0.00589469
 -0.01779508   0.00577095
 -0.01769479   0.00564887
 -0.01759266   0.00552853
 -0.01748880   0.00541011
 -0.01738310   0.00529343
 -0.01727566   0.00517857
 -0.01716656   0.00506562
 -0.01705572   0.00495458
 -0.01694330   0.00484554
 -0.01682930   0.00473842
 -0.01671372   0.00463336
 -0.01659656   0.00453021
 -0.01647800   0.00442922
 -0.01635794   0.00433031
 -0.01623638   0.00423339
 -0.01611358   0.00413871
 -0.01598928   0.00404612
 -0.01586382   0.00395576
 -0.01573695   0.00386756
 -0.01560891   0.00378161
 -0.01547972   0.00369781
 -0.01534936   0.00361633
 -0.01521783   0.00353719
 -0.01508531   0.00346030
 -0.01495172   0.00338571
 -0.01481712   0.00331346
 -0.01468153   0.00324361
 -0.01454496   0.00317609
 -0.01440730   0.00311099
 -0.01426866   0.00304824
 -0.01412912   0.00298798
 -0.01398857   0.00293012
 -0.01384728   0.00287479
 -0.01370509   0.00282179
 -0.01356215   0.00277138
 -0.01341847   0.00272341
 -0.01327413   0.00267801
 -0.01312912   0.00263506
 -0.01298345   0.00259461
 -0.01283756   0.00255526
 -0.01269140   0.00251628
 -0.01254500   0.00247766
 -0.01239846   0.00243941
 -0.01225165   0.00240151
 -0.01210462   0.00236389
 -0.01195741   0.00232664
 -0.01181006   0.00228976
 -0.01166246   0.00225315
 -0.01151462   0.00221702
 -0.01136661   0.00218116
 -0.01121837   0.00214569
 -0.01106997   0.00211050
 -0.01092134   0.00207577
 -0.01077256   0.00204134
 -0.01062352   0.00200729
 -0.01047433   0.00197362
 -0.01032499   0.00194033
 -0.01017542   0.00190734
 -0.01002560   0.00187481
 -0.00987562   0.00184261
 -0.00972550   0.00181078
 -0.00957515   0.00177926
 -0.00942464   0.00174822
 -0.00927390   0.00171750
 -0.00912301   0.00168716
 -0.00897196   0.00165722
 -0.00882069   0.00162768
 -0.00866926   0.00159844
 -0.00851761   0.00156961
 -0.00836582   0.00154127
 -0.00821386   0.00151318
 -0.00806176   0.00148556
 -0.00790945   0.00145835
 -0.00775690   0.00143146
 -0.00760430   0.00140499
 -0.00745146   0.00137894
 -0.00729849   0.00135328
 -0.00714528   0.00132796
 -0.00699202   0.00130314
 -0.00683854   0.00127865
 -0.00668484   0.00125458
 -0.00653109   0.00123092
 -0.00637710   0.00120760
 -0.00622300   0.00118480
 -0.00606874   0.00116233
 -0.00591428   0.00114020
 -0.00575977   0.00111825
 -0.00560502   0.00109655
 -0.00545017   0.00107495
 -0.00529525   0.00105362
 -0.00514013   0.00103239
 -0.00498488   0.00101133
 -0.00482950   0.00099056
 -0.00467399   0.00096988
 -0.00451836   0.00094946
 -0.00436260   0.00092915
 -0.00420671   0.00090912
 -0.00405071   0.00088920
 -0.00389459   0.00086953
 -0.00373835   0.00085000
 -0.00358198   0.00083074
 -0.00342542   0.00081166
 -0.00326882   0.00079270
 -0.00311202   0.00077402
 -0.00295519   0.00075555
 -0.00279816   0.00073718
 -0.00264110   0.00071911
 -0.00248385   0.00070122
 -0.00232657   0.00068347
 -0.00216910   0.00066599
 -0.00201152   0.00064873
 -0.00185383   0.00063166
 -0.00169613   0.00061474
 -0.00153823   0.00059810
 -0.00138023   0.00058166
 -0.00122213   0.00056544
 -0.00106392   0.00054942
 -0.00090561   0.00053362
 -0.00074722   0.00051802
 -0.00058873   0.00050265
 -0.00043005   0.00048749
 -0.00027136   0.00047255
 -0.00011258   0.00045783
  0.00004629   0.00044332
  0.00020534   0.00042902
  0.00036437   0.00041495
  0.00052351   0.00040110
  0.00068283   0.00038747
  0.00084214   0.00037407
  0.00100161   0.00036088
  0.00116109   0.00034792
  0.00132072   0.00033518
  0.00148036   0.00032268
  0.00164016   0.00031048
  0.00180002   0.00029841
  0.00195989   0.00028658
  0.00211990   0.00027499
  0.00228001   0.00026369
  0.00244018   0.00025255
  0.00260031   0.00024163
  0.00276062   0.00023096
  0.00292099   0.00022060
  0.00308141   0.00021038
  0.00324192   0.00020038
  0.00340248   0.00019072
  0.00356309   0.00018121
  0.00372377   0.00017201
  0.00388451   0.00016295
  0.00404529   0.00015424
  0.00420614   0.00014565
  0.00436706   0.00013741
  0.00452801   0.00012931
  0.00468901   0.00012154
  0.00485006   0.00011391
  0.00501116   0.00010661
  0.00517229   0.00009946
  0.00533348   0.00009264
  0.00549480   0.00008606
  0.00565607   0.00007963
  0.00581738   0.00007354
  0.00597873   0.00006768
  0.00614011   0.00006198
  0.00630161   0.00005661
  0.00646307   0.00005148
  0.00662455   0.00004660
  0.00678615   0.00004187
  0.00694770   0.00003746
  0.00710926   0.00003330
  0.00727085   0.00002938
  0.00743256   0.00002572
  0.00759419   0.00002230
  0.00775593   0.00001912
  0.00791763   0.00001617
  0.00807932   0.00001340
  0.00824112   0.00001096
  0.00840285   0.00000876
  0.00856458   0.00000681
  0.00872642   0.00000509
  0.00888818   0.00000363
  0.00905003   0.00000250
  0.00921181   0.00000153
  0.00937359   0.00000080
  0.00953545   0.00000032
  0.00969723   0.00000008
  0.00985910  -0.00000000
  0.01002088  -0.00000000
  0.01018267  -0.00000000
  0.01034453  -0.00000000
  0.01050631  -0.00000000
  0.01066818  -0.00000000
  0.01082997  -0.00000000
  0.01099184   0.00000002
  0.01115362   0.00000002
  0.01131540   0.00000002
  0.01147728   0.00000002
  0.01163906   0.00000002
  0.01180092   0.00000002
  0.01196270   0.00000002
  0.01212450   0.00000002
  0.01228636   0.00000002
  0.01244814   0.00000002
  0.01261000   0.00000002
  0.01277180   0.00000002
  0.01293358   0.00000002
  0.01309544   0.00000002
  0.01325722   0.00000002
  0.01341910   0.00000003
  0.01358088   0.00000003
  0.01374274   0.00000003
  0.01390452   0.00000003
  0.01406632   0.00000003
  0.01422818   0.00000003
  0.01438996   0.00000003
  0.01455183   0.00000003
  0.01471362   0.00000003
  0.01487540   0.00000003
  0.01503727   0.00000003
  0.01519905   0.00000003
  0.01536093   0.00000003
  0.01552271   0.00000003
  0.01568449   0.00000003
  0.01584637   0.00000005
  0.01600814   0.00000005
  0.01617001   0.00000005
  0.01633179   0.00000005
  0.01649367   0.00000005
  0.01665545   0.00000005
  0.01681723   0.00000005
  0.01697909   0.00000005
  0.01714089   0.00000005
  0.01730275   0.00000005
  0.01746453   0.00000005
  0.01762631   0.00000005
  0.01778819   0.00000005
  0.01794997   0.00000005
  0.01811183   0.00000005
  0.01827361   0.00000007
  0.01843541   0.00000007
  0.01859727   0.00000007
  0.01875905   0.00000007
  0.01892091   0.00000007
  0.01908271   0.00000007
  0.01924457   0.00000007
  0.01940635   0.00000007
  0.01956813   0.00000007
  0.01973001   0.00000007
  0.01989179   0.00000007
  0.02005366   0.00000007
  0.02021544   0.00000007
  0.02037723   0.00000007
  0.02053910   0.00000007
  0.02070088   0.00000008
  0.02086274   0.00000008
  0.02102454   0.00000008
  0.02118632   0.00000008
  0.02134818   0.00000008
  0.02150996   0.00000008
  0.02167184   0.00000008
  0.02183362   0.00000008
  0.02199548   0.00000008
  0.02215726   0.00000008
  0.02231906   0.00000008
  0.02248092   0.00000008
  0.02264270   0.00000008
  0.02280456   0.00000008
  0.02296636   0.00000008
  0.02312814   0.00000010
  0.02329000   0.00000010
  0.02345178   0.00000010
  0.02361366   0.00000010
  0.02377544   0.00000010
  0.02393722   0.00000010
  0.02409909   0.00000010
  0.02426088   0.00000010
  0.02442274   0.00000010
  0.02458452   0.00000010
  0.02474639   0.00000010
  0.02490818   0.00000010
  0.02506996   0.00000010
  0.02523183   0.00000010
  0.02539361   0.00000010
  0.02555549   0.00000012
  0.02571727   0.00000012
  0.02587905   0.00000012
  0.02604091   0.00000012
  0.02620271   0.00000012
  0.02636457   0.00000012
  0.02652635   0.00000012
  0.02668813   0.00000012
  0.02685001   0.00000012
  0.02701179   0.00000012
  0.02717365   0.00000012
  0.02733543   0.00000012
  0.02749731   0.00000012
  0.02765909   0.00000012
  0.02782087   0.00000012
  0.02798273   0.00000014
  0.02814453   0.00000014
  0.02830639   0.00000014
  0.02846817   0.00000014
  0.02862995   0.00000014
  0.02879183   0.00000014
  0.02895361   0.00000014
  0.02911548   0.00000014
  0.02927726   0.00000014
  0.02943905   0.00000014
  0.02960092   0.00000014
  0.02976270   0.00000014
  0.02992456   0.00000014
  0.03008635   0.00000014
  0.03024822   0.00000015
  0.03041000   0.00000015
  0.03057179   0.00000015
  0.03073366   0.00000015
  0.03089544   0.00000015
  0.03105730   0.00000015
  0.03121910   0.00000015
  0.03138088   0.00000015
  0.03154274   0.00000015
  0.03170452   0.00000015
  0.03186640   0.00000015
  0.03202818   0.00000015
  0.03218996   0.00000015
  0.03235182   0.00000015
  0.03251362   0.00000015
  0.03267548   0.00000017
  0.03283726   0.00000017
  0.03299912   0.00000017
  0.03316092   0.00000017
  0.03332270   0.00000017
  0.03348456   0.00000017
  0.03364634   0.00000017
  0.03380822   0.00000017
  0.03397000   0.00000017
  0.03413178   0.00000017
  0.03429365   0.00000017
  0.03445544   0.00000017
  0.03461731   0.00000017
  0.03477909   0.00000017
  0.03494087   0.00000017
  0.03510275   0.00000019
  0.03526453   0.00000019
  0.03542639   0.00000019
  0.03558817   0.00000019
  0.03575005   0.00000019
  0.03591183   0.00000019
  0.03607361   0.00000019
  0.03623547   0.00000019
  0.03639727   0.00000019
  0.03655913   0.00000019
  0.03672091   0.00000019
  0.03688269   0.00000019
  0.03704457   0.00000019
  0.03720635   0.00000019
  0.03736821   0.00000019
  0.03752999   0.00000020
  0.03769179   0.00000020
  0.03785365   0.00000020
  0.03801543   0.00000020
  0.03817729   0.00000020
  0.03833909   0.00000020
  0.03850095   0.00000020
  0.03866273   0.00000020
  0.03882451   0.00000020
  0.03898639   0.00000020
  0.03914817   0.00000020
  0.03931004   0.00000020
  0.03947182   0.00000020
  0.03963361   0.00000020
  0.03979548   0.00000020
  0.03995726   0.00000022
  0.04011912   0.00000022
  0.04028092   0.00000022
  0.04044270   0.00000022
  0.04060456   0.00000022
  0.04076634   0.00000022
  0.04092822   0.00000022
  0.04109000   0.00000022
  0.04125186   0.00000022
  0.04141364   0.00000022
  0.04157544   0.00000022
  0.04173730   0.00000022
  0.04189908   0.00000022
  0.04206094   0.00000022
  0.04222274   0.00000022
  0.04238452   0.00000024
  0.04254638   0.00000024
  0.04270816   0.00000024
  0.04287004   0.00000024
  0.04303182   0.00000024
  0.04319369   0.00000024
  0.04329852   0.00000220
  0.04340320   0.00000797
  0.04350755   0.00001757
  0.04361153   0.00003106
  0.04371479   0.00004831
  0.04381771   0.00006836
  0.04392014   0.00009080
  0.04402200   0.00011559
  0.04412360   0.00014170
  0.04422511   0.00016780
  0.04432671   0.00019391
  0.04442822   0.00022000
  0.04452982   0.00024612
  0.04463141   0.00027223
  0.04473292   0.00029833
  0.04483452   0.00032444
  0.04493603   0.00035053
  0.04503763   0.00037665
  0.04513922   0.00040274
  0.04524074   0.00042885
  0.04534233   0.00045497
  0.04544385   0.00048106
  0.04554544   0.00050717
  0.04564704   0.00053327
  0.04574855   0.00055938
  0.04585015   0.00058550
  0.04595166   0.00061159
  0.04605326   0.00063770
  0.04615485   0.00066380
  0.04625636   0.00068991
  0.04635796   0.00071602
  0.04645947   0.00074212
  0.04656107   0.00076823
  0.04666266   0.00079433
  0.04676418   0.00082044
  0.04686577   0.00084655
  0.04696729   0.00087265
  0.04706888   0.00089868
  0.04717048   0.00092477
  0.04727199   0.00095089
  0.04737359   0.00097700
  0.04747510   0.00100309
  0.04757669   0.00102921
  0.04767829   0.00105530
  0.04777982   0.00108141
  0.04788142   0.00110753
  0.04798293   0.00113362
  0.04808452   0.00115974
  0.04818612   0.00118583
  0.04828763   0.00121194
  0.04838923   0.00123806
  0.04849074   0.00126415
  0.04859234   0.00129026
  0.04869393   0.00131636
  0.04879545   0.00134247
  0.04889704   0.00136858
  0.04899855   0.00139468
  0.04910015   0.00142079
  0.04920175   0.00144689
  0.04930326   0.00147300
  0.04940485   0.00149911
  0.04950645   0.00152521
  0.04960796   0.00155132
  0.04970956   0.00157742
  0.04981107   0.00160353
  0.04991267   0.00162964
  0.05001426   0.00165574
  0.05011578   0.00168185
  0.05021737   0.00170795
  0.05031888   0.00173406
  0.05042048   0.00176017
  0.05052208   0.00178627
  0.05062359   0.00181238
  0.05072519   0.00183847
  0.05082670   0.00186459
  0.05092829   0.00189070
  0.05102989   0.00191680
  0.05113140   0.00194291
  0.05123300   0.00196900
  0.05133451   0.00199512
  0.05143612   0.00202121
  0.05153772   0.00204732
  0.05163923   0.00207344
  0.05174083   0.00209953
  0.05184234   0.00212564
  0.05194394   0.00215174
  0.05204553   0.00217785
  0.05214705   0.00220397
  0.05224864   0.00223006
  0.05235015   0.00225617
  0.05245175   0.00228227
  0.05255335   0.00230838
  0.05265486   0.00233449
  0.05275645   0.00236059
  0.05285797   0.00238670
  0.05295956   0.00241280
  0.05306116   0.00243891
  0.05316267   0.00246494
  0.05326427   0.00249104
  0.05336578   0.00251715
  0.05346738   0.00254324
  0.05356897   0.00256936
  0.05367048   0.00259547
  0.05377208   0.00262156
  0.05387359   0.00264768
  0.05397519   0.00267377
  0.05407678   0.00269988
  0.05417830   0.00272600
  0.05427989   0.00275209
  0.05438141   0.00277821
  0.05448300   0.00280430
  0.05458460   0.00283041
  0.05468611   0.00285653
  0.05478771   0.00288262
  0.05488922   0.00290873
  0.05499081   0.00293483
  0.05509241   0.00296094
  0.05519394   0.00298705
  0.05529554   0.00301315
  0.05539713   0.00303926
  0.05549864   0.00306536
  0.05560024   0.00309147
  0.05570175   0.00311758
  0.05580335   0.00314368
  0.05590494   0.00316979
  0.05600646   0.00319589
  0.05610805   0.00322200
  0.05620957   0.00324811
  0.05631116   0.00327421
  0.05641276   0.00330032
  0.05651427   0.00332642
  0.05661587   0.00335253
  0.05671738   0.00337864
  0.05681898   0.00340474
  0.05692057   0.00343085
  0.05702208   0.00345694
  0.05712368   0.00348306
  0.05722519   0.00350917
  0.05732679   0.00353527
  0.05742838   0.00356138
  0.05752990   0.00358747
  0.05763149   0.00361359
  0.05773301   0.00363968
  0.05783460   0.00366579
  0.05793620   0.00369191
  0.05803771   0.00371800
  0.05813931   0.00374411
  0.05824082   0.00377021
  0.05834241   0.00379632
  0.05844401   0.00382244
  0.05854552   0.00384853
  0.05864712   0.00387464
  0.05874863   0.00390074
  0.05885023   0.00392685
  0.05895184   0.00395296
  0.05905335   0.00397906
  0.05915495   0.00400517
  0.05925646   0.00403118
  0.05935806   0.00405730
  0.05945965   0.00408341
  0.05956117   0.00410951
  0.05966276   0.00413562
  0.05976427   0.00416171
  0.05986587   0.00418783
  0.05996747   0.00421394
  0.06006898   0.00424003
  0.06017057   0.00426615
  0.06027209   0.00429224
  0.06037368   0.00431835
  0.06047528   0.00434447
  0.06057679   0.00437056
  0.06067839   0.00439668
  0.06077990   0.00442277
  0.06088150   0.00444888
  0.06098309   0.00447500
  0.06108460   0.00450109
  0.06118620   0.00452720
  0.06128780   0.00455330
  0.06138931   0.00457941
  0.06149091   0.00460552
  0.06159242   0.00463162
  0.06169401   0.00465773
  0.06179561   0.00468383
  0.06189712   0.00470994
  0.06199872   0.00473605
  0.06210023   0.00476215
  0.06220183   0.00478826
  0.06230342   0.00481436
  0.06240494   0.00484047
  0.06250653   0.00486658
  0.06260806   0.00489268
  0.06270966   0.00491879
  0.06281125   0.00494489
  0.06291277   0.00497100
  0.06301436   0.00499711
  0.06311587   0.00502321
  0.06321747   0.00504932
  0.06331907   0.00507541
  0.06342058   0.00510153
  0.06352217   0.00512764
  0.06362369   0.00515374
  0.06372528   0.00517985
  0.06382688   0.00520594
  0.06392839   0.00523206
  0.06402999   0.00525815
  0.06413150   0.00528426
  0.06423310   0.00531038
  0.06433469   0.00533647
  0.06443620   0.00536258
  0.06453780   0.00538868
  0.06463931   0.00541479
  0.06474091   0.00544091
  0.06484250   0.00546700
  0.06494402   0.00549311
  0.06504561   0.00551921
  0.06514713   0.00554532
  0.06524872   0.00557143
  0.06535032   0.00559745
  0.06545183   0.00562356
  0.06555343   0.00564965
  0.06565494   0.00567577
  0.06575653   0.00570188
  0.06585813   0.00572798
  0.06595964   0.00575409
  0.06606124   0.00578018
  0.06616275   0.00580630
  0.06626435   0.00583241
  0.06636596   0.00585850
  0.06646747   0.00588462
  0.06656907   0.00591071
  0.06667058   0.00593682
  0.06677218   0.00596294
  0.06687377   0.00598903
  0.06697529   0.00601515
  0.06707688   0.00604124
  0.06717840   0.00606735
  0.06727999   0.00609347
  0.06738159   0.00611956
  0.06748310   0.00614567
  0.06758470   0.00617177
  0.06768629   0.00619788
  0.06778780   0.00622399
  0.06788940   0.00625009
  0.06799091   0.00627620
  0.06809251   0.00630230
  0.06819410   0.00632841
  0.06829562   0.00635452
  0.06839721   0.00638062
  0.06849873   0.00640673
  0.06860032   0.00643283
  0.06870192   0.00645894
  0.06880343   0.00648505
  0.06890503   0.00651115
  0.06900654   0.00653726
  0.06910813   0.00656336
  0.06920973   0.00658947
  0.06931124   0.00661558
  0.06941284   0.00664168
  0.06951435   0.00666779
  0.06961595   0.00669388
  0.06971754   0.00672000
  0.06981906   0.00674611
  0.06992065   0.00677221
  0.07002216   0.00679832
  0.07012378   0.00682441
  0.07022537   0.00685053
  0.07032689   0.00687662
  0.07042848   0.00690273
  0.07052999   0.00692885
  0.07063159   0.00695494
  0.07073319   0.00698105
  0.07083470   0.00700715
  0.07093629   0.00703326
  0.07103781   0.00705938
  0.07113940   0.00708547
  0.07124100   0.00711158
  0.07134251   0.00713768
  0.07144411   0.00716371
  0.07154562   0.00718982
  0.07164722   0.00721592
  0.07174881   0.00724203
  0.07185033   0.00726812
  0.07195192   0.00729424
  0.07205343   0.00732035
  0.07215503   0.00734645
  0.07225663   0.00737256
  0.07235814   0.00739865
  0.07245973   0.00742477
  0.07256125   0.00745088
  0.07266284   0.00747697
  0.07276444   0.00750309
  0.07286595   0.00752918
  0.07296755   0.00755529
  0.07306906   0.00758141
  0.07317066   0.00760750
  0.07327225   0.00763362
  0.07337376   0.00765971
  0.07347536   0.00768582
  0.07357696   0.00771194
  0.07367847   0.00773803
  0.07378006   0.00776414
  0.07388159   0.00779024
  0.07398319   0.00781635
  0.07408479   0.00784246
  0.07418630   0.00786856
  0.07428789   0.00789467
  0.07438941   0.00792077
  0.07449100   0.00794688
  0.07459260   0.00797299
  0.07469411   0.00799909
  0.07479571   0.00802520
  0.07489722   0.00805130
  0.07499882   0.00807741
  0.07510041   0.00810352
  0.07520192   0.00812962
  0.07530352   0.00815573
  0.07540503   0.00818183
  0.07550663   0.00820794
  0.07560822   0.00823405
  0.07570974   0.00826015
  0.07581133   0.00828626
  0.07591285   0.00831235
  0.07601444   0.00833847
  0.07611604   0.00836456
  0.07621755   0.00839068
  0.07631915   0.00841679
  0.07642066   0.00844288
  0.07652226   0.00846900
  0.07662385   0.00849509
  0.07672536   0.00852120
  0.07682696   0.00854732
  0.07692847   0.00857341
  0.07700698   0.00863175
  0.07707536   0.00870393
  0.07714332   0.00877639
  0.07721070   0.00884917
  0.07727767   0.00892219
  0.07734415   0.00899555
  0.07741020   0.00906924
  0.07747567   0.00914318
  0.07754073   0.00921738
  0.07760528   0.00929189
  0.07766926   0.00936667
  0.07773282   0.00944168
  0.07779588   0.00951704
  0.07785845   0.00959265
  0.07792051   0.00966849
  0.07798208   0.00974459
  0.07804315   0.00982093
  0.07810372   0.00989754
  0.07816379   0.00997439
  0.07822328   0.01005148
  0.07828236   0.01012883
  0.07834085   0.01020641
  0.07839885   0.01028427
  0.07845635   0.01036228
  0.07851335   0.01044053
  0.07856977   0.01051905
  0.07862569   0.01059771
  0.07868111   0.01067664
  0.07873603   0.01075582
  0.07879037   0.01083515
  0.07884422   0.01091466
  0.07889756   0.01099440
  0.07895033   0.01107433
  0.07900259   0.01115451
  0.07905428   0.01123483
  0.07910547   0.01131526
  0.07915615   0.01139600
  0.07920626   0.01147684
  0.07925587   0.01155784
  0.07930490   0.01163908
  0.07935343   0.01172042
  0.07940137   0.01180191
  0.07944884   0.01188358
  0.07949571   0.01196542
  0.07954208   0.01204740
  0.07958787   0.01212957
  0.07963316   0.01221181
  0.07967786   0.01229422
  0.07972199   0.01237673
  0.07976562   0.01245938
  0.07980867   0.01254221
  0.07985122   0.01262511
  0.07989310   0.01270811
  0.07993457   0.01279126
  0.07997538   0.01287451
  0.08001569   0.01295784
  0.08005541   0.01304132
  0.08009464   0.01312490
  0.08013329   0.01320846
  0.08017135   0.01329221
  0.08020884   0.01337604
  0.08024582   0.01345994
  0.08028223   0.01354393
  0.08031805   0.01362799
  0.08035337   0.01371207
  0.08038812   0.01379632
  0.08042228   0.01388055
  0.08045586   0.01396487
  0.08048894   0.01404919
  0.08052144   0.01413360
  0.08055336   0.01421809
  0.08058470   0.01430257
  0.08061546   0.01438706
  0.08064572   0.01447162
  0.08067564   0.01455620
  0.08070557   0.01464078
  0.08073550   0.01472534
  0.08076542   0.01480992
  0.08079535   0.01489448
  0.08082529   0.01497905
  0.08085522   0.01506363
  0.08088506   0.01514819
  0.08091499   0.01523277
  0.08094492   0.01531733
  0.08097484   0.01540191
  0.08100477   0.01548648
  0.08103470   0.01557104
  0.08106462   0.01565562
  0.08109455   0.01574027
  0.08112447   0.01582484
  0.08115440   0.01590942
  0.08118424   0.01599398
  0.08121417   0.01607856
  0.08124410   0.01616312
  0.08127402   0.01624770
  0.08130395   0.01633227
  0.08133388   0.01641683
  0.08136380   0.01650141
  0.08139373   0.01658597
  0.08142366   0.01667055
  0.08145358   0.01675513
  0.08148343   0.01683969
  0.08151335   0.01692426
  0.08154328   0.01700883
  0.08157321   0.01709340
  0.08160313   0.01717798
  0.08163306   0.01726254
  0.08166299   0.01734712
  0.08169291   0.01743168
  0.08172284   0.01751626
  0.08175277   0.01760083
  0.08178261   0.01768548
  0.08181254   0.01777005
  0.08184246   0.01785461
  0.08187239   0.01793919
  0.08190233   0.01802375
  0.08193226   0.01810833
  0.08196219   0.01819291
  0.08199211   0.01827747
  0.08202204   0.01836204
  0.08205197   0.01844661
  0.08208181   0.01853118
  0.08211174   0.01861576
  0.08214166   0.01870032
  0.08217159   0.01878490
  0.08220151   0.01886946
  0.08223144   0.01895404
  0.08226137   0.01903861
  0.08229129   0.01912317
  0.08232122   0.01920775
  0.08235115   0.01929231
  0.08238107   0.01937689
  0.08241092   0.01946147
  0.08244084   0.01954611
  0.08247077   0.01963069
  0.08250070   0.01971525
  0.08253062   0.01979982
  0.08256055   0.01988440
  0.08259048   0.01996896
  0.08260333   0.02006748
  0.08260857   0.02017221
  0.08261383   0.02027695
  0.08261899   0.02038166
  0.08262424   0.02048640
  0.08262948   0.02059113
  0.08263472   0.02069585
  0.08263996   0.02080059
  0.08264521   0.02090532
  0.08265046   0.02101006
  0.08265571   0.02111477
  0.08266095   0.02121951
  0.08266619   0.02132424
  0.08267135   0.02142896
  0.08267659   0.02153370
  0.08268184   0.02163843
  0.08268708   0.02174317
  0.08269234   0.02184797
  0.08269758   0.02195270
  0.08270282   0.02205744
  0.08270807   0.02216215
  0.08271331   0.02226689
  0.08271855   0.02237162
  0.08272371   0.02247634
  0.08272897   0.02258108
  0.08273421   0.02268581
  0.08273946   0.02279055
  0.08274470   0.02289527
  0.08274994   0.02300000
