  0.00564660   0.02300000
  0.00564982   0.02288728
  0.00565304   0.02277458
  0.00565626   0.02266186
  0.00565949   0.02254923
  0.00566271   0.02243653
  0.00566593   0.02232381
  0.00566915   0.02221109
  0.00567237   0.02209837
  0.00567559   0.02198567
  0.00567882   0.02187295
  0.00568202   0.02176032
  0.00568524   0.02164762
  0.00568846   0.02153490
  0.00569168   0.02142218
  0.00569491   0.02130948
  0.00569813   0.02119676
  0.00570135   0.02108413
  0.00570457   0.02097141
  0.00570779   0.02085871
  0.00571101   0.02074599
  0.00571423   0.02063327
  0.00571746   0.02052057
  0.00572068   0.02040785
  0.00572390   0.02029522
  0.00572712   0.02018252
  0.00573032   0.02006980
  0.00573355   0.01995708
  0.00573677   0.01984436
  0.00573999   0.01973166
  0.00574321   0.01961894
  0.00574643   0.01950631
  0.00574965   0.01939361
  0.00575288   0.01928089
  0.00575610   0.01916817
  0.00575932   0.01905547
  0.00576254   0.01894275
  0.00576576   0.01883003
  0.00576898   0.01871740
  0.00577220   0.01860470
  0.00577543   0.01849198
  0.00577865   0.01837926
  0.00578185   0.01826656
  0.00578507   0.01815384
  0.00578829   0.01804112
  0.00579152   0.01792850
  0.00579474   0.01781579
  0.00579796   0.01770307
  0.00580118   0.01759035
  0.00580440   0.01747765
  0.00580762   0.01736493
  0.00581085   0.01725229
  0.00581407   0.01713960
  0.00581729   0.01702688
  0.00582051   0.01691416
  0.00582373   0.01680146
  0.00582695   0.01668874
  0.00583016   0.01657602
  0.00583338   0.01646338
  0.00583660   0.01635069
  0.00583982   0.01623797
  0.00584304   0.01612525
  0.00584626   0.01601255
  0.00584949   0.01589983
  0.00585271   0.01578711
  0.00585593   0.01567449
  0.00585915   0.01556178
  0.00586237   0.01544906
  0.00586559   0.01533634
  0.00586882   0.01522364
  0.00587246   0.01511094
  0.00587670   0.01499828
  0.00588151   0.01488572
  0.00588690   0.01477313
  0.00589288   0.01466063
  0.00589945   0.01454818
  0.00590658   0.01443580
  0.00591431   0.01432353
  0.00592261   0.01421134
  0.00593146   0.01409936
  0.00594091   0.01398741
  0.00595094   0.01387561
  0.00596152   0.01376392
  0.00597268   0.01365239
  0.00598439   0.01354104
  0.00599666   0.01342991
  0.00600950   0.01331890
  0.00602288   0.01320808
  0.00603683   0.01309745
  0.00605130   0.01298703
  0.00606635   0.01287684
  0.00608191   0.01276686
  0.00609801   0.01265722
  0.00611465   0.01254772
  0.00613180   0.01243849
  0.00614949   0.01232952
  0.00616770   0.01222083
  0.00618641   0.01211242
  0.00620563   0.01200430
  0.00622537   0.01189657
  0.00624560   0.01178907
  0.00626631   0.01168189
  0.00628751   0.01157501
  0.00630919   0.01146851
  0.00633135   0.01136232
  0.00635398   0.01125648
  0.00637706   0.01115109
  0.00640059   0.01104600
  0.00642459   0.01094127
  0.00644903   0.01083693
  0.00647390   0.01073299
  0.00649920   0.01062943
  0.00652492   0.01052628
  0.00655105   0.01042364
  0.00657759   0.01032133
  0.00660454   0.01021944
  0.00663187   0.01011799
  0.00665960   0.01001698
  0.00668770   0.00991643
  0.00671616   0.00981640
  0.00674499   0.00971678
  0.00677418   0.00961759
  0.00680369   0.00951890
  0.00683355   0.00942069
  0.00686376   0.00932294
  0.00689425   0.00922570
  0.00692509   0.00912903
  0.00695620   0.00903279
  0.00698763   0.00893705
  0.00701933   0.00884183
  0.00705130   0.00874711
  0.00708353   0.00865292
  0.00711604   0.00855927
  0.00714877   0.00846622
  0.00718176   0.00837363
  0.00721497   0.00828157
  0.00724842   0.00819006
  0.00728278   0.00809910
  0.00731816   0.00800877
  0.00735446   0.00791906
  0.00739167   0.00782992
  0.00742987   0.00774134
  0.00746901   0.00765349
  0.00750906   0.00756618
  0.00755004   0.00747955
  0.00759189   0.00739363
  0.00763466   0.00730831
  0.00767836   0.00722371
  0.00772290   0.00713976
  0.00776818   0.00705614
  0.00781429   0.00697276
  0.00786123   0.00688961
  0.00790882   0.00680671
  0.00795731   0.00672396
  0.00800647   0.00664144
  0.00805652   0.00655915
  0.00810722   0.00647710
  0.00815874   0.00639527
  0.00821101   0.00631377
  0.00826409   0.00623250
  0.00831791   0.00615154
  0.00837247   0.00607081
  0.00842777   0.00599033
  0.00848379   0.00591023
  0.00854065   0.00583037
  0.00859823   0.00575083
  0.00865654   0.00567161
  0.00871560   0.00559269
  0.00877540   0.00551411
  0.00883601   0.00543591
  0.00889727   0.00535803
  0.00895927   0.00528044
  0.00902201   0.00520328
  0.00908548   0.00512650
  0.00914969   0.00505004
  0.00921462   0.00497397
  0.00928022   0.00489831
  0.00934663   0.00482295
  0.00941371   0.00474806
  0.00948143   0.00467360
  0.00954996   0.00459958
  0.00961913   0.00452590
  0.00968897   0.00445270
  0.00975956   0.00437988
  0.00983078   0.00430754
  0.00990274   0.00423568
  0.00997535   0.00416422
  0.01004870   0.00409322
  0.01012269   0.00402272
  0.01019734   0.00395269
  0.01027265   0.00388313
  0.01034859   0.00381406
  0.01042528   0.00374545
  0.01050254   0.00367742
  0.01058052   0.00360985
  0.01065909   0.00354274
  0.01073828   0.00347613
  0.01081823   0.00340997
  0.01089865   0.00334430
  0.01097979   0.00327914
  0.01106151   0.00321447
  0.01114387   0.00315023
  0.01122681   0.00308659
  0.01131039   0.00302343
  0.01139453   0.00296072
  0.01147932   0.00289857
  0.01156468   0.00283695
  0.01165060   0.00277589
  0.01173709   0.00271528
  0.01182415   0.00265531
  0.01191185   0.00259586
  0.01200006   0.00253692
  0.01208881   0.00247855
  0.01217815   0.00242077
  0.01226803   0.00236359
  0.01235850   0.00230689
  0.01244944   0.00225087
  0.01254096   0.00219536
  0.01263294   0.00214049
  0.01272552   0.00208615
  0.01281857   0.00203248
  0.01291219   0.00197938
  0.01300620   0.00192694
  0.01310079   0.00187510
  0.01319587   0.00182384
  0.01329143   0.00177325
  0.01338748   0.00172325
  0.01348401   0.00167391
  0.01358095   0.00162516
  0.01367837   0.00157715
  0.01377630   0.00152973
  0.01387469   0.00148297
  0.01397348   0.00143688
  0.01407268   0.00139146
  0.01417239   0.00134662
  0.01427239   0.00130253
  0.01437289   0.00125910
  0.01447388   0.00121634
  0.01457519   0.00117432
  0.01467691   0.00113290
  0.01477902   0.00109221
  0.01488147   0.00105220
  0.01498439   0.00101293
  0.01508765   0.00097434
  0.01519124   0.00093640
  0.01529520   0.00089921
  0.01539952   0.00086277
  0.01550423   0.00082701
  0.01560927   0.00079197
  0.01571453   0.00075761
  0.01582022   0.00072407
  0.01592623   0.00069121
  0.01603248   0.00065909
  0.01613914   0.00062763
  0.01624603   0.00059701
  0.01635317   0.00056713
  0.01646064   0.00053793
  0.01656843   0.00050945
  0.01667638   0.00048182
  0.01678465   0.00045484
  0.01689324   0.00042871
  0.01700200   0.00040330
  0.01711100   0.00037866
  0.01722024   0.00035475
  0.01732973   0.00033160
  0.01743938   0.00030918
  0.01754926   0.00028761
  0.01765942   0.00026678
  0.01776971   0.00024668
  0.01788016   0.00022743
  0.01799086   0.00020893
  0.01810164   0.00019115
  0.01821268   0.00017422
  0.01832386   0.00015803
  0.01843513   0.00014268
  0.01854665   0.00012805
  0.01865824   0.00011418
  0.01876991   0.00010115
  0.01888173   0.00008886
  0.01899374   0.00007740
  0.01910574   0.00006676
  0.01921791   0.00005687
  0.01933022   0.00004773
  0.01944254   0.00003940
  0.01955495   0.00003191
  0.01966743   0.00002517
  0.01977990   0.00001926
  0.01989256   0.00001410
  0.02000520   0.00000976
  0.02011785   0.00000627
  0.02023057   0.00000351
  0.02034329   0.00000157
  0.02045603   0.00000038
  0.02056875   0.00000002
  0.02068148  -0.00000000
  0.02079420  -0.00000000
  0.02090700  -0.00000000
  0.02101974  -0.00000000
  0.02113246  -0.00000000
  0.02124519  -0.00000000
  0.02135799  -0.00000000
  0.02147073   0.00000008
  0.02158345   0.00000008
  0.02169617   0.00000008
  0.02180899   0.00000008
  0.02192171   0.00000008
  0.02203444   0.00000008
  0.02214716   0.00000008
  0.02225996   0.00000008
  0.02237270   0.00000008
  0.02248542   0.00000008
  0.02259815   0.00000008
  0.02271095   0.00000008
  0.02282367   0.00000008
  0.02293641   0.00000008
  0.02304913   0.00000008
  0.02316195   0.00000016
  0.02327466   0.00000016
  0.02338740   0.00000016
  0.02350012   0.00000016
  0.02361292   0.00000016
  0.02372566   0.00000016
  0.02383838   0.00000016
  0.02395111   0.00000016
  0.02406391   0.00000016
  0.02417663   0.00000016
  0.02428937   0.00000016
  0.02440209   0.00000016
  0.02451491   0.00000016
  0.02462762   0.00000016
  0.02474034   0.00000016
  0.02485316   0.00000024
  0.02496588   0.00000024
  0.02507862   0.00000024
  0.02519134   0.00000024
  0.02530415   0.00000024
  0.02541687   0.00000024
  0.02552959   0.00000024
  0.02564233   0.00000024
  0.02575513   0.00000024
  0.02586787   0.00000024
  0.02598058   0.00000024
  0.02609330   0.00000024
  0.02620612   0.00000024
  0.02631884   0.00000024
  0.02643158   0.00000024
  0.02654430   0.00000032
  0.02665709   0.00000032
  0.02676983   0.00000032
  0.02688255   0.00000032
  0.02699529   0.00000032
  0.02710809   0.00000032
  0.02722082   0.00000032
  0.02733354   0.00000032
  0.02744626   0.00000032
  0.02755908   0.00000032
  0.02767180   0.00000032
  0.02778454   0.00000032
  0.02789725   0.00000032
  0.02801005   0.00000032
  0.02812279   0.00000032
  0.02823551   0.00000040
  0.02834825   0.00000040
  0.02846105   0.00000040
  0.02857377   0.00000040
  0.02868650   0.00000040
  0.02879922   0.00000040
  0.02891204   0.00000040
  0.02902476   0.00000040
  0.02913750   0.00000040
  0.02925021   0.00000040
  0.02936301   0.00000040
  0.02947575   0.00000040
  0.02958847   0.00000040
  0.02970121   0.00000040
  0.02981401   0.00000040
  0.02992672   0.00000049
  0.03003946   0.00000049
  0.03015218   0.00000049
  0.03026500   0.00000049
  0.03037772   0.00000049
  0.03049044   0.00000049
  0.03060317   0.00000049
  0.03071597   0.00000049
  0.03082871   0.00000049
  0.03094143   0.00000049
  0.03105417   0.00000049
  0.03116697   0.00000049
  0.03127968   0.00000049
  0.03139242   0.00000049
  0.03150514   0.00000049
  0.03161796   0.00000057
  0.03173068   0.00000057
  0.03184340   0.00000057
  0.03195613   0.00000057
  0.03206893   0.00000057
  0.03218167   0.00000057
  0.03229439   0.00000057
  0.03240711   0.00000057
  0.03251993   0.00000057
  0.03263264   0.00000057
  0.03274538   0.00000057
  0.03285810   0.00000057
  0.03297092   0.00000057
  0.03308364   0.00000057
  0.03319635   0.00000057
  0.03330909   0.00000065
  0.03342189   0.00000065
  0.03353463   0.00000065
  0.03364735   0.00000065
  0.03376007   0.00000065
  0.03387288   0.00000065
  0.03398560   0.00000065
  0.03409834   0.00000065
  0.03421106   0.00000065
  0.03432386   0.00000065
  0.03443660   0.00000065
  0.03454931   0.00000065
  0.03466205   0.00000065
  0.03477485   0.00000065
  0.03488759   0.00000073
  0.03500031   0.00000073
  0.03511311   0.00000073
  0.03522584   0.00000073
  0.03533856   0.00000073
  0.03545130   0.00000073
  0.03556410   0.00000073
  0.03567682   0.00000073
  0.03578956   0.00000073
  0.03590227   0.00000073
  0.03601509   0.00000073
  0.03612781   0.00000073
  0.03624053   0.00000073
  0.03635327   0.00000073
  0.03646607   0.00000073
  0.03657880   0.00000081
  0.03669152   0.00000081
  0.03680426   0.00000081
  0.03691706   0.00000081
  0.03702978   0.00000081
  0.03714251   0.00000081
  0.03725523   0.00000081
  0.03736805   0.00000081
  0.03748077   0.00000081
  0.03759349   0.00000081
  0.03770623   0.00000081
  0.03781903   0.00000081
  0.03793176   0.00000081
  0.03804448   0.00000081
  0.03815720   0.00000081
  0.03827002   0.00000089
  0.03838274   0.00000089
  0.03849547   0.00000089
  0.03860819   0.00000089
  0.03872101   0.00000089
  0.03883373   0.00000089
  0.03894645   0.00000089
  0.03905919   0.00000089
  0.03917198   0.00000089
  0.03928472   0.00000089
  0.03939744   0.00000089
  0.03951016   0.00000089
  0.03962298   0.00000089
  0.03973570   0.00000089
  0.03984843   0.00000089
  0.03996115   0.00000097
  0.04007395   0.00000097
  0.04018669   0.00000097
  0.04029941   0.00000097
  0.04041214   0.00000097
  0.04052494   0.00000097
  0.04063768   0.00000097
  0.04075040   0.00000097
  0.04086312   0.00000097
  0.04097594   0.00000097
  0.04108866   0.00000097
  0.04120139   0.00000097
  0.04131411   0.00000097
  0.04142691   0.00000097
  0.04153965   0.00000097
  0.04165237   0.00000105
  0.04176510   0.00000105
  0.04187790   0.00000105
  0.04199062   0.00000105
  0.04210336   0.00000105
  0.04221608   0.00000105
  0.04232890   0.00000105
  0.04244161   0.00000105
  0.04255435   0.00000105
  0.04266707   0.00000105
  0.04277987   0.00000105
  0.04289261   0.00000105
  0.04300533   0.00000105
  0.04311806   0.00000105
  0.04323086   0.00000105
  0.04334358   0.00000113
  0.04345632   0.00000113
  0.04356904   0.00000113
  0.04368186   0.00000113
  0.04379457   0.00000113
  0.04390731   0.00000113
  0.04405335   0.00000481
  0.04419905   0.00001576
  0.04434390   0.00003406
  0.04448774   0.00005955
  0.04463003   0.00009207
  0.04477186   0.00012701
  0.04491357   0.00016242
  0.04505523   0.00019844
  0.04519675   0.00023478
  0.04533826   0.00027103
  0.04547978   0.00030736
  0.04562128   0.00034362
  0.04576280   0.00037995
  0.04590433   0.00041628
  0.04604583   0.00045254
  0.04618735   0.00048887
  0.04632885   0.00052512
  0.04647038   0.00056146
  0.04661190   0.00059771
  0.04675340   0.00063404
  0.04689492   0.00067038
  0.04703643   0.00070663
  0.04717795   0.00074296
  0.04731947   0.00077922
  0.04746097   0.00081555
  0.04760250   0.00085188
  0.04774400   0.00088814
  0.04788552   0.00092447
  0.04802704   0.00096072
  0.04816855   0.00099706
  0.04831007   0.00103339
  0.04845157   0.00106964
  0.04859309   0.00110598
  0.04873461   0.00114223
  0.04887612   0.00117856
  0.04901764   0.00121490
  0.04915914   0.00125115
  0.04930066   0.00128746
  0.04944219   0.00132372
  0.04958369   0.00136005
  0.04972521   0.00139638
  0.04986671   0.00143264
  0.05000824   0.00146897
  0.05014976   0.00150522
  0.05029134   0.00154156
  0.05043287   0.00157789
  0.05057437   0.00161414
  0.05071589   0.00165048
  0.05085741   0.00168673
  0.05099892   0.00172306
  0.05114044   0.00175940
  0.05128194   0.00179565
  0.05142346   0.00183198
  0.05156498   0.00186824
  0.05170649   0.00190457
  0.05184801   0.00194090
  0.05198951   0.00197716
  0.05213103   0.00201349
  0.05227256   0.00204974
  0.05241406   0.00208608
  0.05255558   0.00212241
  0.05269710   0.00215866
  0.05283861   0.00219500
  0.05298013   0.00223125
  0.05312163   0.00226758
  0.05326315   0.00230392
  0.05340468   0.00234017
  0.05354618   0.00237650
  0.05368770   0.00241276
  0.05382920   0.00244909
  0.05397073   0.00248542
  0.05411225   0.00252168
  0.05425375   0.00255801
  0.05439527   0.00259426
  0.05453678   0.00263060
  0.05467830   0.00266693
  0.05481982   0.00270318
  0.05496132   0.00273952
  0.05510285   0.00277577
  0.05524435   0.00281210
  0.05538595   0.00284836
  0.05552747   0.00288469
  0.05566898   0.00292102
  0.05581050   0.00295728
  0.05595200   0.00299361
  0.05609352   0.00302986
  0.05623505   0.00306620
  0.05637655   0.00310253
  0.05651807   0.00313878
  0.05665957   0.00317512
  0.05680110   0.00321137
  0.05694262   0.00324770
  0.05708412   0.00328404
  0.05722564   0.00332029
  0.05736715   0.00335662
  0.05750867   0.00339288
  0.05765019   0.00342921
  0.05779169   0.00346552
  0.05793322   0.00350178
  0.05807472   0.00353811
  0.05821624   0.00357436
  0.05835776   0.00361070
  0.05849927   0.00364703
  0.05864079   0.00368328
  0.05878229   0.00371962
  0.05892381   0.00375587
  0.05906533   0.00379220
  0.05920684   0.00382854
  0.05934836   0.00386479
  0.05948986   0.00390112
  0.05963139   0.00393738
  0.05977291   0.00397371
  0.05991441   0.00401004
  0.06005593   0.00404630
  0.06019744   0.00408263
  0.06033896   0.00411888
  0.06048048   0.00415522
  0.06062206   0.00419155
  0.06076359   0.00422780
  0.06090511   0.00426414
  0.06104661   0.00430039
  0.06118813   0.00433672
  0.06132964   0.00437306
  0.06147116   0.00440931
  0.06161268   0.00444564
  0.06175418   0.00448190
  0.06189570   0.00451823
  0.06203721   0.00455456
  0.06217873   0.00459082
  0.06232025   0.00462715
  0.06246175   0.00466340
  0.06260328   0.00469974
  0.06274478   0.00473607
  0.06288630   0.00477232
  0.06302782   0.00480866
  0.06316933   0.00484491
  0.06331085   0.00488124
  0.06345235   0.00491758
  0.06359387   0.00495383
  0.06373540   0.00499016
  0.06387690   0.00502642
  0.06401842   0.00506275
  0.06415992   0.00509900
  0.06430145   0.00513534
  0.06444297   0.00517167
  0.06458447   0.00520792
  0.06472599   0.00524426
  0.06486750   0.00528051
  0.06500902   0.00531684
  0.06515054   0.00535318
  0.06529204   0.00538943
  0.06543357   0.00542576
  0.06557507   0.00546202
  0.06571659   0.00549835
  0.06585819   0.00553468
  0.06599970   0.00557094
  0.06614122   0.00560727
  0.06628272   0.00564350
  0.06642424   0.00567984
  0.06656577   0.00571617
  0.06670727   0.00575242
  0.06684879   0.00578876
  0.06699029   0.00582501
  0.06713182   0.00586134
  0.06727334   0.00589768
  0.06741484   0.00593393
  0.06755636   0.00597026
  0.06769787   0.00600652
  0.06783939   0.00604285
  0.06798091   0.00607918
  0.06812241   0.00611544
  0.06826394   0.00615177
  0.06840544   0.00618802
  0.06854696   0.00622436
  0.06868848   0.00626069
  0.06882999   0.00629694
  0.06897151   0.00633328
  0.06911303   0.00636953
  0.06925453   0.00640586
  0.06939606   0.00644220
  0.06953756   0.00647845
  0.06967908   0.00651478
  0.06982060   0.00655104
  0.06996211   0.00658737
  0.07010363   0.00662370
  0.07024513   0.00665996
  0.07038665   0.00669629
  0.07052817   0.00673254
  0.07066968   0.00676888
  0.07081120   0.00680521
  0.07095278   0.00684146
  0.07109431   0.00687780
  0.07123583   0.00691405
  0.07137733   0.00695038
  0.07151885   0.00698672
  0.07166036   0.00702297
  0.07180188   0.00705930
  0.07194340   0.00709556
  0.07208490   0.00713189
  0.07222642   0.00716822
  0.07236793   0.00720448
  0.07250945   0.00724081
  0.07265097   0.00727706
  0.07279247   0.00731340
  0.07293400   0.00734965
  0.07307550   0.00738598
  0.07321702   0.00742232
  0.07335854   0.00745857
  0.07350005   0.00749490
  0.07364157   0.00753116
  0.07378307   0.00756749
  0.07392459   0.00760382
  0.07406612   0.00764008
  0.07420762   0.00767641
  0.07434914   0.00771266
  0.07449064   0.00774900
  0.07463217   0.00778533
  0.07477369   0.00782156
  0.07491519   0.00785790
  0.07505671   0.00789415
  0.07519822   0.00793048
  0.07533974   0.00796682
  0.07548126   0.00800307
  0.07562276   0.00803940
  0.07576429   0.00807566
  0.07590579   0.00811199
  0.07604731   0.00814833
  0.07618891   0.00818458
  0.07633042   0.00822091
  0.07647194   0.00825716
  0.07661344   0.00829350
  0.07675496   0.00832983
  0.07689649   0.00836608
  0.07703799   0.00840242
  0.07717951   0.00843867
  0.07732101   0.00847500
  0.07746254   0.00851134
  0.07760406   0.00854759
  0.07774556   0.00858392
  0.07788708   0.00862018
  0.07802861   0.00865651
  0.07817011   0.00869284
  0.07831163   0.00872910
  0.07845313   0.00876543
  0.07859466   0.00880168
  0.07873618   0.00883802
  0.07887768   0.00887435
  0.07901920   0.00891060
  0.07916071   0.00894694
  0.07930223   0.00898319
  0.07944375   0.00901952
  0.07958525   0.00905586
  0.07972678   0.00909211
  0.07986828   0.00912844
  0.08000980   0.00916470
  0.08015132   0.00920103
  0.08029283   0.00923736
  0.08043435   0.00927362
  0.08057585   0.00930995
  0.08071737   0.00934620
  0.08085889   0.00938254
  0.08100040   0.00941887
  0.08114192   0.00945512
  0.08128342   0.00949146
  0.08142503   0.00952771
  0.08156655   0.00956404
  0.08170805   0.00960030
  0.08184957   0.00963663
  0.08199108   0.00967296
  0.08213260   0.00970922
  0.08227412   0.00974555
  0.08241562   0.00978180
  0.08255714   0.00981814
  0.08269865   0.00985447
  0.08284017   0.00989072
  0.08298169   0.00992706
  0.08312320   0.00996331
  0.08326472   0.00999963
  0.08340622   0.01003596
  0.08354774   0.01007221
  0.08368926   0.01010855
  0.08383077   0.01014480
  0.08397229   0.01018113
  0.08411379   0.01021747
  0.08425531   0.01025372
  0.08439684   0.01029005
  0.08453834   0.01032630
  0.08467986   0.01036264
  0.08482136   0.01039897
  0.08496289   0.01043522
  0.08510441   0.01047156
  0.08524591   0.01050781
  0.08538743   0.01054414
  0.08552894   0.01058048
  0.08567046   0.01061673
  0.08581198   0.01065307
  0.08595348   0.01068932
  0.08609501   0.01072565
  0.08623653   0.01076199
  0.08637803   0.01079824
  0.08651955   0.01083457
  0.08666114   0.01087082
  0.08680266   0.01090716
  0.08694418   0.01094349
  0.08708568   0.01097974
  0.08722721   0.01101608
  0.08736871   0.01105233
  0.08751023   0.01108866
  0.08765175   0.01112500
  0.08779326   0.01116125
  0.08793478   0.01119759
  0.08807628   0.01123384
  0.08821780   0.01127017
  0.08835933   0.01130651
  0.08850083   0.01134276
  0.08864235   0.01137909
  0.08878385   0.01141534
  0.08892538   0.01145168
  0.08906690   0.01148801
  0.08920840   0.01152426
  0.08934992   0.01156060
  0.08949143   0.01159685
  0.08963295   0.01163318
  0.08977447   0.01166944
  0.08991597   0.01170577
  0.09005750   0.01174210
  0.09019900   0.01177836
  0.09034052   0.01181469
  0.09048204   0.01185094
  0.09062355   0.01188728
  0.09076507   0.01192361
  0.09090657   0.01195986
  0.09104276   0.01200363
  0.09117662   0.01205052
  0.09131038   0.01209755
  0.09144401   0.01214465
  0.09157754   0.01219174
  0.09171103   0.01223897
  0.09184435   0.01228621
  0.09197754   0.01233358
  0.09211063   0.01238101
  0.09224360   0.01242844
  0.09237644   0.01247600
  0.09250919   0.01252354
  0.09264182   0.01257124
  0.09277433   0.01261900
  0.09290673   0.01266673
  0.09303902   0.01271460
  0.09317119   0.01276245
  0.09330324   0.01281043
  0.09343518   0.01285847
  0.09356699   0.01290649
  0.09369870   0.01295465
  0.09383027   0.01300279
  0.09396173   0.01305106
  0.09409308   0.01309937
  0.09422431   0.01314766
  0.09435541   0.01319609
  0.09448639   0.01324447
  0.09461726   0.01329299
  0.09474801   0.01334157
  0.09487862   0.01339011
  0.09500913   0.01343877
  0.09513951   0.01348740
  0.09526977   0.01353615
  0.09539991   0.01358496
  0.09552991   0.01363373
  0.09565980   0.01368260
  0.09578957   0.01373146
  0.09591921   0.01378042
  0.09604874   0.01382943
  0.09617813   0.01387840
  0.09630741   0.01392748
  0.09643655   0.01397652
  0.09656566   0.01402567
  0.09669455   0.01407487
  0.09682333   0.01412402
  0.09695197   0.01417329
  0.09708050   0.01422249
  0.09720889   0.01427182
  0.09733715   0.01432117
  0.09746530   0.01437047
  0.09759331   0.01441989
  0.09772120   0.01446926
  0.09784895   0.01451872
  0.09797659   0.01456814
  0.09810409   0.01461766
  0.09823147   0.01466719
  0.09835871   0.01471669
  0.09848584   0.01476628
  0.09861284   0.01481580
  0.09873970   0.01486543
  0.09886642   0.01491509
  0.09899304   0.01496468
  0.09911951   0.01501437
  0.09924586   0.01506400
  0.09937209   0.01511371
  0.09949818   0.01516346
  0.09962414   0.01521313
  0.09974997   0.01526289
  0.09987568   0.01531258
  0.10000126   0.01536237
  0.10012670   0.01541217
  0.10025201   0.01546190
  0.10037718   0.01551171
  0.10050224   0.01556145
  0.10062723   0.01561128
  0.10075221   0.01566110
  0.10087719   0.01571085
  0.10100217   0.01576067
  0.10112716   0.01581042
  0.10125222   0.01586024
  0.10137720   0.01591007
  0.10150217   0.01595981
  0.10162715   0.01600964
  0.10175213   0.01605938
  0.10187712   0.01610921
  0.10200210   0.01615903
  0.10212708   0.01620878
  0.10225207   0.01625861
  0.10237705   0.01630837
  0.10250203   0.01635819
  0.10262702   0.01640802
  0.10275198   0.01645776
  0.10287696   0.01650759
  0.10300195   0.01655734
  0.10312693   0.01660716
  0.10325191   0.01665699
  0.10337689   0.01670673
  0.10350188   0.01675656
  0.10362686   0.01680630
  0.10375184   0.01685613
  0.10387683   0.01690595
  0.10400179   0.01695570
  0.10412677   0.01700552
  0.10425176   0.01705527
  0.10437674   0.01710509
  0.10450172   0.01715492
  0.10462671   0.01720466
  0.10475169   0.01725449
  0.10487667   0.01730423
  0.10500166   0.01735406
  0.10512664   0.01740388
  0.10525160   0.01745365
  0.10537659   0.01750347
  0.10550157   0.01755322
  0.10562655   0.01760304
  0.10575162   0.01765279
  0.10587660   0.01770261
  0.10600158   0.01775244
  0.10612656   0.01780218
  0.10625155   0.01785201
  0.10637653   0.01790176
  0.10650149   0.01795158
  0.10662648   0.01800141
  0.10675146   0.01805115
  0.10687644   0.01810098
  0.10700143   0.01815072
  0.10712641   0.01820055
  0.10725139   0.01825037
  0.10737638   0.01830012
  0.10750136   0.01834994
  0.10762634   0.01839969
  0.10775132   0.01844951
  0.10787629   0.01849934
  0.10800127   0.01854910
  0.10812625   0.01859893
  0.10825124   0.01864867
  0.10837622   0.01869850
  0.10850120   0.01874832
  0.10862619   0.01879807
  0.10866977   0.01891434
  0.10867706   0.01906028
  0.10868442   0.01920622
  0.10869169   0.01935208
  0.10869898   0.01949801
  0.10870626   0.01964395
  0.10871355   0.01978981
  0.10872084   0.01993575
  0.10872812   0.02008169
  0.10873549   0.02022763
  0.10874278   0.02037349
  0.10875007   0.02051943
  0.10875735   0.02066536
  0.10876462   0.02081122
  0.10877191   0.02095716
  0.10877919   0.02110310
  0.10878648   0.02124904
  0.10879385   0.02139492
  0.10880113   0.02154085
  0.10880842   0.02168679
  0.10881571   0.02183265
  0.10882299   0.02197859
  0.10883028   0.02212453
  0.10883755   0.02227039
  0.10884492   0.02241633
  0.10885220   0.02256226
  0.10885949   0.02270820
  0.10886678   0.02285406
  0.10887406   0.02300000
