 -0.00954770   0.02300000
 -0.00954460   0.02289080
 -0.00954140   0.02278160
 -0.00953830   0.02267240
 -0.00953520   0.02256310
 -0.00953210   0.02245390
 -0.00952900   0.02234470
 -0.00952580   0.02223550
 -0.00952270   0.02212630
 -0.00951960   0.02201710
 -0.00951650   0.02190780
 -0.00951340   0.02179860
 -0.00951020   0.02168940
 -0.00950710   0.02158020
 -0.00950400   0.02147100
 -0.00950090   0.02136180
 -0.00949780   0.02125250
 -0.00949460   0.02114330
 -0.00949150   0.02103410
 -0.00948840   0.02092490
 -0.00948530   0.02081570
 -0.00948220   0.02070650
 -0.00947900   0.02059720
 -0.00947590   0.02048800
 -0.00947280   0.02037880
 -0.00946970   0.02026960
 -0.00946660   0.02016040
 -0.00946340   0.02005120
 -0.00946030   0.01994190
 -0.00945720   0.01983270
 -0.00945410   0.01972350
 -0.00945100   0.01961430
 -0.00944780   0.01950510
 -0.00944470   0.01939590
 -0.00944160   0.01928660
 -0.00943850   0.01917740
 -0.00943540   0.01906820
 -0.00943220   0.01895900
 -0.00942910   0.01884980
 -0.00942600   0.01874060
 -0.00942290   0.01863130
 -0.00941970   0.01852210
 -0.00941660   0.01841290
 -0.00941350   0.01830370
 -0.00941040   0.01819450
 -0.00940730   0.01808530
 -0.00940410   0.01797610
 -0.00940100   0.01786680
 -0.00939790   0.01775760
 -0.00939480   0.01764840
 -0.00939170   0.01753920
 -0.00938850   0.01743000
 -0.00938540   0.01732080
 -0.00938230   0.01721150
 -0.00937920   0.01710230
 -0.00937610   0.01699310
 -0.00937290   0.01688390
 -0.00936980   0.01677470
 -0.00936670   0.01666550
 -0.00936360   0.01655620
 -0.00936050   0.01644700
 -0.00935730   0.01633780
 -0.00935420   0.01622860
 -0.00935110   0.01611940
 -0.00934800   0.01601020
 -0.00934490   0.01590090
 -0.00934170   0.01579170
 -0.00933860   0.01568250
 -0.00933550   0.01557330
 -0.00933240   0.01546410
 -0.00932930   0.01535490
 -0.00932610   0.01524560
 -0.00932300   0.01513640
 -0.00931990   0.01502720
 -0.00931680   0.01491800
 -0.00931370   0.01480880
 -0.00931050   0.01469960
 -0.00930740   0.01459030
 -0.00930430   0.01448110
 -0.00930120   0.01437190
 -0.00929800   0.01426270
 -0.00929490   0.01415350
 -0.00929180   0.01404430
 -0.00928870   0.01393510
 -0.00928560   0.01382580
 -0.00928240   0.01371660
 -0.00927930   0.01360740
 -0.00927620   0.01349820
 -0.00927310   0.01338900
 -0.00927000   0.01327980
 -0.00926680   0.01317050
 -0.00926370   0.01306130
 -0.00926060   0.01295210
 -0.00925750   0.01284290
 -0.00925440   0.01273370
 -0.00925120   0.01262450
 -0.00924810   0.01251520
 -0.00924500   0.01240600
 -0.00924190   0.01229680
 -0.00923880   0.01218760
 -0.00923560   0.01207840
 -0.00923250   0.01196920
 -0.00922940   0.01185990
 -0.00922630   0.01175070
 -0.00922320   0.01164150
 -0.00922000   0.01153230
 -0.00921690   0.01142310
 -0.00921380   0.01131390
 -0.00921070   0.01120460
 -0.00920760   0.01109540
 -0.00920440   0.01098620
 -0.00920130   0.01087700
 -0.00919820   0.01076780
 -0.00919510   0.01065860
 -0.00919200   0.01054930
 -0.00918880   0.01044010
 -0.00918570   0.01033090
 -0.00918260   0.01022170
 -0.00917950   0.01011250
 -0.00917640   0.01000330
 -0.00917320   0.00989400
 -0.00917010   0.00978480
 -0.00916690   0.00967560
 -0.00916280   0.00956640
 -0.00915740   0.00945730
 -0.00915090   0.00934820
 -0.00914320   0.00923930
 -0.00913430   0.00913040
 -0.00912420   0.00902160
 -0.00911290   0.00891290
 -0.00910040   0.00880430
 -0.00908680   0.00869590
 -0.00907190   0.00858770
 -0.00905590   0.00847960
 -0.00903870   0.00837170
 -0.00902030   0.00826400
 -0.00900080   0.00815650
 -0.00898010   0.00804920
 -0.00895820   0.00794220
 -0.00893510   0.00783540
 -0.00891090   0.00772890
 -0.00888550   0.00762260
 -0.00885890   0.00751660
 -0.00883120   0.00741090
 -0.00880230   0.00730550
 -0.00877230   0.00720050
 -0.00874120   0.00709580
 -0.00870890   0.00699140
 -0.00867540   0.00688740
 -0.00864080   0.00678370
 -0.00860510   0.00668050
 -0.00856830   0.00657760
 -0.00853030   0.00647510
 -0.00849130   0.00637310
 -0.00845110   0.00627150
 -0.00840980   0.00617030
 -0.00836740   0.00606960
 -0.00832390   0.00596940
 -0.00827930   0.00586970
 -0.00823370   0.00577040
 -0.00818690   0.00567170
 -0.00813910   0.00557340
 -0.00809020   0.00547570
 -0.00804020   0.00537850
 -0.00798920   0.00528190
 -0.00793710   0.00518590
 -0.00788400   0.00509040
 -0.00782980   0.00499550
 -0.00777460   0.00490120
 -0.00771840   0.00480750
 -0.00766120   0.00471450
 -0.00760290   0.00462200
 -0.00754370   0.00453020
 -0.00748340   0.00443910
 -0.00742210   0.00434860
 -0.00735990   0.00425880
 -0.00729670   0.00416970
 -0.00723250   0.00408130
 -0.00716740   0.00399360
 -0.00710130   0.00390660
 -0.00703420   0.00382030
 -0.00696620   0.00373480
 -0.00689730   0.00365000
 -0.00682750   0.00356600
 -0.00675670   0.00348270
 -0.00668500   0.00340020
 -0.00661250   0.00331850
 -0.00653900   0.00323770
 -0.00646470   0.00315760
 -0.00638950   0.00307830
 -0.00631350   0.00299990
 -0.00623660   0.00292230
 -0.00615880   0.00284550
 -0.00608020   0.00276960
 -0.00600080   0.00269450
 -0.00592060   0.00262040
 -0.00583960   0.00254710
 -0.00575770   0.00247470
 -0.00567510   0.00240320
 -0.00559170   0.00233260
 -0.00550760   0.00226290
 -0.00542220   0.00219470
 -0.00533540   0.00212830
 -0.00524710   0.00206390
 -0.00515750   0.00200150
 -0.00506650   0.00194100
 -0.00497430   0.00188250
 -0.00488070   0.00182600
 -0.00478600   0.00177160
 -0.00469010   0.00171920
 -0.00459300   0.00166900
 -0.00449490   0.00162090
 -0.00439580   0.00157500
 -0.00429570   0.00153120
 -0.00419460   0.00148970
 -0.00409270   0.00145030
 -0.00398990   0.00141320
 -0.00388640   0.00137840
 -0.00378210   0.00134580
 -0.00367710   0.00131550
 -0.00357150   0.00128750
 -0.00346530   0.00126190
 -0.00335860   0.00123850
 -0.00325140   0.00121750
 -0.00314370   0.00119880
 -0.00303570   0.00118250
 -0.00292730   0.00116860
 -0.00281870   0.00115700
 -0.00270980   0.00114780
 -0.00260070   0.00114100
 -0.00249160   0.00113660
 -0.00238230   0.00113380
 -0.00227310   0.00113110
 -0.00216390   0.00112850
 -0.00205470   0.00112580
 -0.00194540   0.00112310
 -0.00183620   0.00112040
 -0.00172700   0.00111780
 -0.00161770   0.00111510
 -0.00150850   0.00111240
 -0.00139930   0.00110970
 -0.00129010   0.00110710
 -0.00118080   0.00110440
 -0.00107160   0.00110170
 -0.00096240   0.00109900
 -0.00085320   0.00109640
 -0.00074390   0.00109370
 -0.00063470   0.00109100
 -0.00052550   0.00108830
 -0.00041620   0.00108560
 -0.00030700   0.00108300
 -0.00019780   0.00108030
 -0.00008860   0.00107760
  0.00002070   0.00107490
  0.00012990   0.00107230
  0.00023910   0.00106960
  0.00034840   0.00106690
  0.00045760   0.00106420
  0.00056680   0.00106160
  0.00067600   0.00105890
  0.00078530   0.00105620
  0.00089450   0.00105350
  0.00100370   0.00105090
  0.00111300   0.00104820
  0.00122220   0.00104550
  0.00133140   0.00104280
  0.00144060   0.00104020
  0.00154990   0.00103750
  0.00165910   0.00103480
  0.00176830   0.00103210
  0.00187760   0.00102940
  0.00198680   0.00102680
  0.00209600   0.00102410
  0.00220520   0.00102140
  0.00231450   0.00101870
  0.00242370   0.00101610
  0.00253290   0.00101340
  0.00264210   0.00101070
  0.00275140   0.00100800
  0.00286060   0.00100540
  0.00296980   0.00100270
  0.00307910   0.00100000
  0.00318830   0.00099730
  0.00329750   0.00099470
  0.00340670   0.00099200
  0.00351600   0.00098930
  0.00362520   0.00098660
  0.00373440   0.00098400
  0.00384370   0.00098130
  0.00395290   0.00097860
  0.00406210   0.00097590
  0.00417130   0.00097320
  0.00428060   0.00097060
  0.00438980   0.00096790
  0.00449900   0.00096520
  0.00460830   0.00096250
  0.00471750   0.00095990
  0.00482670   0.00095720
  0.00493590   0.00095450
  0.00504520   0.00095180
  0.00515440   0.00094920
  0.00526360   0.00094650
  0.00537280   0.00094380
  0.00548210   0.00094110
  0.00559130   0.00093850
  0.00570050   0.00093580
  0.00580980   0.00093310
  0.00591900   0.00093040
  0.00602820   0.00092780
  0.00613740   0.00092510
  0.00624670   0.00092240
  0.00635590   0.00091970
  0.00646510   0.00091700
  0.00657440   0.00091440
  0.00668360   0.00091170
  0.00679280   0.00090900
  0.00690200   0.00090630
  0.00701130   0.00090370
  0.00712050   0.00090100
  0.00722970   0.00089830
  0.00733900   0.00089560
  0.00744820   0.00089300
  0.00755740   0.00089030
  0.00766660   0.00088760
  0.00777590   0.00088490
  0.00788510   0.00088230
  0.00799430   0.00087960
  0.00810350   0.00087690
  0.00821280   0.00087420
  0.00832200   0.00087150
  0.00843120   0.00086890
  0.00854050   0.00086620
  0.00864970   0.00086350
  0.00875890   0.00086080
  0.00886810   0.00085820
  0.00897740   0.00085550
  0.00908660   0.00085280
  0.00919580   0.00085010
  0.00930510   0.00084750
  0.00941430   0.00084480
  0.00952350   0.00084210
  0.00963270   0.00083940
  0.00974200   0.00083680
  0.00985120   0.00083410
  0.00996040   0.00083140
  0.01006970   0.00082870
  0.01017890   0.00082610
  0.01028810   0.00082340
  0.01039730   0.00082070
  0.01050660   0.00081800
  0.01061580   0.00081530
  0.01072500   0.00081270
  0.01083430   0.00081000
  0.01094350   0.00080730
  0.01105270   0.00080460
  0.01116190   0.00080200
  0.01127120   0.00079930
  0.01138040   0.00079660
  0.01148960   0.00079390
  0.01159880   0.00079130
  0.01170810   0.00078860
  0.01181730   0.00078590
  0.01192650   0.00078320
  0.01203580   0.00078060
  0.01214500   0.00077790
  0.01225420   0.00077520
  0.01236340   0.00077250
  0.01247270   0.00076990
  0.01258190   0.00076720
  0.01269110   0.00076450
  0.01280040   0.00076180
  0.01290960   0.00075910
  0.01301880   0.00075650
  0.01312800   0.00075380
  0.01323730   0.00075110
  0.01334650   0.00074840
  0.01345570   0.00074580
  0.01356500   0.00074310
  0.01367420   0.00074040
  0.01378340   0.00073770
  0.01389260   0.00073510
  0.01400190   0.00073240
  0.01411110   0.00072970
  0.01422030   0.00072700
  0.01432950   0.00072440
  0.01443880   0.00072170
  0.01454800   0.00071900
  0.01465720   0.00071630
  0.01476650   0.00071360
  0.01487570   0.00071100
  0.01498490   0.00070830
  0.01509410   0.00070560
  0.01520340   0.00070290
  0.01531260   0.00070030
  0.01542180   0.00069760
  0.01553110   0.00069490
  0.01564030   0.00069220
  0.01574950   0.00068960
  0.01585870   0.00068690
  0.01596800   0.00068420
  0.01607720   0.00068150
  0.01618640   0.00067890
  0.01629570   0.00067620
  0.01640490   0.00067350
  0.01651410   0.00067080
  0.01662330   0.00066820
  0.01673260   0.00066550
  0.01684180   0.00066280
  0.01695100   0.00066010
  0.01706020   0.00065740
  0.01716950   0.00065480
  0.01727870   0.00065210
  0.01738790   0.00064940
  0.01749720   0.00064670
  0.01760640   0.00064410
  0.01771560   0.00064140
  0.01782480   0.00063870
  0.01793410   0.00063600
  0.01804330   0.00063340
  0.01815250   0.00063070
  0.01826180   0.00062800
  0.01837100   0.00062530
  0.01848020   0.00062270
  0.01858940   0.00062000
  0.01869870   0.00061730
  0.01880790   0.00061460
  0.01891710   0.00061200
  0.01902640   0.00060930
  0.01913560   0.00060660
  0.01924480   0.00060390
  0.01935400   0.00060120
  0.01946330   0.00059860
  0.01957250   0.00059590
  0.01968170   0.00059320
  0.01979090   0.00059050
  0.01990020   0.00058790
  0.02000940   0.00058520
  0.02011860   0.00058250
  0.02022790   0.00057980
  0.02033710   0.00057720
  0.02044630   0.00057450
  0.02055550   0.00057180
  0.02066480   0.00056910
  0.02077400   0.00056650
  0.02088320   0.00056380
  0.02099250   0.00056110
  0.02110170   0.00055840
  0.02121090   0.00055570
  0.02132010   0.00055310
  0.02142940   0.00055040
  0.02153860   0.00054770
  0.02164780   0.00054500
  0.02175710   0.00054240
  0.02186630   0.00053970
  0.02197550   0.00053700
  0.02208470   0.00053430
  0.02219400   0.00053170
  0.02230320   0.00052900
  0.02241240   0.00052630
  0.02252170   0.00052360
  0.02263090   0.00052100
  0.02274010   0.00051830
  0.02284930   0.00051560
  0.02295860   0.00051290
  0.02306780   0.00051030
  0.02317700   0.00050760
  0.02328620   0.00050490
  0.02339550   0.00050220
  0.02350470   0.00049950
  0.02361390   0.00049690
  0.02372320   0.00049420
  0.02383240   0.00049150
  0.02394160   0.00048880
  0.02405080   0.00048620
  0.02416010   0.00048350
  0.02426930   0.00048080
  0.02437850   0.00047810
  0.02448780   0.00047550
  0.02459700   0.00047280
  0.02470620   0.00047010
  0.02481540   0.00046740
  0.02492470   0.00046480
  0.02503390   0.00046210
  0.02514310   0.00045940
  0.02525240   0.00045670
  0.02536160   0.00045410
  0.02547080   0.00045140
  0.02558000   0.00044870
  0.02568930   0.00044600
  0.02579850   0.00044330
  0.02590770   0.00044070
  0.02601690   0.00043800
  0.02612620   0.00043530
  0.02623540   0.00043260
  0.02634460   0.00043000
  0.02645390   0.00042730
  0.02656310   0.00042460
  0.02667230   0.00042190
  0.02678150   0.00041930
  0.02689080   0.00041660
  0.02700000   0.00041390
  0.02708450   0.00041180
  0.02716890   0.00040980
  0.02725340   0.00040770
  0.02733790   0.00040560
  0.02742230   0.00040360
  0.02750680   0.00040150
  0.02759130   0.00039940
  0.02767570   0.00039740
  0.02776020   0.00039530
  0.02784470   0.00039320
  0.02792910   0.00039110
  0.02801360   0.00038910
  0.02809810   0.00038700
  0.02818250   0.00038490
  0.02826700   0.00038290
  0.02835140   0.00038080
  0.02843590   0.00037870
  0.02852040   0.00037670
  0.02860480   0.00037460
  0.02868930   0.00037250
  0.02877380   0.00037040
  0.02885820   0.00036840
  0.02894270   0.00036630
  0.02902720   0.00036420
  0.02911160   0.00036220
  0.02919610   0.00036010
  0.02928060   0.00035800
  0.02936500   0.00035600
  0.02944950   0.00035390
  0.02953400   0.00035180
  0.02961840   0.00034980
  0.02970290   0.00034770
  0.02978740   0.00034560
  0.02987180   0.00034350
  0.02995630   0.00034150
  0.03004080   0.00033940
  0.03012520   0.00033730
  0.03020970   0.00033530
  0.03029420   0.00033320
  0.03037860   0.00033110
  0.03046310   0.00032910
  0.03054750   0.00032700
  0.03063200   0.00032490
  0.03071650   0.00032280
  0.03080090   0.00032080
  0.03088540   0.00031870
  0.03096990   0.00031660
  0.03105430   0.00031460
  0.03113880   0.00031250
  0.03122330   0.00031040
  0.03130770   0.00030840
  0.03139220   0.00030630
  0.03147670   0.00030420
  0.03156110   0.00030220
  0.03164560   0.00030010
  0.03173010   0.00029800
  0.03181450   0.00029590
  0.03189900   0.00029390
  0.03198350   0.00029180
  0.03206790   0.00028970
  0.03215240   0.00028770
  0.03223690   0.00028560
  0.03232130   0.00028350
  0.03240580   0.00028150
  0.03249030   0.00027940
  0.03257470   0.00027730
  0.03265920   0.00027520
  0.03274370   0.00027320
  0.03282810   0.00027110
  0.03291260   0.00026900
  0.03299700   0.00026700
  0.03308150   0.00026490
  0.03316600   0.00026280
  0.03325040   0.00026080
  0.03333490   0.00025870
  0.03341940   0.00025660
  0.03350380   0.00025460
  0.03358830   0.00025250
  0.03367280   0.00025040
  0.03375720   0.00024830
  0.03384170   0.00024630
  0.03392620   0.00024420
  0.03401060   0.00024210
  0.03409510   0.00024010
  0.03417960   0.00023800
  0.03426400   0.00023590
  0.03434850   0.00023390
  0.03443300   0.00023180
  0.03451740   0.00022970
  0.03460190   0.00022760
  0.03468640   0.00022560
  0.03477080   0.00022350
  0.03485530   0.00022140
  0.03493980   0.00021940
  0.03502420   0.00021730
  0.03510870   0.00021520
  0.03519310   0.00021320
  0.03527760   0.00021110
  0.03536210   0.00020900
  0.03544650   0.00020700
  0.03553100   0.00020490
  0.03561550   0.00020280
  0.03569990   0.00020070
  0.03578440   0.00019870
  0.03586890   0.00019660
  0.03595330   0.00019450
  0.03603780   0.00019250
  0.03612230   0.00019040
  0.03620670   0.00018830
  0.03629120   0.00018630
  0.03637570   0.00018420
  0.03646010   0.00018210
  0.03654460   0.00018000
  0.03662910   0.00017800
  0.03671350   0.00017590
  0.03679800   0.00017380
  0.03688250   0.00017180
  0.03696690   0.00016970
  0.03705140   0.00016760
  0.03713590   0.00016560
  0.03722030   0.00016350
  0.03730480   0.00016140
  0.03738930   0.00015940
  0.03747370   0.00015730
  0.03755820   0.00015520
  0.03764260   0.00015310
  0.03772710   0.00015110
  0.03781160   0.00014900
  0.03789600   0.00014690
  0.03798050   0.00014490
  0.03806500   0.00014280
  0.03814940   0.00014070
  0.03823390   0.00013870
  0.03831840   0.00013660
  0.03840280   0.00013450
  0.03848730   0.00013250
  0.03857180   0.00013040
  0.03865620   0.00012830
  0.03874070   0.00012620
  0.03882520   0.00012420
  0.03890960   0.00012210
  0.03899410   0.00012000
  0.03907860   0.00011800
  0.03916300   0.00011590
  0.03924750   0.00011380
  0.03933200   0.00011180
  0.03941640   0.00010970
  0.03950090   0.00010760
  0.03958540   0.00010550
  0.03966980   0.00010350
  0.03975430   0.00010140
  0.03983870   0.00009930
  0.03992320   0.00009730
  0.04000770   0.00009520
  0.04009210   0.00009310
  0.04017660   0.00009110
  0.04026110   0.00008900
  0.04034550   0.00008690
  0.04043000   0.00008490
  0.04051450   0.00008280
  0.04059890   0.00008070
  0.04068340   0.00007860
  0.04076790   0.00007660
  0.04085230   0.00007450
  0.04093680   0.00007240
  0.04102130   0.00007040
  0.04110570   0.00006830
  0.04119020   0.00006620
  0.04127470   0.00006420
  0.04135910   0.00006210
  0.04144360   0.00006000
  0.04152810   0.00005790
  0.04161250   0.00005590
  0.04169700   0.00005380
  0.04178150   0.00005170
  0.04186590   0.00004970
  0.04195040   0.00004760
  0.04203490   0.00004550
  0.04211930   0.00004350
  0.04220380   0.00004140
  0.04228820   0.00003930
  0.04237270   0.00003730
  0.04245720   0.00003520
  0.04254160   0.00003310
  0.04262610   0.00003100
  0.04271060   0.00002900
  0.04279500   0.00002690
  0.04287950   0.00002480
  0.04296400   0.00002280
  0.04304840   0.00002070
  0.04313290   0.00001860
  0.04321740   0.00001660
  0.04330180   0.00001450
  0.04338630   0.00001240
  0.04347080   0.00001030
  0.04355520   0.00000830
  0.04363970   0.00000620
  0.04372420   0.00000410
  0.04380860   0.00000210
  0.04389310  -0.00000000
  0.04396310  -0.00000000
  0.04403300  -0.00000000
  0.04410300  -0.00000000
  0.04417300  -0.00000000
  0.04424290  -0.00000000
  0.04431290  -0.00000000
  0.04438290  -0.00000000
  0.04445280  -0.00000000
  0.04452280  -0.00000000
  0.04459280  -0.00000000
  0.04466270  -0.00000000
  0.04473270  -0.00000000
  0.04480270  -0.00000000
  0.04487260  -0.00000000
  0.04494260  -0.00000000
  0.04501260  -0.00000000
  0.04508250  -0.00000000
  0.04515250  -0.00000000
  0.04522250  -0.00000000
  0.04529240  -0.00000000
  0.04536240  -0.00000000
  0.04543240  -0.00000000
  0.04550230  -0.00000000
  0.04557230  -0.00000000
  0.04564230  -0.00000000
  0.04571220  -0.00000000
  0.04578220  -0.00000000
  0.04585220  -0.00000000
  0.04592210  -0.00000000
  0.04599210  -0.00000000
  0.04606210  -0.00000000
  0.04613200  -0.00000000
  0.04620200  -0.00000000
  0.04627200  -0.00000000
  0.04634190  -0.00000000
  0.04641190  -0.00000000
  0.04648190  -0.00000000
  0.04655180  -0.00000000
  0.04662180  -0.00000000
  0.04669180  -0.00000000
  0.04676170  -0.00000000
  0.04683170  -0.00000000
  0.04690170  -0.00000000
  0.04697160  -0.00000000
  0.04704160  -0.00000000
  0.04711160  -0.00000000
  0.04718150  -0.00000000
  0.04725150  -0.00000000
  0.04732150  -0.00000000
  0.04739140  -0.00000000
  0.04746140  -0.00000000
  0.04753140  -0.00000000
  0.04760130  -0.00000000
  0.04767130  -0.00000000
  0.04774130  -0.00000000
  0.04781120  -0.00000000
  0.04788120  -0.00000000
  0.04795120  -0.00000000
  0.04802110  -0.00000000
  0.04809110  -0.00000000
  0.04816110  -0.00000000
  0.04823100  -0.00000000
  0.04830100  -0.00000000
  0.04837100  -0.00000000
  0.04844090  -0.00000000
  0.04851090  -0.00000000
  0.04858090  -0.00000000
  0.04865080  -0.00000000
  0.04872080  -0.00000000
  0.04879080  -0.00000000
  0.04886080  -0.00000000
  0.04893070  -0.00000000
  0.04900070  -0.00000000
  0.04907070  -0.00000000
  0.04914060  -0.00000000
  0.04921060  -0.00000000
  0.04928060  -0.00000000
  0.04935050  -0.00000000
  0.04942050  -0.00000000
  0.04949050  -0.00000000
  0.04956040  -0.00000000
  0.04963040  -0.00000000
  0.04970040  -0.00000000
  0.04977030  -0.00000000
  0.04984030  -0.00000000
  0.04991030  -0.00000000
  0.04998020  -0.00000000
  0.05005020  -0.00000000
  0.05012020  -0.00000000
  0.05019010  -0.00000000
  0.05026010  -0.00000000
  0.05033010  -0.00000000
  0.05040000  -0.00000000
  0.05047000  -0.00000000
  0.05054000  -0.00000000
  0.05060990  -0.00000000
  0.05067990  -0.00000000
  0.05074990  -0.00000000
  0.05081980  -0.00000000
  0.05088980  -0.00000000
  0.05095980  -0.00000000
  0.05102970  -0.00000000
  0.05109970  -0.00000000
  0.05116970  -0.00000000
  0.05123960  -0.00000000
  0.05130960  -0.00000000
  0.05137960  -0.00000000
  0.05144950  -0.00000000
  0.05151950  -0.00000000
  0.05158950  -0.00000000
  0.05165940  -0.00000000
  0.05172940  -0.00000000
  0.05179940  -0.00000000
  0.05186930  -0.00000000
  0.05193930  -0.00000000
  0.05200930  -0.00000000
  0.05207920  -0.00000000
  0.05214920  -0.00000000
  0.05221920  -0.00000000
  0.05228910  -0.00000000
  0.05235910  -0.00000000
  0.05242910  -0.00000000
  0.05249900  -0.00000000
  0.05256900  -0.00000000
  0.05263900  -0.00000000
  0.05270890  -0.00000000
  0.05277890  -0.00000000
  0.05284890  -0.00000000
  0.05291880  -0.00000000
  0.05298880  -0.00000000
  0.05305880  -0.00000000
  0.05312870  -0.00000000
  0.05319870  -0.00000000
  0.05326870  -0.00000000
  0.05333860  -0.00000000
  0.05340860  -0.00000000
  0.05347860  -0.00000000
  0.05354850  -0.00000000
  0.05361850  -0.00000000
  0.05368850  -0.00000000
  0.05375840  -0.00000000
  0.05382840  -0.00000000
  0.05389840  -0.00000000
  0.05396830  -0.00000000
  0.05403830  -0.00000000
  0.05410830  -0.00000000
  0.05417820  -0.00000000
  0.05424820  -0.00000000
  0.05431820  -0.00000000
  0.05438810  -0.00000000
  0.05445810  -0.00000000
  0.05452810  -0.00000000
  0.05459800  -0.00000000
  0.05466800  -0.00000000
  0.05473800  -0.00000000
  0.05480790  -0.00000000
  0.05487790  -0.00000000
  0.05494790  -0.00000000
  0.05501790  -0.00000000
  0.05508780  -0.00000000
  0.05515780  -0.00000000
  0.05522780  -0.00000000
  0.05529770  -0.00000000
  0.05536770  -0.00000000
  0.05543770  -0.00000000
  0.05550760  -0.00000000
  0.05557760  -0.00000000
  0.05564760  -0.00000000
  0.05571750  -0.00000000
  0.05578750  -0.00000000
  0.05585750  -0.00000000
  0.05592740  -0.00000000
  0.05599740  -0.00000000
  0.05606740  -0.00000000
  0.05613730  -0.00000000
  0.05620730  -0.00000000
  0.05627730  -0.00000000
  0.05634720  -0.00000000
  0.05641720  -0.00000000
  0.05648720  -0.00000000
  0.05655710  -0.00000000
  0.05662710  -0.00000000
  0.05669710  -0.00000000
  0.05676700  -0.00000000
  0.05683700  -0.00000000
  0.05690700  -0.00000000
  0.05697690  -0.00000000
  0.05704690  -0.00000000
  0.05711690  -0.00000000
  0.05718680  -0.00000000
  0.05725680  -0.00000000
  0.05732680  -0.00000000
  0.05739670  -0.00000000
  0.05746670  -0.00000000
  0.05753670  -0.00000000
  0.05760660  -0.00000000
  0.05767660  -0.00000000
  0.05774660  -0.00000000
  0.05781650  -0.00000000
  0.05788650  -0.00000000
  0.05839770   0.00000060
  0.05890900   0.00000210
  0.05942020   0.00000450
  0.05993140   0.00000770
  0.06044270   0.00001180
  0.06095390   0.00001670
  0.06146510   0.00002260
  0.06197630   0.00002920
  0.06248750   0.00003680
  0.06299860   0.00004520
  0.06350980   0.00005450
  0.06402090   0.00006470
  0.06453210   0.00007570
  0.06504320   0.00008760
  0.06555420   0.00010040
  0.06606530   0.00011400
  0.06657630   0.00012850
  0.06708730   0.00014380
  0.06759830   0.00016010
  0.06810930   0.00017740
  0.06862010   0.00019770
  0.06913080   0.00022130
  0.06964130   0.00024810
  0.07015170   0.00027810
  0.07066180   0.00031150
  0.07117180   0.00034810
  0.07168140   0.00038790
  0.07219090   0.00043100
  0.07270000   0.00047740
  0.07320880   0.00052700
  0.07371730   0.00057990
  0.07422550   0.00063600
  0.07473330   0.00069530
  0.07524060   0.00075790
  0.07574760   0.00082380
  0.07625420   0.00089290
  0.07676030   0.00096520
  0.07726590   0.00104070
  0.07777100   0.00111950
  0.07827560   0.00120150
  0.07877970   0.00128680
  0.07928330   0.00137520
  0.07978620   0.00146690
  0.08028860   0.00156180
  0.08079030   0.00165980
  0.08129140   0.00176110
  0.08179190   0.00186560
  0.08229160   0.00197330
  0.08279070   0.00208420
  0.08328900   0.00219840
  0.08378410   0.00232580
  0.08427380   0.00247260
  0.08475730   0.00263860
  0.08523390   0.00282340
  0.08570290   0.00302680
  0.08616350   0.00324860
  0.08661510   0.00348820
  0.08705690   0.00374540
  0.08748820   0.00401980
  0.08790840   0.00431090
  0.08831680   0.00461840
  0.08871290   0.00494160
  0.08909590   0.00528020
  0.08946530   0.00563360
  0.08982050   0.00600120
  0.09016100   0.00638250
  0.09048630   0.00677690
  0.09079580   0.00718370
  0.09108900   0.00760250
  0.09136560   0.00803240
  0.09162510   0.00847290
  0.09186700   0.00892320
  0.09209100   0.00938270
  0.09229680   0.00985070
  0.09248410   0.01032630
  0.09265250   0.01080900
  0.09280180   0.01129790
  0.09293170   0.01179230
  0.09304210   0.01229150
  0.09313280   0.01279460
  0.09320370   0.01330090
  0.09325460   0.01380950
  0.09328600   0.01431980
  0.09331150   0.01483040
  0.09333700   0.01534100
  0.09336260   0.01585160
  0.09338810   0.01636220
  0.09341360   0.01687280
  0.09343920   0.01738340
  0.09346470   0.01789400
  0.09349020   0.01840460
  0.09351580   0.01891520
  0.09354130   0.01942580
  0.09356680   0.01993640
  0.09359230   0.02044700
  0.09361790   0.02095760
  0.09364340   0.02146820
  0.09366890   0.02197880
  0.09369450   0.02248940
  0.09372000   0.02300000
