 -0.00654770   0.02300000
 -0.00654460   0.02289080
 -0.00654140   0.02278160
 -0.00653830   0.02267240
 -0.00653520   0.02256310
 -0.00653210   0.02245390
 -0.00652900   0.02234470
 -0.00652580   0.02223550
 -0.00652270   0.02212630
 -0.00651960   0.02201710
 -0.00651650   0.02190780
 -0.00651340   0.02179860
 -0.00651020   0.02168940
 -0.00650710   0.02158020
 -0.00650400   0.02147100
 -0.00650090   0.02136180
 -0.00649780   0.02125250
 -0.00649460   0.02114330
 -0.00649150   0.02103410
 -0.00648840   0.02092490
 -0.00648530   0.02081570
 -0.00648220   0.02070650
 -0.00647900   0.02059720
 -0.00647590   0.02048800
 -0.00647280   0.02037880
 -0.00646970   0.02026960
 -0.00646660   0.02016040
 -0.00646340   0.02005120
 -0.00646030   0.01994190
 -0.00645720   0.01983270
 -0.00645410   0.01972350
 -0.00645100   0.01961430
 -0.00644780   0.01950510
 -0.00644470   0.01939590
 -0.00644160   0.01928660
 -0.00643850   0.01917740
 -0.00643540   0.01906820
 -0.00643220   0.01895900
 -0.00642910   0.01884980
 -0.00642600   0.01874060
 -0.00642290   0.01863130
 -0.00641970   0.01852210
 -0.00641660   0.01841290
 -0.00641350   0.01830370
 -0.00641040   0.01819450
 -0.00640730   0.01808530
 -0.00640410   0.01797610
 -0.00640100   0.01786680
 -0.00639790   0.01775760
 -0.00639480   0.01764840
 -0.00639170   0.01753920
 -0.00638850   0.01743000
 -0.00638540   0.01732080
 -0.00638230   0.01721150
 -0.00637920   0.01710230
 -0.00637610   0.01699310
 -0.00637290   0.01688390
 -0.00636980   0.01677470
 -0.00636670   0.01666550
 -0.00636360   0.01655620
 -0.00636050   0.01644700
 -0.00635730   0.01633780
 -0.00635420   0.01622860
 -0.00635110   0.01611940
 -0.00634800   0.01601020
 -0.00634490   0.01590090
 -0.00634170   0.01579170
 -0.00633860   0.01568250
 -0.00633550   0.01557330
 -0.00633240   0.01546410
 -0.00632930   0.01535490
 -0.00632610   0.01524560
 -0.00632300   0.01513640
 -0.00631990   0.01502720
 -0.00631680   0.01491800
 -0.00631370   0.01480880
 -0.00631050   0.01469960
 -0.00630740   0.01459030
 -0.00630430   0.01448110
 -0.00630120   0.01437190
 -0.00629800   0.01426270
 -0.00629490   0.01415350
 -0.00629180   0.01404430
 -0.00628870   0.01393510
 -0.00628560   0.01382580
 -0.00628240   0.01371660
 -0.00627930   0.01360740
 -0.00627620   0.01349820
 -0.00627310   0.01338900
 -0.00627000   0.01327980
 -0.00626680   0.01317050
 -0.00626370   0.01306130
 -0.00626060   0.01295210
 -0.00625750   0.01284290
 -0.00625440   0.01273370
 -0.00625120   0.01262450
 -0.00624810   0.01251520
 -0.00624500   0.01240600
 -0.00624190   0.01229680
 -0.00623880   0.01218760
 -0.00623560   0.01207840
 -0.00623250   0.01196920
 -0.00622940   0.01185990
 -0.00622630   0.01175070
 -0.00622320   0.01164150
 -0.00622000   0.01153230
 -0.00621690   0.01142310
 -0.00621380   0.01131390
 -0.00621070   0.01120460
 -0.00620760   0.01109540
 -0.00620440   0.01098620
 -0.00620130   0.01087700
 -0.00619820   0.01076780
 -0.00619510   0.01065860
 -0.00619200   0.01054930
 -0.00618880   0.01044010
 -0.00618570   0.01033090
 -0.00618260   0.01022170
 -0.00617950   0.01011250
 -0.00617640   0.01000330
 -0.00617320   0.00989400
 -0.00617010   0.00978480
 -0.00616690   0.00967560
 -0.00616280   0.00956640
 -0.00615740   0.00945730
 -0.00615090   0.00934820
 -0.00614320   0.00923930
 -0.00613430   0.00913040
 -0.00612420   0.00902160
 -0.00611290   0.00891290
 -0.00610040   0.00880430
 -0.00608680   0.00869590
 -0.00607190   0.00858770
 -0.00605590   0.00847960
 -0.00603870   0.00837170
 -0.00602030   0.00826400
 -0.00600080   0.00815650
 -0.00598010   0.00804920
 -0.00595820   0.00794220
 -0.00593510   0.00783540
 -0.00591090   0.00772890
 -0.00588550   0.00762260
 -0.00585890   0.00751660
 -0.00583120   0.00741090
 -0.00580230   0.00730550
 -0.00577230   0.00720050
 -0.00574120   0.00709580
 -0.00570890   0.00699140
 -0.00567540   0.00688740
 -0.00564080   0.00678370
 -0.00560510   0.00668050
 -0.00556830   0.00657760
 -0.00553030   0.00647510
 -0.00549130   0.00637310
 -0.00545110   0.00627150
 -0.00540980   0.00617030
 -0.00536740   0.00606960
 -0.00532390   0.00596940
 -0.00527930   0.00586970
 -0.00523370   0.00577040
 -0.00518690   0.00567170
 -0.00513910   0.00557340
 -0.00509020   0.00547570
 -0.00504020   0.00537850
 -0.00498920   0.00528190
 -0.00493710   0.00518590
 -0.00488400   0.00509040
 -0.00482980   0.00499550
 -0.00477460   0.00490120
 -0.00471840   0.00480750
 -0.00466120   0.00471450
 -0.00460290   0.00462200
 -0.00454370   0.00453020
 -0.00448340   0.00443910
 -0.00442210   0.00434860
 -0.00435990   0.00425880
 -0.00429670   0.00416970
 -0.00423250   0.00408130
 -0.00416740   0.00399360
 -0.00410130   0.00390660
 -0.00403420   0.00382030
 -0.00396620   0.00373480
 -0.00389730   0.00365000
 -0.00382750   0.00356600
 -0.00375670   0.00348270
 -0.00368500   0.00340020
 -0.00361250   0.00331850
 -0.00353900   0.00323770
 -0.00346470   0.00315760
 -0.00338950   0.00307830
 -0.00331350   0.00299990
 -0.00323660   0.00292230
 -0.00315880   0.00284550
 -0.00308020   0.00276960
 -0.00300080   0.00269450
 -0.00292060   0.00262040
 -0.00283960   0.00254710
 -0.00275770   0.00247470
 -0.00267510   0.00240320
 -0.00259170   0.00233260
 -0.00250760   0.00226290
 -0.00242220   0.00219470
 -0.00233540   0.00212830
 -0.00224710   0.00206390
 -0.00215750   0.00200150
 -0.00206650   0.00194100
 -0.00197430   0.00188250
 -0.00188070   0.00182600
 -0.00178600   0.00177160
 -0.00169010   0.00171920
 -0.00159300   0.00166900
 -0.00149490   0.00162090
 -0.00139580   0.00157500
 -0.00129570   0.00153120
 -0.00119460   0.00148970
 -0.00109270   0.00145030
 -0.00098990   0.00141320
 -0.00088640   0.00137840
 -0.00078210   0.00134580
 -0.00067710   0.00131550
 -0.00057150   0.00128750
 -0.00046530   0.00126190
 -0.00035860   0.00123850
 -0.00025140   0.00121750
 -0.00014370   0.00119880
 -0.00003570   0.00118250
  0.00007270   0.00116860
  0.00018130   0.00115700
  0.00029020   0.00114780
  0.00039930   0.00114100
  0.00050840   0.00113660
  0.00061770   0.00113380
  0.00072690   0.00113110
  0.00083610   0.00112850
  0.00094530   0.00112580
  0.00105460   0.00112310
  0.00116380   0.00112040
  0.00127300   0.00111780
  0.00138230   0.00111510
  0.00149150   0.00111240
  0.00160070   0.00110970
  0.00170990   0.00110710
  0.00181920   0.00110440
  0.00192840   0.00110170
  0.00203760   0.00109900
  0.00214680   0.00109640
  0.00225610   0.00109370
  0.00236530   0.00109100
  0.00247450   0.00108830
  0.00258380   0.00108560
  0.00269300   0.00108300
  0.00280220   0.00108030
  0.00291140   0.00107760
  0.00302070   0.00107490
  0.00312990   0.00107230
  0.00323910   0.00106960
  0.00334840   0.00106690
  0.00345760   0.00106420
  0.00356680   0.00106160
  0.00367600   0.00105890
  0.00378530   0.00105620
  0.00389450   0.00105350
  0.00400370   0.00105090
  0.00411300   0.00104820
  0.00422220   0.00104550
  0.00433140   0.00104280
  0.00444060   0.00104020
  0.00454990   0.00103750
  0.00465910   0.00103480
  0.00476830   0.00103210
  0.00487760   0.00102940
  0.00498680   0.00102680
  0.00509600   0.00102410
  0.00520520   0.00102140
  0.00531450   0.00101870
  0.00542370   0.00101610
  0.00553290   0.00101340
  0.00564210   0.00101070
  0.00575140   0.00100800
  0.00586060   0.00100540
  0.00596980   0.00100270
  0.00607910   0.00100000
  0.00618830   0.00099730
  0.00629750   0.00099470
  0.00640670   0.00099200
  0.00651600   0.00098930
  0.00662520   0.00098660
  0.00673440   0.00098400
  0.00684370   0.00098130
  0.00695290   0.00097860
  0.00706210   0.00097590
  0.00717130   0.00097320
  0.00728060   0.00097060
  0.00738980   0.00096790
  0.00749900   0.00096520
  0.00760830   0.00096250
  0.00771750   0.00095990
  0.00782670   0.00095720
  0.00793590   0.00095450
  0.00804520   0.00095180
  0.00815440   0.00094920
  0.00826360   0.00094650
  0.00837280   0.00094380
  0.00848210   0.00094110
  0.00859130   0.00093850
  0.00870050   0.00093580
  0.00880980   0.00093310
  0.00891900   0.00093040
  0.00902820   0.00092780
  0.00913740   0.00092510
  0.00924670   0.00092240
  0.00935590   0.00091970
  0.00946510   0.00091700
  0.00957440   0.00091440
  0.00968360   0.00091170
  0.00979280   0.00090900
  0.00990200   0.00090630
  0.01001130   0.00090370
  0.01012050   0.00090100
  0.01022970   0.00089830
  0.01033900   0.00089560
  0.01044820   0.00089300
  0.01055740   0.00089030
  0.01066660   0.00088760
  0.01077590   0.00088490
  0.01088510   0.00088230
  0.01099430   0.00087960
  0.01110350   0.00087690
  0.01121280   0.00087420
  0.01132200   0.00087150
  0.01143120   0.00086890
  0.01154050   0.00086620
  0.01164970   0.00086350
  0.01175890   0.00086080
  0.01186810   0.00085820
  0.01197740   0.00085550
  0.01208660   0.00085280
  0.01219580   0.00085010
  0.01230510   0.00084750
  0.01241430   0.00084480
  0.01252350   0.00084210
  0.01263270   0.00083940
  0.01274200   0.00083680
  0.01285120   0.00083410
  0.01296040   0.00083140
  0.01306970   0.00082870
  0.01317890   0.00082610
  0.01328810   0.00082340
  0.01339730   0.00082070
  0.01350660   0.00081800
  0.01361580   0.00081530
  0.01372500   0.00081270
  0.01383430   0.00081000
  0.01394350   0.00080730
  0.01405270   0.00080460
  0.01416190   0.00080200
  0.01427120   0.00079930
  0.01438040   0.00079660
  0.01448960   0.00079390
  0.01459880   0.00079130
  0.01470810   0.00078860
  0.01481730   0.00078590
  0.01492650   0.00078320
  0.01503580   0.00078060
  0.01514500   0.00077790
  0.01525420   0.00077520
  0.01536340   0.00077250
  0.01547270   0.00076990
  0.01558190   0.00076720
  0.01569110   0.00076450
  0.01580040   0.00076180
  0.01590960   0.00075910
  0.01601880   0.00075650
  0.01612800   0.00075380
  0.01623730   0.00075110
  0.01634650   0.00074840
  0.01645570   0.00074580
  0.01656500   0.00074310
  0.01667420   0.00074040
  0.01678340   0.00073770
  0.01689260   0.00073510
  0.01700190   0.00073240
  0.01711110   0.00072970
  0.01722030   0.00072700
  0.01732950   0.00072440
  0.01743880   0.00072170
  0.01754800   0.00071900
  0.01765720   0.00071630
  0.01776650   0.00071360
  0.01787570   0.00071100
  0.01798490   0.00070830
  0.01809410   0.00070560
  0.01820340   0.00070290
  0.01831260   0.00070030
  0.01842180   0.00069760
  0.01853110   0.00069490
  0.01864030   0.00069220
  0.01874950   0.00068960
  0.01885870   0.00068690
  0.01896800   0.00068420
  0.01907720   0.00068150
  0.01918640   0.00067890
  0.01929570   0.00067620
  0.01940490   0.00067350
  0.01951410   0.00067080
  0.01962330   0.00066820
  0.01973260   0.00066550
  0.01984180   0.00066280
  0.01995100   0.00066010
  0.02006020   0.00065740
  0.02016950   0.00065480
  0.02027870   0.00065210
  0.02038790   0.00064940
  0.02049720   0.00064670
  0.02060640   0.00064410
  0.02071560   0.00064140
  0.02082480   0.00063870
  0.02093410   0.00063600
  0.02104330   0.00063340
  0.02115250   0.00063070
  0.02126180   0.00062800
  0.02137100   0.00062530
  0.02148020   0.00062270
  0.02158940   0.00062000
  0.02169870   0.00061730
  0.02180790   0.00061460
  0.02191710   0.00061200
  0.02202640   0.00060930
  0.02213560   0.00060660
  0.02224480   0.00060390
  0.02235400   0.00060120
  0.02246330   0.00059860
  0.02257250   0.00059590
  0.02268170   0.00059320
  0.02279090   0.00059050
  0.02290020   0.00058790
  0.02300940   0.00058520
  0.02311860   0.00058250
  0.02322790   0.00057980
  0.02333710   0.00057720
  0.02344630   0.00057450
  0.02355550   0.00057180
  0.02366480   0.00056910
  0.02377400   0.00056650
  0.02388320   0.00056380
  0.02399250   0.00056110
  0.02410170   0.00055840
  0.02421090   0.00055570
  0.02432010   0.00055310
  0.02442940   0.00055040
  0.02453860   0.00054770
  0.02464780   0.00054500
  0.02475710   0.00054240
  0.02486630   0.00053970
  0.02497550   0.00053700
  0.02508470   0.00053430
  0.02519400   0.00053170
  0.02530320   0.00052900
  0.02541240   0.00052630
  0.02552170   0.00052360
  0.02563090   0.00052100
  0.02574010   0.00051830
  0.02584930   0.00051560
  0.02595860   0.00051290
  0.02606780   0.00051030
  0.02617700   0.00050760
  0.02628620   0.00050490
  0.02639550   0.00050220
  0.02650470   0.00049950
  0.02661390   0.00049690
  0.02672320   0.00049420
  0.02683240   0.00049150
  0.02694160   0.00048880
  0.02705080   0.00048620
  0.02716010   0.00048350
  0.02726930   0.00048080
  0.02737850   0.00047810
  0.02748780   0.00047550
  0.02759700   0.00047280
  0.02770620   0.00047010
  0.02781540   0.00046740
  0.02792470   0.00046480
  0.02803390   0.00046210
  0.02814310   0.00045940
  0.02825240   0.00045670
  0.02836160   0.00045410
  0.02847080   0.00045140
  0.02858000   0.00044870
  0.02868930   0.00044600
  0.02879850   0.00044330
  0.02890770   0.00044070
  0.02901690   0.00043800
  0.02912620   0.00043530
  0.02923540   0.00043260
  0.02934460   0.00043000
  0.02945390   0.00042730
  0.02956310   0.00042460
  0.02967230   0.00042190
  0.02978150   0.00041930
  0.02989080   0.00041660
  0.03000000   0.00041390
  0.03008450   0.00041180
  0.03016890   0.00040980
  0.03025340   0.00040770
  0.03033790   0.00040560
  0.03042230   0.00040360
  0.03050680   0.00040150
  0.03059130   0.00039940
  0.03067570   0.00039740
  0.03076020   0.00039530
  0.03084470   0.00039320
  0.03092910   0.00039110
  0.03101360   0.00038910
  0.03109810   0.00038700
  0.03118250   0.00038490
  0.03126700   0.00038290
  0.03135140   0.00038080
  0.03143590   0.00037870
  0.03152040   0.00037670
  0.03160480   0.00037460
  0.03168930   0.00037250
  0.03177380   0.00037040
  0.03185820   0.00036840
  0.03194270   0.00036630
  0.03202720   0.00036420
  0.03211160   0.00036220
  0.03219610   0.00036010
  0.03228060   0.00035800
  0.03236500   0.00035600
  0.03244950   0.00035390
  0.03253400   0.00035180
  0.03261840   0.00034980
  0.03270290   0.00034770
  0.03278740   0.00034560
  0.03287180   0.00034350
  0.03295630   0.00034150
  0.03304080   0.00033940
  0.03312520   0.00033730
  0.03320970   0.00033530
  0.03329420   0.00033320
  0.03337860   0.00033110
  0.03346310   0.00032910
  0.03354750   0.00032700
  0.03363200   0.00032490
  0.03371650   0.00032280
  0.03380090   0.00032080
  0.03388540   0.00031870
  0.03396990   0.00031660
  0.03405430   0.00031460
  0.03413880   0.00031250
  0.03422330   0.00031040
  0.03430770   0.00030840
  0.03439220   0.00030630
  0.03447670   0.00030420
  0.03456110   0.00030220
  0.03464560   0.00030010
  0.03473010   0.00029800
  0.03481450   0.00029590
  0.03489900   0.00029390
  0.03498350   0.00029180
  0.03506790   0.00028970
  0.03515240   0.00028770
  0.03523690   0.00028560
  0.03532130   0.00028350
  0.03540580   0.00028150
  0.03549030   0.00027940
  0.03557470   0.00027730
  0.03565920   0.00027520
  0.03574370   0.00027320
  0.03582810   0.00027110
  0.03591260   0.00026900
  0.03599700   0.00026700
  0.03608150   0.00026490
  0.03616600   0.00026280
  0.03625040   0.00026080
  0.03633490   0.00025870
  0.03641940   0.00025660
  0.03650380   0.00025460
  0.03658830   0.00025250
  0.03667280   0.00025040
  0.03675720   0.00024830
  0.03684170   0.00024630
  0.03692620   0.00024420
  0.03701060   0.00024210
  0.03709510   0.00024010
  0.03717960   0.00023800
  0.03726400   0.00023590
  0.03734850   0.00023390
  0.03743300   0.00023180
  0.03751740   0.00022970
  0.03760190   0.00022760
  0.03768640   0.00022560
  0.03777080   0.00022350
  0.03785530   0.00022140
  0.03793980   0.00021940
  0.03802420   0.00021730
  0.03810870   0.00021520
  0.03819310   0.00021320
  0.03827760   0.00021110
  0.03836210   0.00020900
  0.03844650   0.00020700
  0.03853100   0.00020490
  0.03861550   0.00020280
  0.03869990   0.00020070
  0.03878440   0.00019870
  0.03886890   0.00019660
  0.03895330   0.00019450
  0.03903780   0.00019250
  0.03912230   0.00019040
  0.03920670   0.00018830
  0.03929120   0.00018630
  0.03937570   0.00018420
  0.03946010   0.00018210
  0.03954460   0.00018000
  0.03962910   0.00017800
  0.03971350   0.00017590
  0.03979800   0.00017380
  0.03988250   0.00017180
  0.03996690   0.00016970
  0.04005140   0.00016760
  0.04013590   0.00016560
  0.04022030   0.00016350
  0.04030480   0.00016140
  0.04038930   0.00015940
  0.04047370   0.00015730
  0.04055820   0.00015520
  0.04064260   0.00015310
  0.04072710   0.00015110
  0.04081160   0.00014900
  0.04089600   0.00014690
  0.04098050   0.00014490
  0.04106500   0.00014280
  0.04114940   0.00014070
  0.04123390   0.00013870
  0.04131840   0.00013660
  0.04140280   0.00013450
  0.04148730   0.00013250
  0.04157180   0.00013040
  0.04165620   0.00012830
  0.04174070   0.00012620
  0.04182520   0.00012420
  0.04190960   0.00012210
  0.04199410   0.00012000
  0.04207860   0.00011800
  0.04216300   0.00011590
  0.04224750   0.00011380
  0.04233200   0.00011180
  0.04241640   0.00010970
  0.04250090   0.00010760
  0.04258540   0.00010550
  0.04266980   0.00010350
  0.04275430   0.00010140
  0.04283870   0.00009930
  0.04292320   0.00009730
  0.04300770   0.00009520
  0.04309210   0.00009310
  0.04317660   0.00009110
  0.04326110   0.00008900
  0.04334550   0.00008690
  0.04343000   0.00008490
  0.04351450   0.00008280
  0.04359890   0.00008070
  0.04368340   0.00007860
  0.04376790   0.00007660
  0.04385230   0.00007450
  0.04393680   0.00007240
  0.04402130   0.00007040
  0.04410570   0.00006830
  0.04419020   0.00006620
  0.04427470   0.00006420
  0.04435910   0.00006210
  0.04444360   0.00006000
  0.04452810   0.00005790
  0.04461250   0.00005590
  0.04469700   0.00005380
  0.04478150   0.00005170
  0.04486590   0.00004970
  0.04495040   0.00004760
  0.04503490   0.00004550
  0.04511930   0.00004350
  0.04520380   0.00004140
  0.04528820   0.00003930
  0.04537270   0.00003730
  0.04545720   0.00003520
  0.04554160   0.00003310
  0.04562610   0.00003100
  0.04571060   0.00002900
  0.04579500   0.00002690
  0.04587950   0.00002480
  0.04596400   0.00002280
  0.04604840   0.00002070
  0.04613290   0.00001860
  0.04621740   0.00001660
  0.04630180   0.00001450
  0.04638630   0.00001240
  0.04647080   0.00001030
  0.04655520   0.00000830
  0.04663970   0.00000620
  0.04672420   0.00000410
  0.04680860   0.00000210
  0.04689310  -0.00000000
  0.04696310  -0.00000000
  0.04703300  -0.00000000
  0.04710300  -0.00000000
  0.04717300  -0.00000000
  0.04724290  -0.00000000
  0.04731290  -0.00000000
  0.04738290  -0.00000000
  0.04745280  -0.00000000
  0.04752280  -0.00000000
  0.04759280  -0.00000000
  0.04766270  -0.00000000
  0.04773270  -0.00000000
  0.04780270  -0.00000000
  0.04787260  -0.00000000
  0.04794260  -0.00000000
  0.04801260  -0.00000000
  0.04808250  -0.00000000
  0.04815250  -0.00000000
  0.04822250  -0.00000000
  0.04829240  -0.00000000
  0.04836240  -0.00000000
  0.04843240  -0.00000000
  0.04850230  -0.00000000
  0.04857230  -0.00000000
  0.04864230  -0.00000000
  0.04871220  -0.00000000
  0.04878220  -0.00000000
  0.04885220  -0.00000000
  0.04892210  -0.00000000
  0.04899210  -0.00000000
  0.04906210  -0.00000000
  0.04913200  -0.00000000
  0.04920200  -0.00000000
  0.04927200  -0.00000000
  0.04934190  -0.00000000
  0.04941190  -0.00000000
  0.04948190  -0.00000000
  0.04955180  -0.00000000
  0.04962180  -0.00000000
  0.04969180  -0.00000000
  0.04976170  -0.00000000
  0.04983170  -0.00000000
  0.04990170  -0.00000000
  0.04997160  -0.00000000
  0.05004160  -0.00000000
  0.05011160  -0.00000000
  0.05018150  -0.00000000
  0.05025150  -0.00000000
  0.05032150  -0.00000000
  0.05039140  -0.00000000
  0.05046140  -0.00000000
  0.05053140  -0.00000000
  0.05060130  -0.00000000
  0.05067130  -0.00000000
  0.05074130  -0.00000000
  0.05081120  -0.00000000
  0.05088120  -0.00000000
  0.05095120  -0.00000000
  0.05102110  -0.00000000
  0.05109110  -0.00000000
  0.05116110  -0.00000000
  0.05123100  -0.00000000
  0.05130100  -0.00000000
  0.05137100  -0.00000000
  0.05144090  -0.00000000
  0.05151090  -0.00000000
  0.05158090  -0.00000000
  0.05165080  -0.00000000
  0.05172080  -0.00000000
  0.05179080  -0.00000000
  0.05186080  -0.00000000
  0.05193070  -0.00000000
  0.05200070  -0.00000000
  0.05207070  -0.00000000
  0.05214060  -0.00000000
  0.05221060  -0.00000000
  0.05228060  -0.00000000
  0.05235050  -0.00000000
  0.05242050  -0.00000000
  0.05249050  -0.00000000
  0.05256040  -0.00000000
  0.05263040  -0.00000000
  0.05270040  -0.00000000
  0.05277030  -0.00000000
  0.05284030  -0.00000000
  0.05291030  -0.00000000
  0.05298020  -0.00000000
  0.05305020  -0.00000000
  0.05312020  -0.00000000
  0.05319010  -0.00000000
  0.05326010  -0.00000000
  0.05333010  -0.00000000
  0.05340000  -0.00000000
  0.05347000  -0.00000000
  0.05354000  -0.00000000
  0.05360990  -0.00000000
  0.05367990  -0.00000000
  0.05374990  -0.00000000
  0.05381980  -0.00000000
  0.05388980  -0.00000000
  0.05395980  -0.00000000
  0.05402970  -0.00000000
  0.05409970  -0.00000000
  0.05416970  -0.00000000
  0.05423960  -0.00000000
  0.05430960  -0.00000000
  0.05437960  -0.00000000
  0.05444950  -0.00000000
  0.05451950  -0.00000000
  0.05458950  -0.00000000
  0.05465940  -0.00000000
  0.05472940  -0.00000000
  0.05479940  -0.00000000
  0.05486930  -0.00000000
  0.05493930  -0.00000000
  0.05500930  -0.00000000
  0.05507920  -0.00000000
  0.05514920  -0.00000000
  0.05521920  -0.00000000
  0.05528910  -0.00000000
  0.05535910  -0.00000000
  0.05542910  -0.00000000
  0.05549900  -0.00000000
  0.05556900  -0.00000000
  0.05563900  -0.00000000
  0.05570890  -0.00000000
  0.05577890  -0.00000000
  0.05584890  -0.00000000
  0.05591880  -0.00000000
  0.05598880  -0.00000000
  0.05605880  -0.00000000
  0.05612870  -0.00000000
  0.05619870  -0.00000000
  0.05626870  -0.00000000
  0.05633860  -0.00000000
  0.05640860  -0.00000000
  0.05647860  -0.00000000
  0.05654850  -0.00000000
  0.05661850  -0.00000000
  0.05668850  -0.00000000
  0.05675840  -0.00000000
  0.05682840  -0.00000000
  0.05689840  -0.00000000
  0.05696830  -0.00000000
  0.05703830  -0.00000000
  0.05710830  -0.00000000
  0.05717820  -0.00000000
  0.05724820  -0.00000000
  0.05731820  -0.00000000
  0.05738810  -0.00000000
  0.05745810  -0.00000000
  0.05752810  -0.00000000
  0.05759800  -0.00000000
  0.05766800  -0.00000000
  0.05773800  -0.00000000
  0.05780790  -0.00000000
  0.05787790  -0.00000000
  0.05794790  -0.00000000
  0.05801790  -0.00000000
  0.05808780  -0.00000000
  0.05815780  -0.00000000
  0.05822780  -0.00000000
  0.05829770  -0.00000000
  0.05836770  -0.00000000
  0.05843770  -0.00000000
  0.05850760  -0.00000000
  0.05857760  -0.00000000
  0.05864760  -0.00000000
  0.05871750  -0.00000000
  0.05878750  -0.00000000
  0.05885750  -0.00000000
  0.05892740  -0.00000000
  0.05899740  -0.00000000
  0.05906740  -0.00000000
  0.05913730  -0.00000000
  0.05920730  -0.00000000
  0.05927730  -0.00000000
  0.05934720  -0.00000000
  0.05941720  -0.00000000
  0.05948720  -0.00000000
  0.05955710  -0.00000000
  0.05962710  -0.00000000
  0.05969710  -0.00000000
  0.05976700  -0.00000000
  0.05983700  -0.00000000
  0.05990700  -0.00000000
  0.05997690  -0.00000000
  0.06004690  -0.00000000
  0.06011690  -0.00000000
  0.06018680  -0.00000000
  0.06025680  -0.00000000
  0.06032680  -0.00000000
  0.06039670  -0.00000000
  0.06046670  -0.00000000
  0.06053670  -0.00000000
  0.06060660  -0.00000000
  0.06067660  -0.00000000
  0.06074660  -0.00000000
  0.06081650  -0.00000000
  0.06088650  -0.00000000
  0.06139770   0.00000060
  0.06190900   0.00000210
  0.06242020   0.00000450
  0.06293140   0.00000770
  0.06344270   0.00001180
  0.06395390   0.00001670
  0.06446510   0.00002260
  0.06497630   0.00002920
  0.06548750   0.00003680
  0.06599860   0.00004520
  0.06650980   0.00005450
  0.06702090   0.00006470
  0.06753210   0.00007570
  0.06804320   0.00008760
  0.06855420   0.00010040
  0.06906530   0.00011400
  0.06957630   0.00012850
  0.07008730   0.00014380
  0.07059830   0.00016010
  0.07110930   0.00017740
  0.07162010   0.00019770
  0.07213080   0.00022130
  0.07264130   0.00024810
  0.07315170   0.00027810
  0.07366180   0.00031150
  0.07417180   0.00034810
  0.07468140   0.00038790
  0.07519090   0.00043100
  0.07570000   0.00047740
  0.07620880   0.00052700
  0.07671730   0.00057990
  0.07722550   0.00063600
  0.07773330   0.00069530
  0.07824060   0.00075790
  0.07874760   0.00082380
  0.07925420   0.00089290
  0.07976030   0.00096520
  0.08026590   0.00104070
  0.08077100   0.00111950
  0.08127560   0.00120150
  0.08177970   0.00128680
  0.08228330   0.00137520
  0.08278620   0.00146690
  0.08328860   0.00156180
  0.08379030   0.00165980
  0.08429140   0.00176110
  0.08479190   0.00186560
  0.08529160   0.00197330
  0.08579070   0.00208420
  0.08628900   0.00219840
  0.08678410   0.00232580
  0.08727380   0.00247260
  0.08775730   0.00263860
  0.08823390   0.00282340
  0.08870290   0.00302680
  0.08916350   0.00324860
  0.08961510   0.00348820
  0.09005690   0.00374540
  0.09048820   0.00401980
  0.09090840   0.00431090
  0.09131680   0.00461840
  0.09171290   0.00494160
  0.09209590   0.00528020
  0.09246530   0.00563360
  0.09282050   0.00600120
  0.09316100   0.00638250
  0.09348630   0.00677690
  0.09379580   0.00718370
  0.09408900   0.00760250
  0.09436560   0.00803240
  0.09462510   0.00847290
  0.09486700   0.00892320
  0.09509100   0.00938270
  0.09529680   0.00985070
  0.09548410   0.01032630
  0.09565250   0.01080900
  0.09580180   0.01129790
  0.09593170   0.01179230
  0.09604210   0.01229150
  0.09613280   0.01279460
  0.09620370   0.01330090
  0.09625460   0.01380950
  0.09628600   0.01431980
  0.09631150   0.01483040
  0.09633700   0.01534100
  0.09636260   0.01585160
  0.09638810   0.01636220
  0.09641360   0.01687280
  0.09643920   0.01738340
  0.09646470   0.01789400
  0.09649020   0.01840460
  0.09651580   0.01891520
  0.09654130   0.01942580
  0.09656680   0.01993640
  0.09659230   0.02044700
  0.09661790   0.02095760
  0.09664340   0.02146820
  0.09666890   0.02197880
  0.09669450   0.02248940
  0.09672000   0.02300000
