 -0.01954770   0.02300000
 -0.01954460   0.02289080
 -0.01954140   0.02278160
 -0.01953830   0.02267240
 -0.01953520   0.02256310
 -0.01953210   0.02245390
 -0.01952900   0.02234470
 -0.01952580   0.02223550
 -0.01952270   0.02212630
 -0.01951960   0.02201710
 -0.01951650   0.02190780
 -0.01951340   0.02179860
 -0.01951020   0.02168940
 -0.01950710   0.02158020
 -0.01950400   0.02147100
 -0.01950090   0.02136180
 -0.01949780   0.02125250
 -0.01949460   0.02114330
 -0.01949150   0.02103410
 -0.01948840   0.02092490
 -0.01948530   0.02081570
 -0.01948220   0.02070650
 -0.01947900   0.02059720
 -0.01947590   0.02048800
 -0.01947280   0.02037880
 -0.01946970   0.02026960
 -0.01946660   0.02016040
 -0.01946340   0.02005120
 -0.01946030   0.01994190
 -0.01945720   0.01983270
 -0.01945410   0.01972350
 -0.01945100   0.01961430
 -0.01944780   0.01950510
 -0.01944470   0.01939590
 -0.01944160   0.01928660
 -0.01943850   0.01917740
 -0.01943540   0.01906820
 -0.01943220   0.01895900
 -0.01942910   0.01884980
 -0.01942600   0.01874060
 -0.01942290   0.01863130
 -0.01941970   0.01852210
 -0.01941660   0.01841290
 -0.01941350   0.01830370
 -0.01941040   0.01819450
 -0.01940730   0.01808530
 -0.01940410   0.01797610
 -0.01940100   0.01786680
 -0.01939790   0.01775760
 -0.01939480   0.01764840
 -0.01939170   0.01753920
 -0.01938850   0.01743000
 -0.01938540   0.01732080
 -0.01938230   0.01721150
 -0.01937920   0.01710230
 -0.01937610   0.01699310
 -0.01937290   0.01688390
 -0.01936980   0.01677470
 -0.01936670   0.01666550
 -0.01936360   0.01655620
 -0.01936050   0.01644700
 -0.01935730   0.01633780
 -0.01935420   0.01622860
 -0.01935110   0.01611940
 -0.01934800   0.01601020
 -0.01934490   0.01590090
 -0.01934170   0.01579170
 -0.01933860   0.01568250
 -0.01933550   0.01557330
 -0.01933240   0.01546410
 -0.01932930   0.01535490
 -0.01932610   0.01524560
 -0.01932300   0.01513640
 -0.01931990   0.01502720
 -0.01931680   0.01491800
 -0.01931370   0.01480880
 -0.01931050   0.01469960
 -0.01930740   0.01459030
 -0.01930430   0.01448110
 -0.01930120   0.01437190
 -0.01929800   0.01426270
 -0.01929490   0.01415350
 -0.01929180   0.01404430
 -0.01928870   0.01393510
 -0.01928560   0.01382580
 -0.01928240   0.01371660
 -0.01927930   0.01360740
 -0.01927620   0.01349820
 -0.01927310   0.01338900
 -0.01927000   0.01327980
 -0.01926680   0.01317050
 -0.01926370   0.01306130
 -0.01926060   0.01295210
 -0.01925750   0.01284290
 -0.01925440   0.01273370
 -0.01925120   0.01262450
 -0.01924810   0.01251520
 -0.01924500   0.01240600
 -0.01924190   0.01229680
 -0.01923880   0.01218760
 -0.01923560   0.01207840
 -0.01923250   0.01196920
 -0.01922940   0.01185990
 -0.01922630   0.01175070
 -0.01922320   0.01164150
 -0.01922000   0.01153230
 -0.01921690   0.01142310
 -0.01921380   0.01131390
 -0.01921070   0.01120460
 -0.01920760   0.01109540
 -0.01920440   0.01098620
 -0.01920130   0.01087700
 -0.01919820   0.01076780
 -0.01919510   0.01065860
 -0.01919200   0.01054930
 -0.01918880   0.01044010
 -0.01918570   0.01033090
 -0.01918260   0.01022170
 -0.01917950   0.01011250
 -0.01917640   0.01000330
 -0.01917320   0.00989400
 -0.01917010   0.00978480
 -0.01916690   0.00967560
 -0.01916280   0.00956640
 -0.01915740   0.00945730
 -0.01915090   0.00934820
 -0.01914320   0.00923930
 -0.01913430   0.00913040
 -0.01912420   0.00902160
 -0.01911290   0.00891290
 -0.01910040   0.00880430
 -0.01908680   0.00869590
 -0.01907190   0.00858770
 -0.01905590   0.00847960
 -0.01903870   0.00837170
 -0.01902030   0.00826400
 -0.01900080   0.00815650
 -0.01898010   0.00804920
 -0.01895820   0.00794220
 -0.01893510   0.00783540
 -0.01891090   0.00772890
 -0.01888550   0.00762260
 -0.01885890   0.00751660
 -0.01883120   0.00741090
 -0.01880230   0.00730550
 -0.01877230   0.00720050
 -0.01874120   0.00709580
 -0.01870890   0.00699140
 -0.01867540   0.00688740
 -0.01864080   0.00678370
 -0.01860510   0.00668050
 -0.01856830   0.00657760
 -0.01853030   0.00647510
 -0.01849130   0.00637310
 -0.01845110   0.00627150
 -0.01840980   0.00617030
 -0.01836740   0.00606960
 -0.01832390   0.00596940
 -0.01827930   0.00586970
 -0.01823370   0.00577040
 -0.01818690   0.00567170
 -0.01813910   0.00557340
 -0.01809020   0.00547570
 -0.01804020   0.00537850
 -0.01798920   0.00528190
 -0.01793710   0.00518590
 -0.01788400   0.00509040
 -0.01782980   0.00499550
 -0.01777460   0.00490120
 -0.01771840   0.00480750
 -0.01766120   0.00471450
 -0.01760290   0.00462200
 -0.01754370   0.00453020
 -0.01748340   0.00443910
 -0.01742210   0.00434860
 -0.01735990   0.00425880
 -0.01729670   0.00416970
 -0.01723250   0.00408130
 -0.01716740   0.00399360
 -0.01710130   0.00390660
 -0.01703420   0.00382030
 -0.01696620   0.00373480
 -0.01689730   0.00365000
 -0.01682750   0.00356600
 -0.01675670   0.00348270
 -0.01668500   0.00340020
 -0.01661250   0.00331850
 -0.01653900   0.00323770
 -0.01646470   0.00315760
 -0.01638950   0.00307830
 -0.01631350   0.00299990
 -0.01623660   0.00292230
 -0.01615880   0.00284550
 -0.01608020   0.00276960
 -0.01600080   0.00269450
 -0.01592060   0.00262040
 -0.01583960   0.00254710
 -0.01575770   0.00247470
 -0.01567510   0.00240320
 -0.01559170   0.00233260
 -0.01550760   0.00226290
 -0.01542220   0.00219470
 -0.01533540   0.00212830
 -0.01524710   0.00206390
 -0.01515750   0.00200150
 -0.01506650   0.00194100
 -0.01497430   0.00188250
 -0.01488070   0.00182600
 -0.01478600   0.00177160
 -0.01469010   0.00171920
 -0.01459300   0.00166900
 -0.01449490   0.00162090
 -0.01439580   0.00157500
 -0.01429570   0.00153120
 -0.01419460   0.00148970
 -0.01409270   0.00145030
 -0.01398990   0.00141320
 -0.01388640   0.00137840
 -0.01378210   0.00134580
 -0.01367710   0.00131550
 -0.01357150   0.00128750
 -0.01346530   0.00126190
 -0.01335860   0.00123850
 -0.01325140   0.00121750
 -0.01314370   0.00119880
 -0.01303570   0.00118250
 -0.01292730   0.00116860
 -0.01281870   0.00115700
 -0.01270980   0.00114780
 -0.01260070   0.00114100
 -0.01249160   0.00113660
 -0.01238230   0.00113380
 -0.01227310   0.00113110
 -0.01216390   0.00112850
 -0.01205470   0.00112580
 -0.01194540   0.00112310
 -0.01183620   0.00112040
 -0.01172700   0.00111780
 -0.01161770   0.00111510
 -0.01150850   0.00111240
 -0.01139930   0.00110970
 -0.01129010   0.00110710
 -0.01118080   0.00110440
 -0.01107160   0.00110170
 -0.01096240   0.00109900
 -0.01085320   0.00109640
 -0.01074390   0.00109370
 -0.01063470   0.00109100
 -0.01052550   0.00108830
 -0.01041620   0.00108560
 -0.01030700   0.00108300
 -0.01019780   0.00108030
 -0.01008860   0.00107760
 -0.00997930   0.00107490
 -0.00987010   0.00107230
 -0.00976090   0.00106960
 -0.00965160   0.00106690
 -0.00954240   0.00106420
 -0.00943320   0.00106160
 -0.00932400   0.00105890
 -0.00921470   0.00105620
 -0.00910550   0.00105350
 -0.00899630   0.00105090
 -0.00888700   0.00104820
 -0.00877780   0.00104550
 -0.00866860   0.00104280
 -0.00855940   0.00104020
 -0.00845010   0.00103750
 -0.00834090   0.00103480
 -0.00823170   0.00103210
 -0.00812240   0.00102940
 -0.00801320   0.00102680
 -0.00790400   0.00102410
 -0.00779480   0.00102140
 -0.00768550   0.00101870
 -0.00757630   0.00101610
 -0.00746710   0.00101340
 -0.00735790   0.00101070
 -0.00724860   0.00100800
 -0.00713940   0.00100540
 -0.00703020   0.00100270
 -0.00692090   0.00100000
 -0.00681170   0.00099730
 -0.00670250   0.00099470
 -0.00659330   0.00099200
 -0.00648400   0.00098930
 -0.00637480   0.00098660
 -0.00626560   0.00098400
 -0.00615630   0.00098130
 -0.00604710   0.00097860
 -0.00593790   0.00097590
 -0.00582870   0.00097320
 -0.00571940   0.00097060
 -0.00561020   0.00096790
 -0.00550100   0.00096520
 -0.00539170   0.00096250
 -0.00528250   0.00095990
 -0.00517330   0.00095720
 -0.00506410   0.00095450
 -0.00495480   0.00095180
 -0.00484560   0.00094920
 -0.00473640   0.00094650
 -0.00462720   0.00094380
 -0.00451790   0.00094110
 -0.00440870   0.00093850
 -0.00429950   0.00093580
 -0.00419020   0.00093310
 -0.00408100   0.00093040
 -0.00397180   0.00092780
 -0.00386260   0.00092510
 -0.00375330   0.00092240
 -0.00364410   0.00091970
 -0.00353490   0.00091700
 -0.00342560   0.00091440
 -0.00331640   0.00091170
 -0.00320720   0.00090900
 -0.00309800   0.00090630
 -0.00298870   0.00090370
 -0.00287950   0.00090100
 -0.00277030   0.00089830
 -0.00266100   0.00089560
 -0.00255180   0.00089300
 -0.00244260   0.00089030
 -0.00233340   0.00088760
 -0.00222410   0.00088490
 -0.00211490   0.00088230
 -0.00200570   0.00087960
 -0.00189650   0.00087690
 -0.00178720   0.00087420
 -0.00167800   0.00087150
 -0.00156880   0.00086890
 -0.00145950   0.00086620
 -0.00135030   0.00086350
 -0.00124110   0.00086080
 -0.00113190   0.00085820
 -0.00102260   0.00085550
 -0.00091340   0.00085280
 -0.00080420   0.00085010
 -0.00069490   0.00084750
 -0.00058570   0.00084480
 -0.00047650   0.00084210
 -0.00036730   0.00083940
 -0.00025800   0.00083680
 -0.00014880   0.00083410
 -0.00003960   0.00083140
  0.00006970   0.00082870
  0.00017890   0.00082610
  0.00028810   0.00082340
  0.00039730   0.00082070
  0.00050660   0.00081800
  0.00061580   0.00081530
  0.00072500   0.00081270
  0.00083422   0.00081000
  0.00094350   0.00080730
  0.00105270   0.00080460
  0.00116190   0.00080200
  0.00127120   0.00079930
  0.00138040   0.00079660
  0.00148960   0.00079390
  0.00159880   0.00079130
  0.00170810   0.00078860
  0.00181730   0.00078590
  0.00192650   0.00078320
  0.00203580   0.00078060
  0.00214500   0.00077790
  0.00225420   0.00077520
  0.00236340   0.00077250
  0.00247270   0.00076990
  0.00258190   0.00076720
  0.00269110   0.00076450
  0.00280040   0.00076180
  0.00290960   0.00075910
  0.00301880   0.00075650
  0.00312800   0.00075380
  0.00323730   0.00075110
  0.00334650   0.00074840
  0.00345570   0.00074580
  0.00356500   0.00074310
  0.00367420   0.00074040
  0.00378340   0.00073770
  0.00389260   0.00073510
  0.00400190   0.00073240
  0.00411110   0.00072970
  0.00422030   0.00072700
  0.00432950   0.00072440
  0.00443880   0.00072170
  0.00454800   0.00071900
  0.00465720   0.00071630
  0.00476650   0.00071360
  0.00487570   0.00071100
  0.00498490   0.00070830
  0.00509410   0.00070560
  0.00520340   0.00070290
  0.00531260   0.00070030
  0.00542180   0.00069760
  0.00553110   0.00069490
  0.00564030   0.00069220
  0.00574950   0.00068960
  0.00585870   0.00068690
  0.00596800   0.00068420
  0.00607720   0.00068150
  0.00618640   0.00067890
  0.00629570   0.00067620
  0.00640490   0.00067350
  0.00651410   0.00067080
  0.00662330   0.00066820
  0.00673260   0.00066550
  0.00684180   0.00066280
  0.00695100   0.00066010
  0.00706020   0.00065740
  0.00716950   0.00065480
  0.00727870   0.00065210
  0.00738790   0.00064940
  0.00749720   0.00064670
  0.00760640   0.00064410
  0.00771560   0.00064140
  0.00782480   0.00063870
  0.00793410   0.00063600
  0.00804330   0.00063340
  0.00815250   0.00063070
  0.00826180   0.00062800
  0.00837100   0.00062530
  0.00848020   0.00062270
  0.00858940   0.00062000
  0.00869870   0.00061730
  0.00880790   0.00061460
  0.00891710   0.00061200
  0.00902640   0.00060930
  0.00913560   0.00060660
  0.00924480   0.00060390
  0.00935400   0.00060120
  0.00946330   0.00059860
  0.00957250   0.00059590
  0.00968170   0.00059320
  0.00979090   0.00059050
  0.00990020   0.00058790
  0.01000940   0.00058520
  0.01011860   0.00058250
  0.01022790   0.00057980
  0.01033710   0.00057720
  0.01044630   0.00057450
  0.01055550   0.00057180
  0.01066480   0.00056910
  0.01077400   0.00056650
  0.01088320   0.00056380
  0.01099250   0.00056110
  0.01110170   0.00055840
  0.01121090   0.00055570
  0.01132010   0.00055310
  0.01142940   0.00055040
  0.01153860   0.00054770
  0.01164780   0.00054500
  0.01175710   0.00054240
  0.01186630   0.00053970
  0.01197550   0.00053700
  0.01208470   0.00053430
  0.01219400   0.00053170
  0.01230320   0.00052900
  0.01241240   0.00052630
  0.01252170   0.00052360
  0.01263090   0.00052100
  0.01274010   0.00051830
  0.01284930   0.00051560
  0.01295860   0.00051290
  0.01306780   0.00051030
  0.01317700   0.00050760
  0.01328620   0.00050490
  0.01339550   0.00050220
  0.01350470   0.00049950
  0.01361390   0.00049690
  0.01372320   0.00049420
  0.01383240   0.00049150
  0.01394160   0.00048880
  0.01405080   0.00048620
  0.01416010   0.00048350
  0.01426930   0.00048080
  0.01437850   0.00047810
  0.01448780   0.00047550
  0.01459700   0.00047280
  0.01470620   0.00047010
  0.01481540   0.00046740
  0.01492470   0.00046480
  0.01503390   0.00046210
  0.01514310   0.00045940
  0.01525240   0.00045670
  0.01536160   0.00045410
  0.01547080   0.00045140
  0.01558000   0.00044870
  0.01568930   0.00044600
  0.01579850   0.00044330
  0.01590770   0.00044070
  0.01601690   0.00043800
  0.01612620   0.00043530
  0.01623540   0.00043260
  0.01634460   0.00043000
  0.01645390   0.00042730
  0.01656310   0.00042460
  0.01667230   0.00042190
  0.01678150   0.00041930
  0.01689080   0.00041660
  0.01700000   0.00041390
  0.01703544   0.00041305
  0.01707081   0.00041220
  0.01710625   0.00041134
  0.01714162   0.00041041
  0.01717706   0.00040956
  0.01721250   0.00040871
  0.01724787   0.00040785
  0.01728331   0.00040700
  0.01731868   0.00040607
  0.01735412   0.00040520
  0.01738947   0.00040436
  0.01742492   0.00040351
  0.01746036   0.00040266
  0.01749573   0.00040171
  0.01753117   0.00040086
  0.01756653   0.00040002
  0.01760198   0.00039917
  0.01763742   0.00039830
  0.01767279   0.00039746
  0.01770823   0.00039652
  0.01774359   0.00039568
  0.01777904   0.00039481
  0.01781439   0.00039396
  0.01784985   0.00039312
  0.01788529   0.00039218
  0.01792064   0.00039132
  0.01795610   0.00039047
  0.01799145   0.00038962
  0.01802691   0.00038878
  0.01806235   0.00038791
  0.01809770   0.00038698
  0.01813316   0.00038613
  0.01816851   0.00038527
  0.01820395   0.00038442
  0.01823932   0.00038357
  0.01827476   0.00038264
  0.01831021   0.00038178
  0.01834557   0.00038093
  0.01838101   0.00038008
  0.01841638   0.00037923
  0.01845182   0.00037837
  0.01848727   0.00037744
  0.01852263   0.00037659
  0.01855807   0.00037574
  0.01859343   0.00037488
  0.01862887   0.00037403
  0.01866424   0.00037310
  0.01869968   0.00037225
  0.01873512   0.00037139
  0.01877049   0.00037054
  0.01880593   0.00036969
  0.01884130   0.00036884
  0.01887674   0.00036789
  0.01891218   0.00036705
  0.01894755   0.00036620
  0.01898299   0.00036535
  0.01901836   0.00036449
  0.01905380   0.00036355
  0.01908924   0.00036271
  0.01912461   0.00036184
  0.01916005   0.00036099
  0.01919542   0.00036015
  0.01923086   0.00035921
  0.01926621   0.00035835
  0.01930167   0.00035750
  0.01933711   0.00035665
  0.01937247   0.00035581
  0.01940791   0.00035494
  0.01944327   0.00035401
  0.01947872   0.00035316
  0.01951416   0.00035231
  0.01954953   0.00035145
  0.01958497   0.00035060
  0.01962033   0.00034967
  0.01965578   0.00034882
  0.01969114   0.00034796
  0.01972659   0.00034711
  0.01976203   0.00034626
  0.01979738   0.00034541
  0.01983284   0.00034447
  0.01986819   0.00034362
  0.01990365   0.00034277
  0.01993909   0.00034191
  0.01997444   0.00034106
  0.02000990   0.00034013
  0.02004525   0.00033928
  0.02008071   0.00033841
  0.02011606   0.00033757
  0.02015150   0.00033672
  0.02018695   0.00033587
  0.02022231   0.00033492
  0.02025776   0.00033407
  0.02029312   0.00033323
  0.02032856   0.00033238
  0.02036401   0.00033151
  0.02039937   0.00033058
  0.02043481   0.00032973
  0.02047018   0.00032889
  0.02050562   0.00032802
  0.02054098   0.00032717
  0.02057642   0.00032624
  0.02061186   0.00032539
  0.02064723   0.00032453
  0.02068267   0.00032368
  0.02071804   0.00032283
  0.02075348   0.00032199
  0.02078892   0.00032104
  0.02082429   0.00032019
  0.02085973   0.00031934
  0.02089510   0.00031848
  0.02093054   0.00031763
  0.02096589   0.00031670
  0.02100135   0.00031585
  0.02103679   0.00031499
  0.02107216   0.00031414
  0.02110760   0.00031329
  0.02114295   0.00031244
  0.02117841   0.00031149
  0.02121385   0.00031065
  0.02124922   0.00030980
  0.02128466   0.00030895
  0.02132001   0.00030809
  0.02135546   0.00030715
  0.02139090   0.00030631
  0.02142627   0.00030546
  0.02146171   0.00030460
  0.02149707   0.00030375
  0.02153252   0.00030290
  0.02156788   0.00030197
  0.02160333   0.00030110
  0.02163877   0.00030026
  0.02167413   0.00029941
  0.02170958   0.00029854
  0.02174493   0.00029761
  0.02178039   0.00029676
  0.02181583   0.00029592
  0.02185118   0.00029505
  0.02188664   0.00029420
  0.02192199   0.00029327
  0.02195745   0.00029242
  0.02199280   0.00029156
  0.02202824   0.00029071
  0.02206370   0.00028986
  0.02209905   0.00028902
  0.02213450   0.00028807
  0.02216986   0.00028722
  0.02220531   0.00028660
  0.02224075   0.00028617
  0.02227612   0.00028575
  0.02231158   0.00028524
  0.02234693   0.00028482
  0.02238239   0.00028439
  0.02241776   0.00028397
  0.02245321   0.00028354
  0.02248865   0.00028312
  0.02252402   0.00028261
  0.02255947   0.00028219
  0.02259484   0.00028176
  0.02263028   0.00028134
  0.02266574   0.00028091
  0.02270111   0.00028040
  0.02273656   0.00027998
  0.02277192   0.00027955
  0.02280737   0.00027913
  0.02284274   0.00027871
  0.02287820   0.00027828
  0.02291364   0.00027777
  0.02294901   0.00027735
  0.02298446   0.00027692
  0.02301983   0.00027650
  0.02305527   0.00027607
  0.02309072   0.00027557
  0.02312609   0.00027514
  0.02316155   0.00027472
  0.02319690   0.00027429
  0.02323236   0.00027387
  0.02326781   0.00027336
  0.02330318   0.00027293
  0.02333862   0.00027251
  0.02337399   0.00027209
  0.02340944   0.00027166
  0.02344481   0.00027124
  0.02348025   0.00027073
  0.02351571   0.00027030
  0.02355108   0.00026988
  0.02358652   0.00026946
  0.02362189   0.00026903
  0.02365734   0.00026852
  0.02369280   0.00026810
  0.02372815   0.00026767
  0.02376361   0.00026725
  0.02379898   0.00026682
  0.02383443   0.00026640
  0.02386978   0.00026589
  0.02390524   0.00026547
  0.02394069   0.00026504
  0.02397606   0.00026462
  0.02401150   0.00026419
  0.02404687   0.00026368
  0.02408233   0.00026326
  0.02438637   0.00028018
  0.02468477   0.00034153
  0.02498045   0.00041540
  0.02527621   0.00048929
  0.02557195   0.00056318
  0.02586769   0.00063716
  0.02616336   0.00071105
  0.02645910   0.00078503
  0.02675484   0.00085894
  0.02705059   0.00093292
  0.02734625   0.00100681
  0.02764199   0.00108079
  0.02793774   0.00115468
  0.02823348   0.00122857
  0.02852922   0.00130255
  0.02882489   0.00137644
  0.02912063   0.00145042
  0.02941637   0.00152431
  0.02971213   0.00159829
  0.03000778   0.00167218
  0.03030352   0.00174617
  0.03059928   0.00182007
  0.03089502   0.00189396
  0.03119076   0.00196794
  0.03148643   0.00204183
  0.03178217   0.00211581
  0.03207791   0.00218970
  0.03237367   0.00226368
  0.03266932   0.00233757
  0.03296506   0.00241155
  0.03326082   0.00248544
  0.03355656   0.00255933
  0.03385230   0.00263333
  0.03414797   0.00270722
  0.03444371   0.00278120
  0.03473945   0.00285509
  0.03503520   0.00292907
  0.03533086   0.00300296
  0.03562660   0.00307694
  0.03592235   0.00315083
  0.03621809   0.00322472
  0.03651375   0.00329870
  0.03680950   0.00337259
  0.03710524   0.00344657
  0.03740098   0.00352048
  0.03769674   0.00359445
  0.03799240   0.00366835
  0.03828814   0.00374232
  0.03858388   0.00381622
  0.03887963   0.00389011
  0.03917529   0.00396409
  0.03947103   0.00403798
  0.03976678   0.00411196
  0.04006252   0.00418585
  0.04035826   0.00425983
  0.04065393   0.00433372
  0.04094967   0.00440771
  0.04124541   0.00448160
  0.04154117   0.00455550
  0.04183682   0.00462947
  0.04213256   0.00470337
  0.04242832   0.00477734
  0.04272406   0.00485124
  0.04301971   0.00492521
  0.04331547   0.00499911
  0.04361121   0.00507308
  0.04390695   0.00514698
  0.04420270   0.00522087
  0.04449836   0.00529486
  0.04479410   0.00536876
  0.04508986   0.00544273
  0.04538560   0.00551663
  0.04568125   0.00559060
  0.04597701   0.00566450
  0.04627275   0.00573847
  0.04656849   0.00581237
  0.04686424   0.00588626
  0.04715990   0.00596024
  0.04745564   0.00603413
  0.04775139   0.00610811
  0.04804713   0.00618201
  0.04834279   0.00625599
  0.04863854   0.00632988
  0.04893428   0.00640378
  0.04923002   0.00647775
  0.04952578   0.00655165
  0.04982143   0.00662562
  0.05011717   0.00669952
  0.05041293   0.00677349
  0.05070867   0.00684739
  0.05100432   0.00692136
  0.05130008   0.00699526
  0.05159582   0.00706916
  0.05189156   0.00714314
  0.05218723   0.00721703
  0.05248297   0.00729101
  0.05277871   0.00736490
  0.05307447   0.00743888
  0.05337021   0.00751277
  0.05366586   0.00758675
  0.05396162   0.00766064
  0.05425736   0.00773454
  0.05455310   0.00780851
  0.05484877   0.00788241
  0.05514451   0.00795638
  0.05544025   0.00803029
  0.05573600   0.00810427
  0.05603174   0.00817816
  0.05632740   0.00825214
  0.05662315   0.00832603
  0.05691889   0.00839992
  0.05721463   0.00847390
  0.05751030   0.00854779
  0.05780604   0.00862177
  0.05810178   0.00869566
  0.05839754   0.00876964
  0.05869328   0.00884353
  0.05898894   0.00891753
  0.05928469   0.00899142
  0.05958043   0.00906531
  0.05987617   0.00913929
  0.06017184   0.00921318
  0.06046758   0.00928716
  0.06076332   0.00936105
  0.06105908   0.00943503
  0.06135473   0.00950892
  0.06165047   0.00958290
  0.06194623   0.00965679
  0.06224197   0.00973069
  0.06253771   0.00980468
  0.06283338   0.00987857
  0.06312912   0.00995255
  0.06342486   0.01002644
  0.06372061   0.01010042
  0.06401627   0.01017431
  0.06431201   0.01024829
  0.06460776   0.01032218
  0.06490350   0.01039607
  0.06519924   0.01047005
  0.06549491   0.01054394
  0.06579065   0.01061792
  0.06608640   0.01069183
  0.06638215   0.01076581
  0.06667781   0.01083970
  0.06697355   0.01091368
  0.06726930   0.01098757
  0.06756504   0.01106146
  0.06786078   0.01113544
  0.06815645   0.01120933
  0.06845219   0.01128331
  0.06874793   0.01135720
  0.06904369   0.01143118
  0.06933934   0.01150507
  0.06963508   0.01157906
  0.06993082   0.01165296
  0.07022658   0.01172685
  0.07052223   0.01180083
  0.07081797   0.01187472
  0.07111373   0.01194870
  0.07140947   0.01202259
  0.07170521   0.01209657
  0.07200088   0.01217046
  0.07229662   0.01224444
  0.07259236   0.01231833
  0.07288811   0.01239222
  0.07318377   0.01246622
  0.07347951   0.01254011
  0.07377527   0.01261409
  0.07407101   0.01268798
  0.07436675   0.01276196
  0.07466242   0.01283585
  0.07495816   0.01290983
  0.07525390   0.01298372
  0.07554965   0.01305761
  0.07584531   0.01313159
  0.07614105   0.01320548
  0.07643680   0.01327946
  0.07673254   0.01335337
  0.07702820   0.01342734
  0.07732395   0.01350124
  0.07761969   0.01357521
  0.07791543   0.01364911
  0.07821119   0.01372300
  0.07850684   0.01379698
  0.07880258   0.01387087
  0.07909834   0.01394485
  0.07939408   0.01401874
  0.07968973   0.01409272
  0.07998549   0.01416661
  0.08028123   0.01424060
  0.08057697   0.01431449
  0.08087273   0.01438839
  0.08116838   0.01446236
  0.08146412   0.01453626
  0.08175988   0.01461023
  0.08205562   0.01468413
  0.08235127   0.01475810
  0.08264703   0.01483200
  0.08294277   0.01490589
  0.08323851   0.01497987
  0.08324774   0.01505916
  0.08325678   0.01513851
  0.08326565   0.01521801
  0.08327435   0.01529746
  0.08328297   0.01537697
  0.08329132   0.01545655
  0.08329949   0.01553624
  0.08330749   0.01561591
  0.08331531   0.01569561
  0.08332295   0.01577537
  0.08333051   0.01585526
  0.08333779   0.01593509
  0.08334490   0.01601498
  0.08335185   0.01609490
  0.08335859   0.01617494
  0.08336516   0.01625493
  0.08337164   0.01633495
  0.08337786   0.01641501
  0.08338390   0.01649517
  0.08338974   0.01657528
  0.08339541   0.01665542
  0.08340090   0.01673559
  0.08340621   0.01681586
  0.08341142   0.01689607
  0.08341637   0.01697629
  0.08342114   0.01705653
  0.08342572   0.01713688
  0.08343012   0.01721715
  0.08343434   0.01729744
  0.08343847   0.01737773
  0.08344248   0.01745811
  0.08344647   0.01753841
  0.08345048   0.01761870
  0.08345447   0.01769901
  0.08345848   0.01777938
  0.08346256   0.01785967
  0.08346657   0.01793997
  0.08347057   0.01802026
  0.08347457   0.01810065
  0.08347858   0.01818094
  0.08348257   0.01826125
  0.08348666   0.01834154
  0.08349066   0.01842191
  0.08349467   0.01850222
  0.08349867   0.01858251
  0.08350267   0.01866281
  0.08350668   0.01874319
  0.08351075   0.01882349
  0.08351476   0.01890378
  0.08351876   0.01898407
  0.08352276   0.01906446
  0.08352677   0.01914475
  0.08353077   0.01922506
  0.08353486   0.01930535
  0.08353885   0.01938574
  0.08354286   0.01946603
  0.08354686   0.01954632
  0.08355086   0.01962662
  0.08355487   0.01970700
  0.08355887   0.01978730
  0.08356296   0.01986759
  0.08356695   0.01994790
  0.08357096   0.02002827
  0.08357496   0.02010858
  0.08357896   0.02018887
  0.08358297   0.02026916
  0.08358705   0.02034954
  0.08359106   0.02042983
  0.08359505   0.02051014
  0.08359906   0.02059043
  0.08360305   0.02067082
  0.08360706   0.02075111
  0.08361116   0.02083140
  0.08361515   0.02091170
  0.08361916   0.02099208
  0.08362315   0.02107238
  0.08362716   0.02115267
  0.08363115   0.02123298
  0.08363525   0.02131335
  0.08363926   0.02139364
  0.08364325   0.02147395
  0.08364726   0.02155424
  0.08365125   0.02163463
  0.08365526   0.02171492
  0.08365934   0.02179522
  0.08366335   0.02187551
  0.08366736   0.02195589
  0.08367135   0.02203619
  0.08367536   0.02211648
  0.08367935   0.02219679
  0.08368344   0.02227716
  0.08368744   0.02235747
  0.08369145   0.02243776
  0.08369546   0.02251805
  0.08369945   0.02259844
  0.08370346   0.02267873
  0.08370754   0.02275903
  0.08371154   0.02283932
  0.08371554   0.02291971
  0.08371955   0.02300000
