 -0.03567509   0.02300583
 -0.03567222   0.02289164
 -0.03566937   0.02277748
 -0.03566652   0.02266329
 -0.03566368   0.02254913
 -0.03566083   0.02243494
 -0.03565799   0.02232077
 -0.03565507   0.02220658
 -0.03565223   0.02209239
 -0.03564938   0.02197823
 -0.03564654   0.02186404
 -0.03564369   0.02174988
 -0.03564084   0.02163576
 -0.03563797   0.02152156
 -0.03563512   0.02140740
 -0.03563228   0.02129321
 -0.03562943   0.02117905
 -0.03562658   0.02106486
 -0.03562374   0.02095070
 -0.03562089   0.02083651
 -0.03561805   0.02072232
 -0.03561513   0.02060816
 -0.03561229   0.02049396
 -0.03560944   0.02037980
 -0.03560659   0.02026561
 -0.03560372   0.02015142
 -0.03560087   0.02003726
 -0.03559803   0.01992307
 -0.03559518   0.01980891
 -0.03559234   0.01969472
 -0.03558949   0.01958056
 -0.03558664   0.01946636
 -0.03558380   0.01935217
 -0.03558095   0.01923801
 -0.03557804   0.01912382
 -0.03557519   0.01900966
 -0.03557235   0.01889554
 -0.03556947   0.01878135
 -0.03556662   0.01866719
 -0.03556378   0.01855299
 -0.03556093   0.01843883
 -0.03555809   0.01832464
 -0.03555524   0.01821048
 -0.03555239   0.01809629
 -0.03554955   0.01798210
 -0.03554670   0.01786794
 -0.03554386   0.01775375
 -0.03554101   0.01763959
 -0.03553810   0.01752539
 -0.03553522   0.01741120
 -0.03553237   0.01729704
 -0.03552953   0.01718285
 -0.03552668   0.01706869
 -0.03552384   0.01695450
 -0.03552099   0.01684034
 -0.03551815   0.01672615
 -0.03551530   0.01661196
 -0.03551245   0.01649779
 -0.03550961   0.01638360
 -0.03550676   0.01626944
 -0.03550392   0.01615532
 -0.03550097   0.01604113
 -0.03549813   0.01592697
 -0.03549528   0.01581278
 -0.03549243   0.01569862
 -0.03548959   0.01558442
 -0.03548654   0.01547026
 -0.03548272   0.01535607
 -0.03547822   0.01524195
 -0.03547288   0.01512793
 -0.03546672   0.01501387
 -0.03545986   0.01489992
 -0.03545224   0.01478601
 -0.03544376   0.01467209
 -0.03543463   0.01455835
 -0.03542466   0.01444464
 -0.03541400   0.01433103
 -0.03540251   0.01421753
 -0.03539026   0.01410413
 -0.03537725   0.01399084
 -0.03536342   0.01387765
 -0.03534852   0.01376463
 -0.03533261   0.01365171
 -0.03531569   0.01353897
 -0.03529787   0.01342636
 -0.03527897   0.01331389
 -0.03525913   0.01320166
 -0.03523821   0.01308959
 -0.03521639   0.01297774
 -0.03519356   0.01286605
 -0.03516972   0.01275460
 -0.03514488   0.01264333
 -0.03511912   0.01253232
 -0.03509236   0.01242152
 -0.03506459   0.01231100
 -0.03503592   0.01220074
 -0.03500624   0.01209072
 -0.03497554   0.01198101
 -0.03494395   0.01187154
 -0.03491134   0.01176234
 -0.03487773   0.01165344
 -0.03484321   0.01154485
 -0.03480775   0.01143660
 -0.03477131   0.01132869
 -0.03473394   0.01122109
 -0.03469563   0.01111389
 -0.03465634   0.01100693
 -0.03461611   0.01090041
 -0.03457495   0.01079420
 -0.03453291   0.01068839
 -0.03448990   0.01058292
 -0.03444591   0.01047790
 -0.03440102   0.01037324
 -0.03435525   0.01026900
 -0.03430851   0.01016519
 -0.03426090   0.01006179
 -0.03421239   0.00995880
 -0.03416293   0.00985632
 -0.03411257   0.00975424
 -0.03406130   0.00965257
 -0.03400919   0.00955144
 -0.03395614   0.00945076
 -0.03390223   0.00935054
 -0.03384743   0.00925080
 -0.03379177   0.00915157
 -0.03373520   0.00905281
 -0.03367786   0.00895460
 -0.03361955   0.00885693
 -0.03356043   0.00875972
 -0.03350041   0.00866307
 -0.03343965   0.00856695
 -0.03337795   0.00847141
 -0.03331541   0.00837637
 -0.03325204   0.00828199
 -0.03318789   0.00818807
 -0.03312291   0.00809479
 -0.03305709   0.00800213
 -0.03299043   0.00790997
 -0.03292300   0.00781846
 -0.03285474   0.00772755
 -0.03278573   0.00763725
 -0.03271586   0.00754753
 -0.03264524   0.00745852
 -0.03257386   0.00737008
 -0.03250164   0.00728232
 -0.03242875   0.00719520
 -0.03235502   0.00710873
 -0.03228053   0.00702293
 -0.03220536   0.00693774
 -0.03212943   0.00685329
 -0.03205265   0.00676952
 -0.03197528   0.00668636
 -0.03189710   0.00660397
 -0.03181822   0.00652226
 -0.03173864   0.00644130
 -0.03165832   0.00636097
 -0.03157733   0.00628139
 -0.03149567   0.00620259
 -0.03141324   0.00612446
 -0.03133022   0.00604711
 -0.03124645   0.00597047
 -0.03116206   0.00589457
 -0.03107702   0.00581945
 -0.03099129   0.00574511
 -0.03090492   0.00567151
 -0.03081791   0.00559865
 -0.03073024   0.00552661
 -0.03064197   0.00545537
 -0.03055306   0.00538491
 -0.03046359   0.00531519
 -0.03037348   0.00524635
 -0.03028276   0.00517822
 -0.03019145   0.00511101
 -0.03009957   0.00504450
 -0.03000713   0.00497894
 -0.02991405   0.00491408
 -0.02982047   0.00485017
 -0.02972636   0.00478704
 -0.02963168   0.00472475
 -0.02953640   0.00466327
 -0.02944066   0.00460264
 -0.02934435   0.00454295
 -0.02924754   0.00448407
 -0.02915023   0.00442606
 -0.02905239   0.00436891
 -0.02895412   0.00431262
 -0.02885527   0.00425719
 -0.02875607   0.00420266
 -0.02865630   0.00414904
 -0.02855610   0.00409627
 -0.02845546   0.00404441
 -0.02835433   0.00399349
 -0.02825283   0.00394342
 -0.02815084   0.00389426
 -0.02804841   0.00384607
 -0.02794565   0.00379866
 -0.02784239   0.00375230
 -0.02773884   0.00370684
 -0.02763483   0.00366223
 -0.02753044   0.00361860
 -0.02742570   0.00357584
 -0.02732059   0.00353410
 -0.02721509   0.00349327
 -0.02710928   0.00345331
 -0.02700312   0.00341440
 -0.02689662   0.00337636
 -0.02678993   0.00333903
 -0.02668302   0.00330202
 -0.02657594   0.00326536
 -0.02646871   0.00322899
 -0.02636136   0.00319294
 -0.02625385   0.00315724
 -0.02614611   0.00312187
 -0.02603835   0.00308689
 -0.02593040   0.00305216
 -0.02582225   0.00301778
 -0.02571401   0.00298372
 -0.02560558   0.00295005
 -0.02549710   0.00291667
 -0.02538838   0.00288361
 -0.02527961   0.00285090
 -0.02517068   0.00281858
 -0.02506155   0.00278651
 -0.02495237   0.00275483
 -0.02484306   0.00272347
 -0.02473356   0.00269250
 -0.02462399   0.00266178
 -0.02451424   0.00263145
 -0.02440442   0.00260147
 -0.02429448   0.00257184
 -0.02418440   0.00254257
 -0.02407424   0.00251362
 -0.02396398   0.00248501
 -0.02385356   0.00245677
 -0.02374305   0.00242888
 -0.02363241   0.00240130
 -0.02352167   0.00237408
 -0.02341088   0.00234721
 -0.02329992   0.00232069
 -0.02318890   0.00229453
 -0.02307779   0.00226868
 -0.02296654   0.00224323
 -0.02285524   0.00221812
 -0.02274387   0.00219340
 -0.02263237   0.00216897
 -0.02252078   0.00214492
 -0.02240909   0.00212122
 -0.02229731   0.00209785
 -0.02218556   0.00207464
 -0.02207370   0.00205164
 -0.02196192   0.00202877
 -0.02184997   0.00200600
 -0.02173809   0.00198347
 -0.02162613   0.00196106
 -0.02151415   0.00193880
 -0.02140213   0.00191674
 -0.02129015   0.00189484
 -0.02117799   0.00187312
 -0.02106594   0.00185152
 -0.02095379   0.00183010
 -0.02084161   0.00180884
 -0.02072945   0.00178768
 -0.02061720   0.00176676
 -0.02050495   0.00174598
 -0.02039267   0.00172536
 -0.02028035   0.00170491
 -0.02016806   0.00168456
 -0.02005561   0.00166441
 -0.01994326   0.00164450
 -0.01983081   0.00162462
 -0.01971835   0.00160498
 -0.01960587   0.00158554
 -0.01949335   0.00156620
 -0.01938087   0.00154703
 -0.01926828   0.00152802
 -0.01915566   0.00150912
 -0.01904308   0.00149049
 -0.01893043   0.00147195
 -0.01881778   0.00145359
 -0.01870502   0.00143539
 -0.01859234   0.00141733
 -0.01847959   0.00139950
 -0.01836684   0.00138177
 -0.01825398   0.00136421
 -0.01814120   0.00134686
 -0.01802835   0.00132960
 -0.01791550   0.00131258
 -0.01780254   0.00129566
 -0.01768966   0.00127891
 -0.01757671   0.00126236
 -0.01746376   0.00124591
 -0.01735077   0.00122963
 -0.01723772   0.00121362
 -0.01712474   0.00119761
 -0.01701169   0.00118186
 -0.01689860   0.00116632
 -0.01678545   0.00115085
 -0.01667237   0.00113558
 -0.01655922   0.00112044
 -0.01644603   0.00110554
 -0.01633288   0.00109070
 -0.01621970   0.00107614
 -0.01610642   0.00106164
 -0.01599316   0.00104737
 -0.01587995   0.00103318
 -0.01576660   0.00101922
 -0.01565331   0.00100539
 -0.01554003   0.00099173
 -0.01542665   0.00097827
 -0.01531327   0.00096495
 -0.01519988   0.00095176
 -0.01508650   0.00093881
 -0.01497312   0.00092596
 -0.01485963   0.00091331
 -0.01474622   0.00090076
 -0.01463274   0.00088845
 -0.01451925   0.00087623
 -0.01440574   0.00086419
 -0.01429223   0.00085235
 -0.01417864   0.00084067
 -0.01406513   0.00082917
 -0.01395155   0.00081779
 -0.01383793   0.00080659
 -0.01372435   0.00079555
 -0.01361074   0.00078468
 -0.01349712   0.00077399
 -0.01338348   0.00076342
 -0.01326979   0.00075302
 -0.01315615   0.00074279
 -0.01304244   0.00073276
 -0.01292872   0.00072287
 -0.01281501   0.00071311
 -0.01270129   0.00070355
 -0.01258755   0.00069413
 -0.01247381   0.00068491
 -0.01235999   0.00067572
 -0.01224625   0.00066656
 -0.01213250   0.00065750
 -0.01201869   0.00064850
 -0.01190491   0.00063961
 -0.01179107   0.00063074
 -0.01167729   0.00062200
 -0.01156345   0.00061330
 -0.01144967   0.00060459
 -0.01133580   0.00059605
 -0.01122202   0.00058757
 -0.01110815   0.00057916
 -0.01099434   0.00057085
 -0.01088046   0.00056257
 -0.01076656   0.00055435
 -0.01065275   0.00054619
 -0.01053884   0.00053817
 -0.01042497   0.00053022
 -0.01031113   0.00052226
 -0.01019723   0.00051443
 -0.01008332   0.00050670
 -0.00996938   0.00049901
 -0.00985548   0.00049137
 -0.00974154   0.00048380
 -0.00962760   0.00047630
 -0.00951373   0.00046893
 -0.00939980   0.00046162
 -0.00928586   0.00045431
 -0.00917192   0.00044717
 -0.00905798   0.00044006
 -0.00894402   0.00043301
 -0.00882998   0.00042606
 -0.00871604   0.00041914
 -0.00860207   0.00041225
 -0.00848811   0.00040556
 -0.00837411   0.00039880
 -0.00826014   0.00039225
 -0.00814617   0.00038568
 -0.00803210   0.00037919
 -0.00791810   0.00037282
 -0.00780414   0.00036649
 -0.00769014   0.00036028
 -0.00757607   0.00035408
 -0.00746207   0.00034794
 -0.00734804   0.00034190
 -0.00723397   0.00033599
 -0.00711997   0.00033008
 -0.00700594   0.00032423
 -0.00689184   0.00031851
 -0.00677784   0.00031279
 -0.00666375   0.00030720
 -0.00654972   0.00030172
 -0.00643562   0.00029626
 -0.00632159   0.00029083
 -0.00620749   0.00028554
 -0.00609343   0.00028028
 -0.00597933   0.00027511
 -0.00586527   0.00027001
 -0.00575117   0.00026501
 -0.00563704   0.00026004
 -0.00552298   0.00025516
 -0.00540888   0.00025032
 -0.00529475   0.00024561
 -0.00518069   0.00024094
 -0.00506656   0.00023639
 -0.00495240   0.00023184
 -0.00483834   0.00022739
 -0.00472421   0.00022298
 -0.00461008   0.00021856
 -0.00449595   0.00021421
 -0.00438186   0.00020993
 -0.00426773   0.00020568
 -0.00415360   0.00020144
 -0.00403947   0.00019726
 -0.00392531   0.00019318
 -0.00381118   0.00018910
 -0.00369712   0.00018505
 -0.00358296   0.00018107
 -0.00346883   0.00017716
 -0.00335467   0.00017325
 -0.00324054   0.00016938
 -0.00312638   0.00016557
 -0.00301225   0.00016179
 -0.00289812   0.00015812
 -0.00278396   0.00015451
 -0.00266979   0.00015094
 -0.00255566   0.00014739
 -0.00244150   0.00014385
 -0.00232737   0.00014041
 -0.00221321   0.00013701
 -0.00209908   0.00013367
 -0.00198492   0.00013030
 -0.00187076   0.00012703
 -0.00175663   0.00012383
 -0.00164247   0.00012066
 -0.00152831   0.00011745
 -0.00141418   0.00011438
 -0.00129995   0.00011128
 -0.00118579   0.00010828
 -0.00107163   0.00010528
 -0.00095750   0.00010237
 -0.00084334   0.00009951
 -0.00072918   0.00009664
 -0.00061495   0.00009387
 -0.00050079   0.00009107
 -0.00038663   0.00008841
 -0.00027250   0.00008571
 -0.00015834   0.00008314
 -0.00004418   0.00008051
  0.00007005   0.00007795
  0.00018421   0.00007548
  0.00029837   0.00007305
  0.00041253   0.00007065
  0.00052676   0.00006829
  0.00064092   0.00006593
  0.00075509   0.00006366
  0.00086925   0.00006147
  0.00098348   0.00005927
  0.00109764   0.00005718
  0.00121180   0.00005505
  0.00132596   0.00005299
  0.00144019   0.00005096
  0.00155435   0.00004897
  0.00166851   0.00004704
  0.00178274   0.00004522
  0.00189693   0.00004339
  0.00201109   0.00004157
  0.00212532   0.00003984
  0.00223948   0.00003812
  0.00235364   0.00003646
  0.00246780   0.00003483
  0.00258206   0.00003328
  0.00269622   0.00003172
  0.00281038   0.00003026
  0.00292461   0.00002878
  0.00303881   0.00002742
  0.00315297   0.00002603
  0.00326720   0.00002475
  0.00338139   0.00002349
  0.00349555   0.00002227
  0.00360978   0.00002109
  0.00372394   0.00002000
  0.00383813   0.00001888
  0.00395236   0.00001779
  0.00406655   0.00001681
  0.00418071   0.00001586
  0.00429494   0.00001494
  0.00440913   0.00001405
  0.00452329   0.00001320
  0.00463755   0.00001245
  0.00475171   0.00001174
  0.00486588   0.00001099
  0.00498014   0.00001034
  0.00509430   0.00000979
  0.00520849   0.00000914
  0.00532272   0.00000866
  0.00543691   0.00000821
  0.00555107   0.00000773
  0.00566533   0.00000735
  0.00577949   0.00000700
  0.00589368   0.00000669
  0.00600791   0.00000641
  0.00612210   0.00000623
  0.00623626   0.00000605
  0.00635046   0.00000594
  0.00646472   0.00000583
  0.00658033   0.00000506
  0.00669588   0.00000426
  0.00681153   0.00000352
  0.00692715   0.00000275
  0.00704279   0.00000201
  0.00715841   0.00000130
  0.00727399   0.00000056
  0.00738961  -0.00000015
  0.00750526  -0.00000083
  0.00762090  -0.00000154
  0.00773652  -0.00000222
  0.00785217  -0.00000287
  0.00796772  -0.00000352
  0.00808336  -0.00000416
  0.00819898  -0.00000478
  0.00831463  -0.00000540
  0.00843025  -0.00000602
  0.00854582  -0.00000663
  0.00866147  -0.00000722
  0.00877709  -0.00000777
  0.00889274  -0.00000833
  0.00900839  -0.00000889
  0.00912393  -0.00000944
  0.00923958  -0.00000996
  0.00935520  -0.00001049
  0.00947085  -0.00001098
  0.00958649  -0.00001148
  0.00970211  -0.00001197
  0.00981769  -0.00001246
  0.00993334  -0.00001293
  0.01004895  -0.00001336
  0.01016460  -0.00001382
  0.01028025  -0.00001425
  0.01039580  -0.00001465
  0.01051145  -0.00001506
  0.01062709  -0.00001546
  0.01074271  -0.00001586
  0.01085836  -0.00001623
  0.01097401  -0.00001660
  0.01108959  -0.00001694
  0.01120520  -0.00001728
  0.01132085  -0.00001762
  0.01143650  -0.00001792
  0.01155215  -0.00001823
  0.01166769  -0.00001854
  0.01178334  -0.00001882
  0.01189899  -0.00001910
  0.01201461  -0.00001934
  0.01213025  -0.00001959
  0.01224583  -0.00001984
  0.01236148  -0.00002008
  0.01247710  -0.00002030
  0.01259275  -0.00002049
  0.01270839  -0.00002070
  0.01282404  -0.00002089
  0.01293959  -0.00002104
  0.01305524  -0.00002123
  0.01317089  -0.00002138
  0.01328653  -0.00002150
  0.01340218  -0.00002163
  0.01351773  -0.00002175
  0.01363338  -0.00002187
  0.01374902  -0.00002197
  0.01386467  -0.00002203
  0.01398029  -0.00002212
  0.01409587  -0.00002218
  0.01421152  -0.00002224
  0.01432716  -0.00002227
  0.01444278  -0.00002231
  0.01455843  -0.00002231
  0.01467408  -0.00002234
  0.01478966  -0.00002231
  0.01490530  -0.00002231
  0.01502092  -0.00002227
  0.01513657  -0.00002224
  0.01525222  -0.00002218
  0.01536779  -0.00002212
  0.01548341  -0.00002199
  0.01559906  -0.00002183
  0.01571471  -0.00002160
  0.01583036  -0.00002137
  0.01594590  -0.00002104
  0.01606155  -0.00002070
  0.01617720  -0.00002030
  0.01629285  -0.00001987
  0.01640849  -0.00001934
  0.01652411  -0.00001884
  0.01663969  -0.00001824
  0.01675534  -0.00001764
  0.01687099  -0.00001694
  0.01698660  -0.00001624
  0.01710218  -0.00001554
  0.01721783  -0.00001474
  0.01733348  -0.00001387
  0.01744909  -0.00001297
  0.01756474  -0.00001210
  0.01768032  -0.00001114
  0.01779597  -0.00001007
  0.01791159  -0.00000894
  0.01802723  -0.00000777
  0.01814281  -0.00000651
  0.01825843  -0.00000512
  0.01837408  -0.00000370
  0.01848969  -0.00000224
  0.01860527  -0.00000066
  0.01872092   0.00000096
  0.01883654   0.00000268
  0.01895219   0.00000452
  0.01906773   0.00000633
  0.01918338   0.00000831
  0.01929900   0.00001035
  0.01941455   0.00001242
  0.01953019   0.00001462
  0.01964581   0.00001682
  0.01976136   0.00001918
  0.01987698   0.00002155
  0.01999262   0.00002397
  0.02010817   0.00002656
  0.02022379   0.00002915
  0.02033941   0.00003184
  0.02045495   0.00003462
  0.02057057   0.00003747
  0.02068609   0.00004042
  0.02080171   0.00004340
  0.02091732   0.00004644
  0.02103287   0.00004958
  0.02114846   0.00005282
  0.02126400   0.00005612
  0.02137959   0.00005952
  0.02149514   0.00006292
  0.02161072   0.00006648
  0.02172624   0.00007008
  0.02184183   0.00007370
  0.02195734   0.00007746
  0.02207296   0.00008134
  0.02218845   0.00008523
  0.02230403   0.00008918
  0.02241955   0.00009323
  0.02253514   0.00009734
  0.02265062   0.00010155
  0.02276621   0.00010579
  0.02288170   0.00011016
  0.02299721   0.00011457
  0.02311277   0.00011910
  0.02322825   0.00012364
  0.02334374   0.00012830
  0.02345930   0.00013303
  0.02357478   0.00013785
  0.02369027   0.00014271
  0.02380579   0.00014767
  0.02392128   0.00015269
  0.02403673   0.00015781
  0.02415222   0.00016299
  0.02426774   0.00016820
  0.02438320   0.00017351
  0.02449866   0.00017895
  0.02461411   0.00018443
  0.02472957   0.00019000
  0.02484506   0.00019564
  0.02496051   0.00020130
  0.02507594   0.00020721
  0.02519139   0.00021324
  0.02530682   0.00021945
  0.02542224   0.00022582
  0.02553760   0.00023239
  0.02565299   0.00023907
  0.02576842   0.00024598
  0.02588377   0.00025302
  0.02599917   0.00026023
  0.02611449   0.00026764
  0.02622981   0.00027522
  0.02634521   0.00028291
  0.02646053   0.00029076
  0.02657583   0.00029887
  0.02669115   0.00030702
  0.02680638   0.00031544
  0.02692170   0.00032403
  0.02703699   0.00033272
  0.02715219   0.00034168
  0.02726741   0.00035074
  0.02738271   0.00035989
  0.02749790   0.00036932
  0.02761309   0.00037888
  0.02772829   0.00038861
  0.02784341   0.00039848
  0.02795860   0.00040854
  0.02807373   0.00041881
  0.02818889   0.00042921
  0.02830399   0.00043977
  0.02841908   0.00045048
  0.02853417   0.00046138
  0.02864927   0.00047245
  0.02876429   0.00048369
  0.02887935   0.00049507
  0.02899435   0.00050668
  0.02910934   0.00051839
  0.02922433   0.00053030
  0.02933930   0.00054238
  0.02945429   0.00055459
  0.02956918   0.00056701
  0.02968408   0.00057959
  0.02979904   0.00059230
  0.02991386   0.00060522
  0.03002873   0.00061831
  0.03014359   0.00063150
  0.03025838   0.00064488
  0.03037318   0.00065844
  0.03048797   0.00067220
  0.03060273   0.00068612
  0.03071750   0.00070022
  0.03083219   0.00071441
  0.03094695   0.00072881
  0.03106165   0.00074340
  0.03117624   0.00075813
  0.03129090   0.00077307
  0.03140550   0.00078810
  0.03152016   0.00080333
  0.03163465   0.00081874
  0.03174925   0.00083431
  0.03186381   0.00085005
  0.03197830   0.00086592
  0.03209277   0.00088203
  0.03220726   0.00089827
  0.03232165   0.00091468
  0.03243609   0.00093119
  0.03255048   0.00094797
  0.03266487   0.00096481
  0.03277917   0.00098189
  0.03289353   0.00099911
  0.03300779   0.00101653
  0.03312209   0.00103411
  0.03323628   0.00105183
  0.03335054   0.00106972
  0.03346474   0.00108777
  0.03357883   0.00110600
  0.03369299   0.00112442
  0.03380709   0.00114294
  0.03392118   0.00116167
  0.03403524   0.00118056
  0.03414924   0.00119963
  0.03426330   0.00121879
  0.03437722   0.00123822
  0.03449119   0.00125775
  0.03460508   0.00127748
  0.03471897   0.00129739
  0.03483284   0.00131751
  0.03494657   0.00133812
  0.03506031   0.00135904
  0.03517385   0.00138036
  0.03528739   0.00140205
  0.03540081   0.00142406
  0.03551419   0.00144653
  0.03562749   0.00146931
  0.03574065   0.00149251
  0.03585372   0.00151606
  0.03596666   0.00153993
  0.03607960   0.00156425
  0.03619242   0.00158892
  0.03630507   0.00161394
  0.03641763   0.00163928
  0.03653013   0.00166508
  0.03664254   0.00169119
  0.03675478   0.00171768
  0.03686696   0.00174453
  0.03697902   0.00177179
  0.03709095   0.00179934
  0.03720276   0.00182735
  0.03731443   0.00185567
  0.03742605   0.00188434
  0.03753744   0.00191333
  0.03764881   0.00194278
  0.03775998   0.00197251
  0.03787109   0.00200262
  0.03798198   0.00203312
  0.03809278   0.00206391
  0.03820341   0.00209508
  0.03831399   0.00212667
  0.03842431   0.00215851
  0.03853460   0.00219078
  0.03864467   0.00222339
  0.03875465   0.00225633
  0.03886444   0.00228962
  0.03897410   0.00232329
  0.03908357   0.00235725
  0.03919292   0.00239163
  0.03930214   0.00242630
  0.03941114   0.00246135
  0.03952002   0.00249673
  0.03962863   0.00253283
  0.03973689   0.00256998
  0.03984488   0.00260804
  0.03995254   0.00264708
  0.04005984   0.00268709
  0.04016671   0.00272808
  0.04027331   0.00277002
  0.04037946   0.00281289
  0.04048530   0.00285671
  0.04059075   0.00290154
  0.04069577   0.00294731
  0.04080040   0.00299396
  0.04090462   0.00304154
  0.04100845   0.00309008
  0.04111175   0.00313956
  0.04121469   0.00318994
  0.04131719   0.00324131
  0.04141920   0.00329348
  0.04152074   0.00334666
  0.04162185   0.00340068
  0.04172247   0.00345565
  0.04182255   0.00351153
  0.04192217   0.00356835
  0.04202129   0.00362598
  0.04211991   0.00368449
  0.04221800   0.00374394
  0.04231556   0.00380427
  0.04241259   0.00386541
  0.04250911   0.00392745
  0.04260501   0.00399041
  0.04270041   0.00405417
  0.04279520   0.00411882
  0.04288940   0.00418427
  0.04298304   0.00425056
  0.04307610   0.00431773
  0.04316857   0.00438571
  0.04326047   0.00445454
  0.04335171   0.00452417
  0.04344227   0.00459468
  0.04353231   0.00466597
  0.04362164   0.00473803
  0.04371038   0.00481094
  0.04379841   0.00488459
  0.04388585   0.00495908
  0.04397258   0.00503431
  0.04405872   0.00511036
  0.04414411   0.00518714
  0.04422885   0.00526474
  0.04431285   0.00534308
  0.04439614   0.00542209
  0.04447884   0.00550195
  0.04456074   0.00558255
  0.04464190   0.00566379
  0.04472242   0.00574584
  0.04480211   0.00582857
  0.04488110   0.00591207
  0.04495939   0.00599619
  0.04503691   0.00608107
  0.04511366   0.00616664
  0.04518964   0.00625291
  0.04526483   0.00633986
  0.04533927   0.00642749
  0.04541298   0.00651572
  0.04548586   0.00660466
  0.04555789   0.00669424
  0.04562923   0.00678447
  0.04569970   0.00687537
  0.04576933   0.00696692
  0.04583815   0.00705900
  0.04590621   0.00715176
  0.04597344   0.00724513
  0.04603979   0.00733911
  0.04610527   0.00743366
  0.04616998   0.00752882
  0.04623386   0.00762449
  0.04629680   0.00772081
  0.04635893   0.00781766
  0.04642023   0.00791509
  0.04648059   0.00801305
  0.04654009   0.00811157
  0.04659871   0.00821062
  0.04665649   0.00831018
  0.04671334   0.00841024
  0.04676931   0.00851085
  0.04682438   0.00861193
  0.04687855   0.00871349
  0.04693181   0.00881559
  0.04698414   0.00891813
  0.04703556   0.00902114
  0.04708608   0.00912463
  0.04713565   0.00922859
  0.04718429   0.00933292
  0.04723206   0.00943773
  0.04727883   0.00954298
  0.04732472   0.00964871
  0.04736961   0.00975477
  0.04741355   0.00986124
  0.04745656   0.00996812
  0.04749860   0.01007533
  0.04753974   0.01018296
  0.04757983   0.01029099
  0.04761902   0.01039932
  0.04765724   0.01050803
  0.04769445   0.01061712
  0.04773072   0.01072644
  0.04776602   0.01083617
  0.04780028   0.01094624
  0.04783364   0.01105654
  0.04786599   0.01116716
  0.04789730   0.01127811
  0.04792764   0.01138927
  0.04795700   0.01150077
  0.04798536   0.01161250
  0.04801271   0.01172448
  0.04803909   0.01183676
  0.04806447   0.01194918
  0.04808883   0.01206187
  0.04811219   0.01217483
  0.04813455   0.01228797
  0.04815611   0.01240124
  0.04817688   0.01251469
  0.04819698   0.01262838
  0.04821626   0.01274221
  0.04823478   0.01285617
  0.04825261   0.01297028
  0.04826960   0.01308452
  0.04828584   0.01319890
  0.04830139   0.01331338
  0.04831610   0.01342797
  0.04833005   0.01354277
  0.04834325   0.01365756
  0.04835561   0.01377249
  0.04836728   0.01388756
  0.04837813   0.01400264
  0.04838828   0.01411781
  0.04839760   0.01423309
  0.04840613   0.01434837
  0.04841386   0.01446379
  0.04842090   0.01457921
  0.04842745   0.01469462
  0.04843408   0.01481004
  0.04844063   0.01492550
  0.04844719   0.01504091
  0.04845381   0.01515633
  0.04846037   0.01527175
  0.04846692   0.01538723
  0.04847355   0.01550265
  0.04848010   0.01561804
  0.04848666   0.01573352
  0.04849321   0.01584894
  0.04849984   0.01596436
  0.04850639   0.01607984
  0.04851292   0.01619526
  0.04851954   0.01631068
  0.04852610   0.01642613
  0.04853265   0.01654155
  0.04853928   0.01665697
  0.04854583   0.01677238
  0.04855239   0.01688787
  0.04855901   0.01700329
  0.04856557   0.01711870
  0.04857212   0.01723416
  0.04857875   0.01734958
  0.04858530   0.01746499
  0.04859186   0.01758048
  0.04859841   0.01769590
  0.04860504   0.01781131
  0.04861156   0.01792680
  0.04861812   0.01804219
  0.04862474   0.01815760
  0.04863130   0.01827302
  0.04863785   0.01838851
  0.04864448   0.01850392
  0.04865103   0.01861934
  0.04865759   0.01873479
  0.04866421   0.01885021
  0.04867077   0.01896563
  0.04867732   0.01908111
  0.04868395   0.01919653
  0.04869050   0.01931195
  0.04869706   0.01942737
  0.04870368   0.01954282
  0.04871024   0.01965824
  0.04871676   0.01977366
  0.04872332   0.01988914
  0.04872994   0.02000456
  0.04873650   0.02011998
  0.04874305   0.02023546
  0.04874968   0.02035085
  0.04875623   0.02046626
  0.04876279   0.02058175
  0.04876941   0.02069717
  0.04877597   0.02081259
  0.04878252   0.02092800
  0.04878915   0.02104349
  0.04879570   0.02115887
  0.04880226   0.02127429
  0.04880888   0.02138978
  0.04881544   0.02150519
  0.04882196   0.02162061
  0.04882859   0.02173610
  0.04883514   0.02185151
  0.04884170   0.02196690
  0.04884825   0.02208239
  0.04885488   0.02219780
  0.04886143   0.02231322
  0.04886799   0.02242864
  0.04887461   0.02254412
  0.04888117   0.02265951
  0.04888772   0.02277493
  0.04889435   0.02289041
  0.04890047   0.02300000
