 -0.02744770   0.02300000
 -0.02744460   0.02289080
 -0.02744140   0.02278160
 -0.02743830   0.02267240
 -0.02743520   0.02256310
 -0.02743210   0.02245390
 -0.02742900   0.02234470
 -0.02742580   0.02223550
 -0.02742270   0.02212630
 -0.02741960   0.02201710
 -0.02741650   0.02190780
 -0.02741340   0.02179860
 -0.02741020   0.02168940
 -0.02740710   0.02158020
 -0.02740400   0.02147100
 -0.02740090   0.02136180
 -0.02739780   0.02125250
 -0.02739460   0.02114330
 -0.02739150   0.02103410
 -0.02738840   0.02092490
 -0.02738530   0.02081570
 -0.02738220   0.02070650
 -0.02737900   0.02059720
 -0.02737590   0.02048800
 -0.02737280   0.02037880
 -0.02736970   0.02026960
 -0.02736660   0.02016040
 -0.02736340   0.02005120
 -0.02736030   0.01994190
 -0.02735720   0.01983270
 -0.02735410   0.01972350
 -0.02735100   0.01961430
 -0.02734780   0.01950510
 -0.02734470   0.01939590
 -0.02734160   0.01928660
 -0.02733850   0.01917740
 -0.02733540   0.01906820
 -0.02733220   0.01895900
 -0.02732910   0.01884980
 -0.02732600   0.01874060
 -0.02732290   0.01863130
 -0.02731970   0.01852210
 -0.02731660   0.01841290
 -0.02731350   0.01830370
 -0.02731040   0.01819450
 -0.02730730   0.01808530
 -0.02730410   0.01797610
 -0.02730100   0.01786680
 -0.02729790   0.01775760
 -0.02729480   0.01764840
 -0.02729170   0.01753920
 -0.02728850   0.01743000
 -0.02728540   0.01732080
 -0.02728230   0.01721150
 -0.02727920   0.01710230
 -0.02727610   0.01699310
 -0.02727290   0.01688390
 -0.02726980   0.01677470
 -0.02726670   0.01666550
 -0.02726360   0.01655620
 -0.02726050   0.01644700
 -0.02725730   0.01633780
 -0.02725420   0.01622860
 -0.02725110   0.01611940
 -0.02724800   0.01601020
 -0.02724490   0.01590090
 -0.02724170   0.01579170
 -0.02723860   0.01568250
 -0.02723550   0.01557330
 -0.02723240   0.01546410
 -0.02722930   0.01535490
 -0.02722610   0.01524560
 -0.02722300   0.01513640
 -0.02721990   0.01502720
 -0.02721680   0.01491800
 -0.02721370   0.01480880
 -0.02721050   0.01469960
 -0.02720740   0.01459030
 -0.02720430   0.01448110
 -0.02720120   0.01437190
 -0.02719800   0.01426270
 -0.02719490   0.01415350
 -0.02719180   0.01404430
 -0.02718870   0.01393510
 -0.02718560   0.01382580
 -0.02718240   0.01371660
 -0.02717930   0.01360740
 -0.02717620   0.01349820
 -0.02717310   0.01338900
 -0.02717000   0.01327980
 -0.02716680   0.01317050
 -0.02716370   0.01306130
 -0.02716060   0.01295210
 -0.02715750   0.01284290
 -0.02715440   0.01273370
 -0.02715120   0.01262450
 -0.02714810   0.01251520
 -0.02714500   0.01240600
 -0.02714190   0.01229680
 -0.02713880   0.01218760
 -0.02713560   0.01207840
 -0.02713250   0.01196920
 -0.02712940   0.01185990
 -0.02712630   0.01175070
 -0.02712320   0.01164150
 -0.02712000   0.01153230
 -0.02711690   0.01142310
 -0.02711380   0.01131390
 -0.02711070   0.01120460
 -0.02710760   0.01109540
 -0.02710440   0.01098620
 -0.02710130   0.01087700
 -0.02709820   0.01076780
 -0.02709510   0.01065860
 -0.02709200   0.01054930
 -0.02708880   0.01044010
 -0.02708570   0.01033090
 -0.02708260   0.01022170
 -0.02707950   0.01011250
 -0.02707640   0.01000330
 -0.02707320   0.00989400
 -0.02707010   0.00978480
 -0.02706690   0.00967560
 -0.02706280   0.00956640
 -0.02705740   0.00945730
 -0.02705090   0.00934820
 -0.02704320   0.00923930
 -0.02703430   0.00913040
 -0.02702420   0.00902160
 -0.02701290   0.00891290
 -0.02700040   0.00880430
 -0.02698680   0.00869590
 -0.02697190   0.00858770
 -0.02695590   0.00847960
 -0.02693870   0.00837170
 -0.02692030   0.00826400
 -0.02690080   0.00815650
 -0.02688010   0.00804920
 -0.02685820   0.00794220
 -0.02683510   0.00783540
 -0.02681090   0.00772890
 -0.02678550   0.00762260
 -0.02675890   0.00751660
 -0.02673120   0.00741090
 -0.02670230   0.00730550
 -0.02667230   0.00720050
 -0.02664120   0.00709580
 -0.02660890   0.00699140
 -0.02657540   0.00688740
 -0.02654080   0.00678370
 -0.02650510   0.00668050
 -0.02646830   0.00657760
 -0.02643030   0.00647510
 -0.02639130   0.00637310
 -0.02635110   0.00627150
 -0.02630980   0.00617030
 -0.02626740   0.00606960
 -0.02622390   0.00596940
 -0.02617930   0.00586970
 -0.02613370   0.00577040
 -0.02608690   0.00567170
 -0.02603910   0.00557340
 -0.02599020   0.00547570
 -0.02594020   0.00537850
 -0.02588920   0.00528190
 -0.02583710   0.00518590
 -0.02578400   0.00509040
 -0.02572980   0.00499550
 -0.02567460   0.00490120
 -0.02561840   0.00480750
 -0.02556120   0.00471450
 -0.02550290   0.00462200
 -0.02544370   0.00453020
 -0.02538340   0.00443910
 -0.02532210   0.00434860
 -0.02525990   0.00425880
 -0.02519670   0.00416970
 -0.02513250   0.00408130
 -0.02506740   0.00399360
 -0.02500130   0.00390660
 -0.02493420   0.00382030
 -0.02486620   0.00373480
 -0.02479730   0.00365000
 -0.02472750   0.00356600
 -0.02465670   0.00348270
 -0.02458500   0.00340020
 -0.02451250   0.00331850
 -0.02443900   0.00323770
 -0.02436470   0.00315760
 -0.02428950   0.00307830
 -0.02421350   0.00299990
 -0.02413660   0.00292230
 -0.02405880   0.00284550
 -0.02398020   0.00276960
 -0.02390080   0.00269450
 -0.02382060   0.00262040
 -0.02373960   0.00254710
 -0.02365770   0.00247470
 -0.02357510   0.00240320
 -0.02349170   0.00233260
 -0.02340760   0.00226290
 -0.02332220   0.00219470
 -0.02323540   0.00212830
 -0.02314710   0.00206390
 -0.02305750   0.00200150
 -0.02296650   0.00194100
 -0.02287430   0.00188250
 -0.02278070   0.00182600
 -0.02268600   0.00177160
 -0.02259010   0.00171920
 -0.02249300   0.00166900
 -0.02239490   0.00162090
 -0.02229580   0.00157500
 -0.02219570   0.00153120
 -0.02209460   0.00148970
 -0.02199270   0.00145030
 -0.02188990   0.00141320
 -0.02178640   0.00137840
 -0.02168210   0.00134580
 -0.02157710   0.00131550
 -0.02147150   0.00128750
 -0.02136530   0.00126190
 -0.02125860   0.00123850
 -0.02115140   0.00121750
 -0.02104370   0.00119880
 -0.02093570   0.00118250
 -0.02082730   0.00116860
 -0.02071870   0.00115700
 -0.02060980   0.00114780
 -0.02050070   0.00114100
 -0.02039160   0.00113660
 -0.02028230   0.00113380
 -0.02017310   0.00113110
 -0.02006390   0.00112850
 -0.01995470   0.00112580
 -0.01984540   0.00112310
 -0.01973620   0.00112040
 -0.01962700   0.00111780
 -0.01951770   0.00111510
 -0.01940850   0.00111240
 -0.01929930   0.00110970
 -0.01919010   0.00110710
 -0.01908080   0.00110440
 -0.01897160   0.00110170
 -0.01886240   0.00109900
 -0.01875320   0.00109640
 -0.01864390   0.00109370
 -0.01853470   0.00109100
 -0.01842550   0.00108830
 -0.01831620   0.00108560
 -0.01820700   0.00108300
 -0.01809780   0.00108030
 -0.01798860   0.00107760
 -0.01787930   0.00107490
 -0.01777010   0.00107230
 -0.01766090   0.00106960
 -0.01755160   0.00106690
 -0.01744240   0.00106420
 -0.01733320   0.00106160
 -0.01722400   0.00105890
 -0.01711470   0.00105620
 -0.01700550   0.00105350
 -0.01689630   0.00105090
 -0.01678700   0.00104820
 -0.01667780   0.00104550
 -0.01656860   0.00104280
 -0.01645940   0.00104020
 -0.01635010   0.00103750
 -0.01624090   0.00103480
 -0.01613170   0.00103210
 -0.01602240   0.00102940
 -0.01591320   0.00102680
 -0.01580400   0.00102410
 -0.01569480   0.00102140
 -0.01558550   0.00101870
 -0.01547630   0.00101610
 -0.01536710   0.00101340
 -0.01525790   0.00101070
 -0.01514860   0.00100800
 -0.01503940   0.00100540
 -0.01493020   0.00100270
 -0.01482090   0.00100000
 -0.01471170   0.00099730
 -0.01460250   0.00099470
 -0.01449330   0.00099200
 -0.01438400   0.00098930
 -0.01427480   0.00098660
 -0.01416560   0.00098400
 -0.01405630   0.00098130
 -0.01394710   0.00097860
 -0.01383790   0.00097590
 -0.01372870   0.00097320
 -0.01361940   0.00097060
 -0.01351020   0.00096790
 -0.01340100   0.00096520
 -0.01329170   0.00096250
 -0.01318250   0.00095990
 -0.01307330   0.00095720
 -0.01296410   0.00095450
 -0.01285480   0.00095180
 -0.01274560   0.00094920
 -0.01263640   0.00094650
 -0.01252720   0.00094380
 -0.01241790   0.00094110
 -0.01230870   0.00093850
 -0.01219950   0.00093580
 -0.01209020   0.00093310
 -0.01198100   0.00093040
 -0.01187180   0.00092780
 -0.01176260   0.00092510
 -0.01165330   0.00092240
 -0.01154410   0.00091970
 -0.01143490   0.00091700
 -0.01132560   0.00091440
 -0.01121640   0.00091170
 -0.01110720   0.00090900
 -0.01099800   0.00090630
 -0.01088870   0.00090370
 -0.01077950   0.00090100
 -0.01067030   0.00089830
 -0.01056100   0.00089560
 -0.01045180   0.00089300
 -0.01034260   0.00089030
 -0.01023340   0.00088760
 -0.01012410   0.00088490
 -0.01001490   0.00088230
 -0.00990570   0.00087960
 -0.00979650   0.00087690
 -0.00968720   0.00087420
 -0.00957800   0.00087150
 -0.00946880   0.00086890
 -0.00935950   0.00086620
 -0.00925030   0.00086350
 -0.00914110   0.00086080
 -0.00903190   0.00085820
 -0.00892260   0.00085550
 -0.00881340   0.00085280
 -0.00870420   0.00085010
 -0.00859490   0.00084750
 -0.00848570   0.00084480
 -0.00837650   0.00084210
 -0.00826730   0.00083940
 -0.00815800   0.00083680
 -0.00804880   0.00083410
 -0.00793960   0.00083140
 -0.00783030   0.00082870
 -0.00772110   0.00082610
 -0.00761190   0.00082340
 -0.00750270   0.00082070
 -0.00739340   0.00081800
 -0.00728420   0.00081530
 -0.00717500   0.00081270
 -0.00706570   0.00081000
 -0.00695650   0.00080730
 -0.00684730   0.00080460
 -0.00673810   0.00080200
 -0.00662880   0.00079930
 -0.00651960   0.00079660
 -0.00641040   0.00079390
 -0.00630120   0.00079130
 -0.00619190   0.00078860
 -0.00608270   0.00078590
 -0.00597350   0.00078320
 -0.00586420   0.00078060
 -0.00575500   0.00077790
 -0.00564580   0.00077520
 -0.00553660   0.00077250
 -0.00542730   0.00076990
 -0.00531810   0.00076720
 -0.00520890   0.00076450
 -0.00509960   0.00076180
 -0.00499040   0.00075910
 -0.00488120   0.00075650
 -0.00477200   0.00075380
 -0.00466270   0.00075110
 -0.00455350   0.00074840
 -0.00444430   0.00074580
 -0.00433500   0.00074310
 -0.00422580   0.00074040
 -0.00411660   0.00073770
 -0.00400740   0.00073510
 -0.00389810   0.00073240
 -0.00378890   0.00072970
 -0.00367970   0.00072700
 -0.00357050   0.00072440
 -0.00346120   0.00072170
 -0.00335200   0.00071900
 -0.00324280   0.00071630
 -0.00313350   0.00071360
 -0.00302430   0.00071100
 -0.00291510   0.00070830
 -0.00280590   0.00070560
 -0.00269660   0.00070290
 -0.00258740   0.00070030
 -0.00247820   0.00069760
 -0.00236890   0.00069490
 -0.00225970   0.00069220
 -0.00215050   0.00068960
 -0.00204130   0.00068690
 -0.00193200   0.00068420
 -0.00182280   0.00068150
 -0.00171360   0.00067890
 -0.00160430   0.00067620
 -0.00149510   0.00067350
 -0.00138590   0.00067080
 -0.00127670   0.00066820
 -0.00116740   0.00066550
 -0.00105820   0.00066280
 -0.00094900   0.00066010
 -0.00083980   0.00065740
 -0.00073050   0.00065480
 -0.00062130   0.00065210
 -0.00051210   0.00064940
 -0.00040280   0.00064670
 -0.00029360   0.00064410
 -0.00018440   0.00064140
 -0.00007520   0.00063870
  0.00003410   0.00063600
  0.00014330   0.00063340
  0.00025250   0.00063070
  0.00036180   0.00062800
  0.00047100   0.00062530
  0.00058020   0.00062270
  0.00068940   0.00062000
  0.00079870   0.00061730
  0.00090790   0.00061460
  0.00101710   0.00061200
  0.00112640   0.00060930
  0.00123560   0.00060660
  0.00134480   0.00060390
  0.00145400   0.00060120
  0.00156330   0.00059860
  0.00167250   0.00059590
  0.00178170   0.00059320
  0.00189090   0.00059050
  0.00200020   0.00058790
  0.00210940   0.00058520
  0.00221860   0.00058250
  0.00232790   0.00057980
  0.00243710   0.00057720
  0.00254630   0.00057450
  0.00265550   0.00057180
  0.00276480   0.00056910
  0.00287400   0.00056650
  0.00298320   0.00056380
  0.00309250   0.00056110
  0.00320170   0.00055840
  0.00331090   0.00055570
  0.00342010   0.00055310
  0.00352940   0.00055040
  0.00363860   0.00054770
  0.00374780   0.00054500
  0.00385710   0.00054240
  0.00396630   0.00053970
  0.00407550   0.00053700
  0.00418470   0.00053430
  0.00429400   0.00053170
  0.00440320   0.00052900
  0.00451240   0.00052630
  0.00462170   0.00052360
  0.00473090   0.00052100
  0.00484010   0.00051830
  0.00494930   0.00051560
  0.00505860   0.00051290
  0.00516780   0.00051030
  0.00527700   0.00050760
  0.00538620   0.00050490
  0.00549550   0.00050220
  0.00560470   0.00049950
  0.00571390   0.00049690
  0.00582320   0.00049420
  0.00593240   0.00049150
  0.00604160   0.00048880
  0.00615080   0.00048620
  0.00626010   0.00048350
  0.00636930   0.00048080
  0.00647850   0.00047810
  0.00658780   0.00047550
  0.00669700   0.00047280
  0.00680620   0.00047010
  0.00691540   0.00046740
  0.00702470   0.00046480
  0.00713390   0.00046210
  0.00724310   0.00045940
  0.00735240   0.00045670
  0.00746160   0.00045410
  0.00757080   0.00045140
  0.00768000   0.00044870
  0.00778930   0.00044600
  0.00789850   0.00044330
  0.00800770   0.00044070
  0.00811690   0.00043800
  0.00822620   0.00043530
  0.00833540   0.00043260
  0.00844460   0.00043000
  0.00855390   0.00042730
  0.00866310   0.00042460
  0.00877230   0.00042190
  0.00888150   0.00041930
  0.00899080   0.00041660
  0.00910000   0.00041390
  0.00921530   0.00041110
  0.00933070   0.00040830
  0.00944600   0.00040540
  0.00956140   0.00040260
  0.00967670   0.00039980
  0.00979200   0.00039700
  0.00990740   0.00039410
  0.01002270   0.00039130
  0.01013810   0.00038850
  0.01025340   0.00038560
  0.01036870   0.00038280
  0.01048410   0.00038000
  0.01059940   0.00037720
  0.01071480   0.00037430
  0.01083010   0.00037150
  0.01094540   0.00036870
  0.01106080   0.00036590
  0.01117610   0.00036300
  0.01129150   0.00036020
  0.01140680   0.00035740
  0.01152210   0.00035460
  0.01163750   0.00035170
  0.01175280   0.00034890
  0.01186820   0.00034610
  0.01198350   0.00034330
  0.01209880   0.00034040
  0.01221420   0.00033760
  0.01232950   0.00033480
  0.01244490   0.00033200
  0.01256020   0.00032910
  0.01267550   0.00032630
  0.01279090   0.00032350
  0.01290620   0.00032060
  0.01302150   0.00031780
  0.01313690   0.00031500
  0.01325220   0.00031220
  0.01336760   0.00030930
  0.01348290   0.00030650
  0.01359820   0.00030370
  0.01371360   0.00030090
  0.01382890   0.00029800
  0.01394430   0.00029520
  0.01405960   0.00029240
  0.01417490   0.00028960
  0.01429030   0.00028670
  0.01440560   0.00028390
  0.01452100   0.00028110
  0.01463630   0.00027830
  0.01475160   0.00027540
  0.01486700   0.00027260
  0.01498230   0.00026980
  0.01509770   0.00026700
  0.01521300   0.00026410
  0.01532830   0.00026130
  0.01544370   0.00025850
  0.01555900   0.00025570
  0.01567440   0.00025280
  0.01578970   0.00025000
  0.01590500   0.00024720
  0.01602040   0.00024430
  0.01613570   0.00024150
  0.01625110   0.00023870
  0.01636640   0.00023590
  0.01648170   0.00023300
  0.01659710   0.00023020
  0.01671240   0.00022740
  0.01682780   0.00022460
  0.01694310   0.00022170
  0.01705840   0.00021890
  0.01717380   0.00021610
  0.01728910   0.00021330
  0.01740450   0.00021040
  0.01751980   0.00020760
  0.01763510   0.00020480
  0.01775050   0.00020200
  0.01786580   0.00019910
  0.01798120   0.00019630
  0.01809650   0.00019350
  0.01821180   0.00019070
  0.01832720   0.00018780
  0.01844250   0.00018500
  0.01855790   0.00018220
  0.01867320   0.00017930
  0.01878850   0.00017650
  0.01890390   0.00017370
  0.01901920   0.00017090
  0.01913460   0.00016800
  0.01924990   0.00016520
  0.01936520   0.00016240
  0.01948060   0.00015960
  0.01959590   0.00015670
  0.01971130   0.00015390
  0.01982660   0.00015110
  0.01994190   0.00014830
  0.02005730   0.00014540
  0.02017260   0.00014260
  0.02028790   0.00013980
  0.02040330   0.00013700
  0.02051860   0.00013410
  0.02063400   0.00013130
  0.02074930   0.00012850
  0.02086460   0.00012570
  0.02098000   0.00012280
  0.02109530   0.00012000
  0.02121070   0.00011720
  0.02132600   0.00011440
  0.02144130   0.00011150
  0.02155670   0.00010870
  0.02167200   0.00010590
  0.02178740   0.00010300
  0.02190270   0.00010020
  0.02201800   0.00009740
  0.02213340   0.00009460
  0.02224870   0.00009170
  0.02236410   0.00008890
  0.02247940   0.00008610
  0.02259470   0.00008330
  0.02271010   0.00008040
  0.02282540   0.00007760
  0.02294080   0.00007480
  0.02305610   0.00007200
  0.02317140   0.00006910
  0.02328680   0.00006630
  0.02340210   0.00006350
  0.02351750   0.00006070
  0.02363280   0.00005780
  0.02374810   0.00005500
  0.02386350   0.00005220
  0.02397880   0.00004940
  0.02409420   0.00004650
  0.02420950   0.00004370
  0.02432480   0.00004090
  0.02444020   0.00003800
  0.02455550   0.00003520
  0.02467090   0.00003240
  0.02478620   0.00002960
  0.02490150   0.00002670
  0.02501690   0.00002390
  0.02513220   0.00002110
  0.02524760   0.00001830
  0.02536290   0.00001540
  0.02547820   0.00001260
  0.02559360   0.00000980
  0.02570890   0.00000700
  0.02582430   0.00000410
  0.02593960   0.00000130
  0.02605500  -0.00000000
  0.02617030  -0.00000000
  0.02628570  -0.00000000
  0.02640110  -0.00000000
  0.02651640  -0.00000000
  0.02663180  -0.00000000
  0.02674720  -0.00000000
  0.02686260  -0.00000000
  0.02697790  -0.00000000
  0.02709330  -0.00000000
  0.02720870  -0.00000000
  0.02732410  -0.00000000
  0.02743940  -0.00000000
  0.02755480  -0.00000000
  0.02767020  -0.00000000
  0.02778560  -0.00000000
  0.02790090  -0.00000000
  0.02801630  -0.00000000
  0.02813170  -0.00000000
  0.02824710  -0.00000000
  0.02836240  -0.00000000
  0.02847780  -0.00000000
  0.02859320  -0.00000000
  0.02870860  -0.00000000
  0.02882390  -0.00000000
  0.02893930  -0.00000000
  0.02905470  -0.00000000
  0.02917010  -0.00000000
  0.02928540  -0.00000000
  0.02940080  -0.00000000
  0.02951620  -0.00000000
  0.02963160  -0.00000000
  0.02974690  -0.00000000
  0.02986230  -0.00000000
  0.02997770  -0.00000000
  0.03009310  -0.00000000
  0.03020840  -0.00000000
  0.03032380  -0.00000000
  0.03043920  -0.00000000
  0.03055450  -0.00000000
  0.03066990  -0.00000000
  0.03078530  -0.00000000
  0.03090070  -0.00000000
  0.03101600  -0.00000000
  0.03113140  -0.00000000
  0.03124680  -0.00000000
  0.03136220  -0.00000000
  0.03147750  -0.00000000
  0.03159290  -0.00000000
  0.03170830  -0.00000000
  0.03182370  -0.00000000
  0.03193900  -0.00000000
  0.03205440  -0.00000000
  0.03216980  -0.00000000
  0.03238830   0.00001200
  0.03260420   0.00004780
  0.03281680   0.00010020
  0.03302930   0.00015330
  0.03324170   0.00020640
  0.03345410   0.00025950
  0.03366660   0.00031260
  0.03387900   0.00036570
  0.03409140   0.00041890
  0.03430390   0.00047200
  0.03451630   0.00052510
  0.03472870   0.00057820
  0.03494120   0.00063130
  0.03515360   0.00068440
  0.03536600   0.00073750
  0.03557850   0.00079060
  0.03579090   0.00084370
  0.03600330   0.00089680
  0.03621580   0.00094990
  0.03642820   0.00100300
  0.03664060   0.00105620
  0.03685310   0.00110930
  0.03706550   0.00116240
  0.03727790   0.00121550
  0.03749040   0.00126860
  0.03770280   0.00132170
  0.03791520   0.00137480
  0.03812770   0.00142790
  0.03834010   0.00148100
  0.03855250   0.00153410
  0.03876500   0.00158720
  0.03897740   0.00164030
  0.03918980   0.00169350
  0.03940230   0.00174660
  0.03961470   0.00179970
  0.03982710   0.00185280
  0.04003960   0.00190590
  0.04025200   0.00195900
  0.04046440   0.00201210
  0.04067690   0.00206520
  0.04088930   0.00211830
  0.04110170   0.00217140
  0.04131420   0.00222450
  0.04152660   0.00227760
  0.04173900   0.00233080
  0.04195150   0.00238390
  0.04216390   0.00243700
  0.04237630   0.00249010
  0.04258870   0.00254320
  0.04280120   0.00259630
  0.04301360   0.00264940
  0.04322600   0.00270250
  0.04343850   0.00275560
  0.04365090   0.00280870
  0.04386330   0.00286180
  0.04407580   0.00291490
  0.04428820   0.00296810
  0.04450060   0.00302120
  0.04471310   0.00307430
  0.04492550   0.00312740
  0.04513790   0.00318050
  0.04535040   0.00323360
  0.04556280   0.00328670
  0.04577520   0.00333980
  0.04598770   0.00339290
  0.04620010   0.00344600
  0.04641250   0.00349910
  0.04662500   0.00355220
  0.04683740   0.00360540
  0.04704980   0.00365850
  0.04726230   0.00371160
  0.04747470   0.00376470
  0.04768710   0.00381780
  0.04789960   0.00387090
  0.04811200   0.00392400
  0.04832440   0.00397710
  0.04853690   0.00403020
  0.04874930   0.00408330
  0.04896170   0.00413640
  0.04917420   0.00418950
  0.04938660   0.00424270
  0.04959900   0.00429580
  0.04981150   0.00434890
  0.05002390   0.00440200
  0.05023630   0.00445510
  0.05044880   0.00450820
  0.05066120   0.00456130
  0.05087360   0.00461440
  0.05108610   0.00466750
  0.05129850   0.00472060
  0.05151090   0.00477370
  0.05172340   0.00482680
  0.05193580   0.00488000
  0.05214820   0.00493310
  0.05236070   0.00498620
  0.05257310   0.00503930
  0.05278550   0.00509240
  0.05299800   0.00514550
  0.05321040   0.00519860
  0.05342280   0.00525170
  0.05363530   0.00530480
  0.05384770   0.00535790
  0.05406010   0.00541100
  0.05427260   0.00546410
  0.05448500   0.00551720
  0.05469740   0.00557040
  0.05490990   0.00562350
  0.05512230   0.00567660
  0.05533470   0.00572970
  0.05554720   0.00578280
  0.05575960   0.00583590
  0.05597200   0.00588900
  0.05618450   0.00594210
  0.05639690   0.00599520
  0.05660930   0.00604830
  0.05682180   0.00610140
  0.05703420   0.00615450
  0.05724660   0.00620770
  0.05745910   0.00626080
  0.05767150   0.00631390
  0.05788390   0.00636700
  0.05809640   0.00642010
  0.05830880   0.00647320
  0.05852120   0.00652630
  0.05873370   0.00657940
  0.05894610   0.00663250
  0.05915850   0.00668560
  0.05937100   0.00673870
  0.05958340   0.00679180
  0.05979580   0.00684500
  0.06000830   0.00689810
  0.06022070   0.00695120
  0.06043310   0.00700430
  0.06064560   0.00705740
  0.06085800   0.00711050
  0.06107040   0.00716360
  0.06128290   0.00721670
  0.06149530   0.00726980
  0.06170770   0.00732290
  0.06192020   0.00737600
  0.06213260   0.00742910
  0.06234500   0.00748230
  0.06255750   0.00753540
  0.06276990   0.00758850
  0.06298230   0.00764160
  0.06319480   0.00769470
  0.06340720   0.00774780
  0.06361960   0.00780090
  0.06383210   0.00785400
  0.06404450   0.00790710
  0.06425690   0.00796020
  0.06446940   0.00801330
  0.06468180   0.00806640
  0.06489420   0.00811960
  0.06510660   0.00817270
  0.06531910   0.00822580
  0.06553150   0.00827890
  0.06574390   0.00833200
  0.06595640   0.00838510
  0.06616880   0.00843820
  0.06638120   0.00849130
  0.06659370   0.00854440
  0.06680610   0.00859750
  0.06701850   0.00865060
  0.06723100   0.00870370
  0.06744340   0.00875690
  0.06765580   0.00881000
  0.06786830   0.00886310
  0.06808070   0.00891620
  0.06829310   0.00896930
  0.06850560   0.00902240
  0.06871800   0.00907550
  0.06893040   0.00912860
  0.06914290   0.00918170
  0.06935530   0.00923480
  0.06956770   0.00928790
  0.06978020   0.00934100
  0.06999260   0.00939420
  0.07020500   0.00944730
  0.07041750   0.00950040
  0.07062990   0.00955350
  0.07084230   0.00960660
  0.07105480   0.00965970
  0.07126720   0.00971280
  0.07147960   0.00976590
  0.07169210   0.00981900
  0.07190450   0.00987210
  0.07211690   0.00992520
  0.07232940   0.00997830
  0.07254180   0.01003150
  0.07275420   0.01008460
  0.07296670   0.01013770
  0.07317910   0.01019080
  0.07339150   0.01024390
  0.07360400   0.01029700
  0.07381640   0.01035010
  0.07402880   0.01040320
  0.07424130   0.01045630
  0.07445370   0.01050940
  0.07466610   0.01056250
  0.07470690   0.01068100
  0.07474650   0.01079990
  0.07478490   0.01091920
  0.07482220   0.01103880
  0.07485840   0.01115870
  0.07489340   0.01127910
  0.07492720   0.01139970
  0.07495990   0.01152070
  0.07499140   0.01164190
  0.07502170   0.01176350
  0.07505090   0.01188540
  0.07507880   0.01200750
  0.07510560   0.01212990
  0.07513130   0.01225260
  0.07515570   0.01237550
  0.07517890   0.01249860
  0.07520100   0.01262190
  0.07522190   0.01274550
  0.07524160   0.01286920
  0.07526000   0.01299310
  0.07527730   0.01311720
  0.07529340   0.01324150
  0.07530830   0.01336590
  0.07532200   0.01349050
  0.07533450   0.01361510
  0.07534580   0.01373990
  0.07535590   0.01386480
  0.07536480   0.01398980
  0.07537250   0.01411490
  0.07537900   0.01424000
  0.07538530   0.01436510
  0.07539150   0.01449030
  0.07539780   0.01461540
  0.07540400   0.01474060
  0.07541030   0.01486570
  0.07541650   0.01499080
  0.07542280   0.01511600
  0.07542910   0.01524110
  0.07543530   0.01536630
  0.07544160   0.01549140
  0.07544780   0.01561660
  0.07545410   0.01574170
  0.07546030   0.01586680
  0.07546660   0.01599200
  0.07547290   0.01611710
  0.07547910   0.01624230
  0.07548540   0.01636740
  0.07549160   0.01649260
  0.07549790   0.01661770
  0.07550410   0.01674280
  0.07551040   0.01686800
  0.07551670   0.01699310
  0.07552290   0.01711830
  0.07552920   0.01724340
  0.07553540   0.01736860
  0.07554170   0.01749370
  0.07554790   0.01761880
  0.07555420   0.01774400
  0.07556050   0.01786910
  0.07556670   0.01799430
  0.07557300   0.01811940
  0.07557920   0.01824460
  0.07558550   0.01836970
  0.07559170   0.01849490
  0.07559800   0.01862000
  0.07560430   0.01874510
  0.07561050   0.01887030
  0.07561680   0.01899540
  0.07562300   0.01912060
  0.07562930   0.01924570
  0.07563550   0.01937090
  0.07564180   0.01949600
  0.07564810   0.01962110
  0.07565430   0.01974630
  0.07566060   0.01987140
  0.07566680   0.01999660
  0.07567310   0.02012170
  0.07567930   0.02024690
  0.07568560   0.02037200
  0.07569190   0.02049710
  0.07569810   0.02062230
  0.07570440   0.02074740
  0.07571060   0.02087260
  0.07571690   0.02099770
  0.07572310   0.02112290
  0.07572940   0.02124800
  0.07573570   0.02137310
  0.07574190   0.02149830
  0.07574820   0.02162340
  0.07575440   0.02174860
  0.07576070   0.02187370
  0.07576690   0.02199890
  0.07577320   0.02212400
  0.07577950   0.02224910
  0.07578570   0.02237430
  0.07579200   0.02249940
  0.07579820   0.02262460
  0.07580450   0.02274970
  0.07581070   0.02287490
  0.07581700   0.02300000
