  0.01845230   0.02300000
  0.01845540   0.02289080
  0.01845860   0.02278160
  0.01846170   0.02267240
  0.01846480   0.02256310
  0.01846790   0.02245390
  0.01847100   0.02234470
  0.01847420   0.02223550
  0.01847730   0.02212630
  0.01848040   0.02201710
  0.01848350   0.02190780
  0.01848660   0.02179860
  0.01848980   0.02168940
  0.01849290   0.02158020
  0.01849600   0.02147100
  0.01849910   0.02136180
  0.01850220   0.02125250
  0.01850540   0.02114330
  0.01850850   0.02103410
  0.01851160   0.02092490
  0.01851470   0.02081570
  0.01851780   0.02070650
  0.01852100   0.02059720
  0.01852410   0.02048800
  0.01852720   0.02037880
  0.01853030   0.02026960
  0.01853340   0.02016040
  0.01853660   0.02005120
  0.01853970   0.01994190
  0.01854280   0.01983270
  0.01854590   0.01972350
  0.01854900   0.01961430
  0.01855220   0.01950510
  0.01855530   0.01939590
  0.01855840   0.01928660
  0.01856150   0.01917740
  0.01856460   0.01906820
  0.01856780   0.01895900
  0.01857090   0.01884980
  0.01857400   0.01874060
  0.01857710   0.01863130
  0.01858030   0.01852210
  0.01858340   0.01841290
  0.01858650   0.01830370
  0.01858960   0.01819450
  0.01859270   0.01808530
  0.01859590   0.01797610
  0.01859900   0.01786680
  0.01860210   0.01775760
  0.01860520   0.01764840
  0.01860830   0.01753920
  0.01861150   0.01743000
  0.01861460   0.01732080
  0.01861770   0.01721150
  0.01862080   0.01710230
  0.01862390   0.01699310
  0.01862710   0.01688390
  0.01863020   0.01677470
  0.01863330   0.01666550
  0.01863640   0.01655620
  0.01863950   0.01644700
  0.01864270   0.01633780
  0.01864580   0.01622860
  0.01864890   0.01611940
  0.01865200   0.01601020
  0.01865510   0.01590090
  0.01865830   0.01579170
  0.01866140   0.01568250
  0.01866450   0.01557330
  0.01866760   0.01546410
  0.01867070   0.01535490
  0.01867390   0.01524560
  0.01867700   0.01513640
  0.01868010   0.01502720
  0.01868320   0.01491800
  0.01868630   0.01480880
  0.01868950   0.01469960
  0.01869260   0.01459030
  0.01869570   0.01448110
  0.01869880   0.01437190
  0.01870200   0.01426270
  0.01870510   0.01415350
  0.01870820   0.01404430
  0.01871130   0.01393510
  0.01871440   0.01382580
  0.01871760   0.01371660
  0.01872070   0.01360740
  0.01872380   0.01349820
  0.01872690   0.01338900
  0.01873000   0.01327980
  0.01873320   0.01317050
  0.01873630   0.01306130
  0.01873940   0.01295210
  0.01874250   0.01284290
  0.01874560   0.01273370
  0.01874880   0.01262450
  0.01875190   0.01251520
  0.01875500   0.01240600
  0.01875810   0.01229680
  0.01876120   0.01218760
  0.01876440   0.01207840
  0.01876750   0.01196920
  0.01877060   0.01185990
  0.01877370   0.01175070
  0.01877680   0.01164150
  0.01878000   0.01153230
  0.01878310   0.01142310
  0.01878620   0.01131390
  0.01878930   0.01120460
  0.01879240   0.01109540
  0.01879560   0.01098620
  0.01879870   0.01087700
  0.01880180   0.01076780
  0.01880490   0.01065860
  0.01880800   0.01054930
  0.01881120   0.01044010
  0.01881430   0.01033090
  0.01881740   0.01022170
  0.01882050   0.01011250
  0.01882360   0.01000330
  0.01882680   0.00989400
  0.01882990   0.00978480
  0.01883310   0.00967560
  0.01883720   0.00956640
  0.01884260   0.00945730
  0.01884910   0.00934820
  0.01885680   0.00923930
  0.01886570   0.00913040
  0.01887580   0.00902160
  0.01888710   0.00891290
  0.01889960   0.00880430
  0.01891320   0.00869590
  0.01892810   0.00858770
  0.01894410   0.00847960
  0.01896130   0.00837170
  0.01897970   0.00826400
  0.01899920   0.00815650
  0.01901990   0.00804920
  0.01904180   0.00794220
  0.01906490   0.00783540
  0.01908910   0.00772890
  0.01911450   0.00762260
  0.01914110   0.00751660
  0.01916880   0.00741090
  0.01919770   0.00730550
  0.01922770   0.00720050
  0.01925880   0.00709580
  0.01929110   0.00699140
  0.01932460   0.00688740
  0.01935920   0.00678370
  0.01939490   0.00668050
  0.01943170   0.00657760
  0.01946970   0.00647510
  0.01950870   0.00637310
  0.01954890   0.00627150
  0.01959020   0.00617030
  0.01963260   0.00606960
  0.01967610   0.00596940
  0.01972070   0.00586970
  0.01976630   0.00577040
  0.01981310   0.00567170
  0.01986090   0.00557340
  0.01990980   0.00547570
  0.01995980   0.00537850
  0.02001080   0.00528190
  0.02006290   0.00518590
  0.02011600   0.00509040
  0.02017020   0.00499550
  0.02022540   0.00490120
  0.02028160   0.00480750
  0.02033880   0.00471450
  0.02039710   0.00462200
  0.02045630   0.00453020
  0.02051660   0.00443910
  0.02057790   0.00434860
  0.02064010   0.00425880
  0.02070330   0.00416970
  0.02076750   0.00408130
  0.02083260   0.00399360
  0.02089870   0.00390660
  0.02096580   0.00382030
  0.02103380   0.00373480
  0.02110270   0.00365000
  0.02117250   0.00356600
  0.02124330   0.00348270
  0.02131500   0.00340020
  0.02138750   0.00331850
  0.02146100   0.00323770
  0.02153530   0.00315760
  0.02161050   0.00307830
  0.02168650   0.00299990
  0.02176340   0.00292230
  0.02184120   0.00284550
  0.02191980   0.00276960
  0.02199920   0.00269450
  0.02207940   0.00262040
  0.02216040   0.00254710
  0.02224230   0.00247470
  0.02232490   0.00240320
  0.02240830   0.00233260
  0.02249240   0.00226290
  0.02257780   0.00219470
  0.02266460   0.00212830
  0.02275290   0.00206390
  0.02284250   0.00200150
  0.02293350   0.00194100
  0.02302570   0.00188250
  0.02311930   0.00182600
  0.02321400   0.00177160
  0.02330990   0.00171920
  0.02340700   0.00166900
  0.02350510   0.00162090
  0.02360420   0.00157500
  0.02370430   0.00153120
  0.02380540   0.00148970
  0.02390730   0.00145030
  0.02401010   0.00141320
  0.02411360   0.00137840
  0.02421790   0.00134580
  0.02432290   0.00131550
  0.02442850   0.00128750
  0.02453470   0.00126190
  0.02464140   0.00123850
  0.02474860   0.00121750
  0.02485630   0.00119880
  0.02496430   0.00118250
  0.02507270   0.00116860
  0.02518130   0.00115700
  0.02529020   0.00114780
  0.02539930   0.00114100
  0.02550840   0.00113660
  0.02561770   0.00113380
  0.02572690   0.00113110
  0.02583610   0.00112850
  0.02594530   0.00112580
  0.02605460   0.00112310
  0.02616380   0.00112040
  0.02627300   0.00111780
  0.02638230   0.00111510
  0.02649150   0.00111240
  0.02660070   0.00110970
  0.02670990   0.00110710
  0.02681920   0.00110440
  0.02692840   0.00110170
  0.02703760   0.00109900
  0.02714680   0.00109640
  0.02725610   0.00109370
  0.02736530   0.00109100
  0.02747450   0.00108830
  0.02758380   0.00108560
  0.02769300   0.00108300
  0.02780220   0.00108030
  0.02791140   0.00107760
  0.02802070   0.00107490
  0.02812990   0.00107230
  0.02823910   0.00106960
  0.02834840   0.00106690
  0.02845760   0.00106420
  0.02856680   0.00106160
  0.02867600   0.00105890
  0.02878530   0.00105620
  0.02889450   0.00105350
  0.02900370   0.00105090
  0.02911300   0.00104820
  0.02922220   0.00104550
  0.02933140   0.00104280
  0.02944060   0.00104020
  0.02954990   0.00103750
  0.02965910   0.00103480
  0.02976830   0.00103210
  0.02987760   0.00102940
  0.02998680   0.00102680
  0.03009600   0.00102410
  0.03020520   0.00102140
  0.03031450   0.00101870
  0.03042370   0.00101610
  0.03053290   0.00101340
  0.03064210   0.00101070
  0.03075140   0.00100800
  0.03086060   0.00100540
  0.03096980   0.00100270
  0.03107910   0.00100000
  0.03118830   0.00099730
  0.03129750   0.00099470
  0.03140670   0.00099200
  0.03151600   0.00098930
  0.03162520   0.00098660
  0.03173440   0.00098400
  0.03184370   0.00098130
  0.03195290   0.00097860
  0.03206210   0.00097590
  0.03217130   0.00097320
  0.03228060   0.00097060
  0.03238980   0.00096790
  0.03249900   0.00096520
  0.03260830   0.00096250
  0.03271750   0.00095990
  0.03282670   0.00095720
  0.03293590   0.00095450
  0.03304520   0.00095180
  0.03315440   0.00094920
  0.03326360   0.00094650
  0.03337280   0.00094380
  0.03348210   0.00094110
  0.03359130   0.00093850
  0.03370050   0.00093580
  0.03380980   0.00093310
  0.03391900   0.00093040
  0.03402820   0.00092780
  0.03413740   0.00092510
  0.03424670   0.00092240
  0.03435590   0.00091970
  0.03446510   0.00091700
  0.03457440   0.00091440
  0.03468360   0.00091170
  0.03479280   0.00090900
  0.03490200   0.00090630
  0.03501130   0.00090370
  0.03512050   0.00090100
  0.03522970   0.00089830
  0.03533900   0.00089560
  0.03544820   0.00089300
  0.03555740   0.00089030
  0.03566660   0.00088760
  0.03577590   0.00088490
  0.03588510   0.00088230
  0.03599430   0.00087960
  0.03610350   0.00087690
  0.03621280   0.00087420
  0.03632200   0.00087150
  0.03643120   0.00086890
  0.03654050   0.00086620
  0.03664970   0.00086350
  0.03675890   0.00086080
  0.03686810   0.00085820
  0.03697740   0.00085550
  0.03708660   0.00085280
  0.03719580   0.00085010
  0.03730510   0.00084750
  0.03741430   0.00084480
  0.03752350   0.00084210
  0.03763270   0.00083940
  0.03774200   0.00083680
  0.03785120   0.00083410
  0.03796040   0.00083140
  0.03806970   0.00082870
  0.03817890   0.00082610
  0.03828810   0.00082340
  0.03839730   0.00082070
  0.03850660   0.00081800
  0.03861580   0.00081530
  0.03872500   0.00081270
  0.03883430   0.00081000
  0.03894350   0.00080730
  0.03905270   0.00080460
  0.03916190   0.00080200
  0.03927120   0.00079930
  0.03938040   0.00079660
  0.03948960   0.00079390
  0.03959880   0.00079130
  0.03970810   0.00078860
  0.03981730   0.00078590
  0.03992650   0.00078320
  0.04003580   0.00078060
  0.04014500   0.00077790
  0.04025420   0.00077520
  0.04036340   0.00077250
  0.04047270   0.00076990
  0.04058190   0.00076720
  0.04069110   0.00076450
  0.04080040   0.00076180
  0.04090960   0.00075910
  0.04101880   0.00075650
  0.04112800   0.00075380
  0.04123730   0.00075110
  0.04134650   0.00074840
  0.04145570   0.00074580
  0.04156500   0.00074310
  0.04167420   0.00074040
  0.04178340   0.00073770
  0.04189260   0.00073510
  0.04200190   0.00073240
  0.04211110   0.00072970
  0.04222030   0.00072700
  0.04232950   0.00072440
  0.04243880   0.00072170
  0.04254800   0.00071900
  0.04265720   0.00071630
  0.04276650   0.00071360
  0.04287570   0.00071100
  0.04298490   0.00070830
  0.04309410   0.00070560
  0.04320340   0.00070290
  0.04331260   0.00070030
  0.04342180   0.00069760
  0.04353110   0.00069490
  0.04364030   0.00069220
  0.04374950   0.00068960
  0.04385870   0.00068690
  0.04396800   0.00068420
  0.04407720   0.00068150
  0.04418640   0.00067890
  0.04429570   0.00067620
  0.04440490   0.00067350
  0.04451410   0.00067080
  0.04462330   0.00066820
  0.04473260   0.00066550
  0.04484180   0.00066280
  0.04495100   0.00066010
  0.04506020   0.00065740
  0.04516950   0.00065480
  0.04527870   0.00065210
  0.04538790   0.00064940
  0.04549720   0.00064670
  0.04560640   0.00064410
  0.04571560   0.00064140
  0.04582480   0.00063870
  0.04593410   0.00063600
  0.04604330   0.00063340
  0.04615250   0.00063070
  0.04626180   0.00062800
  0.04637100   0.00062530
  0.04648020   0.00062270
  0.04658940   0.00062000
  0.04669870   0.00061730
  0.04680790   0.00061460
  0.04691710   0.00061200
  0.04702640   0.00060930
  0.04713560   0.00060660
  0.04724480   0.00060390
  0.04735400   0.00060120
  0.04746330   0.00059860
  0.04757250   0.00059590
  0.04768170   0.00059320
  0.04779090   0.00059050
  0.04790020   0.00058790
  0.04800940   0.00058520
  0.04811860   0.00058250
  0.04822790   0.00057980
  0.04833710   0.00057720
  0.04844630   0.00057450
  0.04855550   0.00057180
  0.04866480   0.00056910
  0.04877400   0.00056650
  0.04888320   0.00056380
  0.04899250   0.00056110
  0.04910170   0.00055840
  0.04921090   0.00055570
  0.04932010   0.00055310
  0.04942940   0.00055040
  0.04953860   0.00054770
  0.04964780   0.00054500
  0.04975710   0.00054240
  0.04986630   0.00053970
  0.04997550   0.00053700
  0.05008470   0.00053430
  0.05019400   0.00053170
  0.05030320   0.00052900
  0.05041240   0.00052630
  0.05052170   0.00052360
  0.05063090   0.00052100
  0.05074010   0.00051830
  0.05084930   0.00051560
  0.05095860   0.00051290
  0.05106780   0.00051030
  0.05117700   0.00050760
  0.05128620   0.00050490
  0.05139550   0.00050220
  0.05150470   0.00049950
  0.05161390   0.00049690
  0.05172320   0.00049420
  0.05183240   0.00049150
  0.05194160   0.00048880
  0.05205080   0.00048620
  0.05216010   0.00048350
  0.05226930   0.00048080
  0.05237850   0.00047810
  0.05248780   0.00047550
  0.05259700   0.00047280
  0.05270620   0.00047010
  0.05281540   0.00046740
  0.05292470   0.00046480
  0.05303390   0.00046210
  0.05314310   0.00045940
  0.05325240   0.00045670
  0.05336160   0.00045410
  0.05347080   0.00045140
  0.05358000   0.00044870
  0.05368930   0.00044600
  0.05379850   0.00044330
  0.05390770   0.00044070
  0.05401690   0.00043800
  0.05412620   0.00043530
  0.05423540   0.00043260
  0.05434460   0.00043000
  0.05445390   0.00042730
  0.05456310   0.00042460
  0.05467230   0.00042190
  0.05478150   0.00041930
  0.05489080   0.00041660
  0.05500000   0.00041390
  0.05508450   0.00041180
  0.05516890   0.00040980
  0.05525340   0.00040770
  0.05533790   0.00040560
  0.05542230   0.00040360
  0.05550680   0.00040150
  0.05559130   0.00039940
  0.05567570   0.00039740
  0.05576020   0.00039530
  0.05584470   0.00039320
  0.05592910   0.00039110
  0.05601360   0.00038910
  0.05609810   0.00038700
  0.05618250   0.00038490
  0.05626700   0.00038290
  0.05635140   0.00038080
  0.05643590   0.00037870
  0.05652040   0.00037670
  0.05660480   0.00037460
  0.05668930   0.00037250
  0.05677380   0.00037040
  0.05685820   0.00036840
  0.05694270   0.00036630
  0.05702720   0.00036420
  0.05711160   0.00036220
  0.05719610   0.00036010
  0.05728060   0.00035800
  0.05736500   0.00035600
  0.05744950   0.00035390
  0.05753400   0.00035180
  0.05761840   0.00034980
  0.05770290   0.00034770
  0.05778740   0.00034560
  0.05787180   0.00034350
  0.05795630   0.00034150
  0.05804080   0.00033940
  0.05812520   0.00033730
  0.05820970   0.00033530
  0.05829420   0.00033320
  0.05837860   0.00033110
  0.05846310   0.00032910
  0.05854750   0.00032700
  0.05863200   0.00032490
  0.05871650   0.00032280
  0.05880090   0.00032080
  0.05888540   0.00031870
  0.05896990   0.00031660
  0.05905430   0.00031460
  0.05913880   0.00031250
  0.05922330   0.00031040
  0.05930770   0.00030840
  0.05939220   0.00030630
  0.05947670   0.00030420
  0.05956110   0.00030220
  0.05964560   0.00030010
  0.05973010   0.00029800
  0.05981450   0.00029590
  0.05989900   0.00029390
  0.05998350   0.00029180
  0.06006790   0.00028970
  0.06015240   0.00028770
  0.06023690   0.00028560
  0.06032130   0.00028350
  0.06040580   0.00028150
  0.06049030   0.00027940
  0.06057470   0.00027730
  0.06065920   0.00027520
  0.06074370   0.00027320
  0.06082810   0.00027110
  0.06091260   0.00026900
  0.06099700   0.00026700
  0.06108150   0.00026490
  0.06116600   0.00026280
  0.06125040   0.00026080
  0.06133490   0.00025870
  0.06141940   0.00025660
  0.06150380   0.00025460
  0.06158830   0.00025250
  0.06167280   0.00025040
  0.06175720   0.00024830
  0.06184170   0.00024630
  0.06192620   0.00024420
  0.06201060   0.00024210
  0.06209510   0.00024010
  0.06217960   0.00023800
  0.06226400   0.00023590
  0.06234850   0.00023390
  0.06243300   0.00023180
  0.06251740   0.00022970
  0.06260190   0.00022760
  0.06268640   0.00022560
  0.06277080   0.00022350
  0.06285530   0.00022140
  0.06293980   0.00021940
  0.06302420   0.00021730
  0.06310870   0.00021520
  0.06319310   0.00021320
  0.06327760   0.00021110
  0.06336210   0.00020900
  0.06344650   0.00020700
  0.06353100   0.00020490
  0.06361550   0.00020280
  0.06369990   0.00020070
  0.06378440   0.00019870
  0.06386890   0.00019660
  0.06395330   0.00019450
  0.06403780   0.00019250
  0.06412230   0.00019040
  0.06420670   0.00018830
  0.06429120   0.00018630
  0.06437570   0.00018420
  0.06446010   0.00018210
  0.06454460   0.00018000
  0.06462910   0.00017800
  0.06471350   0.00017590
  0.06479800   0.00017380
  0.06488250   0.00017180
  0.06496690   0.00016970
  0.06505140   0.00016760
  0.06513590   0.00016560
  0.06522030   0.00016350
  0.06530480   0.00016140
  0.06538930   0.00015940
  0.06547370   0.00015730
  0.06555820   0.00015520
  0.06564260   0.00015310
  0.06572710   0.00015110
  0.06581160   0.00014900
  0.06589600   0.00014690
  0.06598050   0.00014490
  0.06606500   0.00014280
  0.06614940   0.00014070
  0.06623390   0.00013870
  0.06631840   0.00013660
  0.06640280   0.00013450
  0.06648730   0.00013250
  0.06657180   0.00013040
  0.06665620   0.00012830
  0.06674070   0.00012620
  0.06682520   0.00012420
  0.06690960   0.00012210
  0.06699410   0.00012000
  0.06707860   0.00011800
  0.06716300   0.00011590
  0.06724750   0.00011380
  0.06733200   0.00011180
  0.06741640   0.00010970
  0.06750090   0.00010760
  0.06758540   0.00010550
  0.06766980   0.00010350
  0.06775430   0.00010140
  0.06783870   0.00009930
  0.06792320   0.00009730
  0.06800770   0.00009520
  0.06809210   0.00009310
  0.06817660   0.00009110
  0.06826110   0.00008900
  0.06834550   0.00008690
  0.06843000   0.00008490
  0.06851450   0.00008280
  0.06859890   0.00008070
  0.06868340   0.00007860
  0.06876790   0.00007660
  0.06885230   0.00007450
  0.06893680   0.00007240
  0.06902130   0.00007040
  0.06910570   0.00006830
  0.06919020   0.00006620
  0.06927470   0.00006420
  0.06935910   0.00006210
  0.06944360   0.00006000
  0.06952810   0.00005790
  0.06961250   0.00005590
  0.06969700   0.00005380
  0.06978150   0.00005170
  0.06986590   0.00004970
  0.06995040   0.00004760
  0.07003490   0.00004550
  0.07011930   0.00004350
  0.07020380   0.00004140
  0.07028820   0.00003930
  0.07037270   0.00003730
  0.07045720   0.00003520
  0.07054160   0.00003310
  0.07062610   0.00003100
  0.07071060   0.00002900
  0.07079500   0.00002690
  0.07087950   0.00002480
  0.07096400   0.00002280
  0.07104840   0.00002070
  0.07113290   0.00001860
  0.07121740   0.00001660
  0.07130180   0.00001450
  0.07138630   0.00001240
  0.07147080   0.00001030
  0.07155520   0.00000830
  0.07163970   0.00000620
  0.07172420   0.00000410
  0.07180860   0.00000210
  0.07189310  -0.00000000
  0.07196310  -0.00000000
  0.07203300  -0.00000000
  0.07210300  -0.00000000
  0.07217300  -0.00000000
  0.07224290  -0.00000000
  0.07231290  -0.00000000
  0.07238290  -0.00000000
  0.07245280  -0.00000000
  0.07252280  -0.00000000
  0.07259280  -0.00000000
  0.07266270  -0.00000000
  0.07273270  -0.00000000
  0.07280270  -0.00000000
  0.07287260  -0.00000000
  0.07294260  -0.00000000
  0.07301260  -0.00000000
  0.07308250  -0.00000000
  0.07315250  -0.00000000
  0.07322250  -0.00000000
  0.07329240  -0.00000000
  0.07336240  -0.00000000
  0.07343240  -0.00000000
  0.07350230  -0.00000000
  0.07357230  -0.00000000
  0.07364230  -0.00000000
  0.07371220  -0.00000000
  0.07378220  -0.00000000
  0.07385220  -0.00000000
  0.07392210  -0.00000000
  0.07399210  -0.00000000
  0.07406210  -0.00000000
  0.07413200  -0.00000000
  0.07420200  -0.00000000
  0.07427200  -0.00000000
  0.07434190  -0.00000000
  0.07441190  -0.00000000
  0.07448190  -0.00000000
  0.07455180  -0.00000000
  0.07462180  -0.00000000
  0.07469180  -0.00000000
  0.07476170  -0.00000000
  0.07483170  -0.00000000
  0.07490170  -0.00000000
  0.07497160  -0.00000000
  0.07504160  -0.00000000
  0.07511160  -0.00000000
  0.07518150  -0.00000000
  0.07525150  -0.00000000
  0.07532150  -0.00000000
  0.07539140  -0.00000000
  0.07546140  -0.00000000
  0.07553140  -0.00000000
  0.07560130  -0.00000000
  0.07567130  -0.00000000
  0.07574130  -0.00000000
  0.07581120  -0.00000000
  0.07588120  -0.00000000
  0.07595120  -0.00000000
  0.07602110  -0.00000000
  0.07609110  -0.00000000
  0.07616110  -0.00000000
  0.07623100  -0.00000000
  0.07630100  -0.00000000
  0.07637100  -0.00000000
  0.07644090  -0.00000000
  0.07651090  -0.00000000
  0.07658090  -0.00000000
  0.07665080  -0.00000000
  0.07672080  -0.00000000
  0.07679080  -0.00000000
  0.07686080  -0.00000000
  0.07693070  -0.00000000
  0.07700070  -0.00000000
  0.07707070  -0.00000000
  0.07714060  -0.00000000
  0.07721060  -0.00000000
  0.07728060  -0.00000000
  0.07735050  -0.00000000
  0.07742050  -0.00000000
  0.07749050  -0.00000000
  0.07756040  -0.00000000
  0.07763040  -0.00000000
  0.07770040  -0.00000000
  0.07777030  -0.00000000
  0.07784030  -0.00000000
  0.07791030  -0.00000000
  0.07798020  -0.00000000
  0.07805020  -0.00000000
  0.07812020  -0.00000000
  0.07819010  -0.00000000
  0.07826010  -0.00000000
  0.07833010  -0.00000000
  0.07840000  -0.00000000
  0.07847000  -0.00000000
  0.07854000  -0.00000000
  0.07860990  -0.00000000
  0.07867990  -0.00000000
  0.07874990  -0.00000000
  0.07881980  -0.00000000
  0.07888980  -0.00000000
  0.07895980  -0.00000000
  0.07902970  -0.00000000
  0.07909970  -0.00000000
  0.07916970  -0.00000000
  0.07923960  -0.00000000
  0.07930960  -0.00000000
  0.07937960  -0.00000000
  0.07944950  -0.00000000
  0.07951950  -0.00000000
  0.07958950  -0.00000000
  0.07965940  -0.00000000
  0.07972940  -0.00000000
  0.07979940  -0.00000000
  0.07986930  -0.00000000
  0.07993930  -0.00000000
  0.08000930  -0.00000000
  0.08007920  -0.00000000
  0.08014920  -0.00000000
  0.08021920  -0.00000000
  0.08028910  -0.00000000
  0.08035910  -0.00000000
  0.08042910  -0.00000000
  0.08049900  -0.00000000
  0.08056900  -0.00000000
  0.08063900  -0.00000000
  0.08070890  -0.00000000
  0.08077890  -0.00000000
  0.08084890  -0.00000000
  0.08091880  -0.00000000
  0.08098880  -0.00000000
  0.08105880  -0.00000000
  0.08112870  -0.00000000
  0.08119870  -0.00000000
  0.08126870  -0.00000000
  0.08133860  -0.00000000
  0.08140860  -0.00000000
  0.08147860  -0.00000000
  0.08154850  -0.00000000
  0.08161850  -0.00000000
  0.08168850  -0.00000000
  0.08175840  -0.00000000
  0.08182840  -0.00000000
  0.08189840  -0.00000000
  0.08196830  -0.00000000
  0.08203830  -0.00000000
  0.08210830  -0.00000000
  0.08217820  -0.00000000
  0.08224820  -0.00000000
  0.08231820  -0.00000000
  0.08238810  -0.00000000
  0.08245810  -0.00000000
  0.08252810  -0.00000000
  0.08259800  -0.00000000
  0.08266800  -0.00000000
  0.08273800  -0.00000000
  0.08280790  -0.00000000
  0.08287790  -0.00000000
  0.08294790  -0.00000000
  0.08301790  -0.00000000
  0.08308780  -0.00000000
  0.08315780  -0.00000000
  0.08322780  -0.00000000
  0.08329770  -0.00000000
  0.08336770  -0.00000000
  0.08343770  -0.00000000
  0.08350760  -0.00000000
  0.08357760  -0.00000000
  0.08364760  -0.00000000
  0.08371750  -0.00000000
  0.08378750  -0.00000000
  0.08385750  -0.00000000
  0.08392740  -0.00000000
  0.08399740  -0.00000000
  0.08406740  -0.00000000
  0.08413730  -0.00000000
  0.08420730  -0.00000000
  0.08427730  -0.00000000
  0.08434720  -0.00000000
  0.08441720  -0.00000000
  0.08448720  -0.00000000
  0.08455710  -0.00000000
  0.08462710  -0.00000000
  0.08469710  -0.00000000
  0.08476700  -0.00000000
  0.08483700  -0.00000000
  0.08490700  -0.00000000
  0.08497690  -0.00000000
  0.08504690  -0.00000000
  0.08511690  -0.00000000
  0.08518680  -0.00000000
  0.08525680  -0.00000000
  0.08532680  -0.00000000
  0.08539670  -0.00000000
  0.08546670  -0.00000000
  0.08553670  -0.00000000
  0.08560660  -0.00000000
  0.08567660  -0.00000000
  0.08574660  -0.00000000
  0.08581650  -0.00000000
  0.08588650  -0.00000000
  0.08639770   0.00000060
  0.08690900   0.00000210
  0.08742020   0.00000450
  0.08793140   0.00000770
  0.08844270   0.00001180
  0.08895390   0.00001670
  0.08946510   0.00002260
  0.08997630   0.00002920
  0.09048750   0.00003680
  0.09099860   0.00004520
  0.09150980   0.00005450
  0.09202090   0.00006470
  0.09253210   0.00007570
  0.09304320   0.00008760
  0.09355420   0.00010040
  0.09406530   0.00011400
  0.09457630   0.00012850
  0.09508730   0.00014380
  0.09559830   0.00016010
  0.09610930   0.00017740
  0.09662010   0.00019770
  0.09713080   0.00022130
  0.09764130   0.00024810
  0.09815170   0.00027810
  0.09866180   0.00031150
  0.09917180   0.00034810
  0.09968140   0.00038790
  0.10019090   0.00043100
  0.10070000   0.00047740
  0.10120880   0.00052700
  0.10171730   0.00057990
  0.10222550   0.00063600
  0.10273330   0.00069530
  0.10324060   0.00075790
  0.10374760   0.00082380
  0.10425420   0.00089290
  0.10476030   0.00096520
  0.10526590   0.00104070
  0.10577100   0.00111950
  0.10627560   0.00120150
  0.10677970   0.00128680
  0.10728330   0.00137520
  0.10778620   0.00146690
  0.10828860   0.00156180
  0.10879030   0.00165980
  0.10929140   0.00176110
  0.10979190   0.00186560
  0.11029160   0.00197330
  0.11079070   0.00208420
  0.11128900   0.00219840
  0.11178410   0.00232580
  0.11227380   0.00247260
  0.11275730   0.00263860
  0.11323390   0.00282340
  0.11370290   0.00302680
  0.11416350   0.00324860
  0.11461510   0.00348820
  0.11505690   0.00374540
  0.11548820   0.00401980
  0.11590840   0.00431090
  0.11631680   0.00461840
  0.11671290   0.00494160
  0.11709590   0.00528020
  0.11746530   0.00563360
  0.11782050   0.00600120
  0.11816100   0.00638250
  0.11848630   0.00677690
  0.11879580   0.00718370
  0.11908900   0.00760250
  0.11936560   0.00803240
  0.11962510   0.00847290
  0.11986700   0.00892320
  0.12009100   0.00938270
  0.12029680   0.00985070
  0.12048410   0.01032630
  0.12065250   0.01080900
  0.12080180   0.01129790
  0.12093170   0.01179230
  0.12104210   0.01229150
  0.12113280   0.01279460
  0.12120370   0.01330090
  0.12125460   0.01380950
  0.12128600   0.01431980
  0.12131150   0.01483040
  0.12133700   0.01534100
  0.12136260   0.01585160
  0.12138810   0.01636220
  0.12141360   0.01687280
  0.12143920   0.01738340
  0.12146470   0.01789400
  0.12149020   0.01840460
  0.12151580   0.01891520
  0.12154130   0.01942580
  0.12156680   0.01993640
  0.12159230   0.02044700
  0.12161790   0.02095760
  0.12164340   0.02146820
  0.12166890   0.02197880
  0.12169450   0.02248940
  0.12172000   0.02300000
