 -0.03567506   0.02300382
 -0.03567214   0.02288752
 -0.03566924   0.02277124
 -0.03566634   0.02265495
 -0.03566344   0.02253867
 -0.03566055   0.02242237
 -0.03565765   0.02230609
 -0.03565467   0.02218980
 -0.03565177   0.02207350
 -0.03564887   0.02195722
 -0.03564597   0.02184092
 -0.03564307   0.02172464
 -0.03564017   0.02160843
 -0.03563725   0.02149213
 -0.03563436   0.02137585
 -0.03563146   0.02125955
 -0.03562856   0.02114328
 -0.03562566   0.02102698
 -0.03562276   0.02091070
 -0.03561986   0.02079440
 -0.03561696   0.02067810
 -0.03561398   0.02056183
 -0.03561108   0.02044553
 -0.03560819   0.02032925
 -0.03560529   0.02021295
 -0.03560237   0.02009666
 -0.03559947   0.01998038
 -0.03559657   0.01986408
 -0.03559367   0.01974780
 -0.03559077   0.01963150
 -0.03558787   0.01951523
 -0.03558497   0.01939893
 -0.03558207   0.01928263
 -0.03557918   0.01916635
 -0.03557620   0.01905006
 -0.03557330   0.01893378
 -0.03557040   0.01881756
 -0.03556748   0.01870126
 -0.03556458   0.01858498
 -0.03556168   0.01846869
 -0.03555878   0.01835241
 -0.03555588   0.01823611
 -0.03555299   0.01811983
 -0.03555009   0.01800354
 -0.03554719   0.01788724
 -0.03554429   0.01777096
 -0.03554139   0.01765466
 -0.03553849   0.01753838
 -0.03553551   0.01742209
 -0.03553259   0.01730579
 -0.03552969   0.01718951
 -0.03552679   0.01707321
 -0.03552390   0.01695694
 -0.03552100   0.01684064
 -0.03551810   0.01672436
 -0.03551520   0.01660806
 -0.03551230   0.01649176
 -0.03550940   0.01637549
 -0.03550650   0.01625919
 -0.03550360   0.01614291
 -0.03550070   0.01602669
 -0.03549771   0.01591039
 -0.03549481   0.01579412
 -0.03549191   0.01567782
 -0.03548901   0.01556154
 -0.03548611   0.01544524
 -0.03548297   0.01532897
 -0.03547896   0.01521267
 -0.03547414   0.01509645
 -0.03546837   0.01498033
 -0.03546164   0.01486419
 -0.03545411   0.01474816
 -0.03544571   0.01463218
 -0.03543633   0.01451620
 -0.03542617   0.01440040
 -0.03541505   0.01428466
 -0.03540314   0.01416902
 -0.03539026   0.01405352
 -0.03537651   0.01393812
 -0.03536189   0.01382286
 -0.03534638   0.01370770
 -0.03532976   0.01359276
 -0.03531209   0.01347792
 -0.03529339   0.01336325
 -0.03527374   0.01324875
 -0.03525298   0.01313441
 -0.03523126   0.01302033
 -0.03520842   0.01290642
 -0.03518464   0.01279276
 -0.03515981   0.01267928
 -0.03513396   0.01256605
 -0.03510706   0.01245301
 -0.03507922   0.01234028
 -0.03505034   0.01222776
 -0.03502042   0.01211555
 -0.03498957   0.01200362
 -0.03495767   0.01189196
 -0.03492474   0.01178063
 -0.03489086   0.01166956
 -0.03485595   0.01155877
 -0.03481999   0.01144832
 -0.03478310   0.01133821
 -0.03474525   0.01122846
 -0.03470638   0.01111907
 -0.03466655   0.01101002
 -0.03462576   0.01090141
 -0.03458395   0.01079306
 -0.03454118   0.01068516
 -0.03449745   0.01057761
 -0.03445280   0.01047050
 -0.03440717   0.01036374
 -0.03436053   0.01025745
 -0.03431294   0.01015157
 -0.03426448   0.01004614
 -0.03421499   0.00994116
 -0.03416463   0.00983662
 -0.03411332   0.00973253
 -0.03406106   0.00962897
 -0.03400785   0.00952585
 -0.03395371   0.00942317
 -0.03389871   0.00932105
 -0.03384275   0.00921943
 -0.03378591   0.00911829
 -0.03372815   0.00901766
 -0.03366951   0.00891758
 -0.03360993   0.00881802
 -0.03354957   0.00871901
 -0.03348819   0.00862061
 -0.03342601   0.00852268
 -0.03336289   0.00842535
 -0.03329901   0.00832859
 -0.03323418   0.00823244
 -0.03316848   0.00813683
 -0.03310192   0.00804192
 -0.03303459   0.00794749
 -0.03296639   0.00785376
 -0.03289734   0.00776067
 -0.03282742   0.00766812
 -0.03275673   0.00757626
 -0.03268517   0.00748505
 -0.03261286   0.00739448
 -0.03253966   0.00730452
 -0.03246571   0.00721530
 -0.03239098   0.00712671
 -0.03231539   0.00703883
 -0.03223911   0.00695165
 -0.03216198   0.00686513
 -0.03208407   0.00677933
 -0.03200548   0.00669417
 -0.03192611   0.00660981
 -0.03184588   0.00652617
 -0.03176504   0.00644316
 -0.03168337   0.00636098
 -0.03160100   0.00627951
 -0.03151793   0.00619885
 -0.03143410   0.00611884
 -0.03134959   0.00603964
 -0.03126441   0.00596125
 -0.03117844   0.00588358
 -0.03109187   0.00580673
 -0.03100454   0.00573062
 -0.03091659   0.00565531
 -0.03082798   0.00558081
 -0.03073867   0.00550714
 -0.03064870   0.00543426
 -0.03055812   0.00536215
 -0.03046685   0.00529091
 -0.03037498   0.00522052
 -0.03028245   0.00515094
 -0.03018938   0.00508216
 -0.03009566   0.00501430
 -0.03000133   0.00494718
 -0.02990640   0.00488104
 -0.02981089   0.00481564
 -0.02971485   0.00475123
 -0.02961814   0.00468757
 -0.02952093   0.00462491
 -0.02942320   0.00456306
 -0.02932490   0.00450211
 -0.02922599   0.00444201
 -0.02912664   0.00438280
 -0.02902671   0.00432459
 -0.02892629   0.00426722
 -0.02882536   0.00421077
 -0.02872391   0.00415521
 -0.02862204   0.00410058
 -0.02851959   0.00404685
 -0.02841681   0.00399405
 -0.02831344   0.00394224
 -0.02820965   0.00389128
 -0.02810544   0.00384130
 -0.02800073   0.00379232
 -0.02789568   0.00374420
 -0.02779013   0.00369706
 -0.02768416   0.00365094
 -0.02757788   0.00360564
 -0.02747109   0.00356144
 -0.02736404   0.00351817
 -0.02725651   0.00347581
 -0.02714864   0.00343446
 -0.02704043   0.00339404
 -0.02693184   0.00335469
 -0.02682288   0.00331628
 -0.02671363   0.00327879
 -0.02660404   0.00324240
 -0.02649413   0.00320693
 -0.02638406   0.00317216
 -0.02627380   0.00313767
 -0.02616341   0.00310348
 -0.02605292   0.00306951
 -0.02594234   0.00303582
 -0.02583162   0.00300244
 -0.02572073   0.00296933
 -0.02560985   0.00293655
 -0.02549881   0.00290396
 -0.02538761   0.00287168
 -0.02527635   0.00283968
 -0.02516493   0.00280800
 -0.02505351   0.00277654
 -0.02494187   0.00274536
 -0.02483023   0.00271449
 -0.02471844   0.00268393
 -0.02460650   0.00265358
 -0.02449452   0.00262355
 -0.02438245   0.00259379
 -0.02427023   0.00256436
 -0.02415796   0.00253513
 -0.02404553   0.00250622
 -0.02393307   0.00247762
 -0.02382052   0.00244931
 -0.02370785   0.00242131
 -0.02359512   0.00239354
 -0.02348233   0.00236608
 -0.02336940   0.00233892
 -0.02325641   0.00231206
 -0.02314330   0.00228544
 -0.02303013   0.00225912
 -0.02291692   0.00223310
 -0.02280357   0.00220739
 -0.02269017   0.00218193
 -0.02257672   0.00215676
 -0.02246315   0.00213191
 -0.02234953   0.00210736
 -0.02223588   0.00208313
 -0.02212211   0.00205912
 -0.02200827   0.00203543
 -0.02189434   0.00201204
 -0.02178034   0.00198894
 -0.02166636   0.00196597
 -0.02155229   0.00194325
 -0.02143829   0.00192064
 -0.02132412   0.00189814
 -0.02121002   0.00187589
 -0.02109585   0.00185377
 -0.02098165   0.00183180
 -0.02086739   0.00181003
 -0.02075320   0.00178845
 -0.02063882   0.00176704
 -0.02052455   0.00174576
 -0.02041017   0.00172465
 -0.02029578   0.00170372
 -0.02018140   0.00168290
 -0.02006693   0.00166233
 -0.01995245   0.00164188
 -0.01983795   0.00162161
 -0.01972340   0.00160153
 -0.01960890   0.00158154
 -0.01949423   0.00156175
 -0.01937965   0.00154223
 -0.01926498   0.00152272
 -0.01915030   0.00150347
 -0.01903561   0.00148442
 -0.01892085   0.00146547
 -0.01880615   0.00144671
 -0.01869136   0.00142812
 -0.01857650   0.00140963
 -0.01846171   0.00139142
 -0.01834683   0.00137331
 -0.01823196   0.00135538
 -0.01811698   0.00133764
 -0.01800209   0.00132001
 -0.01788711   0.00130264
 -0.01777213   0.00128537
 -0.01765706   0.00126828
 -0.01754206   0.00125139
 -0.01742699   0.00123460
 -0.01731191   0.00121807
 -0.01719674   0.00120164
 -0.01708164   0.00118539
 -0.01696646   0.00116934
 -0.01685129   0.00115339
 -0.01673609   0.00113762
 -0.01662082   0.00112213
 -0.01650562   0.00110664
 -0.01639035   0.00109143
 -0.01627505   0.00107642
 -0.01615968   0.00106149
 -0.01604438   0.00104676
 -0.01592900   0.00103219
 -0.01581361   0.00101783
 -0.01569823   0.00100356
 -0.01558284   0.00098957
 -0.01546734   0.00097566
 -0.01535187   0.00096197
 -0.01523645   0.00094836
 -0.01512087   0.00093500
 -0.01500538   0.00092177
 -0.01488988   0.00090872
 -0.01477429   0.00089587
 -0.01465869   0.00088318
 -0.01454310   0.00087060
 -0.01442750   0.00085829
 -0.01431190   0.00084608
 -0.01419621   0.00083406
 -0.01408059   0.00082215
 -0.01396490   0.00081050
 -0.01384920   0.00079895
 -0.01373349   0.00078757
 -0.01361777   0.00077640
 -0.01350197   0.00076541
 -0.01338626   0.00075459
 -0.01327046   0.00074390
 -0.01315465   0.00073338
 -0.01303885   0.00072305
 -0.01292303   0.00071290
 -0.01280722   0.00070292
 -0.01269138   0.00069307
 -0.01257549   0.00068339
 -0.01245965   0.00067390
 -0.01234373   0.00066460
 -0.01222782   0.00065547
 -0.01211190   0.00064645
 -0.01199599   0.00063764
 -0.01188005   0.00062898
 -0.01176411   0.00062053
 -0.01164810   0.00061209
 -0.01153216   0.00060368
 -0.01141623   0.00059536
 -0.01130021   0.00058709
 -0.01118425   0.00057891
 -0.01106822   0.00057076
 -0.01095226   0.00056273
 -0.01083622   0.00055471
 -0.01072027   0.00054670
 -0.01060421   0.00053882
 -0.01048826   0.00053103
 -0.01037220   0.00052328
 -0.01025622   0.00051562
 -0.01014017   0.00050799
 -0.01002409   0.00050040
 -0.00990811   0.00049289
 -0.00979204   0.00048549
 -0.00967598   0.00047814
 -0.00955998   0.00047079
 -0.00944391   0.00046356
 -0.00932783   0.00045643
 -0.00921173   0.00044931
 -0.00909566   0.00044224
 -0.00897956   0.00043525
 -0.00886346   0.00042830
 -0.00874745   0.00042147
 -0.00863135   0.00041472
 -0.00851525   0.00040793
 -0.00839916   0.00040132
 -0.00828306   0.00039473
 -0.00816694   0.00038818
 -0.00805074   0.00038173
 -0.00793465   0.00037530
 -0.00781853   0.00036889
 -0.00770241   0.00036268
 -0.00758628   0.00035639
 -0.00747016   0.00035030
 -0.00735404   0.00034417
 -0.00723783   0.00033812
 -0.00712169   0.00033219
 -0.00700557   0.00032628
 -0.00688943   0.00032050
 -0.00677322   0.00031471
 -0.00665708   0.00030896
 -0.00654092   0.00030331
 -0.00642471   0.00029778
 -0.00630857   0.00029226
 -0.00619241   0.00028677
 -0.00607617   0.00028140
 -0.00596004   0.00027604
 -0.00584380   0.00027079
 -0.00572764   0.00026564
 -0.00561140   0.00026051
 -0.00549525   0.00025541
 -0.00537901   0.00025042
 -0.00526283   0.00024546
 -0.00514659   0.00024059
 -0.00503042   0.00023576
 -0.00491418   0.00023104
 -0.00479792   0.00022633
 -0.00468174   0.00022173
 -0.00456551   0.00021714
 -0.00444925   0.00021268
 -0.00433307   0.00020823
 -0.00421681   0.00020391
 -0.00410054   0.00019959
 -0.00398436   0.00019536
 -0.00386810   0.00019116
 -0.00375184   0.00018695
 -0.00363559   0.00018283
 -0.00351939   0.00017878
 -0.00340313   0.00017476
 -0.00328687   0.00017073
 -0.00317062   0.00016679
 -0.00305434   0.00016294
 -0.00293808   0.00015910
 -0.00282190   0.00015528
 -0.00270563   0.00015153
 -0.00258937   0.00014787
 -0.00247309   0.00014420
 -0.00235683   0.00014056
 -0.00224056   0.00013699
 -0.00212430   0.00013345
 -0.00200804   0.00013004
 -0.00189176   0.00012668
 -0.00177549   0.00012337
 -0.00165923   0.00012009
 -0.00154295   0.00011680
 -0.00142669   0.00011362
 -0.00131042   0.00011049
 -0.00119416   0.00010741
 -0.00107788   0.00010430
 -0.00096160   0.00010129
 -0.00084535   0.00009837
 -0.00072907   0.00009546
 -0.00061279   0.00009254
 -0.00049653   0.00008973
 -0.00038018   0.00008691
 -0.00026390   0.00008418
 -0.00014762   0.00008146
 -0.00003136   0.00007883
  0.00008491   0.00007626
  0.00020119   0.00007366
  0.00031755   0.00007119
  0.00043383   0.00006867
  0.00055011   0.00006630
  0.00066636   0.00006388
  0.00078264   0.00006161
  0.00089892   0.00005926
  0.00101528   0.00005700
  0.00113155   0.00005483
  0.00124783   0.00005269
  0.00136411   0.00005060
  0.00148047   0.00004854
  0.00159674   0.00004647
  0.00171302   0.00004450
  0.00182930   0.00004262
  0.00194566   0.00004073
  0.00206193   0.00003894
  0.00217821   0.00003714
  0.00229449   0.00003537
  0.00241085   0.00003367
  0.00252712   0.00003198
  0.00264340   0.00003037
  0.00275976   0.00002887
  0.00287606   0.00002736
  0.00299234   0.00002585
  0.00310869   0.00002445
  0.00322497   0.00002304
  0.00334125   0.00002171
  0.00345753   0.00002041
  0.00357390   0.00001918
  0.00369018   0.00001796
  0.00380646   0.00001683
  0.00392282   0.00001568
  0.00403911   0.00001466
  0.00415539   0.00001361
  0.00427175   0.00001266
  0.00438805   0.00001174
  0.00450432   0.00001087
  0.00462068   0.00001002
  0.00473696   0.00000927
  0.00485326   0.00000851
  0.00496961   0.00000776
  0.00508591   0.00000711
  0.00520219   0.00000653
  0.00531855   0.00000596
  0.00543485   0.00000541
  0.00555112   0.00000493
  0.00566750   0.00000454
  0.00578378   0.00000417
  0.00590006   0.00000378
  0.00601643   0.00000350
  0.00613271   0.00000331
  0.00624901   0.00000302
  0.00636537   0.00000291
  0.00648166   0.00000283
  0.00659794   0.00000272
  0.00671432   0.00000271
  0.00683060   0.00000273
  0.00694690   0.00000280
  0.00706325   0.00000289
  0.00717955   0.00000308
  0.00729583   0.00000328
  0.00741213   0.00000355
  0.00752850   0.00000382
  0.00764591   0.00000331
  0.00776323   0.00000279
  0.00788066   0.00000230
  0.00799806   0.00000180
  0.00811549   0.00000131
  0.00823289   0.00000085
  0.00835024   0.00000036
  0.00846764  -0.00000010
  0.00858506  -0.00000055
  0.00870249  -0.00000101
  0.00881989  -0.00000146
  0.00893732  -0.00000188
  0.00905464  -0.00000230
  0.00917207  -0.00000273
  0.00928947  -0.00000313
  0.00940689  -0.00000354
  0.00952430  -0.00000394
  0.00964164  -0.00000435
  0.00975907  -0.00000473
  0.00987647  -0.00000509
  0.00999390  -0.00000546
  0.01011132  -0.00000582
  0.01022865  -0.00000619
  0.01034607  -0.00000653
  0.01046347  -0.00000687
  0.01058090  -0.00000720
  0.01069832  -0.00000752
  0.01081573  -0.00000784
  0.01093307  -0.00000817
  0.01105050  -0.00000847
  0.01116790  -0.00000875
  0.01128533  -0.00000906
  0.01140275  -0.00000934
  0.01152007  -0.00000960
  0.01163750  -0.00000986
  0.01175492  -0.00001013
  0.01187233  -0.00001039
  0.01198975  -0.00001063
  0.01210718  -0.00001087
  0.01222452  -0.00001110
  0.01234193  -0.00001132
  0.01245935  -0.00001154
  0.01257677  -0.00001174
  0.01269420  -0.00001195
  0.01281152  -0.00001215
  0.01292895  -0.00001233
  0.01304637  -0.00001251
  0.01316378  -0.00001267
  0.01328120  -0.00001284
  0.01339855  -0.00001300
  0.01351597  -0.00001316
  0.01363337  -0.00001330
  0.01375080  -0.00001342
  0.01386822  -0.00001356
  0.01398565  -0.00001368
  0.01410297  -0.00001379
  0.01422040  -0.00001391
  0.01433782  -0.00001401
  0.01445525  -0.00001409
  0.01457267  -0.00001417
  0.01468999  -0.00001425
  0.01480742  -0.00001433
  0.01492484  -0.00001439
  0.01504227  -0.00001443
  0.01515967  -0.00001449
  0.01527702  -0.00001453
  0.01539444  -0.00001457
  0.01551187  -0.00001459
  0.01562927  -0.00001461
  0.01574669  -0.00001461
  0.01586412  -0.00001463
  0.01598146  -0.00001461
  0.01609889  -0.00001461
  0.01621629  -0.00001459
  0.01633372  -0.00001457
  0.01645114  -0.00001453
  0.01656849  -0.00001449
  0.01668589  -0.00001437
  0.01680331  -0.00001423
  0.01692074  -0.00001401
  0.01703816  -0.00001379
  0.01715549  -0.00001347
  0.01727291  -0.00001315
  0.01739034  -0.00001275
  0.01750776  -0.00001233
  0.01762519  -0.00001181
  0.01774259  -0.00001131
  0.01785994  -0.00001071
  0.01797736  -0.00001011
  0.01809478  -0.00000941
  0.01821219  -0.00000871
  0.01832953  -0.00000801
  0.01844696  -0.00000721
  0.01856438  -0.00000633
  0.01868179  -0.00000543
  0.01879921  -0.00000455
  0.01891656  -0.00000357
  0.01903398  -0.00000249
  0.01915138  -0.00000137
  0.01926881  -0.00000023
  0.01938615   0.00000101
  0.01950356   0.00000237
  0.01962098   0.00000375
  0.01973839   0.00000515
  0.01985573   0.00000667
  0.01997316   0.00000821
  0.02009056   0.00000986
  0.02020798   0.00001162
  0.02032531   0.00001332
  0.02044273   0.00001520
  0.02056014   0.00001712
  0.02067746   0.00001907
  0.02079489   0.00002113
  0.02091229   0.00002319
  0.02102961   0.00002540
  0.02114702   0.00002760
  0.02126444   0.00002984
  0.02138177   0.00003227
  0.02149917   0.00003465
  0.02161658   0.00003713
  0.02173390   0.00003972
  0.02185131   0.00004234
  0.02196861   0.00004507
  0.02208601   0.00004781
  0.02220342   0.00005060
  0.02232074   0.00005348
  0.02243813   0.00005647
  0.02255545   0.00005949
  0.02267284   0.00006262
  0.02279016   0.00006570
  0.02290754   0.00006897
  0.02302485   0.00007226
  0.02314223   0.00007556
  0.02325954   0.00007899
  0.02337694   0.00008254
  0.02349422   0.00008608
  0.02361161   0.00008967
  0.02372891   0.00009336
  0.02384630   0.00009709
  0.02396358   0.00010091
  0.02408096   0.00010476
  0.02419825   0.00010873
  0.02431555   0.00011272
  0.02443292   0.00011683
  0.02455020   0.00012093
  0.02466749   0.00012516
  0.02478485   0.00012943
  0.02490213   0.00013380
  0.02501942   0.00013819
  0.02513676   0.00014268
  0.02525404   0.00014721
  0.02537131   0.00015184
  0.02548859   0.00015651
  0.02560594   0.00016120
  0.02572320   0.00016599
  0.02584046   0.00017090
  0.02595773   0.00017583
  0.02607499   0.00018086
  0.02619231   0.00018593
  0.02630958   0.00019103
  0.02642682   0.00019638
  0.02654409   0.00020185
  0.02666133   0.00020750
  0.02677857   0.00021333
  0.02689574   0.00021936
  0.02701296   0.00022549
  0.02713020   0.00023188
  0.02724737   0.00023839
  0.02736459   0.00024508
  0.02748174   0.00025197
  0.02759888   0.00025904
  0.02771610   0.00026621
  0.02783325   0.00027356
  0.02795037   0.00028119
  0.02806751   0.00028884
  0.02818456   0.00029677
  0.02830170   0.00030488
  0.02841882   0.00031309
  0.02853585   0.00032158
  0.02865289   0.00033017
  0.02877001   0.00033886
  0.02888704   0.00034783
  0.02900406   0.00035696
  0.02912108   0.00036623
  0.02923803   0.00037566
  0.02935505   0.00038529
  0.02947199   0.00039511
  0.02958900   0.00040510
  0.02970592   0.00041523
  0.02982284   0.00042552
  0.02993977   0.00043601
  0.03005669   0.00044668
  0.03017354   0.00045752
  0.03029044   0.00046849
  0.03040726   0.00047972
  0.03052409   0.00049105
  0.03064091   0.00050257
  0.03075771   0.00051428
  0.03087454   0.00052611
  0.03099126   0.00053818
  0.03110798   0.00055038
  0.03122479   0.00056275
  0.03134143   0.00057532
  0.03145813   0.00058806
  0.03157484   0.00060091
  0.03169146   0.00061396
  0.03180808   0.00062719
  0.03192471   0.00064061
  0.03204131   0.00065422
  0.03215791   0.00066800
  0.03227444   0.00068189
  0.03239104   0.00069598
  0.03250756   0.00071026
  0.03262399   0.00072471
  0.03274049   0.00073935
  0.03285691   0.00075410
  0.03297341   0.00076905
  0.03308974   0.00078417
  0.03320616   0.00079948
  0.03332256   0.00081496
  0.03343889   0.00083057
  0.03355519   0.00084643
  0.03367151   0.00086242
  0.03378774   0.00087858
  0.03390402   0.00089485
  0.03402024   0.00091139
  0.03413647   0.00092802
  0.03425259   0.00094486
  0.03436879   0.00096186
  0.03448490   0.00097907
  0.03460102   0.00099645
  0.03471704   0.00101396
  0.03483315   0.00103164
  0.03494917   0.00104951
  0.03506509   0.00106755
  0.03518110   0.00108579
  0.03529702   0.00110414
  0.03541294   0.00112268
  0.03552885   0.00114140
  0.03564467   0.00116031
  0.03576057   0.00117931
  0.03587632   0.00119859
  0.03599212   0.00121798
  0.03610784   0.00123756
  0.03622357   0.00125732
  0.03633927   0.00127726
  0.03645485   0.00129763
  0.03657048   0.00131824
  0.03668590   0.00133916
  0.03680136   0.00136041
  0.03691670   0.00138190
  0.03703202   0.00140379
  0.03714728   0.00142593
  0.03726242   0.00144840
  0.03737750   0.00147118
  0.03749246   0.00149419
  0.03760746   0.00151761
  0.03772234   0.00154129
  0.03783708   0.00156527
  0.03795176   0.00158950
  0.03806639   0.00161412
  0.03818097   0.00163898
  0.03829541   0.00166417
  0.03840980   0.00168966
  0.03852412   0.00171549
  0.03863831   0.00174154
  0.03875243   0.00176799
  0.03886642   0.00179468
  0.03898041   0.00182167
  0.03909419   0.00184891
  0.03920798   0.00187654
  0.03932161   0.00190440
  0.03943520   0.00193258
  0.03954861   0.00196108
  0.03966196   0.00198980
  0.03977516   0.00201884
  0.03988837   0.00204827
  0.04000134   0.00207785
  0.04011433   0.00210782
  0.04022713   0.00213809
  0.04033988   0.00216859
  0.04045246   0.00219940
  0.04056496   0.00223054
  0.04067731   0.00226189
  0.04078957   0.00229362
  0.04090175   0.00232557
  0.04101375   0.00235785
  0.04112567   0.00239041
  0.04123735   0.00242368
  0.04134868   0.00245806
  0.04145978   0.00249337
  0.04157056   0.00252971
  0.04168100   0.00256706
  0.04179101   0.00260543
  0.04190079   0.00264480
  0.04201013   0.00268514
  0.04211916   0.00272646
  0.04222784   0.00276883
  0.04233609   0.00281220
  0.04244395   0.00285649
  0.04255144   0.00290174
  0.04265854   0.00294798
  0.04276511   0.00299523
  0.04287135   0.00304341
  0.04297716   0.00309261
  0.04308247   0.00314266
  0.04318735   0.00319378
  0.04329180   0.00324576
  0.04339575   0.00329874
  0.04349919   0.00335266
  0.04360218   0.00340758
  0.04370467   0.00346333
  0.04380666   0.00352001
  0.04390814   0.00357769
  0.04400909   0.00363628
  0.04410952   0.00369571
  0.04420945   0.00375609
  0.04430876   0.00381744
  0.04440758   0.00387963
  0.04450579   0.00394274
  0.04460340   0.00400669
  0.04470047   0.00407154
  0.04479696   0.00413731
  0.04489285   0.00420392
  0.04498821   0.00427142
  0.04508288   0.00433977
  0.04517687   0.00440903
  0.04527034   0.00447912
  0.04536311   0.00455002
  0.04545528   0.00462182
  0.04554675   0.00469438
  0.04563762   0.00476784
  0.04572780   0.00484206
  0.04581737   0.00491716
  0.04590618   0.00499302
  0.04599435   0.00506976
  0.04608176   0.00514726
  0.04616847   0.00522547
  0.04625459   0.00530459
  0.04633990   0.00538446
  0.04642445   0.00546504
  0.04650838   0.00554645
  0.04659145   0.00562858
  0.04667383   0.00571153
  0.04675550   0.00579512
  0.04683639   0.00587953
  0.04691650   0.00596466
  0.04699584   0.00605053
  0.04707437   0.00613711
  0.04715214   0.00622442
  0.04722920   0.00631237
  0.04730539   0.00640105
  0.04738072   0.00649044
  0.04745536   0.00658048
  0.04752911   0.00667124
  0.04760201   0.00676270
  0.04767410   0.00685473
  0.04774542   0.00694747
  0.04781587   0.00704085
  0.04788545   0.00713486
  0.04795414   0.00722950
  0.04802206   0.00732478
  0.04808911   0.00742060
  0.04815521   0.00751711
  0.04822051   0.00761419
  0.04828495   0.00771188
  0.04834842   0.00781014
  0.04841102   0.00790899
  0.04847274   0.00800840
  0.04853360   0.00810836
  0.04859350   0.00820885
  0.04865252   0.00830994
  0.04871060   0.00841151
  0.04876778   0.00851360
  0.04882402   0.00861625
  0.04887930   0.00871939
  0.04893368   0.00882302
  0.04898712   0.00892717
  0.04903960   0.00903184
  0.04909112   0.00913688
  0.04914177   0.00924245
  0.04919137   0.00934847
  0.04924009   0.00945501
  0.04928778   0.00956192
  0.04933450   0.00966926
  0.04938027   0.00977704
  0.04942505   0.00988518
  0.04946890   0.00999376
  0.04951168   0.01010278
  0.04955353   0.01021214
  0.04959440   0.01032188
  0.04963422   0.01043204
  0.04967309   0.01054246
  0.04971098   0.01065332
  0.04974777   0.01076453
  0.04978366   0.01087601
  0.04981851   0.01098783
  0.04985230   0.01110000
  0.04988507   0.01121242
  0.04991686   0.01132519
  0.04994761   0.01143823
  0.04997733   0.01155152
  0.05000606   0.01166515
  0.05003375   0.01177894
  0.05006041   0.01189302
  0.05008602   0.01200741
  0.05011060   0.01212198
  0.05013428   0.01223671
  0.05015706   0.01235166
  0.05017906   0.01246687
  0.05020010   0.01258224
  0.05022027   0.01269777
  0.05023964   0.01281346
  0.05025805   0.01292930
  0.05027559   0.01304531
  0.05029232   0.01316146
  0.05030810   0.01327771
  0.05032300   0.01339419
  0.05033702   0.01351068
  0.05035009   0.01362732
  0.05036236   0.01374413
  0.05037367   0.01386093
  0.05038418   0.01397788
  0.05039374   0.01409492
  0.05040239   0.01421197
  0.05041011   0.01432917
  0.05041704   0.01444638
  0.05042340   0.01456358
  0.05042984   0.01468079
  0.05043621   0.01479805
  0.05044257   0.01491525
  0.05044902   0.01503246
  0.05045538   0.01514966
  0.05046174   0.01526695
  0.05046819   0.01538415
  0.05047455   0.01550133
  0.05048091   0.01561862
  0.05048728   0.01573582
  0.05049372   0.01585303
  0.05050009   0.01597031
  0.05050643   0.01608751
  0.05051287   0.01620472
  0.05051924   0.01632198
  0.05052560   0.01643919
  0.05053204   0.01655639
  0.05053841   0.01667360
  0.05054477   0.01679088
  0.05055122   0.01690808
  0.05055758   0.01702529
  0.05056394   0.01714255
  0.05057039   0.01725976
  0.05057675   0.01737696
  0.05058311   0.01749424
  0.05058948   0.01761145
  0.05059592   0.01772865
  0.05060227   0.01784594
  0.05060863   0.01796312
  0.05061507   0.01808033
  0.05062144   0.01819753
  0.05062780   0.01831481
  0.05063424   0.01843202
  0.05064061   0.01854922
  0.05064697   0.01866649
  0.05065342   0.01878369
  0.05065978   0.01890089
  0.05066614   0.01901818
  0.05067259   0.01913538
  0.05067895   0.01925259
  0.05068531   0.01936979
  0.05069176   0.01948706
  0.05069812   0.01960426
  0.05070447   0.01972146
  0.05071083   0.01983875
  0.05071727   0.01995595
  0.05072364   0.02007316
  0.05073000   0.02019044
  0.05073644   0.02030762
  0.05074281   0.02042483
  0.05074917   0.02054211
  0.05075562   0.02065932
  0.05076198   0.02077652
  0.05076834   0.02089373
  0.05077479   0.02101101
  0.05078115   0.02112819
  0.05078751   0.02124540
  0.05079396   0.02136268
  0.05080032   0.02147989
  0.05080667   0.02159709
  0.05081311   0.02171437
  0.05081947   0.02183158
  0.05082584   0.02194876
  0.05083220   0.02206605
  0.05083864   0.02218325
  0.05084501   0.02230046
  0.05085137   0.02241766
  0.05085782   0.02253494
  0.05086418   0.02265213
  0.05087054   0.02276933
  0.05087699   0.02288662
  0.05088307   0.02300000
