  0.01945230   0.02300000
  0.01945540   0.02289080
  0.01945860   0.02278160
  0.01946170   0.02267240
  0.01946480   0.02256310
  0.01946790   0.02245390
  0.01947100   0.02234470
  0.01947420   0.02223550
  0.01947730   0.02212630
  0.01948040   0.02201710
  0.01948350   0.02190780
  0.01948660   0.02179860
  0.01948980   0.02168940
  0.01949290   0.02158020
  0.01949600   0.02147100
  0.01949910   0.02136180
  0.01950220   0.02125250
  0.01950540   0.02114330
  0.01950850   0.02103410
  0.01951160   0.02092490
  0.01951470   0.02081570
  0.01951780   0.02070650
  0.01952100   0.02059720
  0.01952410   0.02048800
  0.01952720   0.02037880
  0.01953030   0.02026960
  0.01953340   0.02016040
  0.01953660   0.02005120
  0.01953970   0.01994190
  0.01954280   0.01983270
  0.01954590   0.01972350
  0.01954900   0.01961430
  0.01955220   0.01950510
  0.01955530   0.01939590
  0.01955840   0.01928660
  0.01956150   0.01917740
  0.01956460   0.01906820
  0.01956780   0.01895900
  0.01957090   0.01884980
  0.01957400   0.01874060
  0.01957710   0.01863130
  0.01958030   0.01852210
  0.01958340   0.01841290
  0.01958650   0.01830370
  0.01958960   0.01819450
  0.01959270   0.01808530
  0.01959590   0.01797610
  0.01959900   0.01786680
  0.01960210   0.01775760
  0.01960520   0.01764840
  0.01960830   0.01753920
  0.01961150   0.01743000
  0.01961460   0.01732080
  0.01961770   0.01721150
  0.01962080   0.01710230
  0.01962390   0.01699310
  0.01962710   0.01688390
  0.01963020   0.01677470
  0.01963330   0.01666550
  0.01963640   0.01655620
  0.01963950   0.01644700
  0.01964270   0.01633780
  0.01964580   0.01622860
  0.01964890   0.01611940
  0.01965200   0.01601020
  0.01965510   0.01590090
  0.01965830   0.01579170
  0.01966140   0.01568250
  0.01966450   0.01557330
  0.01966760   0.01546410
  0.01967070   0.01535490
  0.01967390   0.01524560
  0.01967700   0.01513640
  0.01968010   0.01502720
  0.01968320   0.01491800
  0.01968630   0.01480880
  0.01968950   0.01469960
  0.01969260   0.01459030
  0.01969570   0.01448110
  0.01969880   0.01437190
  0.01970200   0.01426270
  0.01970510   0.01415350
  0.01970820   0.01404430
  0.01971130   0.01393510
  0.01971440   0.01382580
  0.01971760   0.01371660
  0.01972070   0.01360740
  0.01972380   0.01349820
  0.01972690   0.01338900
  0.01973000   0.01327980
  0.01973320   0.01317050
  0.01973630   0.01306130
  0.01973940   0.01295210
  0.01974250   0.01284290
  0.01974560   0.01273370
  0.01974880   0.01262450
  0.01975190   0.01251520
  0.01975500   0.01240600
  0.01975810   0.01229680
  0.01976120   0.01218760
  0.01976440   0.01207840
  0.01976750   0.01196920
  0.01977060   0.01185990
  0.01977370   0.01175070
  0.01977680   0.01164150
  0.01978000   0.01153230
  0.01978310   0.01142310
  0.01978620   0.01131390
  0.01978930   0.01120460
  0.01979240   0.01109540
  0.01979560   0.01098620
  0.01979870   0.01087700
  0.01980180   0.01076780
  0.01980490   0.01065860
  0.01980800   0.01054930
  0.01981120   0.01044010
  0.01981430   0.01033090
  0.01981740   0.01022170
  0.01982050   0.01011250
  0.01982360   0.01000330
  0.01982680   0.00989400
  0.01982990   0.00978480
  0.01983310   0.00967560
  0.01983720   0.00956640
  0.01984260   0.00945730
  0.01984910   0.00934820
  0.01985680   0.00923930
  0.01986570   0.00913040
  0.01987580   0.00902160
  0.01988710   0.00891290
  0.01989960   0.00880430
  0.01991320   0.00869590
  0.01992810   0.00858770
  0.01994410   0.00847960
  0.01996130   0.00837170
  0.01997970   0.00826400
  0.01999920   0.00815650
  0.02001990   0.00804920
  0.02004180   0.00794220
  0.02006490   0.00783540
  0.02008910   0.00772890
  0.02011450   0.00762260
  0.02014110   0.00751660
  0.02016880   0.00741090
  0.02019770   0.00730550
  0.02022770   0.00720050
  0.02025880   0.00709580
  0.02029110   0.00699140
  0.02032460   0.00688740
  0.02035920   0.00678370
  0.02039490   0.00668050
  0.02043170   0.00657760
  0.02046970   0.00647510
  0.02050870   0.00637310
  0.02054890   0.00627150
  0.02059020   0.00617030
  0.02063260   0.00606960
  0.02067610   0.00596940
  0.02072070   0.00586970
  0.02076630   0.00577040
  0.02081310   0.00567170
  0.02086090   0.00557340
  0.02090980   0.00547570
  0.02095980   0.00537850
  0.02101080   0.00528190
  0.02106290   0.00518590
  0.02111600   0.00509040
  0.02117020   0.00499550
  0.02122540   0.00490120
  0.02128160   0.00480750
  0.02133880   0.00471450
  0.02139710   0.00462200
  0.02145630   0.00453020
  0.02151660   0.00443910
  0.02157790   0.00434860
  0.02164010   0.00425880
  0.02170330   0.00416970
  0.02176750   0.00408130
  0.02183260   0.00399360
  0.02189870   0.00390660
  0.02196580   0.00382030
  0.02203380   0.00373480
  0.02210270   0.00365000
  0.02217250   0.00356600
  0.02224330   0.00348270
  0.02231500   0.00340020
  0.02238750   0.00331850
  0.02246100   0.00323770
  0.02253530   0.00315760
  0.02261050   0.00307830
  0.02268650   0.00299990
  0.02276340   0.00292230
  0.02284120   0.00284550
  0.02291980   0.00276960
  0.02299920   0.00269450
  0.02307940   0.00262040
  0.02316040   0.00254710
  0.02324230   0.00247470
  0.02332490   0.00240320
  0.02340830   0.00233260
  0.02349240   0.00226290
  0.02357780   0.00219470
  0.02366460   0.00212830
  0.02375290   0.00206390
  0.02384250   0.00200150
  0.02393350   0.00194100
  0.02402570   0.00188250
  0.02411930   0.00182600
  0.02421400   0.00177160
  0.02430990   0.00171920
  0.02440700   0.00166900
  0.02450510   0.00162090
  0.02460420   0.00157500
  0.02470430   0.00153120
  0.02480540   0.00148970
  0.02490730   0.00145030
  0.02501010   0.00141320
  0.02511360   0.00137840
  0.02521790   0.00134580
  0.02532290   0.00131550
  0.02542850   0.00128750
  0.02553470   0.00126190
  0.02564140   0.00123850
  0.02574860   0.00121750
  0.02585630   0.00119880
  0.02596430   0.00118250
  0.02607270   0.00116860
  0.02618130   0.00115700
  0.02629020   0.00114780
  0.02639930   0.00114100
  0.02650840   0.00113660
  0.02661770   0.00113380
  0.02672690   0.00113110
  0.02683610   0.00112850
  0.02694530   0.00112580
  0.02705460   0.00112310
  0.02716380   0.00112040
  0.02727300   0.00111780
  0.02738230   0.00111510
  0.02749150   0.00111240
  0.02760070   0.00110970
  0.02770990   0.00110710
  0.02781920   0.00110440
  0.02792840   0.00110170
  0.02803760   0.00109900
  0.02814680   0.00109640
  0.02825610   0.00109370
  0.02836530   0.00109100
  0.02847450   0.00108830
  0.02858380   0.00108560
  0.02869300   0.00108300
  0.02880220   0.00108030
  0.02891140   0.00107760
  0.02902070   0.00107490
  0.02912990   0.00107230
  0.02923910   0.00106960
  0.02934840   0.00106690
  0.02945760   0.00106420
  0.02956680   0.00106160
  0.02967600   0.00105890
  0.02978530   0.00105620
  0.02989450   0.00105350
  0.03000370   0.00105090
  0.03011300   0.00104820
  0.03022220   0.00104550
  0.03033140   0.00104280
  0.03044060   0.00104020
  0.03054990   0.00103750
  0.03065910   0.00103480
  0.03076830   0.00103210
  0.03087760   0.00102940
  0.03098680   0.00102680
  0.03109600   0.00102410
  0.03120520   0.00102140
  0.03131450   0.00101870
  0.03142370   0.00101610
  0.03153290   0.00101340
  0.03164210   0.00101070
  0.03175140   0.00100800
  0.03186060   0.00100540
  0.03196980   0.00100270
  0.03207910   0.00100000
  0.03218830   0.00099730
  0.03229750   0.00099470
  0.03240670   0.00099200
  0.03251600   0.00098930
  0.03262520   0.00098660
  0.03273440   0.00098400
  0.03284370   0.00098130
  0.03295290   0.00097860
  0.03306210   0.00097590
  0.03317130   0.00097320
  0.03328060   0.00097060
  0.03338980   0.00096790
  0.03349900   0.00096520
  0.03360830   0.00096250
  0.03371750   0.00095990
  0.03382670   0.00095720
  0.03393590   0.00095450
  0.03404520   0.00095180
  0.03415440   0.00094920
  0.03426360   0.00094650
  0.03437280   0.00094380
  0.03448210   0.00094110
  0.03459130   0.00093850
  0.03470050   0.00093580
  0.03480980   0.00093310
  0.03491900   0.00093040
  0.03502820   0.00092780
  0.03513740   0.00092510
  0.03524670   0.00092240
  0.03535590   0.00091970
  0.03546510   0.00091700
  0.03557440   0.00091440
  0.03568360   0.00091170
  0.03579280   0.00090900
  0.03590200   0.00090630
  0.03601130   0.00090370
  0.03612050   0.00090100
  0.03622970   0.00089830
  0.03633900   0.00089560
  0.03644820   0.00089300
  0.03655740   0.00089030
  0.03666660   0.00088760
  0.03677590   0.00088490
  0.03688510   0.00088230
  0.03699430   0.00087960
  0.03710350   0.00087690
  0.03721280   0.00087420
  0.03732200   0.00087150
  0.03743120   0.00086890
  0.03754050   0.00086620
  0.03764970   0.00086350
  0.03775890   0.00086080
  0.03786810   0.00085820
  0.03797740   0.00085550
  0.03808660   0.00085280
  0.03819580   0.00085010
  0.03830510   0.00084750
  0.03841430   0.00084480
  0.03852350   0.00084210
  0.03863270   0.00083940
  0.03874200   0.00083680
  0.03885120   0.00083410
  0.03896040   0.00083140
  0.03906970   0.00082870
  0.03917890   0.00082610
  0.03928810   0.00082340
  0.03939730   0.00082070
  0.03950660   0.00081800
  0.03961580   0.00081530
  0.03972500   0.00081270
  0.03983430   0.00081000
  0.03994350   0.00080730
  0.04005270   0.00080460
  0.04016190   0.00080200
  0.04027120   0.00079930
  0.04038040   0.00079660
  0.04048960   0.00079390
  0.04059880   0.00079130
  0.04070810   0.00078860
  0.04081730   0.00078590
  0.04092650   0.00078320
  0.04103580   0.00078060
  0.04114500   0.00077790
  0.04125420   0.00077520
  0.04136340   0.00077250
  0.04147270   0.00076990
  0.04158190   0.00076720
  0.04169110   0.00076450
  0.04180040   0.00076180
  0.04190960   0.00075910
  0.04201880   0.00075650
  0.04212800   0.00075380
  0.04223730   0.00075110
  0.04234650   0.00074840
  0.04245570   0.00074580
  0.04256500   0.00074310
  0.04267420   0.00074040
  0.04278340   0.00073770
  0.04289260   0.00073510
  0.04300190   0.00073240
  0.04311110   0.00072970
  0.04322030   0.00072700
  0.04332950   0.00072440
  0.04343880   0.00072170
  0.04354800   0.00071900
  0.04365720   0.00071630
  0.04376650   0.00071360
  0.04387570   0.00071100
  0.04398490   0.00070830
  0.04409410   0.00070560
  0.04420340   0.00070290
  0.04431260   0.00070030
  0.04442180   0.00069760
  0.04453110   0.00069490
  0.04464030   0.00069220
  0.04474950   0.00068960
  0.04485870   0.00068690
  0.04496800   0.00068420
  0.04507720   0.00068150
  0.04518640   0.00067890
  0.04529570   0.00067620
  0.04540490   0.00067350
  0.04551410   0.00067080
  0.04562330   0.00066820
  0.04573260   0.00066550
  0.04584180   0.00066280
  0.04595100   0.00066010
  0.04606020   0.00065740
  0.04616950   0.00065480
  0.04627870   0.00065210
  0.04638790   0.00064940
  0.04649720   0.00064670
  0.04660640   0.00064410
  0.04671560   0.00064140
  0.04682480   0.00063870
  0.04693410   0.00063600
  0.04704330   0.00063340
  0.04715250   0.00063070
  0.04726180   0.00062800
  0.04737100   0.00062530
  0.04748020   0.00062270
  0.04758940   0.00062000
  0.04769870   0.00061730
  0.04780790   0.00061460
  0.04791710   0.00061200
  0.04802640   0.00060930
  0.04813560   0.00060660
  0.04824480   0.00060390
  0.04835400   0.00060120
  0.04846330   0.00059860
  0.04857250   0.00059590
  0.04868170   0.00059320
  0.04879090   0.00059050
  0.04890020   0.00058790
  0.04900940   0.00058520
  0.04911860   0.00058250
  0.04922790   0.00057980
  0.04933710   0.00057720
  0.04944630   0.00057450
  0.04955550   0.00057180
  0.04966480   0.00056910
  0.04977400   0.00056650
  0.04988320   0.00056380
  0.04999250   0.00056110
  0.05010170   0.00055840
  0.05021090   0.00055570
  0.05032010   0.00055310
  0.05042940   0.00055040
  0.05053860   0.00054770
  0.05064780   0.00054500
  0.05075710   0.00054240
  0.05086630   0.00053970
  0.05097550   0.00053700
  0.05108470   0.00053430
  0.05119400   0.00053170
  0.05130320   0.00052900
  0.05141240   0.00052630
  0.05152170   0.00052360
  0.05163090   0.00052100
  0.05174010   0.00051830
  0.05184930   0.00051560
  0.05195860   0.00051290
  0.05206780   0.00051030
  0.05217700   0.00050760
  0.05228620   0.00050490
  0.05239550   0.00050220
  0.05250470   0.00049950
  0.05261390   0.00049690
  0.05272320   0.00049420
  0.05283240   0.00049150
  0.05294160   0.00048880
  0.05305080   0.00048620
  0.05316010   0.00048350
  0.05326930   0.00048080
  0.05337850   0.00047810
  0.05348780   0.00047550
  0.05359700   0.00047280
  0.05370620   0.00047010
  0.05381540   0.00046740
  0.05392470   0.00046480
  0.05403390   0.00046210
  0.05414310   0.00045940
  0.05425240   0.00045670
  0.05436160   0.00045410
  0.05447080   0.00045140
  0.05458000   0.00044870
  0.05468930   0.00044600
  0.05479850   0.00044330
  0.05490770   0.00044070
  0.05501690   0.00043800
  0.05512620   0.00043530
  0.05523540   0.00043260
  0.05534460   0.00043000
  0.05545390   0.00042730
  0.05556310   0.00042460
  0.05567230   0.00042190
  0.05578150   0.00041930
  0.05589080   0.00041660
  0.05600000   0.00041390
  0.05608450   0.00041180
  0.05616890   0.00040980
  0.05625340   0.00040770
  0.05633790   0.00040560
  0.05642230   0.00040360
  0.05650680   0.00040150
  0.05659130   0.00039940
  0.05667570   0.00039740
  0.05676020   0.00039530
  0.05684470   0.00039320
  0.05692910   0.00039110
  0.05701360   0.00038910
  0.05709810   0.00038700
  0.05718250   0.00038490
  0.05726700   0.00038290
  0.05735140   0.00038080
  0.05743590   0.00037870
  0.05752040   0.00037670
  0.05760480   0.00037460
  0.05768930   0.00037250
  0.05777380   0.00037040
  0.05785820   0.00036840
  0.05794270   0.00036630
  0.05802720   0.00036420
  0.05811160   0.00036220
  0.05819610   0.00036010
  0.05828060   0.00035800
  0.05836500   0.00035600
  0.05844950   0.00035390
  0.05853400   0.00035180
  0.05861840   0.00034980
  0.05870290   0.00034770
  0.05878740   0.00034560
  0.05887180   0.00034350
  0.05895630   0.00034150
  0.05904080   0.00033940
  0.05912520   0.00033730
  0.05920970   0.00033530
  0.05929420   0.00033320
  0.05937860   0.00033110
  0.05946310   0.00032910
  0.05954750   0.00032700
  0.05963200   0.00032490
  0.05971650   0.00032280
  0.05980090   0.00032080
  0.05988540   0.00031870
  0.05996990   0.00031660
  0.06005430   0.00031460
  0.06013880   0.00031250
  0.06022330   0.00031040
  0.06030770   0.00030840
  0.06039220   0.00030630
  0.06047670   0.00030420
  0.06056110   0.00030220
  0.06064560   0.00030010
  0.06073010   0.00029800
  0.06081450   0.00029590
  0.06089900   0.00029390
  0.06098350   0.00029180
  0.06106790   0.00028970
  0.06115240   0.00028770
  0.06123690   0.00028560
  0.06132130   0.00028350
  0.06140580   0.00028150
  0.06149030   0.00027940
  0.06157470   0.00027730
  0.06165920   0.00027520
  0.06174370   0.00027320
  0.06182810   0.00027110
  0.06191260   0.00026900
  0.06199700   0.00026700
  0.06208150   0.00026490
  0.06216600   0.00026280
  0.06225040   0.00026080
  0.06233490   0.00025870
  0.06241940   0.00025660
  0.06250380   0.00025460
  0.06258830   0.00025250
  0.06267280   0.00025040
  0.06275720   0.00024830
  0.06284170   0.00024630
  0.06292620   0.00024420
  0.06301060   0.00024210
  0.06309510   0.00024010
  0.06317960   0.00023800
  0.06326400   0.00023590
  0.06334850   0.00023390
  0.06343300   0.00023180
  0.06351740   0.00022970
  0.06360190   0.00022760
  0.06368640   0.00022560
  0.06377080   0.00022350
  0.06385530   0.00022140
  0.06393980   0.00021940
  0.06402420   0.00021730
  0.06410870   0.00021520
  0.06419310   0.00021320
  0.06427760   0.00021110
  0.06436210   0.00020900
  0.06444650   0.00020700
  0.06453100   0.00020490
  0.06461550   0.00020280
  0.06469990   0.00020070
  0.06478440   0.00019870
  0.06486890   0.00019660
  0.06495330   0.00019450
  0.06503780   0.00019250
  0.06512230   0.00019040
  0.06520670   0.00018830
  0.06529120   0.00018630
  0.06537570   0.00018420
  0.06546010   0.00018210
  0.06554460   0.00018000
  0.06562910   0.00017800
  0.06571350   0.00017590
  0.06579800   0.00017380
  0.06588250   0.00017180
  0.06596690   0.00016970
  0.06605140   0.00016760
  0.06613590   0.00016560
  0.06622030   0.00016350
  0.06630480   0.00016140
  0.06638930   0.00015940
  0.06647370   0.00015730
  0.06655820   0.00015520
  0.06664260   0.00015310
  0.06672710   0.00015110
  0.06681160   0.00014900
  0.06689600   0.00014690
  0.06698050   0.00014490
  0.06706500   0.00014280
  0.06714940   0.00014070
  0.06723390   0.00013870
  0.06731840   0.00013660
  0.06740280   0.00013450
  0.06748730   0.00013250
  0.06757180   0.00013040
  0.06765620   0.00012830
  0.06774070   0.00012620
  0.06782520   0.00012420
  0.06790960   0.00012210
  0.06799410   0.00012000
  0.06807860   0.00011800
  0.06816300   0.00011590
  0.06824750   0.00011380
  0.06833200   0.00011180
  0.06841640   0.00010970
  0.06850090   0.00010760
  0.06858540   0.00010550
  0.06866980   0.00010350
  0.06875430   0.00010140
  0.06883870   0.00009930
  0.06892320   0.00009730
  0.06900770   0.00009520
  0.06909210   0.00009310
  0.06917660   0.00009110
  0.06926110   0.00008900
  0.06934550   0.00008690
  0.06943000   0.00008490
  0.06951450   0.00008280
  0.06959890   0.00008070
  0.06968340   0.00007860
  0.06976790   0.00007660
  0.06985230   0.00007450
  0.06993680   0.00007240
  0.07002130   0.00007040
  0.07010570   0.00006830
  0.07019020   0.00006620
  0.07027470   0.00006420
  0.07035910   0.00006210
  0.07044360   0.00006000
  0.07052810   0.00005790
  0.07061250   0.00005590
  0.07069700   0.00005380
  0.07078150   0.00005170
  0.07086590   0.00004970
  0.07095040   0.00004760
  0.07103490   0.00004550
  0.07111930   0.00004350
  0.07120380   0.00004140
  0.07128820   0.00003930
  0.07137270   0.00003730
  0.07145720   0.00003520
  0.07154160   0.00003310
  0.07162610   0.00003100
  0.07171060   0.00002900
  0.07179500   0.00002690
  0.07187950   0.00002480
  0.07196400   0.00002280
  0.07204840   0.00002070
  0.07213290   0.00001860
  0.07221740   0.00001660
  0.07230180   0.00001450
  0.07238630   0.00001240
  0.07247080   0.00001030
  0.07255520   0.00000830
  0.07263970   0.00000620
  0.07272420   0.00000410
  0.07280860   0.00000210
  0.07289310  -0.00000000
  0.07296310  -0.00000000
  0.07303300  -0.00000000
  0.07310300  -0.00000000
  0.07317300  -0.00000000
  0.07324290  -0.00000000
  0.07331290  -0.00000000
  0.07338290  -0.00000000
  0.07345280  -0.00000000
  0.07352280  -0.00000000
  0.07359280  -0.00000000
  0.07366270  -0.00000000
  0.07373270  -0.00000000
  0.07380270  -0.00000000
  0.07387260  -0.00000000
  0.07394260  -0.00000000
  0.07401260  -0.00000000
  0.07408250  -0.00000000
  0.07415250  -0.00000000
  0.07422250  -0.00000000
  0.07429240  -0.00000000
  0.07436240  -0.00000000
  0.07443240  -0.00000000
  0.07450230  -0.00000000
  0.07457230  -0.00000000
  0.07464230  -0.00000000
  0.07471220  -0.00000000
  0.07478220  -0.00000000
  0.07485220  -0.00000000
  0.07492210  -0.00000000
  0.07499210  -0.00000000
  0.07506210  -0.00000000
  0.07513200  -0.00000000
  0.07520200  -0.00000000
  0.07527200  -0.00000000
  0.07534190  -0.00000000
  0.07541190  -0.00000000
  0.07548190  -0.00000000
  0.07555180  -0.00000000
  0.07562180  -0.00000000
  0.07569180  -0.00000000
  0.07576170  -0.00000000
  0.07583170  -0.00000000
  0.07590170  -0.00000000
  0.07597160  -0.00000000
  0.07604160  -0.00000000
  0.07611160  -0.00000000
  0.07618150  -0.00000000
  0.07625150  -0.00000000
  0.07632150  -0.00000000
  0.07639140  -0.00000000
  0.07646140  -0.00000000
  0.07653140  -0.00000000
  0.07660130  -0.00000000
  0.07667130  -0.00000000
  0.07674130  -0.00000000
  0.07681120  -0.00000000
  0.07688120  -0.00000000
  0.07695120  -0.00000000
  0.07702110  -0.00000000
  0.07709110  -0.00000000
  0.07716110  -0.00000000
  0.07723100  -0.00000000
  0.07730100  -0.00000000
  0.07737100  -0.00000000
  0.07744090  -0.00000000
  0.07751090  -0.00000000
  0.07758090  -0.00000000
  0.07765080  -0.00000000
  0.07772080  -0.00000000
  0.07779080  -0.00000000
  0.07786080  -0.00000000
  0.07793070  -0.00000000
  0.07800070  -0.00000000
  0.07807070  -0.00000000
  0.07814060  -0.00000000
  0.07821060  -0.00000000
  0.07828060  -0.00000000
  0.07835050  -0.00000000
  0.07842050  -0.00000000
  0.07849050  -0.00000000
  0.07856040  -0.00000000
  0.07863040  -0.00000000
  0.07870040  -0.00000000
  0.07877030  -0.00000000
  0.07884030  -0.00000000
  0.07891030  -0.00000000
  0.07898020  -0.00000000
  0.07905020  -0.00000000
  0.07912020  -0.00000000
  0.07919010  -0.00000000
  0.07926010  -0.00000000
  0.07933010  -0.00000000
  0.07940000  -0.00000000
  0.07947000  -0.00000000
  0.07954000  -0.00000000
  0.07960990  -0.00000000
  0.07967990  -0.00000000
  0.07974990  -0.00000000
  0.07981980  -0.00000000
  0.07988980  -0.00000000
  0.07995980  -0.00000000
  0.08002970  -0.00000000
  0.08009970  -0.00000000
  0.08016970  -0.00000000
  0.08023960  -0.00000000
  0.08030960  -0.00000000
  0.08037960  -0.00000000
  0.08044950  -0.00000000
  0.08051950  -0.00000000
  0.08058950  -0.00000000
  0.08065940  -0.00000000
  0.08072940  -0.00000000
  0.08079940  -0.00000000
  0.08086930  -0.00000000
  0.08093930  -0.00000000
  0.08100930  -0.00000000
  0.08107920  -0.00000000
  0.08114920  -0.00000000
  0.08121920  -0.00000000
  0.08128910  -0.00000000
  0.08135910  -0.00000000
  0.08142910  -0.00000000
  0.08149900  -0.00000000
  0.08156900  -0.00000000
  0.08163900  -0.00000000
  0.08170890  -0.00000000
  0.08177890  -0.00000000
  0.08184890  -0.00000000
  0.08191880  -0.00000000
  0.08198880  -0.00000000
  0.08205880  -0.00000000
  0.08212870  -0.00000000
  0.08219870  -0.00000000
  0.08226870  -0.00000000
  0.08233860  -0.00000000
  0.08240860  -0.00000000
  0.08247860  -0.00000000
  0.08254850  -0.00000000
  0.08261850  -0.00000000
  0.08268850  -0.00000000
  0.08275840  -0.00000000
  0.08282840  -0.00000000
  0.08289840  -0.00000000
  0.08296830  -0.00000000
  0.08303830  -0.00000000
  0.08310830  -0.00000000
  0.08317820  -0.00000000
  0.08324820  -0.00000000
  0.08331820  -0.00000000
  0.08338810  -0.00000000
  0.08345810  -0.00000000
  0.08352810  -0.00000000
  0.08359800  -0.00000000
  0.08366800  -0.00000000
  0.08373800  -0.00000000
  0.08380790  -0.00000000
  0.08387790  -0.00000000
  0.08394790  -0.00000000
  0.08401790  -0.00000000
  0.08408780  -0.00000000
  0.08415780  -0.00000000
  0.08422780  -0.00000000
  0.08429770  -0.00000000
  0.08436770  -0.00000000
  0.08443770  -0.00000000
  0.08450760  -0.00000000
  0.08457760  -0.00000000
  0.08464760  -0.00000000
  0.08471750  -0.00000000
  0.08478750  -0.00000000
  0.08485750  -0.00000000
  0.08492740  -0.00000000
  0.08499740  -0.00000000
  0.08506740  -0.00000000
  0.08513730  -0.00000000
  0.08520730  -0.00000000
  0.08527730  -0.00000000
  0.08534720  -0.00000000
  0.08541720  -0.00000000
  0.08548720  -0.00000000
  0.08555710  -0.00000000
  0.08562710  -0.00000000
  0.08569710  -0.00000000
  0.08576700  -0.00000000
  0.08583700  -0.00000000
  0.08590700  -0.00000000
  0.08597690  -0.00000000
  0.08604690  -0.00000000
  0.08611690  -0.00000000
  0.08618680  -0.00000000
  0.08625680  -0.00000000
  0.08632680  -0.00000000
  0.08639670  -0.00000000
  0.08646670  -0.00000000
  0.08653670  -0.00000000
  0.08660660  -0.00000000
  0.08667660  -0.00000000
  0.08674660  -0.00000000
  0.08681650  -0.00000000
  0.08688650  -0.00000000
  0.08739770   0.00000060
  0.08790900   0.00000210
  0.08842020   0.00000450
  0.08893140   0.00000770
  0.08944270   0.00001180
  0.08995390   0.00001670
  0.09046510   0.00002260
  0.09097630   0.00002920
  0.09148750   0.00003680
  0.09199860   0.00004520
  0.09250980   0.00005450
  0.09302090   0.00006470
  0.09353210   0.00007570
  0.09404320   0.00008760
  0.09455420   0.00010040
  0.09506530   0.00011400
  0.09557630   0.00012850
  0.09608730   0.00014380
  0.09659830   0.00016010
  0.09710930   0.00017740
  0.09762010   0.00019770
  0.09813080   0.00022130
  0.09864130   0.00024810
  0.09915170   0.00027810
  0.09966180   0.00031150
  0.10017180   0.00034810
  0.10068140   0.00038790
  0.10119090   0.00043100
  0.10170000   0.00047740
  0.10220880   0.00052700
  0.10271730   0.00057990
  0.10322550   0.00063600
  0.10373330   0.00069530
  0.10424060   0.00075790
  0.10474760   0.00082380
  0.10525420   0.00089290
  0.10576030   0.00096520
  0.10626590   0.00104070
  0.10677100   0.00111950
  0.10727560   0.00120150
  0.10777970   0.00128680
  0.10828330   0.00137520
  0.10878620   0.00146690
  0.10928860   0.00156180
  0.10979030   0.00165980
  0.11029140   0.00176110
  0.11079190   0.00186560
  0.11129160   0.00197330
  0.11179070   0.00208420
  0.11228900   0.00219840
  0.11278410   0.00232580
  0.11327380   0.00247260
  0.11375730   0.00263860
  0.11423390   0.00282340
  0.11470290   0.00302680
  0.11516350   0.00324860
  0.11561510   0.00348820
  0.11605690   0.00374540
  0.11648820   0.00401980
  0.11690840   0.00431090
  0.11731680   0.00461840
  0.11771290   0.00494160
  0.11809590   0.00528020
  0.11846530   0.00563360
  0.11882050   0.00600120
  0.11916100   0.00638250
  0.11948630   0.00677690
  0.11979580   0.00718370
  0.12008900   0.00760250
  0.12036560   0.00803240
  0.12062510   0.00847290
  0.12086700   0.00892320
  0.12109100   0.00938270
  0.12129680   0.00985070
  0.12148410   0.01032630
  0.12165250   0.01080900
  0.12180180   0.01129790
  0.12193170   0.01179230
  0.12204210   0.01229150
  0.12213280   0.01279460
  0.12220370   0.01330090
  0.12225460   0.01380950
  0.12228600   0.01431980
  0.12231150   0.01483040
  0.12233700   0.01534100
  0.12236260   0.01585160
  0.12238810   0.01636220
  0.12241360   0.01687280
  0.12243920   0.01738340
  0.12246470   0.01789400
  0.12249020   0.01840460
  0.12251580   0.01891520
  0.12254130   0.01942580
  0.12256680   0.01993640
  0.12259230   0.02044700
  0.12261790   0.02095760
  0.12264340   0.02146820
  0.12266890   0.02197880
  0.12269450   0.02248940
  0.12272000   0.02300000
