  0.03145230   0.02300000
  0.03145540   0.02289080
  0.03145860   0.02278160
  0.03146170   0.02267240
  0.03146480   0.02256310
  0.03146790   0.02245390
  0.03147100   0.02234470
  0.03147420   0.02223550
  0.03147730   0.02212630
  0.03148040   0.02201710
  0.03148350   0.02190780
  0.03148660   0.02179860
  0.03148980   0.02168940
  0.03149290   0.02158020
  0.03149600   0.02147100
  0.03149910   0.02136180
  0.03150220   0.02125250
  0.03150540   0.02114330
  0.03150850   0.02103410
  0.03151160   0.02092490
  0.03151470   0.02081570
  0.03151780   0.02070650
  0.03152100   0.02059720
  0.03152410   0.02048800
  0.03152720   0.02037880
  0.03153030   0.02026960
  0.03153340   0.02016040
  0.03153660   0.02005120
  0.03153970   0.01994190
  0.03154280   0.01983270
  0.03154590   0.01972350
  0.03154900   0.01961430
  0.03155220   0.01950510
  0.03155530   0.01939590
  0.03155840   0.01928660
  0.03156150   0.01917740
  0.03156460   0.01906820
  0.03156780   0.01895900
  0.03157090   0.01884980
  0.03157400   0.01874060
  0.03157710   0.01863130
  0.03158030   0.01852210
  0.03158340   0.01841290
  0.03158650   0.01830370
  0.03158960   0.01819450
  0.03159270   0.01808530
  0.03159590   0.01797610
  0.03159900   0.01786680
  0.03160210   0.01775760
  0.03160520   0.01764840
  0.03160830   0.01753920
  0.03161150   0.01743000
  0.03161460   0.01732080
  0.03161770   0.01721150
  0.03162080   0.01710230
  0.03162390   0.01699310
  0.03162710   0.01688390
  0.03163020   0.01677470
  0.03163330   0.01666550
  0.03163640   0.01655620
  0.03163950   0.01644700
  0.03164270   0.01633780
  0.03164580   0.01622860
  0.03164890   0.01611940
  0.03165200   0.01601020
  0.03165510   0.01590090
  0.03165830   0.01579170
  0.03166140   0.01568250
  0.03166450   0.01557330
  0.03166760   0.01546410
  0.03167070   0.01535490
  0.03167390   0.01524560
  0.03167700   0.01513640
  0.03168010   0.01502720
  0.03168320   0.01491800
  0.03168630   0.01480880
  0.03168950   0.01469960
  0.03169260   0.01459030
  0.03169570   0.01448110
  0.03169880   0.01437190
  0.03170200   0.01426270
  0.03170510   0.01415350
  0.03170820   0.01404430
  0.03171130   0.01393510
  0.03171440   0.01382580
  0.03171760   0.01371660
  0.03172070   0.01360740
  0.03172380   0.01349820
  0.03172690   0.01338900
  0.03173000   0.01327980
  0.03173320   0.01317050
  0.03173630   0.01306130
  0.03173940   0.01295210
  0.03174250   0.01284290
  0.03174560   0.01273370
  0.03174880   0.01262450
  0.03175190   0.01251520
  0.03175500   0.01240600
  0.03175810   0.01229680
  0.03176120   0.01218760
  0.03176440   0.01207840
  0.03176750   0.01196920
  0.03177060   0.01185990
  0.03177370   0.01175070
  0.03177680   0.01164150
  0.03178000   0.01153230
  0.03178310   0.01142310
  0.03178620   0.01131390
  0.03178930   0.01120460
  0.03179240   0.01109540
  0.03179560   0.01098620
  0.03179870   0.01087700
  0.03180180   0.01076780
  0.03180490   0.01065860
  0.03180800   0.01054930
  0.03181120   0.01044010
  0.03181430   0.01033090
  0.03181740   0.01022170
  0.03182050   0.01011250
  0.03182360   0.01000330
  0.03182680   0.00989400
  0.03182990   0.00978480
  0.03183310   0.00967560
  0.03183720   0.00956640
  0.03184260   0.00945730
  0.03184910   0.00934820
  0.03185680   0.00923930
  0.03186570   0.00913040
  0.03187580   0.00902160
  0.03188710   0.00891290
  0.03189960   0.00880430
  0.03191320   0.00869590
  0.03192810   0.00858770
  0.03194410   0.00847960
  0.03196130   0.00837170
  0.03197970   0.00826400
  0.03199920   0.00815650
  0.03201990   0.00804920
  0.03204180   0.00794220
  0.03206490   0.00783540
  0.03208910   0.00772890
  0.03211450   0.00762260
  0.03214110   0.00751660
  0.03216880   0.00741090
  0.03219770   0.00730550
  0.03222770   0.00720050
  0.03225880   0.00709580
  0.03229110   0.00699140
  0.03232460   0.00688740
  0.03235920   0.00678370
  0.03239490   0.00668050
  0.03243170   0.00657760
  0.03246970   0.00647510
  0.03250870   0.00637310
  0.03254890   0.00627150
  0.03259020   0.00617030
  0.03263260   0.00606960
  0.03267610   0.00596940
  0.03272070   0.00586970
  0.03276630   0.00577040
  0.03281310   0.00567170
  0.03286090   0.00557340
  0.03290980   0.00547570
  0.03295980   0.00537850
  0.03301080   0.00528190
  0.03306290   0.00518590
  0.03311600   0.00509040
  0.03317020   0.00499550
  0.03322540   0.00490120
  0.03328160   0.00480750
  0.03333880   0.00471450
  0.03339710   0.00462200
  0.03345630   0.00453020
  0.03351660   0.00443910
  0.03357790   0.00434860
  0.03364010   0.00425880
  0.03370330   0.00416970
  0.03376750   0.00408130
  0.03383260   0.00399360
  0.03389870   0.00390660
  0.03396580   0.00382030
  0.03403380   0.00373480
  0.03410270   0.00365000
  0.03417250   0.00356600
  0.03424330   0.00348270
  0.03431500   0.00340020
  0.03438750   0.00331850
  0.03446100   0.00323770
  0.03453530   0.00315760
  0.03461050   0.00307830
  0.03468650   0.00299990
  0.03476340   0.00292230
  0.03484120   0.00284550
  0.03491980   0.00276960
  0.03499920   0.00269450
  0.03507940   0.00262040
  0.03516040   0.00254710
  0.03524230   0.00247470
  0.03532490   0.00240320
  0.03540830   0.00233260
  0.03549240   0.00226290
  0.03557780   0.00219470
  0.03566460   0.00212830
  0.03575290   0.00206390
  0.03584250   0.00200150
  0.03593350   0.00194100
  0.03602570   0.00188250
  0.03611930   0.00182600
  0.03621400   0.00177160
  0.03630990   0.00171920
  0.03640700   0.00166900
  0.03650510   0.00162090
  0.03660420   0.00157500
  0.03670430   0.00153120
  0.03680540   0.00148970
  0.03690730   0.00145030
  0.03701010   0.00141320
  0.03711360   0.00137840
  0.03721790   0.00134580
  0.03732290   0.00131550
  0.03742850   0.00128750
  0.03753470   0.00126190
  0.03764140   0.00123850
  0.03774860   0.00121750
  0.03785630   0.00119880
  0.03796430   0.00118250
  0.03807270   0.00116860
  0.03818130   0.00115700
  0.03829020   0.00114780
  0.03839930   0.00114100
  0.03850840   0.00113660
  0.03861770   0.00113380
  0.03872690   0.00113110
  0.03883610   0.00112850
  0.03894530   0.00112580
  0.03905460   0.00112310
  0.03916380   0.00112040
  0.03927300   0.00111780
  0.03938230   0.00111510
  0.03949150   0.00111240
  0.03960070   0.00110970
  0.03970990   0.00110710
  0.03981920   0.00110440
  0.03992840   0.00110170
  0.04003760   0.00109900
  0.04014680   0.00109640
  0.04025610   0.00109370
  0.04036530   0.00109100
  0.04047450   0.00108830
  0.04058380   0.00108560
  0.04069300   0.00108300
  0.04080220   0.00108030
  0.04091140   0.00107760
  0.04102070   0.00107490
  0.04112990   0.00107230
  0.04123910   0.00106960
  0.04134840   0.00106690
  0.04145760   0.00106420
  0.04156680   0.00106160
  0.04167600   0.00105890
  0.04178530   0.00105620
  0.04189450   0.00105350
  0.04200370   0.00105090
  0.04211300   0.00104820
  0.04222220   0.00104550
  0.04233140   0.00104280
  0.04244060   0.00104020
  0.04254990   0.00103750
  0.04265910   0.00103480
  0.04276830   0.00103210
  0.04287760   0.00102940
  0.04298680   0.00102680
  0.04309600   0.00102410
  0.04320520   0.00102140
  0.04331450   0.00101870
  0.04342370   0.00101610
  0.04353290   0.00101340
  0.04364210   0.00101070
  0.04375140   0.00100800
  0.04386060   0.00100540
  0.04396980   0.00100270
  0.04407910   0.00100000
  0.04418830   0.00099730
  0.04429750   0.00099470
  0.04440670   0.00099200
  0.04451600   0.00098930
  0.04462520   0.00098660
  0.04473440   0.00098400
  0.04484370   0.00098130
  0.04495290   0.00097860
  0.04506210   0.00097590
  0.04517130   0.00097320
  0.04528060   0.00097060
  0.04538980   0.00096790
  0.04549900   0.00096520
  0.04560830   0.00096250
  0.04571750   0.00095990
  0.04582670   0.00095720
  0.04593590   0.00095450
  0.04604520   0.00095180
  0.04615440   0.00094920
  0.04626360   0.00094650
  0.04637280   0.00094380
  0.04648210   0.00094110
  0.04659130   0.00093850
  0.04670050   0.00093580
  0.04680980   0.00093310
  0.04691900   0.00093040
  0.04702820   0.00092780
  0.04713740   0.00092510
  0.04724670   0.00092240
  0.04735590   0.00091970
  0.04746510   0.00091700
  0.04757440   0.00091440
  0.04768360   0.00091170
  0.04779280   0.00090900
  0.04790200   0.00090630
  0.04801130   0.00090370
  0.04812050   0.00090100
  0.04822970   0.00089830
  0.04833900   0.00089560
  0.04844820   0.00089300
  0.04855740   0.00089030
  0.04866660   0.00088760
  0.04877590   0.00088490
  0.04888510   0.00088230
  0.04899430   0.00087960
  0.04910350   0.00087690
  0.04921280   0.00087420
  0.04932200   0.00087150
  0.04943120   0.00086890
  0.04954050   0.00086620
  0.04964970   0.00086350
  0.04975890   0.00086080
  0.04986810   0.00085820
  0.04997740   0.00085550
  0.05008660   0.00085280
  0.05019580   0.00085010
  0.05030510   0.00084750
  0.05041430   0.00084480
  0.05052350   0.00084210
  0.05063270   0.00083940
  0.05074200   0.00083680
  0.05085120   0.00083410
  0.05096040   0.00083140
  0.05106970   0.00082870
  0.05117890   0.00082610
  0.05128810   0.00082340
  0.05139730   0.00082070
  0.05150660   0.00081800
  0.05161580   0.00081530
  0.05172500   0.00081270
  0.05183430   0.00081000
  0.05194350   0.00080730
  0.05205270   0.00080460
  0.05216190   0.00080200
  0.05227120   0.00079930
  0.05238040   0.00079660
  0.05248960   0.00079390
  0.05259880   0.00079130
  0.05270810   0.00078860
  0.05281730   0.00078590
  0.05292650   0.00078320
  0.05303580   0.00078060
  0.05314500   0.00077790
  0.05325420   0.00077520
  0.05336340   0.00077250
  0.05347270   0.00076990
  0.05358190   0.00076720
  0.05369110   0.00076450
  0.05380040   0.00076180
  0.05390960   0.00075910
  0.05401880   0.00075650
  0.05412800   0.00075380
  0.05423730   0.00075110
  0.05434650   0.00074840
  0.05445570   0.00074580
  0.05456500   0.00074310
  0.05467420   0.00074040
  0.05478340   0.00073770
  0.05489260   0.00073510
  0.05500190   0.00073240
  0.05511110   0.00072970
  0.05522030   0.00072700
  0.05532950   0.00072440
  0.05543880   0.00072170
  0.05554800   0.00071900
  0.05565720   0.00071630
  0.05576650   0.00071360
  0.05587570   0.00071100
  0.05598490   0.00070830
  0.05609410   0.00070560
  0.05620340   0.00070290
  0.05631260   0.00070030
  0.05642180   0.00069760
  0.05653110   0.00069490
  0.05664030   0.00069220
  0.05674950   0.00068960
  0.05685870   0.00068690
  0.05696800   0.00068420
  0.05707720   0.00068150
  0.05718640   0.00067890
  0.05729570   0.00067620
  0.05740490   0.00067350
  0.05751410   0.00067080
  0.05762330   0.00066820
  0.05773260   0.00066550
  0.05784180   0.00066280
  0.05795100   0.00066010
  0.05806020   0.00065740
  0.05816950   0.00065480
  0.05827870   0.00065210
  0.05838790   0.00064940
  0.05849720   0.00064670
  0.05860640   0.00064410
  0.05871560   0.00064140
  0.05882480   0.00063870
  0.05893410   0.00063600
  0.05904330   0.00063340
  0.05915250   0.00063070
  0.05926180   0.00062800
  0.05937100   0.00062530
  0.05948020   0.00062270
  0.05958940   0.00062000
  0.05969870   0.00061730
  0.05980790   0.00061460
  0.05991710   0.00061200
  0.06002640   0.00060930
  0.06013560   0.00060660
  0.06024480   0.00060390
  0.06035400   0.00060120
  0.06046330   0.00059860
  0.06057250   0.00059590
  0.06068170   0.00059320
  0.06079090   0.00059050
  0.06090020   0.00058790
  0.06100940   0.00058520
  0.06111860   0.00058250
  0.06122790   0.00057980
  0.06133710   0.00057720
  0.06144630   0.00057450
  0.06155550   0.00057180
  0.06166480   0.00056910
  0.06177400   0.00056650
  0.06188320   0.00056380
  0.06199250   0.00056110
  0.06210170   0.00055840
  0.06221090   0.00055570
  0.06232010   0.00055310
  0.06242940   0.00055040
  0.06253860   0.00054770
  0.06264780   0.00054500
  0.06275710   0.00054240
  0.06286630   0.00053970
  0.06297550   0.00053700
  0.06308470   0.00053430
  0.06319400   0.00053170
  0.06330320   0.00052900
  0.06341240   0.00052630
  0.06352170   0.00052360
  0.06363090   0.00052100
  0.06374010   0.00051830
  0.06384930   0.00051560
  0.06395860   0.00051290
  0.06406780   0.00051030
  0.06417700   0.00050760
  0.06428620   0.00050490
  0.06439550   0.00050220
  0.06450470   0.00049950
  0.06461390   0.00049690
  0.06472320   0.00049420
  0.06483240   0.00049150
  0.06494160   0.00048880
  0.06505080   0.00048620
  0.06516010   0.00048350
  0.06526930   0.00048080
  0.06537850   0.00047810
  0.06548780   0.00047550
  0.06559700   0.00047280
  0.06570620   0.00047010
  0.06581540   0.00046740
  0.06592470   0.00046480
  0.06603390   0.00046210
  0.06614310   0.00045940
  0.06625240   0.00045670
  0.06636160   0.00045410
  0.06647080   0.00045140
  0.06658000   0.00044870
  0.06668930   0.00044600
  0.06679850   0.00044330
  0.06690770   0.00044070
  0.06701690   0.00043800
  0.06712620   0.00043530
  0.06723540   0.00043260
  0.06734460   0.00043000
  0.06745390   0.00042730
  0.06756310   0.00042460
  0.06767230   0.00042190
  0.06778150   0.00041930
  0.06789080   0.00041660
  0.06800000   0.00041390
  0.06808450   0.00041180
  0.06816890   0.00040980
  0.06825340   0.00040770
  0.06833790   0.00040560
  0.06842230   0.00040360
  0.06850680   0.00040150
  0.06859130   0.00039940
  0.06867570   0.00039740
  0.06876020   0.00039530
  0.06884470   0.00039320
  0.06892910   0.00039110
  0.06901360   0.00038910
  0.06909810   0.00038700
  0.06918250   0.00038490
  0.06926700   0.00038290
  0.06935140   0.00038080
  0.06943590   0.00037870
  0.06952040   0.00037670
  0.06960480   0.00037460
  0.06968930   0.00037250
  0.06977380   0.00037040
  0.06985820   0.00036840
  0.06994270   0.00036630
  0.07002720   0.00036420
  0.07011160   0.00036220
  0.07019610   0.00036010
  0.07028060   0.00035800
  0.07036500   0.00035600
  0.07044950   0.00035390
  0.07053400   0.00035180
  0.07061840   0.00034980
  0.07070290   0.00034770
  0.07078740   0.00034560
  0.07087180   0.00034350
  0.07095630   0.00034150
  0.07104080   0.00033940
  0.07112520   0.00033730
  0.07120970   0.00033530
  0.07129420   0.00033320
  0.07137860   0.00033110
  0.07146310   0.00032910
  0.07154750   0.00032700
  0.07163200   0.00032490
  0.07171650   0.00032280
  0.07180090   0.00032080
  0.07188540   0.00031870
  0.07196990   0.00031660
  0.07205430   0.00031460
  0.07213880   0.00031250
  0.07222330   0.00031040
  0.07230770   0.00030840
  0.07239220   0.00030630
  0.07247670   0.00030420
  0.07256110   0.00030220
  0.07264560   0.00030010
  0.07273010   0.00029800
  0.07281450   0.00029590
  0.07289900   0.00029390
  0.07298350   0.00029180
  0.07306790   0.00028970
  0.07315240   0.00028770
  0.07323690   0.00028560
  0.07332130   0.00028350
  0.07340580   0.00028150
  0.07349030   0.00027940
  0.07357470   0.00027730
  0.07365920   0.00027520
  0.07374370   0.00027320
  0.07382810   0.00027110
  0.07391260   0.00026900
  0.07399700   0.00026700
  0.07408150   0.00026490
  0.07416600   0.00026280
  0.07425040   0.00026080
  0.07433490   0.00025870
  0.07441940   0.00025660
  0.07450380   0.00025460
  0.07458830   0.00025250
  0.07467280   0.00025040
  0.07475720   0.00024830
  0.07484170   0.00024630
  0.07492620   0.00024420
  0.07501060   0.00024210
  0.07509510   0.00024010
  0.07517960   0.00023800
  0.07526400   0.00023590
  0.07534850   0.00023390
  0.07543300   0.00023180
  0.07551740   0.00022970
  0.07560190   0.00022760
  0.07568640   0.00022560
  0.07577080   0.00022350
  0.07585530   0.00022140
  0.07593980   0.00021940
  0.07602420   0.00021730
  0.07610870   0.00021520
  0.07619310   0.00021320
  0.07627760   0.00021110
  0.07636210   0.00020900
  0.07644650   0.00020700
  0.07653100   0.00020490
  0.07661550   0.00020280
  0.07669990   0.00020070
  0.07678440   0.00019870
  0.07686890   0.00019660
  0.07695330   0.00019450
  0.07703780   0.00019250
  0.07712230   0.00019040
  0.07720670   0.00018830
  0.07729120   0.00018630
  0.07737570   0.00018420
  0.07746010   0.00018210
  0.07754460   0.00018000
  0.07762910   0.00017800
  0.07771350   0.00017590
  0.07779800   0.00017380
  0.07788250   0.00017180
  0.07796690   0.00016970
  0.07805140   0.00016760
  0.07813590   0.00016560
  0.07822030   0.00016350
  0.07830480   0.00016140
  0.07838930   0.00015940
  0.07847370   0.00015730
  0.07855820   0.00015520
  0.07864260   0.00015310
  0.07872710   0.00015110
  0.07881160   0.00014900
  0.07889600   0.00014690
  0.07898050   0.00014490
  0.07906500   0.00014280
  0.07914940   0.00014070
  0.07923390   0.00013870
  0.07931840   0.00013660
  0.07940280   0.00013450
  0.07948730   0.00013250
  0.07957180   0.00013040
  0.07965620   0.00012830
  0.07974070   0.00012620
  0.07982520   0.00012420
  0.07990960   0.00012210
  0.07999410   0.00012000
  0.08007860   0.00011800
  0.08016300   0.00011590
  0.08024750   0.00011380
  0.08033200   0.00011180
  0.08041640   0.00010970
  0.08050090   0.00010760
  0.08058540   0.00010550
  0.08066980   0.00010350
  0.08075430   0.00010140
  0.08083870   0.00009930
  0.08092320   0.00009730
  0.08100770   0.00009520
  0.08109210   0.00009310
  0.08117660   0.00009110
  0.08126110   0.00008900
  0.08134550   0.00008690
  0.08143000   0.00008490
  0.08151450   0.00008280
  0.08159890   0.00008070
  0.08168340   0.00007860
  0.08176790   0.00007660
  0.08185230   0.00007450
  0.08193680   0.00007240
  0.08202130   0.00007040
  0.08210570   0.00006830
  0.08219020   0.00006620
  0.08227470   0.00006420
  0.08235910   0.00006210
  0.08244360   0.00006000
  0.08252810   0.00005790
  0.08261250   0.00005590
  0.08269700   0.00005380
  0.08278150   0.00005170
  0.08286590   0.00004970
  0.08295040   0.00004760
  0.08303490   0.00004550
  0.08311930   0.00004350
  0.08320380   0.00004140
  0.08328820   0.00003930
  0.08337270   0.00003730
  0.08345720   0.00003520
  0.08354160   0.00003310
  0.08362610   0.00003100
  0.08371060   0.00002900
  0.08379500   0.00002690
  0.08387950   0.00002480
  0.08396400   0.00002280
  0.08404840   0.00002070
  0.08413290   0.00001860
  0.08421740   0.00001660
  0.08430180   0.00001450
  0.08438630   0.00001240
  0.08447080   0.00001030
  0.08455520   0.00000830
  0.08463970   0.00000620
  0.08472420   0.00000410
  0.08480860   0.00000210
  0.08489310  -0.00000000
  0.08496310  -0.00000000
  0.08503300  -0.00000000
  0.08510300  -0.00000000
  0.08517300  -0.00000000
  0.08524290  -0.00000000
  0.08531290  -0.00000000
  0.08538290  -0.00000000
  0.08545280  -0.00000000
  0.08552280  -0.00000000
  0.08559280  -0.00000000
  0.08566270  -0.00000000
  0.08573270  -0.00000000
  0.08580270  -0.00000000
  0.08587260  -0.00000000
  0.08594260  -0.00000000
  0.08601260  -0.00000000
  0.08608250  -0.00000000
  0.08615250  -0.00000000
  0.08622250  -0.00000000
  0.08629240  -0.00000000
  0.08636240  -0.00000000
  0.08643240  -0.00000000
  0.08650230  -0.00000000
  0.08657230  -0.00000000
  0.08664230  -0.00000000
  0.08671220  -0.00000000
  0.08678220  -0.00000000
  0.08685220  -0.00000000
  0.08692210  -0.00000000
  0.08699210  -0.00000000
  0.08706210  -0.00000000
  0.08713200  -0.00000000
  0.08720200  -0.00000000
  0.08727200  -0.00000000
  0.08734190  -0.00000000
  0.08741190  -0.00000000
  0.08748190  -0.00000000
  0.08755180  -0.00000000
  0.08762180  -0.00000000
  0.08769180  -0.00000000
  0.08776170  -0.00000000
  0.08783170  -0.00000000
  0.08790170  -0.00000000
  0.08797160  -0.00000000
  0.08804160  -0.00000000
  0.08811160  -0.00000000
  0.08818150  -0.00000000
  0.08825150  -0.00000000
  0.08832150  -0.00000000
  0.08839140  -0.00000000
  0.08846140  -0.00000000
  0.08853140  -0.00000000
  0.08860130  -0.00000000
  0.08867130  -0.00000000
  0.08874130  -0.00000000
  0.08881120  -0.00000000
  0.08888120  -0.00000000
  0.08895120  -0.00000000
  0.08902110  -0.00000000
  0.08909110  -0.00000000
  0.08916110  -0.00000000
  0.08923100  -0.00000000
  0.08930100  -0.00000000
  0.08937100  -0.00000000
  0.08944090  -0.00000000
  0.08951090  -0.00000000
  0.08958090  -0.00000000
  0.08965080  -0.00000000
  0.08972080  -0.00000000
  0.08979080  -0.00000000
  0.08986080  -0.00000000
  0.08993070  -0.00000000
  0.09000070  -0.00000000
  0.09007070  -0.00000000
  0.09014060  -0.00000000
  0.09021060  -0.00000000
  0.09028060  -0.00000000
  0.09035050  -0.00000000
  0.09042050  -0.00000000
  0.09049050  -0.00000000
  0.09056040  -0.00000000
  0.09063040  -0.00000000
  0.09070040  -0.00000000
  0.09077030  -0.00000000
  0.09084030  -0.00000000
  0.09091030  -0.00000000
  0.09098020  -0.00000000
  0.09105020  -0.00000000
  0.09112020  -0.00000000
  0.09119010  -0.00000000
  0.09126010  -0.00000000
  0.09133010  -0.00000000
  0.09140000  -0.00000000
  0.09147000  -0.00000000
  0.09154000  -0.00000000
  0.09160990  -0.00000000
  0.09167990  -0.00000000
  0.09174990  -0.00000000
  0.09181980  -0.00000000
  0.09188980  -0.00000000
  0.09195980  -0.00000000
  0.09202970  -0.00000000
  0.09209970  -0.00000000
  0.09216970  -0.00000000
  0.09223960  -0.00000000
  0.09230960  -0.00000000
  0.09237960  -0.00000000
  0.09244950  -0.00000000
  0.09251950  -0.00000000
  0.09258950  -0.00000000
  0.09265940  -0.00000000
  0.09272940  -0.00000000
  0.09279940  -0.00000000
  0.09286930  -0.00000000
  0.09293930  -0.00000000
  0.09300930  -0.00000000
  0.09307920  -0.00000000
  0.09314920  -0.00000000
  0.09321920  -0.00000000
  0.09328910  -0.00000000
  0.09335910  -0.00000000
  0.09342910  -0.00000000
  0.09349900  -0.00000000
  0.09356900  -0.00000000
  0.09363900  -0.00000000
  0.09370890  -0.00000000
  0.09377890  -0.00000000
  0.09384890  -0.00000000
  0.09391880  -0.00000000
  0.09398880  -0.00000000
  0.09405880  -0.00000000
  0.09412870  -0.00000000
  0.09419870  -0.00000000
  0.09426870  -0.00000000
  0.09433860  -0.00000000
  0.09440860  -0.00000000
  0.09447860  -0.00000000
  0.09454850  -0.00000000
  0.09461850  -0.00000000
  0.09468850  -0.00000000
  0.09475840  -0.00000000
  0.09482840  -0.00000000
  0.09489840  -0.00000000
  0.09496830  -0.00000000
  0.09503830  -0.00000000
  0.09510830  -0.00000000
  0.09517820  -0.00000000
  0.09524820  -0.00000000
  0.09531820  -0.00000000
  0.09538810  -0.00000000
  0.09545810  -0.00000000
  0.09552810  -0.00000000
  0.09559800  -0.00000000
  0.09566800  -0.00000000
  0.09573800  -0.00000000
  0.09580790  -0.00000000
  0.09587790  -0.00000000
  0.09594790  -0.00000000
  0.09601790  -0.00000000
  0.09608780  -0.00000000
  0.09615780  -0.00000000
  0.09622780  -0.00000000
  0.09629770  -0.00000000
  0.09636770  -0.00000000
  0.09643770  -0.00000000
  0.09650760  -0.00000000
  0.09657760  -0.00000000
  0.09664760  -0.00000000
  0.09671750  -0.00000000
  0.09678750  -0.00000000
  0.09685750  -0.00000000
  0.09692740  -0.00000000
  0.09699740  -0.00000000
  0.09706740  -0.00000000
  0.09713730  -0.00000000
  0.09720730  -0.00000000
  0.09727730  -0.00000000
  0.09734720  -0.00000000
  0.09741720  -0.00000000
  0.09748720  -0.00000000
  0.09755710  -0.00000000
  0.09762710  -0.00000000
  0.09769710  -0.00000000
  0.09776700  -0.00000000
  0.09783700  -0.00000000
  0.09790700  -0.00000000
  0.09797690  -0.00000000
  0.09804690  -0.00000000
  0.09811690  -0.00000000
  0.09818680  -0.00000000
  0.09825680  -0.00000000
  0.09832680  -0.00000000
  0.09839670  -0.00000000
  0.09846670  -0.00000000
  0.09853670  -0.00000000
  0.09860660  -0.00000000
  0.09867660  -0.00000000
  0.09874660  -0.00000000
  0.09881650  -0.00000000
  0.09888650  -0.00000000
  0.09939770   0.00000060
  0.09990900   0.00000210
  0.10042020   0.00000450
  0.10093140   0.00000770
  0.10144270   0.00001180
  0.10195390   0.00001670
  0.10246510   0.00002260
  0.10297630   0.00002920
  0.10348750   0.00003680
  0.10399860   0.00004520
  0.10450980   0.00005450
  0.10502090   0.00006470
  0.10553210   0.00007570
  0.10604320   0.00008760
  0.10655420   0.00010040
  0.10706530   0.00011400
  0.10757630   0.00012850
  0.10808730   0.00014380
  0.10859830   0.00016010
  0.10910930   0.00017740
  0.10962010   0.00019770
  0.11013080   0.00022130
  0.11064130   0.00024810
  0.11115170   0.00027810
  0.11166180   0.00031150
  0.11217180   0.00034810
  0.11268140   0.00038790
  0.11319090   0.00043100
  0.11370000   0.00047740
  0.11420880   0.00052700
  0.11471730   0.00057990
  0.11522550   0.00063600
  0.11573330   0.00069530
  0.11624060   0.00075790
  0.11674760   0.00082380
  0.11725420   0.00089290
  0.11776030   0.00096520
  0.11826590   0.00104070
  0.11877100   0.00111950
  0.11927560   0.00120150
  0.11977970   0.00128680
  0.12028330   0.00137520
  0.12078620   0.00146690
  0.12128860   0.00156180
  0.12179030   0.00165980
  0.12229140   0.00176110
  0.12279190   0.00186560
  0.12329160   0.00197330
  0.12379070   0.00208420
  0.12428900   0.00219840
  0.12478410   0.00232580
  0.12527380   0.00247260
  0.12575730   0.00263860
  0.12623390   0.00282340
  0.12670290   0.00302680
  0.12716350   0.00324860
  0.12761510   0.00348820
  0.12805690   0.00374540
  0.12848820   0.00401980
  0.12890840   0.00431090
  0.12931680   0.00461840
  0.12971290   0.00494160
  0.13009590   0.00528020
  0.13046530   0.00563360
  0.13082050   0.00600120
  0.13116100   0.00638250
  0.13148630   0.00677690
  0.13179580   0.00718370
  0.13208900   0.00760250
  0.13236560   0.00803240
  0.13262510   0.00847290
  0.13286700   0.00892320
  0.13309100   0.00938270
  0.13329680   0.00985070
  0.13348410   0.01032630
  0.13365250   0.01080900
  0.13380180   0.01129790
  0.13393170   0.01179230
  0.13404210   0.01229150
  0.13413280   0.01279460
  0.13420370   0.01330090
  0.13425460   0.01380950
  0.13428600   0.01431980
  0.13431150   0.01483040
  0.13433700   0.01534100
  0.13436260   0.01585160
  0.13438810   0.01636220
  0.13441360   0.01687280
  0.13443920   0.01738340
  0.13446470   0.01789400
  0.13449020   0.01840460
  0.13451580   0.01891520
  0.13454130   0.01942580
  0.13456680   0.01993640
  0.13459230   0.02044700
  0.13461790   0.02095760
  0.13464340   0.02146820
  0.13466890   0.02197880
  0.13469450   0.02248940
  0.13472000   0.02300000
