 -0.03567511   0.02300684
 -0.03567225   0.02289370
 -0.03566943   0.02278060
 -0.03566661   0.02266746
 -0.03566380   0.02255436
 -0.03566098   0.02244122
 -0.03565816   0.02232811
 -0.03565527   0.02221498
 -0.03565246   0.02210184
 -0.03564964   0.02198874
 -0.03564682   0.02187560
 -0.03564400   0.02176250
 -0.03564118   0.02164942
 -0.03563832   0.02153628
 -0.03563550   0.02142318
 -0.03563269   0.02131004
 -0.03562987   0.02119694
 -0.03562705   0.02108380
 -0.03562423   0.02097070
 -0.03562141   0.02085756
 -0.03561859   0.02074442
 -0.03561571   0.02063132
 -0.03561289   0.02051818
 -0.03561007   0.02040508
 -0.03560725   0.02029194
 -0.03560439   0.02017880
 -0.03560157   0.02006570
 -0.03559876   0.01995256
 -0.03559594   0.01983946
 -0.03559312   0.01972632
 -0.03559030   0.01961322
 -0.03558748   0.01950008
 -0.03558466   0.01938694
 -0.03558184   0.01927384
 -0.03557896   0.01916070
 -0.03557614   0.01904760
 -0.03557332   0.01893453
 -0.03557046   0.01882139
 -0.03556764   0.01870829
 -0.03556483   0.01859515
 -0.03556201   0.01848205
 -0.03555919   0.01836891
 -0.03555637   0.01825581
 -0.03555355   0.01814267
 -0.03555073   0.01802953
 -0.03554791   0.01791643
 -0.03554509   0.01780329
 -0.03554227   0.01769019
 -0.03553939   0.01757705
 -0.03553653   0.01746391
 -0.03553371   0.01735081
 -0.03553090   0.01723767
 -0.03552808   0.01712457
 -0.03552526   0.01701143
 -0.03552244   0.01689833
 -0.03551962   0.01678519
 -0.03551680   0.01667205
 -0.03551398   0.01655895
 -0.03551116   0.01644581
 -0.03550834   0.01633271
 -0.03550552   0.01621963
 -0.03550260   0.01610650
 -0.03549979   0.01599339
 -0.03549697   0.01588026
 -0.03549415   0.01576715
 -0.03549133   0.01565401
 -0.03548832   0.01554091
 -0.03548460   0.01542777
 -0.03548025   0.01531470
 -0.03547514   0.01520173
 -0.03546925   0.01508871
 -0.03546273   0.01497580
 -0.03545551   0.01486292
 -0.03544748   0.01475004
 -0.03543886   0.01463732
 -0.03542946   0.01452463
 -0.03541943   0.01441204
 -0.03540863   0.01429954
 -0.03539713   0.01418714
 -0.03538493   0.01407483
 -0.03537194   0.01396262
 -0.03535790   0.01385057
 -0.03534287   0.01373861
 -0.03532685   0.01362682
 -0.03530993   0.01351516
 -0.03529196   0.01340363
 -0.03527307   0.01329232
 -0.03525311   0.01318118
 -0.03523227   0.01307023
 -0.03521043   0.01295944
 -0.03518760   0.01284888
 -0.03516379   0.01273849
 -0.03513907   0.01262834
 -0.03511337   0.01251840
 -0.03508668   0.01240872
 -0.03505909   0.01229930
 -0.03503052   0.01219010
 -0.03500095   0.01208120
 -0.03497049   0.01197253
 -0.03493904   0.01186412
 -0.03490660   0.01175600
 -0.03487326   0.01164817
 -0.03483900   0.01154067
 -0.03480378   0.01143350
 -0.03476764   0.01132662
 -0.03473057   0.01122013
 -0.03469254   0.01111387
 -0.03465358   0.01100803
 -0.03461370   0.01090249
 -0.03457296   0.01079734
 -0.03453126   0.01069251
 -0.03448860   0.01058812
 -0.03444505   0.01048408
 -0.03440064   0.01038043
 -0.03435527   0.01027721
 -0.03430904   0.01017438
 -0.03426192   0.01007194
 -0.03421387   0.00996999
 -0.03416492   0.00986844
 -0.03411509   0.00976727
 -0.03406443   0.00966664
 -0.03401284   0.00956642
 -0.03396039   0.00946667
 -0.03390708   0.00936737
 -0.03385290   0.00926856
 -0.03379784   0.00917021
 -0.03374201   0.00907239
 -0.03368523   0.00897509
 -0.03362765   0.00887824
 -0.03356917   0.00878192
 -0.03350997   0.00868613
 -0.03344984   0.00859089
 -0.03338888   0.00849614
 -0.03332710   0.00840202
 -0.03326455   0.00830835
 -0.03320117   0.00821531
 -0.03313697   0.00812286
 -0.03307194   0.00803089
 -0.03300614   0.00793955
 -0.03293952   0.00784880
 -0.03287217   0.00775864
 -0.03280395   0.00766904
 -0.03273501   0.00758012
 -0.03266530   0.00749177
 -0.03259477   0.00740406
 -0.03252357   0.00731698
 -0.03245154   0.00723053
 -0.03237876   0.00714473
 -0.03230530   0.00705952
 -0.03223109   0.00697503
 -0.03215604   0.00689119
 -0.03208040   0.00680795
 -0.03200396   0.00672546
 -0.03192682   0.00664363
 -0.03184899   0.00656252
 -0.03177042   0.00648203
 -0.03169120   0.00640227
 -0.03161130   0.00632326
 -0.03153065   0.00624490
 -0.03144939   0.00616730
 -0.03136741   0.00609039
 -0.03128479   0.00601420
 -0.03120154   0.00593877
 -0.03111760   0.00586409
 -0.03103302   0.00579013
 -0.03094781   0.00571690
 -0.03086194   0.00564445
 -0.03077546   0.00557279
 -0.03068836   0.00550189
 -0.03060069   0.00543171
 -0.03051239   0.00536238
 -0.03042348   0.00529374
 -0.03033398   0.00522599
 -0.03024391   0.00515893
 -0.03015328   0.00509279
 -0.03006201   0.00502734
 -0.02997024   0.00496280
 -0.02987794   0.00489903
 -0.02978508   0.00483607
 -0.02969161   0.00477390
 -0.02959767   0.00471256
 -0.02950317   0.00465213
 -0.02940817   0.00459249
 -0.02931267   0.00453371
 -0.02921663   0.00447575
 -0.02912015   0.00441864
 -0.02902311   0.00436236
 -0.02892570   0.00430696
 -0.02882773   0.00425245
 -0.02872932   0.00419876
 -0.02863047   0.00414596
 -0.02853113   0.00409408
 -0.02843141   0.00404302
 -0.02833119   0.00399285
 -0.02823053   0.00394363
 -0.02812954   0.00389517
 -0.02802805   0.00384773
 -0.02792625   0.00380118
 -0.02782399   0.00375545
 -0.02772135   0.00371067
 -0.02761834   0.00366675
 -0.02751497   0.00362381
 -0.02741119   0.00358176
 -0.02730711   0.00354057
 -0.02720265   0.00350040
 -0.02709786   0.00346108
 -0.02699287   0.00342247
 -0.02688762   0.00338419
 -0.02678221   0.00334630
 -0.02667661   0.00330873
 -0.02657087   0.00327150
 -0.02646496   0.00323465
 -0.02635880   0.00319814
 -0.02625260   0.00316206
 -0.02614619   0.00312625
 -0.02603957   0.00309083
 -0.02593284   0.00305574
 -0.02582591   0.00302108
 -0.02571889   0.00298673
 -0.02561164   0.00295273
 -0.02550430   0.00291911
 -0.02539680   0.00288591
 -0.02528908   0.00285298
 -0.02518129   0.00282048
 -0.02507336   0.00278831
 -0.02496522   0.00275657
 -0.02485701   0.00272511
 -0.02474859   0.00269406
 -0.02464009   0.00266339
 -0.02453146   0.00263311
 -0.02442268   0.00260320
 -0.02431380   0.00257365
 -0.02420481   0.00254448
 -0.02409564   0.00251569
 -0.02398637   0.00248729
 -0.02387696   0.00245923
 -0.02376744   0.00243156
 -0.02365786   0.00240426
 -0.02354809   0.00237735
 -0.02343826   0.00235083
 -0.02332832   0.00232465
 -0.02321824   0.00229889
 -0.02310809   0.00227350
 -0.02299786   0.00224854
 -0.02288750   0.00222389
 -0.02277704   0.00219966
 -0.02266647   0.00217581
 -0.02255579   0.00215231
 -0.02244515   0.00212898
 -0.02233441   0.00210584
 -0.02222373   0.00208283
 -0.02211289   0.00205993
 -0.02200212   0.00203725
 -0.02189128   0.00201471
 -0.02178040   0.00199230
 -0.02166950   0.00197009
 -0.02155862   0.00194804
 -0.02144758   0.00192615
 -0.02133664   0.00190440
 -0.02122560   0.00188282
 -0.02111452   0.00186140
 -0.02100348   0.00184008
 -0.02089234   0.00181898
 -0.02078120   0.00179803
 -0.02067002   0.00177723
 -0.02055882   0.00175660
 -0.02044764   0.00173607
 -0.02033630   0.00171574
 -0.02022506   0.00169564
 -0.02011372   0.00167557
 -0.02000238   0.00165574
 -0.01989100   0.00163610
 -0.01977960   0.00161656
 -0.01966822   0.00159719
 -0.01955675   0.00157797
 -0.01944524   0.00155886
 -0.01933377   0.00154002
 -0.01922223   0.00152127
 -0.01911069   0.00150269
 -0.01899904   0.00148427
 -0.01888747   0.00146599
 -0.01877583   0.00144793
 -0.01866419   0.00142997
 -0.01855245   0.00141218
 -0.01844077   0.00139459
 -0.01832903   0.00137710
 -0.01821729   0.00135984
 -0.01810545   0.00134267
 -0.01799367   0.00132567
 -0.01788183   0.00130887
 -0.01776999   0.00129217
 -0.01765811   0.00127564
 -0.01754617   0.00125936
 -0.01743430   0.00124309
 -0.01732236   0.00122708
 -0.01721038   0.00121127
 -0.01709834   0.00119553
 -0.01698636   0.00117999
 -0.01687432   0.00116457
 -0.01676225   0.00114939
 -0.01665021   0.00113427
 -0.01653813   0.00111942
 -0.01642595   0.00110463
 -0.01631381   0.00109007
 -0.01620170   0.00107559
 -0.01608946   0.00106132
 -0.01597728   0.00104720
 -0.01586511   0.00103324
 -0.01575283   0.00101947
 -0.01564055   0.00100584
 -0.01552828   0.00099234
 -0.01541600   0.00097907
 -0.01530372   0.00096590
 -0.01519135   0.00095293
 -0.01507903   0.00094006
 -0.01496666   0.00092742
 -0.01485428   0.00091488
 -0.01474187   0.00090250
 -0.01462946   0.00089032
 -0.01451698   0.00087830
 -0.01440457   0.00086645
 -0.01429209   0.00085474
 -0.01417958   0.00084319
 -0.01406710   0.00083180
 -0.01395459   0.00082058
 -0.01384207   0.00080952
 -0.01372953   0.00079859
 -0.01361695   0.00078783
 -0.01350440   0.00077724
 -0.01339179   0.00076684
 -0.01327917   0.00075657
 -0.01316656   0.00074644
 -0.01305395   0.00073651
 -0.01294130   0.00072671
 -0.01282865   0.00071710
 -0.01271594   0.00070753
 -0.01260329   0.00069800
 -0.01249064   0.00068857
 -0.01237793   0.00067921
 -0.01226524   0.00066995
 -0.01215249   0.00066073
 -0.01203981   0.00065164
 -0.01192706   0.00064259
 -0.01181437   0.00063354
 -0.01170159   0.00062466
 -0.01158890   0.00061584
 -0.01147612   0.00060710
 -0.01136340   0.00059846
 -0.01125061   0.00058985
 -0.01113779   0.00058132
 -0.01102507   0.00057285
 -0.01091225   0.00056451
 -0.01079946   0.00055625
 -0.01068671   0.00054799
 -0.01057389   0.00053987
 -0.01046106   0.00053184
 -0.01034821   0.00052385
 -0.01023539   0.00051593
 -0.01012253   0.00050808
 -0.01000967   0.00050030
 -0.00989688   0.00049266
 -0.00978402   0.00048507
 -0.00967116   0.00047750
 -0.00955830   0.00047009
 -0.00944545   0.00046272
 -0.00933255   0.00045542
 -0.00921960   0.00044822
 -0.00910674   0.00044106
 -0.00899384   0.00043393
 -0.00888095   0.00042700
 -0.00876802   0.00042001
 -0.00865513   0.00041322
 -0.00854223   0.00040644
 -0.00842924   0.00039972
 -0.00831631   0.00039313
 -0.00820342   0.00038659
 -0.00809049   0.00038018
 -0.00797749   0.00037377
 -0.00786456   0.00036743
 -0.00775160   0.00036119
 -0.00763860   0.00035509
 -0.00752567   0.00034899
 -0.00741271   0.00034296
 -0.00729968   0.00033706
 -0.00718675   0.00033117
 -0.00707372   0.00032541
 -0.00696075   0.00031975
 -0.00684772   0.00031413
 -0.00673476   0.00030855
 -0.00662173   0.00030310
 -0.00650873   0.00029769
 -0.00639570   0.00029237
 -0.00628269   0.00028713
 -0.00616966   0.00028199
 -0.00605660   0.00027689
 -0.00594360   0.00027188
 -0.00583057   0.00026691
 -0.00571750   0.00026208
 -0.00560450   0.00025729
 -0.00549143   0.00025263
 -0.00537833   0.00024797
 -0.00526533   0.00024341
 -0.00515226   0.00023889
 -0.00503920   0.00023436
 -0.00492613   0.00022990
 -0.00481309   0.00022551
 -0.00470003   0.00022115
 -0.00458696   0.00021679
 -0.00447389   0.00021249
 -0.00436079   0.00020830
 -0.00424773   0.00020410
 -0.00413472   0.00019994
 -0.00402162   0.00019584
 -0.00390856   0.00019181
 -0.00379545   0.00018778
 -0.00368239   0.00018379
 -0.00356929   0.00017985
 -0.00345622   0.00017596
 -0.00334315   0.00017215
 -0.00323005   0.00016842
 -0.00311695   0.00016472
 -0.00300388   0.00016105
 -0.00289078   0.00015738
 -0.00277771   0.00015381
 -0.00266461   0.00015027
 -0.00255155   0.00014680
 -0.00243844   0.00014330
 -0.00232534   0.00013990
 -0.00221228   0.00013656
 -0.00209917   0.00013325
 -0.00198607   0.00012991
 -0.00187301   0.00012671
 -0.00175984   0.00012347
 -0.00164674   0.00012033
 -0.00153364   0.00011719
 -0.00142057   0.00011414
 -0.00130747   0.00011113
 -0.00119437   0.00010813
 -0.00108120   0.00010521
 -0.00096810   0.00010227
 -0.00085500   0.00009946
 -0.00074193   0.00009662
 -0.00062883   0.00009391
 -0.00051573   0.00009113
 -0.00040256   0.00008842
 -0.00028946   0.00008581
 -0.00017636   0.00008323
 -0.00006325   0.00008068
  0.00004991   0.00007817
  0.00016301   0.00007566
  0.00027612   0.00007324
  0.00038922   0.00007089
  0.00050239   0.00006854
  0.00061549   0.00006630
  0.00072859   0.00006401
  0.00084169   0.00006180
  0.00095486   0.00005961
  0.00106796   0.00005746
  0.00118106   0.00005538
  0.00129423   0.00005339
  0.00140737   0.00005141
  0.00152047   0.00004942
  0.00163363   0.00004754
  0.00174674   0.00004565
  0.00185984   0.00004383
  0.00197294   0.00004205
  0.00208614   0.00004033
  0.00219924   0.00003860
  0.00231235   0.00003698
  0.00242551   0.00003533
  0.00253865   0.00003380
  0.00265175   0.00003225
  0.00276492   0.00003079
  0.00287806   0.00002937
  0.00299116   0.00002797
  0.00310433   0.00002662
  0.00321743   0.00002536
  0.00333057   0.00002407
  0.00344373   0.00002281
  0.00355687   0.00002165
  0.00366997   0.00002052
  0.00378314   0.00001943
  0.00389628   0.00001837
  0.00400938   0.00001734
  0.00412258   0.00001641
  0.00423568   0.00001552
  0.00434879   0.00001459
  0.00446199   0.00001376
  0.00457509   0.00001303
  0.00468823   0.00001220
  0.00480139   0.00001153
  0.00491453   0.00001090
  0.00502763   0.00001024
  0.00514084   0.00000967
  0.00525394   0.00000914
  0.00536708   0.00000864
  0.00548024   0.00000817
  0.00559338   0.00000781
  0.00570648   0.00000744
  0.00581962   0.00000714
  0.00593282   0.00000684
  0.00604755   0.00000593
  0.00616221   0.00000499
  0.00627697   0.00000412
  0.00639169   0.00000322
  0.00650645   0.00000235
  0.00662117   0.00000152
  0.00673587   0.00000065
  0.00685059  -0.00000018
  0.00696535  -0.00000098
  0.00708011  -0.00000181
  0.00719483  -0.00000260
  0.00730959  -0.00000336
  0.00742425  -0.00000412
  0.00753901  -0.00000488
  0.00765374  -0.00000561
  0.00776850  -0.00000633
  0.00788322  -0.00000705
  0.00799791  -0.00000778
  0.00811267  -0.00000846
  0.00822740  -0.00000911
  0.00834216  -0.00000977
  0.00845692  -0.00001042
  0.00857158  -0.00001107
  0.00868634  -0.00001168
  0.00880106  -0.00001230
  0.00891582  -0.00001288
  0.00903058  -0.00001346
  0.00914530  -0.00001403
  0.00926000  -0.00001461
  0.00937476  -0.00001516
  0.00948948  -0.00001566
  0.00960424  -0.00001620
  0.00971900  -0.00001671
  0.00983366  -0.00001718
  0.00994842  -0.00001765
  0.01006318  -0.00001812
  0.01017790  -0.00001859
  0.01029266  -0.00001903
  0.01040742  -0.00001946
  0.01052212  -0.00001986
  0.01063684  -0.00002026
  0.01075160  -0.00002065
  0.01086636  -0.00002101
  0.01098112  -0.00002138
  0.01109578  -0.00002174
  0.01121054  -0.00002206
  0.01132530  -0.00002239
  0.01144002  -0.00002268
  0.01155478  -0.00002297
  0.01166948  -0.00002326
  0.01178424  -0.00002355
  0.01189896  -0.00002380
  0.01201372  -0.00002402
  0.01212848  -0.00002427
  0.01224324  -0.00002449
  0.01235790  -0.00002467
  0.01247266  -0.00002489
  0.01258742  -0.00002507
  0.01270218  -0.00002521
  0.01281694  -0.00002536
  0.01293160  -0.00002550
  0.01304636  -0.00002564
  0.01316111  -0.00002575
  0.01327587  -0.00002583
  0.01339060  -0.00002593
  0.01350529  -0.00002601
  0.01362005  -0.00002608
  0.01373481  -0.00002611
  0.01384954  -0.00002615
  0.01396430  -0.00002615
  0.01407906  -0.00002619
  0.01419375  -0.00002615
  0.01430851  -0.00002615
  0.01442323  -0.00002611
  0.01453799  -0.00002608
  0.01465275  -0.00002601
  0.01476745  -0.00002593
  0.01488217  -0.00002580
  0.01499693  -0.00002563
  0.01511169  -0.00002539
  0.01522645  -0.00002515
  0.01534111  -0.00002482
  0.01545587  -0.00002448
  0.01557063  -0.00002408
  0.01568539  -0.00002364
  0.01580015  -0.00002311
  0.01591487  -0.00002261
  0.01602957  -0.00002201
  0.01614433  -0.00002141
  0.01625909  -0.00002071
  0.01637381  -0.00002001
  0.01648851  -0.00001931
  0.01660327  -0.00001851
  0.01671803  -0.00001764
  0.01683275  -0.00001674
  0.01694751  -0.00001588
  0.01706220  -0.00001492
  0.01717696  -0.00001385
  0.01729169  -0.00001272
  0.01740645  -0.00001154
  0.01752114  -0.00001027
  0.01763587  -0.00000886
  0.01775063  -0.00000742
  0.01786535  -0.00000594
  0.01798004  -0.00000432
  0.01809480  -0.00000267
  0.01820953  -0.00000091
  0.01832429   0.00000097
  0.01843895   0.00000284
  0.01855371   0.00000486
  0.01866843   0.00000696
  0.01878309   0.00000909
  0.01889785   0.00001136
  0.01901257   0.00001363
  0.01912723   0.00001608
  0.01924196   0.00001852
  0.01935671   0.00002103
  0.01947137   0.00002371
  0.01958610   0.00002640
  0.01970082   0.00002919
  0.01981548   0.00003207
  0.01993020   0.00003503
  0.02004483   0.00003809
  0.02015955   0.00004119
  0.02027427   0.00004436
  0.02038893   0.00004763
  0.02050362   0.00005099
  0.02061828   0.00005443
  0.02073297   0.00005797
  0.02084763   0.00006152
  0.02096231   0.00006524
  0.02107694   0.00006899
  0.02119163   0.00007277
  0.02130625   0.00007669
  0.02142097   0.00008075
  0.02153556   0.00008481
  0.02165025   0.00008894
  0.02176487   0.00009317
  0.02187956   0.00009747
  0.02199414   0.00010187
  0.02210883   0.00010631
  0.02222342   0.00011088
  0.02233804   0.00011549
  0.02245269   0.00012024
  0.02256728   0.00012499
  0.02268187   0.00012987
  0.02279652   0.00013483
  0.02291111   0.00013988
  0.02302569   0.00014497
  0.02314031   0.00015016
  0.02325490   0.00015543
  0.02336945   0.00016079
  0.02348403   0.00016623
  0.02359865   0.00017170
  0.02371320   0.00017727
  0.02382775   0.00018298
  0.02394230   0.00018873
  0.02405685   0.00019457
  0.02417143   0.00020049
  0.02428598   0.00020644
  0.02440050   0.00021262
  0.02451505   0.00021894
  0.02462956   0.00022542
  0.02474408   0.00023206
  0.02485853   0.00023891
  0.02497301   0.00024585
  0.02508752   0.00025303
  0.02520197   0.00026033
  0.02531645   0.00026781
  0.02543087   0.00027548
  0.02554528   0.00028331
  0.02565976   0.00029125
  0.02577418   0.00029935
  0.02588856   0.00030771
  0.02600297   0.00031611
  0.02611729   0.00032478
  0.02623170   0.00033361
  0.02634608   0.00034253
  0.02646036   0.00035173
  0.02657467   0.00036102
  0.02668905   0.00037041
  0.02680333   0.00038006
  0.02691761   0.00038985
  0.02703189   0.00039980
  0.02714610   0.00040989
  0.02726038   0.00042017
  0.02737460   0.00043065
  0.02748884   0.00044126
  0.02760302   0.00045204
  0.02771720   0.00046296
  0.02783137   0.00047407
  0.02794555   0.00048534
  0.02805967   0.00049678
  0.02817381   0.00050835
  0.02828789   0.00052016
  0.02840197   0.00053206
  0.02851605   0.00054416
  0.02863009   0.00055643
  0.02874417   0.00056883
  0.02885815   0.00058142
  0.02897213   0.00059419
  0.02908617   0.00060708
  0.02920008   0.00062017
  0.02931403   0.00063343
  0.02942797   0.00064679
  0.02954185   0.00066035
  0.02965573   0.00067407
  0.02976960   0.00068799
  0.02988345   0.00070207
  0.02999729   0.00071632
  0.03011107   0.00073067
  0.03022491   0.00074522
  0.03033869   0.00075997
  0.03045237   0.00077485
  0.03056611   0.00078992
  0.03067979   0.00080510
  0.03079353   0.00082048
  0.03090711   0.00083602
  0.03102079   0.00085172
  0.03113443   0.00086759
  0.03124801   0.00088359
  0.03136155   0.00089983
  0.03147513   0.00091619
  0.03158861   0.00093273
  0.03170212   0.00094936
  0.03181560   0.00096625
  0.03192907   0.00098321
  0.03204245   0.00100041
  0.03215590   0.00101773
  0.03226924   0.00103526
  0.03238262   0.00105294
  0.03249590   0.00107077
  0.03260924   0.00108875
  0.03272252   0.00110690
  0.03283570   0.00112522
  0.03294894   0.00114373
  0.03306212   0.00116235
  0.03317530   0.00118116
  0.03328844   0.00120014
  0.03340152   0.00121929
  0.03351466   0.00123853
  0.03362767   0.00125803
  0.03374072   0.00127764
  0.03385370   0.00129745
  0.03396667   0.00131742
  0.03407962   0.00133763
  0.03419242   0.00135836
  0.03430522   0.00137945
  0.03441782   0.00140095
  0.03453041   0.00142287
  0.03464286   0.00144514
  0.03475528   0.00146790
  0.03486759   0.00149100
  0.03497976   0.00151456
  0.03509182   0.00153850
  0.03520375   0.00156280
  0.03531567   0.00158757
  0.03542745   0.00161273
  0.03553906   0.00163828
  0.03565057   0.00166418
  0.03576200   0.00169056
  0.03587332   0.00171729
  0.03598447   0.00174444
  0.03609554   0.00177197
  0.03620647   0.00179995
  0.03631727   0.00182825
  0.03642792   0.00185703
  0.03653844   0.00188616
  0.03664887   0.00191568
  0.03675907   0.00194555
  0.03686922   0.00197590
  0.03697917   0.00200656
  0.03708904   0.00203764
  0.03719867   0.00206914
  0.03730819   0.00210096
  0.03741753   0.00213320
  0.03752680   0.00216587
  0.03763579   0.00219884
  0.03774474   0.00223226
  0.03785344   0.00226605
  0.03796204   0.00230020
  0.03807043   0.00233472
  0.03817867   0.00236967
  0.03828670   0.00240493
  0.03839459   0.00244064
  0.03850234   0.00247666
  0.03860984   0.00251310
  0.03871719   0.00254989
  0.03882428   0.00258741
  0.03893099   0.00262595
  0.03903743   0.00266538
  0.03914353   0.00270577
  0.03924926   0.00274711
  0.03935455   0.00278941
  0.03945957   0.00283262
  0.03956412   0.00287677
  0.03966837   0.00292183
  0.03977221   0.00296789
  0.03987561   0.00301486
  0.03997862   0.00306269
  0.04008121   0.00311145
  0.04018341   0.00316113
  0.04028507   0.00321172
  0.04038636   0.00326321
  0.04048721   0.00331565
  0.04058756   0.00336889
  0.04068744   0.00342310
  0.04078688   0.00347815
  0.04088582   0.00353411
  0.04098423   0.00359097
  0.04108216   0.00364874
  0.04117960   0.00370731
  0.04127653   0.00376673
  0.04137293   0.00382707
  0.04146879   0.00388826
  0.04156412   0.00395025
  0.04165894   0.00401313
  0.04175313   0.00407689
  0.04184682   0.00414144
  0.04193991   0.00420685
  0.04203240   0.00427305
  0.04212432   0.00434007
  0.04221567   0.00440795
  0.04230642   0.00447661
  0.04239660   0.00454610
  0.04248612   0.00461637
  0.04257497   0.00468751
  0.04266329   0.00475939
  0.04275091   0.00483204
  0.04283793   0.00490550
  0.04292424   0.00497969
  0.04300996   0.00505470
  0.04309498   0.00513043
  0.04317939   0.00520695
  0.04326308   0.00528420
  0.04334610   0.00536223
  0.04342839   0.00544099
  0.04350998   0.00552040
  0.04359097   0.00560063
  0.04367116   0.00568159
  0.04375062   0.00576317
  0.04382944   0.00584554
  0.04390744   0.00592856
  0.04398474   0.00601234
  0.04406134   0.00609672
  0.04413717   0.00618184
  0.04421224   0.00626763
  0.04428655   0.00635410
  0.04436006   0.00644123
  0.04443283   0.00652902
  0.04450488   0.00661739
  0.04457609   0.00670646
  0.04464648   0.00679615
  0.04471617   0.00688646
  0.04478499   0.00697743
  0.04485299   0.00706902
  0.04492018   0.00716114
  0.04498661   0.00725391
  0.04505222   0.00734728
  0.04511696   0.00744123
  0.04518083   0.00753574
  0.04524395   0.00763084
  0.04530623   0.00772644
  0.04536759   0.00782265
  0.04542815   0.00791939
  0.04548788   0.00801669
  0.04554668   0.00811451
  0.04560462   0.00821285
  0.04566169   0.00831172
  0.04571794   0.00841109
  0.04577326   0.00851094
  0.04582771   0.00861131
  0.04588128   0.00871215
  0.04593394   0.00881344
  0.04598571   0.00891526
  0.04603656   0.00901750
  0.04608650   0.00912020
  0.04613556   0.00922336
  0.04618368   0.00932697
  0.04623088   0.00943094
  0.04627721   0.00953538
  0.04632256   0.00964024
  0.04636703   0.00974555
  0.04641052   0.00985119
  0.04645308   0.00995723
  0.04649471   0.01006365
  0.04653538   0.01017041
  0.04657516   0.01027755
  0.04661391   0.01038509
  0.04665176   0.01049291
  0.04668866   0.01060111
  0.04672456   0.01070965
  0.04675953   0.01081843
  0.04679354   0.01092759
  0.04682654   0.01103709
  0.04685863   0.01114681
  0.04688973   0.01125682
  0.04691980   0.01136716
  0.04694892   0.01147769
  0.04697707   0.01158855
  0.04700423   0.01169964
  0.04703040   0.01181096
  0.04705561   0.01192256
  0.04707982   0.01203430
  0.04710305   0.01214629
  0.04712528   0.01225855
  0.04714652   0.01237096
  0.04716702   0.01248351
  0.04718679   0.01259621
  0.04720595   0.01270914
  0.04722434   0.01282219
  0.04724204   0.01293537
  0.04725909   0.01304869
  0.04727538   0.01316212
  0.04729097   0.01327569
  0.04730592   0.01338935
  0.04732010   0.01350310
  0.04733358   0.01361705
  0.04734636   0.01373100
  0.04735837   0.01384508
  0.04736975   0.01395928
  0.04738036   0.01407349
  0.04739033   0.01418778
  0.04739953   0.01430218
  0.04740800   0.01441657
  0.04741573   0.01453110
  0.04742283   0.01464562
  0.04742948   0.01476014
  0.04743620   0.01487467
  0.04744285   0.01498922
  0.04744950   0.01510374
  0.04745621   0.01521827
  0.04746286   0.01533279
  0.04746951   0.01544738
  0.04747623   0.01556190
  0.04748288   0.01567639
  0.04748953   0.01579097
  0.04749618   0.01590550
  0.04750290   0.01602002
  0.04750955   0.01613461
  0.04751616   0.01624913
  0.04752288   0.01636366
  0.04752953   0.01647821
  0.04753618   0.01659273
  0.04754290   0.01670725
  0.04754955   0.01682178
  0.04755620   0.01693636
  0.04756291   0.01705089
  0.04756956   0.01716541
  0.04757621   0.01727996
  0.04758293   0.01739449
  0.04758958   0.01750901
  0.04759623   0.01762360
  0.04760288   0.01773812
  0.04760960   0.01785264
  0.04761621   0.01796723
  0.04762286   0.01808172
  0.04762958   0.01819624
  0.04763623   0.01831076
  0.04764288   0.01842535
  0.04764960   0.01853987
  0.04765625   0.01865440
  0.04766290   0.01876895
  0.04766961   0.01888347
  0.04767626   0.01899800
  0.04768291   0.01911258
  0.04768963   0.01922711
  0.04769628   0.01934163
  0.04770293   0.01945615
  0.04770965   0.01957070
  0.04771630   0.01968523
  0.04772291   0.01979975
  0.04772956   0.01991434
  0.04773628   0.02002886
  0.04774293   0.02014339
  0.04774958   0.02025797
  0.04775630   0.02037246
  0.04776295   0.02048698
  0.04776960   0.02060157
  0.04777631   0.02071609
  0.04778296   0.02083062
  0.04778961   0.02094514
  0.04779633   0.02105973
  0.04780298   0.02117421
  0.04780963   0.02128874
  0.04781635   0.02140333
  0.04782300   0.02151785
  0.04782961   0.02163237
  0.04783633   0.02174696
  0.04784298   0.02186148
  0.04784963   0.02197597
  0.04785628   0.02209056
  0.04786300   0.02220508
  0.04786965   0.02231960
  0.04787630   0.02243413
  0.04788301   0.02254871
  0.04788966   0.02266320
  0.04789631   0.02277773
  0.04790303   0.02289231
  0.04790917   0.02300000
