 -0.01254770   0.02300000
 -0.01254460   0.02289080
 -0.01254140   0.02278160
 -0.01253830   0.02267240
 -0.01253520   0.02256310
 -0.01253210   0.02245390
 -0.01252900   0.02234470
 -0.01252580   0.02223550
 -0.01252270   0.02212630
 -0.01251960   0.02201710
 -0.01251650   0.02190780
 -0.01251340   0.02179860
 -0.01251020   0.02168940
 -0.01250710   0.02158020
 -0.01250400   0.02147100
 -0.01250090   0.02136180
 -0.01249780   0.02125250
 -0.01249460   0.02114330
 -0.01249150   0.02103410
 -0.01248840   0.02092490
 -0.01248530   0.02081570
 -0.01248220   0.02070650
 -0.01247900   0.02059720
 -0.01247590   0.02048800
 -0.01247280   0.02037880
 -0.01246970   0.02026960
 -0.01246660   0.02016040
 -0.01246340   0.02005120
 -0.01246030   0.01994190
 -0.01245720   0.01983270
 -0.01245410   0.01972350
 -0.01245100   0.01961430
 -0.01244780   0.01950510
 -0.01244470   0.01939590
 -0.01244160   0.01928660
 -0.01243850   0.01917740
 -0.01243540   0.01906820
 -0.01243220   0.01895900
 -0.01242910   0.01884980
 -0.01242600   0.01874060
 -0.01242290   0.01863130
 -0.01241970   0.01852210
 -0.01241660   0.01841290
 -0.01241350   0.01830370
 -0.01241040   0.01819450
 -0.01240730   0.01808530
 -0.01240410   0.01797610
 -0.01240100   0.01786680
 -0.01239790   0.01775760
 -0.01239480   0.01764840
 -0.01239170   0.01753920
 -0.01238850   0.01743000
 -0.01238540   0.01732080
 -0.01238230   0.01721150
 -0.01237920   0.01710230
 -0.01237610   0.01699310
 -0.01237290   0.01688390
 -0.01236980   0.01677470
 -0.01236670   0.01666550
 -0.01236360   0.01655620
 -0.01236050   0.01644700
 -0.01235730   0.01633780
 -0.01235420   0.01622860
 -0.01235110   0.01611940
 -0.01234800   0.01601020
 -0.01234490   0.01590090
 -0.01234170   0.01579170
 -0.01233860   0.01568250
 -0.01233550   0.01557330
 -0.01233240   0.01546410
 -0.01232930   0.01535490
 -0.01232610   0.01524560
 -0.01232300   0.01513640
 -0.01231990   0.01502720
 -0.01231680   0.01491800
 -0.01231370   0.01480880
 -0.01231050   0.01469960
 -0.01230740   0.01459030
 -0.01230430   0.01448110
 -0.01230120   0.01437190
 -0.01229800   0.01426270
 -0.01229490   0.01415350
 -0.01229180   0.01404430
 -0.01228870   0.01393510
 -0.01228560   0.01382580
 -0.01228240   0.01371660
 -0.01227930   0.01360740
 -0.01227620   0.01349820
 -0.01227310   0.01338900
 -0.01227000   0.01327980
 -0.01226680   0.01317050
 -0.01226370   0.01306130
 -0.01226060   0.01295210
 -0.01225750   0.01284290
 -0.01225440   0.01273370
 -0.01225120   0.01262450
 -0.01224810   0.01251520
 -0.01224500   0.01240600
 -0.01224190   0.01229680
 -0.01223880   0.01218760
 -0.01223560   0.01207840
 -0.01223250   0.01196920
 -0.01222940   0.01185990
 -0.01222630   0.01175070
 -0.01222320   0.01164150
 -0.01222000   0.01153230
 -0.01221690   0.01142310
 -0.01221380   0.01131390
 -0.01221070   0.01120460
 -0.01220760   0.01109540
 -0.01220440   0.01098620
 -0.01220130   0.01087700
 -0.01219820   0.01076780
 -0.01219510   0.01065860
 -0.01219200   0.01054930
 -0.01218880   0.01044010
 -0.01218570   0.01033090
 -0.01218260   0.01022170
 -0.01217950   0.01011250
 -0.01217640   0.01000330
 -0.01217320   0.00989400
 -0.01217010   0.00978480
 -0.01216690   0.00967560
 -0.01216280   0.00956640
 -0.01215740   0.00945730
 -0.01215090   0.00934820
 -0.01214320   0.00923930
 -0.01213430   0.00913040
 -0.01212420   0.00902160
 -0.01211290   0.00891290
 -0.01210040   0.00880430
 -0.01208680   0.00869590
 -0.01207190   0.00858770
 -0.01205590   0.00847960
 -0.01203870   0.00837170
 -0.01202030   0.00826400
 -0.01200080   0.00815650
 -0.01198010   0.00804920
 -0.01195820   0.00794220
 -0.01193510   0.00783540
 -0.01191090   0.00772890
 -0.01188550   0.00762260
 -0.01185890   0.00751660
 -0.01183120   0.00741090
 -0.01180230   0.00730550
 -0.01177230   0.00720050
 -0.01174120   0.00709580
 -0.01170890   0.00699140
 -0.01167540   0.00688740
 -0.01164080   0.00678370
 -0.01160510   0.00668050
 -0.01156830   0.00657760
 -0.01153030   0.00647510
 -0.01149130   0.00637310
 -0.01145110   0.00627150
 -0.01140980   0.00617030
 -0.01136740   0.00606960
 -0.01132390   0.00596940
 -0.01127930   0.00586970
 -0.01123370   0.00577040
 -0.01118690   0.00567170
 -0.01113910   0.00557340
 -0.01109020   0.00547570
 -0.01104020   0.00537850
 -0.01098920   0.00528190
 -0.01093710   0.00518590
 -0.01088400   0.00509040
 -0.01082980   0.00499550
 -0.01077460   0.00490120
 -0.01071840   0.00480750
 -0.01066120   0.00471450
 -0.01060290   0.00462200
 -0.01054370   0.00453020
 -0.01048340   0.00443910
 -0.01042210   0.00434860
 -0.01035990   0.00425880
 -0.01029670   0.00416970
 -0.01023250   0.00408130
 -0.01016740   0.00399360
 -0.01010130   0.00390660
 -0.01003420   0.00382030
 -0.00996620   0.00373480
 -0.00989730   0.00365000
 -0.00982750   0.00356600
 -0.00975670   0.00348270
 -0.00968500   0.00340020
 -0.00961250   0.00331850
 -0.00953900   0.00323770
 -0.00946470   0.00315760
 -0.00938950   0.00307830
 -0.00931350   0.00299990
 -0.00923660   0.00292230
 -0.00915880   0.00284550
 -0.00908020   0.00276960
 -0.00900080   0.00269450
 -0.00892060   0.00262040
 -0.00883960   0.00254710
 -0.00875770   0.00247470
 -0.00867510   0.00240320
 -0.00859170   0.00233260
 -0.00850760   0.00226290
 -0.00842220   0.00219470
 -0.00833540   0.00212830
 -0.00824710   0.00206390
 -0.00815750   0.00200150
 -0.00806650   0.00194100
 -0.00797430   0.00188250
 -0.00788070   0.00182600
 -0.00778600   0.00177160
 -0.00769010   0.00171920
 -0.00759300   0.00166900
 -0.00749490   0.00162090
 -0.00739580   0.00157500
 -0.00729570   0.00153120
 -0.00719460   0.00148970
 -0.00709270   0.00145030
 -0.00698990   0.00141320
 -0.00688640   0.00137840
 -0.00678210   0.00134580
 -0.00667710   0.00131550
 -0.00657150   0.00128750
 -0.00646530   0.00126190
 -0.00635860   0.00123850
 -0.00625140   0.00121750
 -0.00614370   0.00119880
 -0.00603570   0.00118250
 -0.00592730   0.00116860
 -0.00581870   0.00115700
 -0.00570980   0.00114780
 -0.00560070   0.00114100
 -0.00549160   0.00113660
 -0.00538230   0.00113380
 -0.00527310   0.00113110
 -0.00516390   0.00112850
 -0.00505470   0.00112580
 -0.00494540   0.00112310
 -0.00483620   0.00112040
 -0.00472700   0.00111780
 -0.00461770   0.00111510
 -0.00450850   0.00111240
 -0.00439930   0.00110970
 -0.00429010   0.00110710
 -0.00418080   0.00110440
 -0.00407160   0.00110170
 -0.00396240   0.00109900
 -0.00385320   0.00109640
 -0.00374390   0.00109370
 -0.00363470   0.00109100
 -0.00352550   0.00108830
 -0.00341620   0.00108560
 -0.00330700   0.00108300
 -0.00319780   0.00108030
 -0.00308860   0.00107760
 -0.00297930   0.00107490
 -0.00287010   0.00107230
 -0.00276090   0.00106960
 -0.00265160   0.00106690
 -0.00254240   0.00106420
 -0.00243320   0.00106160
 -0.00232400   0.00105890
 -0.00221470   0.00105620
 -0.00210550   0.00105350
 -0.00199630   0.00105090
 -0.00188700   0.00104820
 -0.00177780   0.00104550
 -0.00166860   0.00104280
 -0.00155940   0.00104020
 -0.00145010   0.00103750
 -0.00134090   0.00103480
 -0.00123170   0.00103210
 -0.00112240   0.00102940
 -0.00101320   0.00102680
 -0.00090400   0.00102410
 -0.00079480   0.00102140
 -0.00068550   0.00101870
 -0.00057630   0.00101610
 -0.00046710   0.00101340
 -0.00035790   0.00101070
 -0.00024860   0.00100800
 -0.00013940   0.00100540
 -0.00003020   0.00100270
  0.00007910   0.00100000
  0.00018830   0.00099730
  0.00029750   0.00099470
  0.00040670   0.00099200
  0.00051600   0.00098930
  0.00062520   0.00098660
  0.00073440   0.00098400
  0.00084370   0.00098130
  0.00095290   0.00097860
  0.00106210   0.00097590
  0.00117130   0.00097320
  0.00128060   0.00097060
  0.00138980   0.00096790
  0.00149900   0.00096520
  0.00160830   0.00096250
  0.00171750   0.00095990
  0.00182670   0.00095720
  0.00193590   0.00095450
  0.00204520   0.00095180
  0.00215440   0.00094920
  0.00226360   0.00094650
  0.00237280   0.00094380
  0.00248210   0.00094110
  0.00259130   0.00093850
  0.00270050   0.00093580
  0.00280980   0.00093310
  0.00291900   0.00093040
  0.00302820   0.00092780
  0.00313740   0.00092510
  0.00324670   0.00092240
  0.00335590   0.00091970
  0.00346510   0.00091700
  0.00357440   0.00091440
  0.00368360   0.00091170
  0.00379280   0.00090900
  0.00390200   0.00090630
  0.00401130   0.00090370
  0.00412050   0.00090100
  0.00422970   0.00089830
  0.00433900   0.00089560
  0.00444820   0.00089300
  0.00455740   0.00089030
  0.00466660   0.00088760
  0.00477590   0.00088490
  0.00488510   0.00088230
  0.00499430   0.00087960
  0.00510350   0.00087690
  0.00521280   0.00087420
  0.00532200   0.00087150
  0.00543120   0.00086890
  0.00554050   0.00086620
  0.00564970   0.00086350
  0.00575890   0.00086080
  0.00586810   0.00085820
  0.00597740   0.00085550
  0.00608660   0.00085280
  0.00619580   0.00085010
  0.00630510   0.00084750
  0.00641430   0.00084480
  0.00652350   0.00084210
  0.00663270   0.00083940
  0.00674200   0.00083680
  0.00685120   0.00083410
  0.00696040   0.00083140
  0.00706970   0.00082870
  0.00717890   0.00082610
  0.00728810   0.00082340
  0.00739730   0.00082070
  0.00750660   0.00081800
  0.00761580   0.00081530
  0.00772500   0.00081270
  0.00783430   0.00081000
  0.00794350   0.00080730
  0.00805270   0.00080460
  0.00816190   0.00080200
  0.00827120   0.00079930
  0.00838040   0.00079660
  0.00848960   0.00079390
  0.00859880   0.00079130
  0.00870810   0.00078860
  0.00881730   0.00078590
  0.00892650   0.00078320
  0.00903580   0.00078060
  0.00914500   0.00077790
  0.00925420   0.00077520
  0.00936340   0.00077250
  0.00947270   0.00076990
  0.00958190   0.00076720
  0.00969110   0.00076450
  0.00980040   0.00076180
  0.00990960   0.00075910
  0.01001880   0.00075650
  0.01012800   0.00075380
  0.01023730   0.00075110
  0.01034650   0.00074840
  0.01045570   0.00074580
  0.01056500   0.00074310
  0.01067420   0.00074040
  0.01078340   0.00073770
  0.01089260   0.00073510
  0.01100190   0.00073240
  0.01111110   0.00072970
  0.01122030   0.00072700
  0.01132950   0.00072440
  0.01143880   0.00072170
  0.01154800   0.00071900
  0.01165720   0.00071630
  0.01176650   0.00071360
  0.01187570   0.00071100
  0.01198490   0.00070830
  0.01209410   0.00070560
  0.01220340   0.00070290
  0.01231260   0.00070030
  0.01242180   0.00069760
  0.01253110   0.00069490
  0.01264030   0.00069220
  0.01274950   0.00068960
  0.01285870   0.00068690
  0.01296800   0.00068420
  0.01307720   0.00068150
  0.01318640   0.00067890
  0.01329570   0.00067620
  0.01340490   0.00067350
  0.01351410   0.00067080
  0.01362330   0.00066820
  0.01373260   0.00066550
  0.01384180   0.00066280
  0.01395100   0.00066010
  0.01406020   0.00065740
  0.01416950   0.00065480
  0.01427870   0.00065210
  0.01438790   0.00064940
  0.01449720   0.00064670
  0.01460640   0.00064410
  0.01471560   0.00064140
  0.01482480   0.00063870
  0.01493410   0.00063600
  0.01504330   0.00063340
  0.01515250   0.00063070
  0.01526180   0.00062800
  0.01537100   0.00062530
  0.01548020   0.00062270
  0.01558940   0.00062000
  0.01569870   0.00061730
  0.01580790   0.00061460
  0.01591710   0.00061200
  0.01602640   0.00060930
  0.01613560   0.00060660
  0.01624480   0.00060390
  0.01635400   0.00060120
  0.01646330   0.00059860
  0.01657250   0.00059590
  0.01668170   0.00059320
  0.01679090   0.00059050
  0.01690020   0.00058790
  0.01700940   0.00058520
  0.01711860   0.00058250
  0.01722790   0.00057980
  0.01733710   0.00057720
  0.01744630   0.00057450
  0.01755550   0.00057180
  0.01766480   0.00056910
  0.01777400   0.00056650
  0.01788320   0.00056380
  0.01799250   0.00056110
  0.01810170   0.00055840
  0.01821090   0.00055570
  0.01832010   0.00055310
  0.01842940   0.00055040
  0.01853860   0.00054770
  0.01864780   0.00054500
  0.01875710   0.00054240
  0.01886630   0.00053970
  0.01897550   0.00053700
  0.01908470   0.00053430
  0.01919400   0.00053170
  0.01930320   0.00052900
  0.01941240   0.00052630
  0.01952170   0.00052360
  0.01963090   0.00052100
  0.01974010   0.00051830
  0.01984930   0.00051560
  0.01995860   0.00051290
  0.02006780   0.00051030
  0.02017700   0.00050760
  0.02028620   0.00050490
  0.02039550   0.00050220
  0.02050470   0.00049950
  0.02061390   0.00049690
  0.02072320   0.00049420
  0.02083240   0.00049150
  0.02094160   0.00048880
  0.02105080   0.00048620
  0.02116010   0.00048350
  0.02126930   0.00048080
  0.02137850   0.00047810
  0.02148780   0.00047550
  0.02159700   0.00047280
  0.02170620   0.00047010
  0.02181540   0.00046740
  0.02192470   0.00046480
  0.02203390   0.00046210
  0.02214310   0.00045940
  0.02225240   0.00045670
  0.02236160   0.00045410
  0.02247080   0.00045140
  0.02258000   0.00044870
  0.02268930   0.00044600
  0.02279850   0.00044330
  0.02290770   0.00044070
  0.02301690   0.00043800
  0.02312620   0.00043530
  0.02323540   0.00043260
  0.02334460   0.00043000
  0.02345390   0.00042730
  0.02356310   0.00042460
  0.02367230   0.00042190
  0.02378150   0.00041930
  0.02389080   0.00041660
  0.02400000   0.00041390
  0.02408450   0.00041180
  0.02416890   0.00040980
  0.02425340   0.00040770
  0.02433790   0.00040560
  0.02442230   0.00040360
  0.02450680   0.00040150
  0.02459130   0.00039940
  0.02467570   0.00039740
  0.02476020   0.00039530
  0.02484470   0.00039320
  0.02492910   0.00039110
  0.02501360   0.00038910
  0.02509810   0.00038700
  0.02518250   0.00038490
  0.02526700   0.00038290
  0.02535140   0.00038080
  0.02543590   0.00037870
  0.02552040   0.00037670
  0.02560480   0.00037460
  0.02568930   0.00037250
  0.02577380   0.00037040
  0.02585820   0.00036840
  0.02594270   0.00036630
  0.02602720   0.00036420
  0.02611160   0.00036220
  0.02619610   0.00036010
  0.02628060   0.00035800
  0.02636500   0.00035600
  0.02644950   0.00035390
  0.02653400   0.00035180
  0.02661840   0.00034980
  0.02670290   0.00034770
  0.02678740   0.00034560
  0.02687180   0.00034350
  0.02695630   0.00034150
  0.02704080   0.00033940
  0.02712520   0.00033730
  0.02720970   0.00033530
  0.02729420   0.00033320
  0.02737860   0.00033110
  0.02746310   0.00032910
  0.02754750   0.00032700
  0.02763200   0.00032490
  0.02771650   0.00032280
  0.02780090   0.00032080
  0.02788540   0.00031870
  0.02796990   0.00031660
  0.02805430   0.00031460
  0.02813880   0.00031250
  0.02822330   0.00031040
  0.02830770   0.00030840
  0.02839220   0.00030630
  0.02847670   0.00030420
  0.02856110   0.00030220
  0.02864560   0.00030010
  0.02873010   0.00029800
  0.02881450   0.00029590
  0.02889900   0.00029390
  0.02898350   0.00029180
  0.02906790   0.00028970
  0.02915240   0.00028770
  0.02923690   0.00028560
  0.02932130   0.00028350
  0.02940580   0.00028150
  0.02949030   0.00027940
  0.02957470   0.00027730
  0.02965920   0.00027520
  0.02974370   0.00027320
  0.02982810   0.00027110
  0.02991260   0.00026900
  0.02999700   0.00026700
  0.03008150   0.00026490
  0.03016600   0.00026280
  0.03025040   0.00026080
  0.03033490   0.00025870
  0.03041940   0.00025660
  0.03050380   0.00025460
  0.03058830   0.00025250
  0.03067280   0.00025040
  0.03075720   0.00024830
  0.03084170   0.00024630
  0.03092620   0.00024420
  0.03101060   0.00024210
  0.03109510   0.00024010
  0.03117960   0.00023800
  0.03126400   0.00023590
  0.03134850   0.00023390
  0.03143300   0.00023180
  0.03151740   0.00022970
  0.03160190   0.00022760
  0.03168640   0.00022560
  0.03177080   0.00022350
  0.03185530   0.00022140
  0.03193980   0.00021940
  0.03202420   0.00021730
  0.03210870   0.00021520
  0.03219310   0.00021320
  0.03227760   0.00021110
  0.03236210   0.00020900
  0.03244650   0.00020700
  0.03253100   0.00020490
  0.03261550   0.00020280
  0.03269990   0.00020070
  0.03278440   0.00019870
  0.03286890   0.00019660
  0.03295330   0.00019450
  0.03303780   0.00019250
  0.03312230   0.00019040
  0.03320670   0.00018830
  0.03329120   0.00018630
  0.03337570   0.00018420
  0.03346010   0.00018210
  0.03354460   0.00018000
  0.03362910   0.00017800
  0.03371350   0.00017590
  0.03379800   0.00017380
  0.03388250   0.00017180
  0.03396690   0.00016970
  0.03405140   0.00016760
  0.03413590   0.00016560
  0.03422030   0.00016350
  0.03430480   0.00016140
  0.03438930   0.00015940
  0.03447370   0.00015730
  0.03455820   0.00015520
  0.03464260   0.00015310
  0.03472710   0.00015110
  0.03481160   0.00014900
  0.03489600   0.00014690
  0.03498050   0.00014490
  0.03506500   0.00014280
  0.03514940   0.00014070
  0.03523390   0.00013870
  0.03531840   0.00013660
  0.03540280   0.00013450
  0.03548730   0.00013250
  0.03557180   0.00013040
  0.03565620   0.00012830
  0.03574070   0.00012620
  0.03582520   0.00012420
  0.03590960   0.00012210
  0.03599410   0.00012000
  0.03607860   0.00011800
  0.03616300   0.00011590
  0.03624750   0.00011380
  0.03633200   0.00011180
  0.03641640   0.00010970
  0.03650090   0.00010760
  0.03658540   0.00010550
  0.03666980   0.00010350
  0.03675430   0.00010140
  0.03683870   0.00009930
  0.03692320   0.00009730
  0.03700770   0.00009520
  0.03709210   0.00009310
  0.03717660   0.00009110
  0.03726110   0.00008900
  0.03734550   0.00008690
  0.03743000   0.00008490
  0.03751450   0.00008280
  0.03759890   0.00008070
  0.03768340   0.00007860
  0.03776790   0.00007660
  0.03785230   0.00007450
  0.03793680   0.00007240
  0.03802130   0.00007040
  0.03810570   0.00006830
  0.03819020   0.00006620
  0.03827470   0.00006420
  0.03835910   0.00006210
  0.03844360   0.00006000
  0.03852810   0.00005790
  0.03861250   0.00005590
  0.03869700   0.00005380
  0.03878150   0.00005170
  0.03886590   0.00004970
  0.03895040   0.00004760
  0.03903490   0.00004550
  0.03911930   0.00004350
  0.03920380   0.00004140
  0.03928820   0.00003930
  0.03937270   0.00003730
  0.03945720   0.00003520
  0.03954160   0.00003310
  0.03962610   0.00003100
  0.03971060   0.00002900
  0.03979500   0.00002690
  0.03987950   0.00002480
  0.03996400   0.00002280
  0.04004840   0.00002070
  0.04013290   0.00001860
  0.04021740   0.00001660
  0.04030180   0.00001450
  0.04038630   0.00001240
  0.04047080   0.00001030
  0.04055520   0.00000830
  0.04063970   0.00000620
  0.04072420   0.00000410
  0.04080860   0.00000210
  0.04089310  -0.00000000
  0.04096310  -0.00000000
  0.04103300  -0.00000000
  0.04110300  -0.00000000
  0.04117300  -0.00000000
  0.04124290  -0.00000000
  0.04131290  -0.00000000
  0.04138290  -0.00000000
  0.04145280  -0.00000000
  0.04152280  -0.00000000
  0.04159280  -0.00000000
  0.04166270  -0.00000000
  0.04173270  -0.00000000
  0.04180270  -0.00000000
  0.04187260  -0.00000000
  0.04194260  -0.00000000
  0.04201260  -0.00000000
  0.04208250  -0.00000000
  0.04215250  -0.00000000
  0.04222250  -0.00000000
  0.04229240  -0.00000000
  0.04236240  -0.00000000
  0.04243240  -0.00000000
  0.04250230  -0.00000000
  0.04257230  -0.00000000
  0.04264230  -0.00000000
  0.04271220  -0.00000000
  0.04278220  -0.00000000
  0.04285220  -0.00000000
  0.04292210  -0.00000000
  0.04299210  -0.00000000
  0.04306210  -0.00000000
  0.04313200  -0.00000000
  0.04320200  -0.00000000
  0.04327200  -0.00000000
  0.04334190  -0.00000000
  0.04341190  -0.00000000
  0.04348190  -0.00000000
  0.04355180  -0.00000000
  0.04362180  -0.00000000
  0.04369180  -0.00000000
  0.04376170  -0.00000000
  0.04383170  -0.00000000
  0.04390170  -0.00000000
  0.04397160  -0.00000000
  0.04404160  -0.00000000
  0.04411160  -0.00000000
  0.04418150  -0.00000000
  0.04425150  -0.00000000
  0.04432150  -0.00000000
  0.04439140  -0.00000000
  0.04446140  -0.00000000
  0.04453140  -0.00000000
  0.04460130  -0.00000000
  0.04467130  -0.00000000
  0.04474130  -0.00000000
  0.04481120  -0.00000000
  0.04488120  -0.00000000
  0.04495120  -0.00000000
  0.04502110  -0.00000000
  0.04509110  -0.00000000
  0.04516110  -0.00000000
  0.04523100  -0.00000000
  0.04530100  -0.00000000
  0.04537100  -0.00000000
  0.04544090  -0.00000000
  0.04551090  -0.00000000
  0.04558090  -0.00000000
  0.04565080  -0.00000000
  0.04572080  -0.00000000
  0.04579080  -0.00000000
  0.04586080  -0.00000000
  0.04593070  -0.00000000
  0.04600070  -0.00000000
  0.04607070  -0.00000000
  0.04614060  -0.00000000
  0.04621060  -0.00000000
  0.04628060  -0.00000000
  0.04635050  -0.00000000
  0.04642050  -0.00000000
  0.04649050  -0.00000000
  0.04656040  -0.00000000
  0.04663040  -0.00000000
  0.04670040  -0.00000000
  0.04677030  -0.00000000
  0.04684030  -0.00000000
  0.04691030  -0.00000000
  0.04698020  -0.00000000
  0.04705020  -0.00000000
  0.04712020  -0.00000000
  0.04719010  -0.00000000
  0.04726010  -0.00000000
  0.04733010  -0.00000000
  0.04740000  -0.00000000
  0.04747000  -0.00000000
  0.04754000  -0.00000000
  0.04760990  -0.00000000
  0.04767990  -0.00000000
  0.04774990  -0.00000000
  0.04781980  -0.00000000
  0.04788980  -0.00000000
  0.04795980  -0.00000000
  0.04802970  -0.00000000
  0.04809970  -0.00000000
  0.04816970  -0.00000000
  0.04823960  -0.00000000
  0.04830960  -0.00000000
  0.04837960  -0.00000000
  0.04844950  -0.00000000
  0.04851950  -0.00000000
  0.04858950  -0.00000000
  0.04865940  -0.00000000
  0.04872940  -0.00000000
  0.04879940  -0.00000000
  0.04886930  -0.00000000
  0.04893930  -0.00000000
  0.04900930  -0.00000000
  0.04907920  -0.00000000
  0.04914920  -0.00000000
  0.04921920  -0.00000000
  0.04928910  -0.00000000
  0.04935910  -0.00000000
  0.04942910  -0.00000000
  0.04949900  -0.00000000
  0.04956900  -0.00000000
  0.04963900  -0.00000000
  0.04970890  -0.00000000
  0.04977890  -0.00000000
  0.04984890  -0.00000000
  0.04991880  -0.00000000
  0.04998880  -0.00000000
  0.05005880  -0.00000000
  0.05012870  -0.00000000
  0.05019870  -0.00000000
  0.05026870  -0.00000000
  0.05033860  -0.00000000
  0.05040860  -0.00000000
  0.05047860  -0.00000000
  0.05054850  -0.00000000
  0.05061850  -0.00000000
  0.05068850  -0.00000000
  0.05075840  -0.00000000
  0.05082840  -0.00000000
  0.05089840  -0.00000000
  0.05096830  -0.00000000
  0.05103830  -0.00000000
  0.05110830  -0.00000000
  0.05117820  -0.00000000
  0.05124820  -0.00000000
  0.05131820  -0.00000000
  0.05138810  -0.00000000
  0.05145810  -0.00000000
  0.05152810  -0.00000000
  0.05159800  -0.00000000
  0.05166800  -0.00000000
  0.05173800  -0.00000000
  0.05180790  -0.00000000
  0.05187790  -0.00000000
  0.05194790  -0.00000000
  0.05201790  -0.00000000
  0.05208780  -0.00000000
  0.05215780  -0.00000000
  0.05222780  -0.00000000
  0.05229770  -0.00000000
  0.05236770  -0.00000000
  0.05243770  -0.00000000
  0.05250760  -0.00000000
  0.05257760  -0.00000000
  0.05264760  -0.00000000
  0.05271750  -0.00000000
  0.05278750  -0.00000000
  0.05285750  -0.00000000
  0.05292740  -0.00000000
  0.05299740  -0.00000000
  0.05306740  -0.00000000
  0.05313730  -0.00000000
  0.05320730  -0.00000000
  0.05327730  -0.00000000
  0.05334720  -0.00000000
  0.05341720  -0.00000000
  0.05348720  -0.00000000
  0.05355710  -0.00000000
  0.05362710  -0.00000000
  0.05369710  -0.00000000
  0.05376700  -0.00000000
  0.05383700  -0.00000000
  0.05390700  -0.00000000
  0.05397690  -0.00000000
  0.05404690  -0.00000000
  0.05411690  -0.00000000
  0.05418680  -0.00000000
  0.05425680  -0.00000000
  0.05432680  -0.00000000
  0.05439670  -0.00000000
  0.05446670  -0.00000000
  0.05453670  -0.00000000
  0.05460660  -0.00000000
  0.05467660  -0.00000000
  0.05474660  -0.00000000
  0.05481650  -0.00000000
  0.05488650  -0.00000000
  0.05539770   0.00000060
  0.05590900   0.00000210
  0.05642020   0.00000450
  0.05693140   0.00000770
  0.05744270   0.00001180
  0.05795390   0.00001670
  0.05846510   0.00002260
  0.05897630   0.00002920
  0.05948750   0.00003680
  0.05999860   0.00004520
  0.06050980   0.00005450
  0.06102090   0.00006470
  0.06153210   0.00007570
  0.06204320   0.00008760
  0.06255420   0.00010040
  0.06306530   0.00011400
  0.06357630   0.00012850
  0.06408730   0.00014380
  0.06459830   0.00016010
  0.06510930   0.00017740
  0.06562010   0.00019770
  0.06613080   0.00022130
  0.06664130   0.00024810
  0.06715170   0.00027810
  0.06766180   0.00031150
  0.06817180   0.00034810
  0.06868140   0.00038790
  0.06919090   0.00043100
  0.06970000   0.00047740
  0.07020880   0.00052700
  0.07071730   0.00057990
  0.07122550   0.00063600
  0.07173330   0.00069530
  0.07224060   0.00075790
  0.07274760   0.00082380
  0.07325420   0.00089290
  0.07376030   0.00096520
  0.07426590   0.00104070
  0.07477100   0.00111950
  0.07527560   0.00120150
  0.07577970   0.00128680
  0.07628330   0.00137520
  0.07678620   0.00146690
  0.07728860   0.00156180
  0.07779030   0.00165980
  0.07829140   0.00176110
  0.07879190   0.00186560
  0.07929160   0.00197330
  0.07979070   0.00208420
  0.08028900   0.00219840
  0.08078410   0.00232580
  0.08127380   0.00247260
  0.08175730   0.00263860
  0.08223390   0.00282340
  0.08270290   0.00302680
  0.08316350   0.00324860
  0.08361510   0.00348820
  0.08405690   0.00374540
  0.08448820   0.00401980
  0.08490840   0.00431090
  0.08531680   0.00461840
  0.08571290   0.00494160
  0.08609590   0.00528020
  0.08646530   0.00563360
  0.08682050   0.00600120
  0.08716100   0.00638250
  0.08748630   0.00677690
  0.08779580   0.00718370
  0.08808900   0.00760250
  0.08836560   0.00803240
  0.08862510   0.00847290
  0.08886700   0.00892320
  0.08909100   0.00938270
  0.08929680   0.00985070
  0.08948410   0.01032630
  0.08965250   0.01080900
  0.08980180   0.01129790
  0.08993170   0.01179230
  0.09004210   0.01229150
  0.09013280   0.01279460
  0.09020370   0.01330090
  0.09025460   0.01380950
  0.09028600   0.01431980
  0.09031150   0.01483040
  0.09033700   0.01534100
  0.09036260   0.01585160
  0.09038810   0.01636220
  0.09041360   0.01687280
  0.09043920   0.01738340
  0.09046470   0.01789400
  0.09049020   0.01840460
  0.09051580   0.01891520
  0.09054130   0.01942580
  0.09056680   0.01993640
  0.09059230   0.02044700
  0.09061790   0.02095760
  0.09064340   0.02146820
  0.09066890   0.02197880
  0.09069450   0.02248940
  0.09072000   0.02300000
