  0.01378590   0.02300000
  0.01378900   0.02289080
  0.01379220   0.02278160
  0.01379530   0.02267240
  0.01379840   0.02256310
  0.01380150   0.02245390
  0.01380460   0.02234470
  0.01380780   0.02223550
  0.01381090   0.02212630
  0.01381400   0.02201710
  0.01381710   0.02190780
  0.01382020   0.02179860
  0.01382340   0.02168940
  0.01382650   0.02158020
  0.01382960   0.02147100
  0.01383270   0.02136180
  0.01383580   0.02125250
  0.01383900   0.02114330
  0.01384210   0.02103410
  0.01384520   0.02092490
  0.01384830   0.02081570
  0.01385140   0.02070650
  0.01385460   0.02059720
  0.01385770   0.02048800
  0.01386080   0.02037880
  0.01386390   0.02026960
  0.01386700   0.02016040
  0.01387020   0.02005120
  0.01387330   0.01994190
  0.01387640   0.01983270
  0.01387950   0.01972350
  0.01388260   0.01961430
  0.01388580   0.01950510
  0.01388890   0.01939590
  0.01389200   0.01928660
  0.01389510   0.01917740
  0.01389820   0.01906820
  0.01390140   0.01895900
  0.01390450   0.01884980
  0.01390760   0.01874060
  0.01391070   0.01863130
  0.01391390   0.01852210
  0.01391700   0.01841290
  0.01392010   0.01830370
  0.01392320   0.01819450
  0.01392630   0.01808530
  0.01392950   0.01797610
  0.01393260   0.01786680
  0.01393570   0.01775760
  0.01393880   0.01764840
  0.01394190   0.01753920
  0.01394510   0.01743000
  0.01394820   0.01732080
  0.01395130   0.01721150
  0.01395440   0.01710230
  0.01395750   0.01699310
  0.01396070   0.01688390
  0.01396380   0.01677470
  0.01396690   0.01666550
  0.01397000   0.01655620
  0.01397310   0.01644700
  0.01397630   0.01633780
  0.01397940   0.01622860
  0.01398250   0.01611940
  0.01398560   0.01601020
  0.01398870   0.01590090
  0.01399190   0.01579170
  0.01399500   0.01568250
  0.01399810   0.01557330
  0.01400120   0.01546410
  0.01400430   0.01535490
  0.01400750   0.01524560
  0.01401060   0.01513640
  0.01401370   0.01502720
  0.01401680   0.01491800
  0.01401990   0.01480880
  0.01402310   0.01469960
  0.01402620   0.01459030
  0.01402930   0.01448110
  0.01403240   0.01437190
  0.01403560   0.01426270
  0.01403870   0.01415350
  0.01404180   0.01404430
  0.01404490   0.01393510
  0.01404800   0.01382580
  0.01405120   0.01371660
  0.01405430   0.01360740
  0.01405740   0.01349820
  0.01406050   0.01338900
  0.01406360   0.01327980
  0.01406680   0.01317050
  0.01406990   0.01306130
  0.01407300   0.01295210
  0.01407610   0.01284290
  0.01407920   0.01273370
  0.01408240   0.01262450
  0.01408550   0.01251520
  0.01408860   0.01240600
  0.01409170   0.01229680
  0.01409480   0.01218760
  0.01409800   0.01207840
  0.01410110   0.01196920
  0.01410420   0.01185990
  0.01410730   0.01175070
  0.01411040   0.01164150
  0.01411360   0.01153230
  0.01411670   0.01142310
  0.01411980   0.01131390
  0.01412290   0.01120460
  0.01412600   0.01109540
  0.01412920   0.01098620
  0.01413230   0.01087700
  0.01413540   0.01076780
  0.01413850   0.01065860
  0.01414160   0.01054930
  0.01414480   0.01044010
  0.01414790   0.01033090
  0.01415100   0.01022170
  0.01415410   0.01011250
  0.01415720   0.01000330
  0.01416040   0.00989400
  0.01416350   0.00978480
  0.01416670   0.00967560
  0.01417080   0.00956640
  0.01417620   0.00945730
  0.01418270   0.00934820
  0.01419040   0.00923930
  0.01419930   0.00913040
  0.01420940   0.00902160
  0.01422070   0.00891290
  0.01423320   0.00880430
  0.01424680   0.00869590
  0.01426170   0.00858770
  0.01427770   0.00847960
  0.01429490   0.00837170
  0.01431330   0.00826400
  0.01433280   0.00815650
  0.01435350   0.00804920
  0.01437540   0.00794220
  0.01439850   0.00783540
  0.01442270   0.00772890
  0.01444810   0.00762260
  0.01447470   0.00751660
  0.01450240   0.00741090
  0.01453130   0.00730550
  0.01456130   0.00720050
  0.01459240   0.00709580
  0.01462470   0.00699140
  0.01465820   0.00688740
  0.01469280   0.00678370
  0.01472850   0.00668050
  0.01476530   0.00657760
  0.01480330   0.00647510
  0.01484230   0.00637310
  0.01488250   0.00627150
  0.01492380   0.00617030
  0.01496620   0.00606960
  0.01500970   0.00596940
  0.01505430   0.00586970
  0.01509990   0.00577040
  0.01514670   0.00567170
  0.01519450   0.00557340
  0.01524340   0.00547570
  0.01529340   0.00537850
  0.01534440   0.00528190
  0.01539650   0.00518590
  0.01544960   0.00509040
  0.01550380   0.00499550
  0.01555900   0.00490120
  0.01561520   0.00480750
  0.01567240   0.00471450
  0.01573070   0.00462200
  0.01578990   0.00453020
  0.01585020   0.00443910
  0.01591150   0.00434860
  0.01597370   0.00425880
  0.01603690   0.00416970
  0.01610110   0.00408130
  0.01616620   0.00399360
  0.01623230   0.00390660
  0.01629940   0.00382030
  0.01636740   0.00373480
  0.01643630   0.00365000
  0.01650610   0.00356600
  0.01657690   0.00348270
  0.01664860   0.00340020
  0.01672110   0.00331850
  0.01679460   0.00323770
  0.01686890   0.00315760
  0.01694410   0.00307830
  0.01702010   0.00299990
  0.01709700   0.00292230
  0.01717480   0.00284550
  0.01725340   0.00276960
  0.01733280   0.00269450
  0.01741300   0.00262040
  0.01749400   0.00254710
  0.01757590   0.00247470
  0.01765850   0.00240320
  0.01774190   0.00233260
  0.01782600   0.00226290
  0.01791140   0.00219470
  0.01799820   0.00212830
  0.01808650   0.00206390
  0.01817610   0.00200150
  0.01826710   0.00194100
  0.01835930   0.00188250
  0.01845290   0.00182600
  0.01854760   0.00177160
  0.01864350   0.00171920
  0.01874060   0.00166900
  0.01883870   0.00162090
  0.01893780   0.00157500
  0.01903790   0.00153120
  0.01913900   0.00148970
  0.01924090   0.00145030
  0.01934370   0.00141320
  0.01944720   0.00137840
  0.01955150   0.00134580
  0.01965650   0.00131550
  0.01976210   0.00128750
  0.01986830   0.00126190
  0.01997500   0.00123850
  0.02008220   0.00121750
  0.02018990   0.00119880
  0.02029790   0.00118250
  0.02040630   0.00116860
  0.02051490   0.00115700
  0.02062380   0.00114780
  0.02073290   0.00114100
  0.02084200   0.00113660
  0.02095130   0.00113380
  0.02106050   0.00113110
  0.02116970   0.00112850
  0.02127890   0.00112580
  0.02138820   0.00112310
  0.02149740   0.00112040
  0.02160660   0.00111780
  0.02171590   0.00111510
  0.02182510   0.00111240
  0.02193430   0.00110970
  0.02204350   0.00110710
  0.02215280   0.00110440
  0.02226200   0.00110170
  0.02237120   0.00109900
  0.02248040   0.00109640
  0.02258970   0.00109370
  0.02269890   0.00109100
  0.02280810   0.00108830
  0.02291740   0.00108560
  0.02302660   0.00108300
  0.02313580   0.00108030
  0.02324500   0.00107760
  0.02335430   0.00107490
  0.02346350   0.00107230
  0.02357270   0.00106960
  0.02368200   0.00106690
  0.02379120   0.00106420
  0.02390040   0.00106160
  0.02400960   0.00105890
  0.02411890   0.00105620
  0.02422810   0.00105350
  0.02433730   0.00105090
  0.02444660   0.00104820
  0.02455580   0.00104550
  0.02466500   0.00104280
  0.02477420   0.00104020
  0.02488350   0.00103750
  0.02499270   0.00103480
  0.02510190   0.00103210
  0.02521120   0.00102940
  0.02532040   0.00102680
  0.02542960   0.00102410
  0.02553880   0.00102140
  0.02564810   0.00101870
  0.02575730   0.00101610
  0.02586650   0.00101340
  0.02597570   0.00101070
  0.02608500   0.00100800
  0.02619420   0.00100540
  0.02630340   0.00100270
  0.02641270   0.00100000
  0.02652190   0.00099730
  0.02663110   0.00099470
  0.02674030   0.00099200
  0.02684960   0.00098930
  0.02695880   0.00098660
  0.02706800   0.00098400
  0.02717730   0.00098130
  0.02728650   0.00097860
  0.02739570   0.00097590
  0.02750490   0.00097320
  0.02761420   0.00097060
  0.02772340   0.00096790
  0.02783260   0.00096520
  0.02794190   0.00096250
  0.02805110   0.00095990
  0.02816030   0.00095720
  0.02826950   0.00095450
  0.02837880   0.00095180
  0.02848800   0.00094920
  0.02859720   0.00094650
  0.02870640   0.00094380
  0.02881570   0.00094110
  0.02892490   0.00093850
  0.02903410   0.00093580
  0.02914340   0.00093310
  0.02925260   0.00093040
  0.02936180   0.00092780
  0.02947100   0.00092510
  0.02958030   0.00092240
  0.02968950   0.00091970
  0.02979870   0.00091700
  0.02990800   0.00091440
  0.03001720   0.00091170
  0.03012640   0.00090900
  0.03023560   0.00090630
  0.03034490   0.00090370
  0.03045410   0.00090100
  0.03056330   0.00089830
  0.03067260   0.00089560
  0.03078180   0.00089300
  0.03089100   0.00089030
  0.03100020   0.00088760
  0.03110950   0.00088490
  0.03121870   0.00088230
  0.03132790   0.00087960
  0.03143710   0.00087690
  0.03154640   0.00087420
  0.03165560   0.00087150
  0.03176480   0.00086890
  0.03187410   0.00086620
  0.03198330   0.00086350
  0.03209250   0.00086080
  0.03220170   0.00085820
  0.03231100   0.00085550
  0.03242020   0.00085280
  0.03252940   0.00085010
  0.03263870   0.00084750
  0.03274790   0.00084480
  0.03285710   0.00084210
  0.03296630   0.00083940
  0.03307560   0.00083680
  0.03318480   0.00083410
  0.03329400   0.00083140
  0.03340330   0.00082870
  0.03351250   0.00082610
  0.03362170   0.00082340
  0.03373090   0.00082070
  0.03384020   0.00081800
  0.03394940   0.00081530
  0.03405860   0.00081270
  0.03416790   0.00081000
  0.03427710   0.00080730
  0.03438630   0.00080460
  0.03449550   0.00080200
  0.03460480   0.00079930
  0.03471400   0.00079660
  0.03482320   0.00079390
  0.03493240   0.00079130
  0.03504170   0.00078860
  0.03515090   0.00078590
  0.03526010   0.00078320
  0.03536940   0.00078060
  0.03547860   0.00077790
  0.03558780   0.00077520
  0.03569700   0.00077250
  0.03580630   0.00076990
  0.03591550   0.00076720
  0.03602470   0.00076450
  0.03613400   0.00076180
  0.03624320   0.00075910
  0.03635240   0.00075650
  0.03646160   0.00075380
  0.03657090   0.00075110
  0.03668010   0.00074840
  0.03678930   0.00074580
  0.03689860   0.00074310
  0.03700780   0.00074040
  0.03711700   0.00073770
  0.03722620   0.00073510
  0.03733550   0.00073240
  0.03744470   0.00072970
  0.03755390   0.00072700
  0.03766310   0.00072440
  0.03777240   0.00072170
  0.03788160   0.00071900
  0.03799080   0.00071630
  0.03810010   0.00071360
  0.03820930   0.00071100
  0.03831850   0.00070830
  0.03842770   0.00070560
  0.03853700   0.00070290
  0.03864620   0.00070030
  0.03875540   0.00069760
  0.03886470   0.00069490
  0.03897390   0.00069220
  0.03908310   0.00068960
  0.03919230   0.00068690
  0.03930160   0.00068420
  0.03941080   0.00068150
  0.03952000   0.00067890
  0.03962930   0.00067620
  0.03973850   0.00067350
  0.03984770   0.00067080
  0.03995690   0.00066820
  0.04006620   0.00066550
  0.04017540   0.00066280
  0.04028460   0.00066010
  0.04039380   0.00065740
  0.04050310   0.00065480
  0.04061230   0.00065210
  0.04072150   0.00064940
  0.04083080   0.00064670
  0.04094000   0.00064410
  0.04104920   0.00064140
  0.04115840   0.00063870
  0.04126770   0.00063600
  0.04137690   0.00063340
  0.04148610   0.00063070
  0.04159540   0.00062800
  0.04170460   0.00062530
  0.04181380   0.00062270
  0.04192300   0.00062000
  0.04203230   0.00061730
  0.04214150   0.00061460
  0.04225070   0.00061200
  0.04236000   0.00060930
  0.04246920   0.00060660
  0.04257840   0.00060390
  0.04268760   0.00060120
  0.04279690   0.00059860
  0.04290610   0.00059590
  0.04301530   0.00059320
  0.04312450   0.00059050
  0.04323380   0.00058790
  0.04334300   0.00058520
  0.04345220   0.00058250
  0.04356150   0.00057980
  0.04367070   0.00057720
  0.04377990   0.00057450
  0.04388910   0.00057180
  0.04399840   0.00056910
  0.04410760   0.00056650
  0.04421680   0.00056380
  0.04432610   0.00056110
  0.04443530   0.00055840
  0.04454450   0.00055570
  0.04465370   0.00055310
  0.04476300   0.00055040
  0.04487220   0.00054770
  0.04498140   0.00054500
  0.04509070   0.00054240
  0.04519990   0.00053970
  0.04530910   0.00053700
  0.04541830   0.00053430
  0.04552760   0.00053170
  0.04563680   0.00052900
  0.04574600   0.00052630
  0.04585530   0.00052360
  0.04596450   0.00052100
  0.04607370   0.00051830
  0.04618290   0.00051560
  0.04629220   0.00051290
  0.04640140   0.00051030
  0.04651060   0.00050760
  0.04661980   0.00050490
  0.04672910   0.00050220
  0.04683830   0.00049950
  0.04694750   0.00049690
  0.04705680   0.00049420
  0.04716600   0.00049150
  0.04727520   0.00048880
  0.04738440   0.00048620
  0.04749370   0.00048350
  0.04760290   0.00048080
  0.04771210   0.00047810
  0.04782140   0.00047550
  0.04793060   0.00047280
  0.04803980   0.00047010
  0.04814900   0.00046740
  0.04825830   0.00046480
  0.04836750   0.00046210
  0.04847670   0.00045940
  0.04858600   0.00045670
  0.04869520   0.00045410
  0.04880440   0.00045140
  0.04891360   0.00044870
  0.04902290   0.00044600
  0.04913210   0.00044330
  0.04924130   0.00044070
  0.04935050   0.00043800
  0.04945980   0.00043530
  0.04956900   0.00043260
  0.04967820   0.00043000
  0.04978750   0.00042730
  0.04989670   0.00042460
  0.05000590   0.00042190
  0.05011510   0.00041930
  0.05022440   0.00041660
  0.05033360   0.00041390
  0.05041810   0.00041180
  0.05050250   0.00040980
  0.05058700   0.00040770
  0.05067150   0.00040560
  0.05075590   0.00040360
  0.05084040   0.00040150
  0.05092490   0.00039940
  0.05100930   0.00039740
  0.05109380   0.00039530
  0.05117830   0.00039320
  0.05126270   0.00039110
  0.05134720   0.00038910
  0.05143170   0.00038700
  0.05151610   0.00038490
  0.05160060   0.00038290
  0.05168500   0.00038080
  0.05176950   0.00037870
  0.05185400   0.00037670
  0.05193840   0.00037460
  0.05202290   0.00037250
  0.05210740   0.00037040
  0.05219180   0.00036840
  0.05227630   0.00036630
  0.05236080   0.00036420
  0.05244520   0.00036220
  0.05252970   0.00036010
  0.05261420   0.00035800
  0.05269860   0.00035600
  0.05278310   0.00035390
  0.05286760   0.00035180
  0.05295200   0.00034980
  0.05303650   0.00034770
  0.05312100   0.00034560
  0.05320540   0.00034350
  0.05328990   0.00034150
  0.05337440   0.00033940
  0.05345880   0.00033730
  0.05354330   0.00033530
  0.05362780   0.00033320
  0.05371220   0.00033110
  0.05379670   0.00032910
  0.05388110   0.00032700
  0.05396560   0.00032490
  0.05405010   0.00032280
  0.05413450   0.00032080
  0.05421900   0.00031870
  0.05430350   0.00031660
  0.05438790   0.00031460
  0.05447240   0.00031250
  0.05455690   0.00031040
  0.05464130   0.00030840
  0.05472580   0.00030630
  0.05481030   0.00030420
  0.05489470   0.00030220
  0.05497920   0.00030010
  0.05506370   0.00029800
  0.05514810   0.00029590
  0.05523260   0.00029390
  0.05531710   0.00029180
  0.05540150   0.00028970
  0.05548600   0.00028770
  0.05557050   0.00028560
  0.05565490   0.00028350
  0.05573940   0.00028150
  0.05582390   0.00027940
  0.05590830   0.00027730
  0.05599280   0.00027520
  0.05607730   0.00027320
  0.05616170   0.00027110
  0.05624620   0.00026900
  0.05633060   0.00026700
  0.05641510   0.00026490
  0.05649960   0.00026280
  0.05658400   0.00026080
  0.05666850   0.00025870
  0.05675300   0.00025660
  0.05683740   0.00025460
  0.05692190   0.00025250
  0.05700640   0.00025040
  0.05709080   0.00024830
  0.05717530   0.00024630
  0.05725980   0.00024420
  0.05734420   0.00024210
  0.05742870   0.00024010
  0.05751320   0.00023800
  0.05759760   0.00023590
  0.05768210   0.00023390
  0.05776660   0.00023180
  0.05785100   0.00022970
  0.05793550   0.00022760
  0.05802000   0.00022560
  0.05810440   0.00022350
  0.05818890   0.00022140
  0.05827340   0.00021940
  0.05835780   0.00021730
  0.05844230   0.00021520
  0.05852670   0.00021320
  0.05861120   0.00021110
  0.05869570   0.00020900
  0.05878010   0.00020700
  0.05886460   0.00020490
  0.05894910   0.00020280
  0.05903350   0.00020070
  0.05911800   0.00019870
  0.05920250   0.00019660
  0.05928690   0.00019450
  0.05937140   0.00019250
  0.05945590   0.00019040
  0.05954030   0.00018830
  0.05962480   0.00018630
  0.05970930   0.00018420
  0.05979370   0.00018210
  0.05987820   0.00018000
  0.05996270   0.00017800
  0.06004710   0.00017590
  0.06013160   0.00017380
  0.06021610   0.00017180
  0.06030050   0.00016970
  0.06038500   0.00016760
  0.06046950   0.00016560
  0.06055390   0.00016350
  0.06063840   0.00016140
  0.06072290   0.00015940
  0.06080730   0.00015730
  0.06089180   0.00015520
  0.06097620   0.00015310
  0.06106070   0.00015110
  0.06114520   0.00014900
  0.06122960   0.00014690
  0.06131410   0.00014490
  0.06139860   0.00014280
  0.06148300   0.00014070
  0.06156750   0.00013870
  0.06165200   0.00013660
  0.06173640   0.00013450
  0.06182090   0.00013250
  0.06190540   0.00013040
  0.06198980   0.00012830
  0.06207430   0.00012620
  0.06215880   0.00012420
  0.06224320   0.00012210
  0.06232770   0.00012000
  0.06241220   0.00011800
  0.06249660   0.00011590
  0.06258110   0.00011380
  0.06266560   0.00011180
  0.06275000   0.00010970
  0.06283450   0.00010760
  0.06291900   0.00010550
  0.06300340   0.00010350
  0.06308790   0.00010140
  0.06317230   0.00009930
  0.06325680   0.00009730
  0.06334130   0.00009520
  0.06342570   0.00009310
  0.06351020   0.00009110
  0.06359470   0.00008900
  0.06367910   0.00008690
  0.06376360   0.00008490
  0.06384810   0.00008280
  0.06393250   0.00008070
  0.06401700   0.00007860
  0.06410150   0.00007660
  0.06418590   0.00007450
  0.06427040   0.00007240
  0.06435490   0.00007040
  0.06443930   0.00006830
  0.06452380   0.00006620
  0.06460830   0.00006420
  0.06469270   0.00006210
  0.06477720   0.00006000
  0.06486170   0.00005790
  0.06494610   0.00005590
  0.06503060   0.00005380
  0.06511510   0.00005170
  0.06519950   0.00004970
  0.06528400   0.00004760
  0.06536850   0.00004550
  0.06545290   0.00004350
  0.06553740   0.00004140
  0.06562180   0.00003930
  0.06570630   0.00003730
  0.06579080   0.00003520
  0.06587520   0.00003310
  0.06595970   0.00003100
  0.06604420   0.00002900
  0.06612860   0.00002690
  0.06621310   0.00002480
  0.06629760   0.00002280
  0.06638200   0.00002070
  0.06646650   0.00001860
  0.06655100   0.00001660
  0.06663540   0.00001450
  0.06671990   0.00001240
  0.06680440   0.00001030
  0.06688880   0.00000830
  0.06697330   0.00000620
  0.06705780   0.00000410
  0.06714220   0.00000210
  0.06722670  -0.00000000
  0.06729670  -0.00000000
  0.06736660  -0.00000000
  0.06743660  -0.00000000
  0.06750660  -0.00000000
  0.06757650  -0.00000000
  0.06764650  -0.00000000
  0.06771650  -0.00000000
  0.06778640  -0.00000000
  0.06785640  -0.00000000
  0.06792640  -0.00000000
  0.06799630  -0.00000000
  0.06806630  -0.00000000
  0.06813630  -0.00000000
  0.06820620  -0.00000000
  0.06827620  -0.00000000
  0.06834620  -0.00000000
  0.06841610  -0.00000000
  0.06848610  -0.00000000
  0.06855610  -0.00000000
  0.06862600  -0.00000000
  0.06869600  -0.00000000
  0.06876600  -0.00000000
  0.06883590  -0.00000000
  0.06890590  -0.00000000
  0.06897590  -0.00000000
  0.06904580  -0.00000000
  0.06911580  -0.00000000
  0.06918580  -0.00000000
  0.06925570  -0.00000000
  0.06932570  -0.00000000
  0.06939570  -0.00000000
  0.06946560  -0.00000000
  0.06953560  -0.00000000
  0.06960560  -0.00000000
  0.06967550  -0.00000000
  0.06974550  -0.00000000
  0.06981550  -0.00000000
  0.06988540  -0.00000000
  0.06995540  -0.00000000
  0.07002540  -0.00000000
  0.07009530  -0.00000000
  0.07016530  -0.00000000
  0.07023530  -0.00000000
  0.07030520  -0.00000000
  0.07037520  -0.00000000
  0.07044520  -0.00000000
  0.07051510  -0.00000000
  0.07058510  -0.00000000
  0.07065510  -0.00000000
  0.07072500  -0.00000000
  0.07079500  -0.00000000
  0.07086500  -0.00000000
  0.07093490  -0.00000000
  0.07100490  -0.00000000
  0.07107490  -0.00000000
  0.07114480  -0.00000000
  0.07121480  -0.00000000
  0.07128480  -0.00000000
  0.07135470  -0.00000000
  0.07142470  -0.00000000
  0.07149470  -0.00000000
  0.07156460  -0.00000000
  0.07163460  -0.00000000
  0.07170460  -0.00000000
  0.07177450  -0.00000000
  0.07184450  -0.00000000
  0.07191450  -0.00000000
  0.07198440  -0.00000000
  0.07205440  -0.00000000
  0.07212440  -0.00000000
  0.07219440  -0.00000000
  0.07226430  -0.00000000
  0.07233430  -0.00000000
  0.07240430  -0.00000000
  0.07247420  -0.00000000
  0.07254420  -0.00000000
  0.07261420  -0.00000000
  0.07268410  -0.00000000
  0.07275410  -0.00000000
  0.07282410  -0.00000000
  0.07289400  -0.00000000
  0.07296400  -0.00000000
  0.07303400  -0.00000000
  0.07310390  -0.00000000
  0.07317390  -0.00000000
  0.07324390  -0.00000000
  0.07331380  -0.00000000
  0.07338380  -0.00000000
  0.07345380  -0.00000000
  0.07352370  -0.00000000
  0.07359370  -0.00000000
  0.07366370  -0.00000000
  0.07373360  -0.00000000
  0.07380360  -0.00000000
  0.07387360  -0.00000000
  0.07394350  -0.00000000
  0.07401350  -0.00000000
  0.07408350  -0.00000000
  0.07415340  -0.00000000
  0.07422340  -0.00000000
  0.07429340  -0.00000000
  0.07436330  -0.00000000
  0.07443330  -0.00000000
  0.07450330  -0.00000000
  0.07457320  -0.00000000
  0.07464320  -0.00000000
  0.07471320  -0.00000000
  0.07478310  -0.00000000
  0.07485310  -0.00000000
  0.07492310  -0.00000000
  0.07499300  -0.00000000
  0.07506300  -0.00000000
  0.07513300  -0.00000000
  0.07520290  -0.00000000
  0.07527290  -0.00000000
  0.07534290  -0.00000000
  0.07541280  -0.00000000
  0.07548280  -0.00000000
  0.07555280  -0.00000000
  0.07562270  -0.00000000
  0.07569270  -0.00000000
  0.07576270  -0.00000000
  0.07583260  -0.00000000
  0.07590260  -0.00000000
  0.07597260  -0.00000000
  0.07604250  -0.00000000
  0.07611250  -0.00000000
  0.07618250  -0.00000000
  0.07625240  -0.00000000
  0.07632240  -0.00000000
  0.07639240  -0.00000000
  0.07646230  -0.00000000
  0.07653230  -0.00000000
  0.07660230  -0.00000000
  0.07667220  -0.00000000
  0.07674220  -0.00000000
  0.07681220  -0.00000000
  0.07688210  -0.00000000
  0.07695210  -0.00000000
  0.07702210  -0.00000000
  0.07709200  -0.00000000
  0.07716200  -0.00000000
  0.07723200  -0.00000000
  0.07730190  -0.00000000
  0.07737190  -0.00000000
  0.07744190  -0.00000000
  0.07751180  -0.00000000
  0.07758180  -0.00000000
  0.07765180  -0.00000000
  0.07772170  -0.00000000
  0.07779170  -0.00000000
  0.07786170  -0.00000000
  0.07793160  -0.00000000
  0.07800160  -0.00000000
  0.07807160  -0.00000000
  0.07814150  -0.00000000
  0.07821150  -0.00000000
  0.07828150  -0.00000000
  0.07835150  -0.00000000
  0.07842140  -0.00000000
  0.07849140  -0.00000000
  0.07856140  -0.00000000
  0.07863130  -0.00000000
  0.07870130  -0.00000000
  0.07877130  -0.00000000
  0.07884120  -0.00000000
  0.07891120  -0.00000000
  0.07898120  -0.00000000
  0.07905110  -0.00000000
  0.07912110  -0.00000000
  0.07919110  -0.00000000
  0.07926100  -0.00000000
  0.07933100  -0.00000000
  0.07940100  -0.00000000
  0.07947090  -0.00000000
  0.07954090  -0.00000000
  0.07961090  -0.00000000
  0.07968080  -0.00000000
  0.07975080  -0.00000000
  0.07982080  -0.00000000
  0.07989070  -0.00000000
  0.07996070  -0.00000000
  0.08003070  -0.00000000
  0.08010060  -0.00000000
  0.08017060  -0.00000000
  0.08024060  -0.00000000
  0.08031050  -0.00000000
  0.08038050  -0.00000000
  0.08045050  -0.00000000
  0.08052040  -0.00000000
  0.08059040  -0.00000000
  0.08066040  -0.00000000
  0.08073030  -0.00000000
  0.08080030  -0.00000000
  0.08087030  -0.00000000
  0.08094020  -0.00000000
  0.08101020  -0.00000000
  0.08108020  -0.00000000
  0.08115010  -0.00000000
  0.08122010  -0.00000000
  0.08173130   0.00000060
  0.08224260   0.00000210
  0.08275380   0.00000450
  0.08326500   0.00000770
  0.08377630   0.00001180
  0.08428750   0.00001670
  0.08479870   0.00002260
  0.08530990   0.00002920
  0.08582110   0.00003680
  0.08633220   0.00004520
  0.08684340   0.00005450
  0.08735450   0.00006470
  0.08786570   0.00007570
  0.08837680   0.00008760
  0.08888780   0.00010040
  0.08939890   0.00011400
  0.08990990   0.00012850
  0.09042090   0.00014380
  0.09093190   0.00016010
  0.09144290   0.00017740
  0.09195370   0.00019770
  0.09246440   0.00022130
  0.09297490   0.00024810
  0.09348530   0.00027810
  0.09399540   0.00031150
  0.09450540   0.00034810
  0.09501500   0.00038790
  0.09552450   0.00043100
  0.09603360   0.00047740
  0.09654240   0.00052700
  0.09705090   0.00057990
  0.09755910   0.00063600
  0.09806690   0.00069530
  0.09857420   0.00075790
  0.09908120   0.00082380
  0.09958780   0.00089290
  0.10009390   0.00096520
  0.10059950   0.00104070
  0.10110460   0.00111950
  0.10160920   0.00120150
  0.10211330   0.00128680
  0.10261690   0.00137520
  0.10311980   0.00146690
  0.10362220   0.00156180
  0.10412390   0.00165980
  0.10462500   0.00176110
  0.10512550   0.00186560
  0.10562520   0.00197330
  0.10612430   0.00208420
  0.10662260   0.00219840
  0.10711770   0.00232580
  0.10760740   0.00247260
  0.10809090   0.00263860
  0.10856750   0.00282340
  0.10903650   0.00302680
  0.10949710   0.00324860
  0.10994870   0.00348820
  0.11039050   0.00374540
  0.11082180   0.00401980
  0.11124200   0.00431090
  0.11165040   0.00461840
  0.11204650   0.00494160
  0.11242950   0.00528020
  0.11279890   0.00563360
  0.11315410   0.00600120
  0.11349460   0.00638250
  0.11381990   0.00677690
  0.11412940   0.00718370
  0.11442260   0.00760250
  0.11469920   0.00803240
  0.11495870   0.00847290
  0.11520060   0.00892320
  0.11542460   0.00938270
  0.11563040   0.00985070
  0.11581770   0.01032630
  0.11598610   0.01080900
  0.11613540   0.01129790
  0.11626530   0.01179230
  0.11637570   0.01229150
  0.11646640   0.01279460
  0.11653730   0.01330090
  0.11658820   0.01380950
  0.11661960   0.01431980
  0.11664510   0.01483040
  0.11667060   0.01534100
  0.11669620   0.01585160
  0.11672170   0.01636220
  0.11674720   0.01687280
  0.11677280   0.01738340
  0.11679830   0.01789400
  0.11682380   0.01840460
  0.11684940   0.01891520
  0.11687490   0.01942580
  0.11690040   0.01993640
  0.11692590   0.02044700
  0.11695150   0.02095760
  0.11697700   0.02146820
  0.11700250   0.02197880
  0.11702810   0.02248940
  0.11705360   0.02300000
