 -0.03567528   0.02301789
 -0.03567266   0.02291634
 -0.03567014   0.02281488
 -0.03566761   0.02271333
 -0.03566508   0.02261187
 -0.03566256   0.02251032
 -0.03566003   0.02240886
 -0.03565750   0.02230731
 -0.03565497   0.02220575
 -0.03565244   0.02210429
 -0.03564992   0.02200274
 -0.03564739   0.02190128
 -0.03564486   0.02179974
 -0.03564224   0.02169818
 -0.03563972   0.02159672
 -0.03563719   0.02149517
 -0.03563466   0.02139371
 -0.03563214   0.02129216
 -0.03562961   0.02119070
 -0.03562708   0.02108915
 -0.03562456   0.02098759
 -0.03562203   0.02088614
 -0.03561950   0.02078458
 -0.03561697   0.02068312
 -0.03561445   0.02058157
 -0.03561182   0.02048002
 -0.03560930   0.02037856
 -0.03560677   0.02027701
 -0.03560424   0.02017555
 -0.03560172   0.02007399
 -0.03559919   0.01997254
 -0.03559666   0.01987098
 -0.03559414   0.01976943
 -0.03559161   0.01966797
 -0.03558908   0.01956642
 -0.03558655   0.01946496
 -0.03558403   0.01936341
 -0.03558141   0.01926186
 -0.03557888   0.01916040
 -0.03557635   0.01905885
 -0.03557383   0.01895739
 -0.03557130   0.01885583
 -0.03556877   0.01875438
 -0.03556625   0.01865282
 -0.03556372   0.01855127
 -0.03556119   0.01844981
 -0.03555867   0.01834826
 -0.03555614   0.01824680
 -0.03555361   0.01814525
 -0.03555099   0.01804369
 -0.03554846   0.01794223
 -0.03554593   0.01784068
 -0.03554341   0.01773922
 -0.03554088   0.01763767
 -0.03553835   0.01753621
 -0.03553583   0.01743466
 -0.03553330   0.01733310
 -0.03553077   0.01723165
 -0.03552825   0.01713009
 -0.03552572   0.01702863
 -0.03552319   0.01692709
 -0.03552057   0.01682553
 -0.03551804   0.01672407
 -0.03551551   0.01662252
 -0.03551299   0.01652106
 -0.03551046   0.01641951
 -0.03550792   0.01631805
 -0.03550532   0.01621650
 -0.03550266   0.01611495
 -0.03549994   0.01601350
 -0.03549716   0.01591196
 -0.03549433   0.01581052
 -0.03549143   0.01570899
 -0.03548838   0.01560745
 -0.03548537   0.01550603
 -0.03548230   0.01540451
 -0.03547917   0.01530309
 -0.03547598   0.01520159
 -0.03547273   0.01510019
 -0.03546942   0.01499871
 -0.03546568   0.01489733
 -0.03546112   0.01479586
 -0.03545574   0.01469450
 -0.03544955   0.01459324
 -0.03544264   0.01449200
 -0.03543491   0.01439076
 -0.03542636   0.01428964
 -0.03541700   0.01418861
 -0.03540692   0.01408761
 -0.03539603   0.01398671
 -0.03538432   0.01388592
 -0.03537179   0.01378524
 -0.03535855   0.01368458
 -0.03534449   0.01358412
 -0.03532961   0.01348368
 -0.03531402   0.01338344
 -0.03529762   0.01328332
 -0.03528040   0.01318331
 -0.03526246   0.01308341
 -0.03524370   0.01298372
 -0.03522413   0.01288414
 -0.03520385   0.01278468
 -0.03518275   0.01268543
 -0.03516093   0.01258639
 -0.03513830   0.01248747
 -0.03511486   0.01238876
 -0.03509070   0.01229016
 -0.03506573   0.01219188
 -0.03503995   0.01209371
 -0.03501355   0.01199575
 -0.03498624   0.01189801
 -0.03495821   0.01180058
 -0.03492946   0.01170326
 -0.03489991   0.01160617
 -0.03486964   0.01150938
 -0.03483856   0.01141281
 -0.03480677   0.01131646
 -0.03477416   0.01122042
 -0.03474084   0.01112460
 -0.03470681   0.01102900
 -0.03467206   0.01093380
 -0.03463650   0.01083874
 -0.03460014   0.01074407
 -0.03456316   0.01064963
 -0.03452537   0.01055551
 -0.03448686   0.01046160
 -0.03444765   0.01036811
 -0.03440772   0.01027484
 -0.03436699   0.01018198
 -0.03432554   0.01008934
 -0.03428348   0.00999712
 -0.03424061   0.00990522
 -0.03419703   0.00981363
 -0.03415274   0.00972237
 -0.03410775   0.00963151
 -0.03406204   0.00954098
 -0.03401562   0.00945087
 -0.03396849   0.00936107
 -0.03392066   0.00927160
 -0.03387212   0.00918255
 -0.03382296   0.00909391
 -0.03377300   0.00900559
 -0.03372243   0.00891779
 -0.03367116   0.00883031
 -0.03361917   0.00874326
 -0.03356658   0.00865652
 -0.03351328   0.00857030
 -0.03345927   0.00848450
 -0.03340466   0.00839912
 -0.03334934   0.00831416
 -0.03329331   0.00822962
 -0.03323668   0.00814550
 -0.03317944   0.00806191
 -0.03312149   0.00797873
 -0.03306285   0.00789598
 -0.03300359   0.00781374
 -0.03294373   0.00773192
 -0.03288327   0.00765063
 -0.03282210   0.00756976
 -0.03276032   0.00748941
 -0.03269794   0.00740957
 -0.03263487   0.00733017
 -0.03257128   0.00725128
 -0.03250699   0.00717292
 -0.03244219   0.00709498
 -0.03237670   0.00701765
 -0.03231060   0.00694075
 -0.03224391   0.00686447
 -0.03217670   0.00678872
 -0.03210880   0.00671338
 -0.03204039   0.00663867
 -0.03197138   0.00656448
 -0.03190177   0.00649082
 -0.03183166   0.00641767
 -0.03176086   0.00634515
 -0.03168954   0.00627314
 -0.03161773   0.00620177
 -0.03154532   0.00613091
 -0.03147241   0.00606058
 -0.03139889   0.00599087
 -0.03132479   0.00592168
 -0.03125018   0.00585312
 -0.03117507   0.00578517
 -0.03109946   0.00571785
 -0.03102326   0.00565105
 -0.03094656   0.00558488
 -0.03086936   0.00551923
 -0.03079167   0.00545430
 -0.03071347   0.00538990
 -0.03063478   0.00532621
 -0.03055559   0.00526305
 -0.03047590   0.00520051
 -0.03039573   0.00513869
 -0.03031505   0.00507740
 -0.03023388   0.00501684
 -0.03015231   0.00495679
 -0.03007025   0.00489747
 -0.02998770   0.00483886
 -0.02990474   0.00478079
 -0.02982130   0.00472343
 -0.02973736   0.00466670
 -0.02965312   0.00461059
 -0.02956830   0.00455521
 -0.02948318   0.00450044
 -0.02939756   0.00444640
 -0.02931156   0.00439298
 -0.02922516   0.00434026
 -0.02913829   0.00428812
 -0.02905113   0.00423666
 -0.02896350   0.00418586
 -0.02887549   0.00413564
 -0.02878719   0.00408610
 -0.02869841   0.00403713
 -0.02860935   0.00398893
 -0.02851991   0.00394130
 -0.02843008   0.00389435
 -0.02833997   0.00384798
 -0.02824948   0.00380237
 -0.02815861   0.00375744
 -0.02806744   0.00371308
 -0.02797591   0.00366939
 -0.02788408   0.00362648
 -0.02779187   0.00358413
 -0.02769947   0.00354256
 -0.02760670   0.00350156
 -0.02751354   0.00346133
 -0.02742018   0.00342168
 -0.02732645   0.00338279
 -0.02723252   0.00334457
 -0.02713822   0.00330703
 -0.02704372   0.00327017
 -0.02694894   0.00323406
 -0.02685388   0.00319863
 -0.02675852   0.00316387
 -0.02666288   0.00312979
 -0.02656705   0.00309647
 -0.02647093   0.00306382
 -0.02637462   0.00303185
 -0.02627802   0.00300055
 -0.02618124   0.00297010
 -0.02608417   0.00294024
 -0.02598690   0.00291114
 -0.02588945   0.00288272
 -0.02579181   0.00285506
 -0.02569397   0.00282807
 -0.02559584   0.00280186
 -0.02549762   0.00277631
 -0.02539912   0.00275134
 -0.02530070   0.00272666
 -0.02520219   0.00270200
 -0.02510369   0.00267754
 -0.02500507   0.00265317
 -0.02490647   0.00262891
 -0.02480786   0.00260485
 -0.02470915   0.00258080
 -0.02461053   0.00255695
 -0.02451183   0.00253320
 -0.02441301   0.00250956
 -0.02431430   0.00248612
 -0.02421549   0.00246278
 -0.02411659   0.00243954
 -0.02401777   0.00241641
 -0.02391886   0.00239338
 -0.02381995   0.00237055
 -0.02372094   0.00234783
 -0.02362203   0.00232521
 -0.02352302   0.00230269
 -0.02342391   0.00228037
 -0.02332490   0.00225816
 -0.02322579   0.00223605
 -0.02312667   0.00221404
 -0.02302747   0.00219224
 -0.02292835   0.00217054
 -0.02282914   0.00214894
 -0.02272984   0.00212745
 -0.02263062   0.00210606
 -0.02253131   0.00208487
 -0.02243200   0.00206378
 -0.02233269   0.00204280
 -0.02223328   0.00202192
 -0.02213387   0.00200124
 -0.02203446   0.00198067
 -0.02193505   0.00196020
 -0.02183554   0.00193983
 -0.02173603   0.00191967
 -0.02163652   0.00189960
 -0.02153701   0.00187964
 -0.02143740   0.00185979
 -0.02133779   0.00184004
 -0.02123818   0.00182049
 -0.02113857   0.00180104
 -0.02103886   0.00178169
 -0.02093915   0.00176256
 -0.02083944   0.00174342
 -0.02073973   0.00172448
 -0.02063992   0.00170575
 -0.02054011   0.00168702
 -0.02044031   0.00166849
 -0.02034049   0.00164997
 -0.02024059   0.00163175
 -0.02014078   0.00161353
 -0.02004087   0.00159552
 -0.01994086   0.00157751
 -0.01984095   0.00155980
 -0.01974095   0.00154209
 -0.01964094   0.00152449
 -0.01954093   0.00150709
 -0.01944093   0.00148979
 -0.01934082   0.00147270
 -0.01924071   0.00145561
 -0.01914061   0.00143872
 -0.01904050   0.00142194
 -0.01894039   0.00140526
 -0.01884019   0.00138878
 -0.01873999   0.00137240
 -0.01863978   0.00135613
 -0.01853957   0.00133996
 -0.01843927   0.00132389
 -0.01833897   0.00130803
 -0.01823866   0.00129227
 -0.01813836   0.00127661
 -0.01803806   0.00126115
 -0.01793766   0.00124580
 -0.01783735   0.00123055
 -0.01773695   0.00121541
 -0.01763655   0.00120037
 -0.01753605   0.00118552
 -0.01743565   0.00117079
 -0.01733515   0.00115615
 -0.01723465   0.00114172
 -0.01713415   0.00112730
 -0.01703365   0.00111307
 -0.01693315   0.00109904
 -0.01683255   0.00108503
 -0.01673195   0.00107121
 -0.01663135   0.00105749
 -0.01653076   0.00104386
 -0.01643016   0.00103033
 -0.01632956   0.00101699
 -0.01622887   0.00100375
 -0.01612817   0.00099061
 -0.01602748   0.00097766
 -0.01592679   0.00096481
 -0.01582610   0.00095195
 -0.01572531   0.00093939
 -0.01562462   0.00092683
 -0.01552383   0.00091446
 -0.01542304   0.00090219
 -0.01532225   0.00089001
 -0.01522137   0.00087803
 -0.01512058   0.00086605
 -0.01501970   0.00085426
 -0.01491891   0.00084266
 -0.01481803   0.00083107
 -0.01471714   0.00081966
 -0.01461626   0.00080836
 -0.01451528   0.00079715
 -0.01441439   0.00078614
 -0.01431341   0.00077512
 -0.01421243   0.00076430
 -0.01411146   0.00075367
 -0.01401048   0.00074305
 -0.01390950   0.00073261
 -0.01380852   0.00072227
 -0.01370754   0.00071204
 -0.01360646   0.00070199
 -0.01350538   0.00069204
 -0.01340440   0.00068218
 -0.01330333   0.00067242
 -0.01320225   0.00066286
 -0.01310109   0.00065329
 -0.01300001   0.00064393
 -0.01289894   0.00063474
 -0.01279776   0.00062557
 -0.01269659   0.00061659
 -0.01259552   0.00060770
 -0.01249435   0.00059901
 -0.01239317   0.00059031
 -0.01229201   0.00058181
 -0.01219074   0.00057341
 -0.01208957   0.00056520
 -0.01198840   0.00055699
 -0.01188713   0.00054897
 -0.01178586   0.00054115
 -0.01168470   0.00053332
 -0.01158343   0.00052569
 -0.01148216   0.00051816
 -0.01138089   0.00051073
 -0.01127963   0.00050339
 -0.01117836   0.00049624
 -0.01107700   0.00048919
 -0.01097573   0.00048224
 -0.01087437   0.00047548
 -0.01077311   0.00046882
 -0.01067174   0.00046225
 -0.01057038   0.00045578
 -0.01046911   0.00044941
 -0.01036775   0.00044323
 -0.01026639   0.00043715
 -0.01016503   0.00043126
 -0.01006357   0.00042537
 -0.00996221   0.00041958
 -0.00986085   0.00041389
 -0.00975948   0.00040820
 -0.00965812   0.00040251
 -0.00955667   0.00039683
 -0.00945530   0.00039124
 -0.00935394   0.00038565
 -0.00925257   0.00038007
 -0.00915112   0.00037458
 -0.00904975   0.00036910
 -0.00894839   0.00036371
 -0.00884694   0.00035833
 -0.00874557   0.00035295
 -0.00864411   0.00034757
 -0.00854275   0.00034229
 -0.00844129   0.00033701
 -0.00833993   0.00033183
 -0.00823856   0.00032656
 -0.00813710   0.00032149
 -0.00803565   0.00031632
 -0.00793428   0.00031125
 -0.00783282   0.00030617
 -0.00773146   0.00030120
 -0.00763000   0.00029614
 -0.00752864   0.00029127
 -0.00742718   0.00028630
 -0.00732572   0.00028143
 -0.00722436   0.00027657
 -0.00712290   0.00027180
 -0.00702144   0.00026694
 -0.00692008   0.00026228
 -0.00681861   0.00025751
 -0.00671715   0.00025285
 -0.00661569   0.00024819
 -0.00651433   0.00024363
 -0.00641287   0.00023898
 -0.00631141   0.00023451
 -0.00620995   0.00022996
 -0.00610849   0.00022550
 -0.00600703   0.00022105
 -0.00590567   0.00021669
 -0.00580421   0.00021233
 -0.00570275   0.00020798
 -0.00560129   0.00020363
 -0.00549983   0.00019938
 -0.00539837   0.00019522
 -0.00529691   0.00019097
 -0.00519545   0.00018682
 -0.00509399   0.00018267
 -0.00499253   0.00017862
 -0.00489107   0.00017457
 -0.00478961   0.00017053
 -0.00468815   0.00016658
 -0.00458669   0.00016254
 -0.00448523   0.00015869
 -0.00438377   0.00015475
 -0.00428231   0.00015091
 -0.00418085   0.00014706
 -0.00407939   0.00014332
 -0.00397784   0.00013958
 -0.00387638   0.00013584
 -0.00377491   0.00013220
 -0.00367346   0.00012856
 -0.00357200   0.00012493
 -0.00347054   0.00012139
 -0.00336898   0.00011785
 -0.00326752   0.00011432
 -0.00316606   0.00011088
 -0.00306460   0.00010735
 -0.00296305   0.00010402
 -0.00286159   0.00010059
 -0.00276012   0.00009726
 -0.00265857   0.00009402
 -0.00255711   0.00009070
 -0.00245565   0.00008747
 -0.00235419   0.00008434
 -0.00225264   0.00008111
 -0.00215117   0.00007798
 -0.00204962   0.00007495
 -0.00194816   0.00007184
 -0.00184670   0.00006881
 -0.00174514   0.00006588
 -0.00164369   0.00006286
 -0.00154213   0.00005994
 -0.00144067   0.00005712
 -0.00133921   0.00005420
 -0.00123765   0.00005138
 -0.00113619   0.00004866
 -0.00103464   0.00004584
 -0.00093318   0.00004313
 -0.00083162   0.00004051
 -0.00073016   0.00003779
 -0.00062861   0.00003518
 -0.00052715   0.00003266
 -0.00042559   0.00003005
 -0.00032413   0.00002754
 -0.00022258   0.00002513
 -0.00012112   0.00002271
 -0.00001956   0.00002030
  0.00008199   0.00001789
  0.00018689   0.00001553
  0.00029178   0.00001307
  0.00039676   0.00001079
  0.00050166   0.00000843
  0.00060665   0.00000615
  0.00071154   0.00000398
  0.00081652   0.00000170
  0.00092142  -0.00000047
  0.00102640  -0.00000256
  0.00113139  -0.00000473
  0.00123629  -0.00000682
  0.00134127  -0.00000881
  0.00144616  -0.00001079
  0.00155115  -0.00001278
  0.00165604  -0.00001468
  0.00176103  -0.00001657
  0.00186593  -0.00001846
  0.00197091  -0.00002036
  0.00207590  -0.00002216
  0.00218079  -0.00002386
  0.00228578  -0.00002556
  0.00239077  -0.00002727
  0.00249566  -0.00002897
  0.00260064  -0.00003058
  0.00270554  -0.00003219
  0.00281053  -0.00003371
  0.00291551  -0.00003522
  0.00302041  -0.00003674
  0.00312539  -0.00003825
  0.00323038  -0.00003967
  0.00333527  -0.00004100
  0.00344026  -0.00004242
  0.00354525  -0.00004374
  0.00365014  -0.00004497
  0.00375513  -0.00004620
  0.00386011  -0.00004744
  0.00396501  -0.00004867
  0.00407000  -0.00004980
  0.00417499  -0.00005094
  0.00427997  -0.00005198
  0.00438486  -0.00005302
  0.00448985  -0.00005406
  0.00459484  -0.00005501
  0.00469983  -0.00005596
  0.00480471  -0.00005690
  0.00490970  -0.00005776
  0.00501469  -0.00005861
  0.00511959  -0.00005936
  0.00522457  -0.00006012
  0.00532956  -0.00006088
  0.00543454  -0.00006164
  0.00553944  -0.00006230
  0.00564443  -0.00006287
  0.00574941  -0.00006353
  0.00585440  -0.00006410
  0.00595929  -0.00006457
  0.00606428  -0.00006514
  0.00616927  -0.00006561
  0.00627426  -0.00006599
  0.00637924  -0.00006637
  0.00648413  -0.00006675
  0.00658912  -0.00006713
  0.00669411  -0.00006741
  0.00679910  -0.00006760
  0.00690399  -0.00006789
  0.00700897  -0.00006808
  0.00711396  -0.00006826
  0.00721895  -0.00006836
  0.00732384  -0.00006845
  0.00742883  -0.00006845
  0.00753382  -0.00006855
  0.00763880  -0.00006845
  0.00774379  -0.00006845
  0.00784869  -0.00006836
  0.00795367  -0.00006826
  0.00805866  -0.00006808
  0.00816365  -0.00006789
  0.00826854  -0.00006769
  0.00837353  -0.00006740
  0.00847852  -0.00006711
  0.00858350  -0.00006681
  0.00868839  -0.00006642
  0.00879338  -0.00006602
  0.00889837  -0.00006562
  0.00900336  -0.00006513
  0.00910835  -0.00006453
  0.00921324  -0.00006403
  0.00931822  -0.00006343
  0.00942321  -0.00006283
  0.00952820  -0.00006213
  0.00963309  -0.00006143
  0.00973808  -0.00006073
  0.00984306  -0.00005993
  0.00994805  -0.00005913
  0.01005295  -0.00005823
  0.01015793  -0.00005742
  0.01026292  -0.00005652
  0.01036791  -0.00005551
  0.01047280  -0.00005432
  0.01057779  -0.00005303
  0.01068277  -0.00005164
  0.01078766  -0.00005006
  0.01089265  -0.00004838
  0.01099755  -0.00004660
  0.01110253  -0.00004464
  0.01120752  -0.00004257
  0.01131241  -0.00004041
  0.01141740  -0.00003805
  0.01152229  -0.00003561
  0.01162728  -0.00003305
  0.01173217  -0.00003031
  0.01183706  -0.00002748
  0.01194205  -0.00002444
  0.01204694  -0.00002141
  0.01215183  -0.00001809
  0.01225672  -0.00001477
  0.01236171  -0.00001126
  0.01246660  -0.00000765
  0.01257149  -0.00000385
  0.01267639   0.00000005
  0.01278127   0.00000405
  0.01288617   0.00000824
  0.01299096   0.00001252
  0.01309585   0.00001691
  0.01320075   0.00002148
  0.01330564   0.00002615
  0.01341044   0.00003092
  0.01351532   0.00003589
  0.01362012   0.00004095
  0.01372501   0.00004619
  0.01382981   0.00005154
  0.01393460   0.00005699
  0.01403940   0.00006253
  0.01414420   0.00006827
  0.01424909   0.00007420
  0.01435379   0.00008013
  0.01445859   0.00008624
  0.01456338   0.00009246
  0.01466818   0.00009887
  0.01477288   0.00010538
  0.01487768   0.00011198
  0.01498238   0.00011878
  0.01508717   0.00012567
  0.01519187   0.00013276
  0.01529657   0.00013985
  0.01540127   0.00014713
  0.01550598   0.00015460
  0.01561068   0.00016217
  0.01571537   0.00016984
  0.01581998   0.00017761
  0.01592468   0.00018556
  0.01602929   0.00019362
  0.01613399   0.00020186
  0.01623860   0.00021020
  0.01634320   0.00021864
  0.01644780   0.00022727
  0.01655241   0.00023600
  0.01665701   0.00024483
  0.01676153   0.00025385
  0.01686613   0.00026296
  0.01697064   0.00027219
  0.01707525   0.00028160
  0.01717976   0.00029113
  0.01728426   0.00030076
  0.01738877   0.00031058
  0.01749318   0.00032051
  0.01759769   0.00033055
  0.01770220   0.00034079
  0.01780661   0.00035113
  0.01791102   0.00036166
  0.01801543   0.00037231
  0.01811985   0.00038305
  0.01822426   0.00039390
  0.01832857   0.00040496
  0.01843298   0.00041611
  0.01853729   0.00042746
  0.01864170   0.00043893
  0.01874601   0.00045049
  0.01885023   0.00046225
  0.01895454   0.00047412
  0.01905885   0.00048608
  0.01916307   0.00049826
  0.01926728   0.00051044
  0.01937150   0.00052291
  0.01947571   0.00053539
  0.01957992   0.00054807
  0.01968413   0.00056095
  0.01978825   0.00057385
  0.01989237   0.00058703
  0.01999648   0.00060022
  0.02010060   0.00061361
  0.02020471   0.00062711
  0.02030882   0.00064071
  0.02041284   0.00065451
  0.02051686   0.00066842
  0.02062087   0.00068243
  0.02072489   0.00069664
  0.02082881   0.00071095
  0.02093282   0.00072546
  0.02103674   0.00073999
  0.02114065   0.00075480
  0.02124457   0.00076962
  0.02134848   0.00078465
  0.02145230   0.00079978
  0.02155612   0.00081501
  0.02165994   0.00083044
  0.02176375   0.00084597
  0.02186757   0.00086171
  0.02197129   0.00087755
  0.02207501   0.00089349
  0.02217872   0.00090954
  0.02228244   0.00092579
  0.02238616   0.00094223
  0.02248977   0.00095869
  0.02259339   0.00097534
  0.02269701   0.00099210
  0.02280063   0.00100906
  0.02290414   0.00102612
  0.02300776   0.00104329
  0.02311128   0.00106056
  0.02321479   0.00107802
  0.02331821   0.00109560
  0.02342173   0.00111337
  0.02352514   0.00113125
  0.02362847   0.00114923
  0.02373188   0.00116741
  0.02383530   0.00118560
  0.02393861   0.00120408
  0.02404193   0.00122258
  0.02414515   0.00124127
  0.02424847   0.00126007
  0.02435168   0.00127906
  0.02445490   0.00129816
  0.02455812   0.00131737
  0.02466123   0.00133668
  0.02476435   0.00135619
  0.02486747   0.00137580
  0.02497058   0.00139561
  0.02507360   0.00141552
  0.02517662   0.00143554
  0.02527964   0.00145566
  0.02538265   0.00147599
  0.02548557   0.00149641
  0.02558848   0.00151704
  0.02569140   0.00153777
  0.02579422   0.00155898
  0.02589684   0.00158106
  0.02599929   0.00160390
  0.02610153   0.00162750
  0.02620358   0.00165188
  0.02630545   0.00167702
  0.02640721   0.00170293
  0.02650870   0.00172961
  0.02660999   0.00175715
  0.02671099   0.00178536
  0.02681180   0.00181433
  0.02691243   0.00184408
  0.02701286   0.00187469
  0.02711301   0.00190596
  0.02721286   0.00193801
  0.02731253   0.00197082
  0.02741192   0.00200440
  0.02751101   0.00203874
  0.02760992   0.00207376
  0.02770845   0.00210965
  0.02780678   0.00214620
  0.02790474   0.00218352
  0.02800249   0.00222161
  0.02809988   0.00226036
  0.02819697   0.00229989
  0.02829379   0.00234018
  0.02839021   0.00238115
  0.02848645   0.00242288
  0.02858221   0.00246538
  0.02867769   0.00250855
  0.02877288   0.00255248
  0.02886769   0.00259710
  0.02896212   0.00264247
  0.02905626   0.00268852
  0.02914993   0.00273525
  0.02924331   0.00278273
  0.02933631   0.00283089
  0.02942893   0.00287982
  0.02952117   0.00292942
  0.02961302   0.00297969
  0.02970450   0.00303064
  0.02979550   0.00308235
  0.02988612   0.00313464
  0.02997636   0.00318773
  0.03006610   0.00324154
  0.03015545   0.00329606
  0.03024441   0.00335131
  0.03033288   0.00340728
  0.03042085   0.00346398
  0.03050844   0.00352129
  0.03059544   0.00357942
  0.03068213   0.00363818
  0.03076824   0.00369775
  0.03085386   0.00375795
  0.03093908   0.00381877
  0.03102371   0.00388040
  0.03110794   0.00394265
  0.03119158   0.00400554
  0.03127473   0.00406913
  0.03135738   0.00413345
  0.03143954   0.00419839
  0.03152110   0.00426396
  0.03160217   0.00433024
  0.03168274   0.00439714
  0.03176272   0.00446476
  0.03184211   0.00453301
  0.03192099   0.00460188
  0.03199938   0.00467136
  0.03207717   0.00474147
  0.03215437   0.00481221
  0.03223097   0.00488355
  0.03230707   0.00495562
  0.03238248   0.00502822
  0.03245739   0.00510143
  0.03253169   0.00517526
  0.03260540   0.00524971
  0.03267842   0.00532469
  0.03275093   0.00540029
  0.03282284   0.00547650
  0.03289407   0.00555324
  0.03296469   0.00563060
  0.03303470   0.00570858
  0.03310412   0.00578707
  0.03317283   0.00586609
  0.03324095   0.00594564
  0.03330837   0.00602580
  0.03337519   0.00610648
  0.03344131   0.00618778
  0.03350682   0.00626950
  0.03357173   0.00635184
  0.03363585   0.00643461
  0.03369936   0.00651799
  0.03376216   0.00660179
  0.03382437   0.00668612
  0.03388578   0.00677106
  0.03394658   0.00685632
  0.03400668   0.00694220
  0.03406607   0.00702851
  0.03412476   0.00711533
  0.03418275   0.00720257
  0.03424004   0.00729033
  0.03429662   0.00737851
  0.03435250   0.00746721
  0.03440757   0.00755633
  0.03446204   0.00764587
  0.03451571   0.00773582
  0.03456867   0.00782630
  0.03462091   0.00791710
  0.03467246   0.00800841
  0.03472321   0.00810014
  0.03477324   0.00819219
  0.03482247   0.00828466
  0.03487100   0.00837755
  0.03491882   0.00847086
  0.03496583   0.00856458
  0.03501204   0.00865862
  0.03505754   0.00875308
  0.03510233   0.00884785
  0.03514631   0.00894295
  0.03518949   0.00903847
  0.03523196   0.00913430
  0.03527361   0.00923054
  0.03531447   0.00932701
  0.03535452   0.00942389
  0.03539385   0.00952109
  0.03543238   0.00961860
  0.03547010   0.00971634
  0.03550711   0.00981449
  0.03554321   0.00991285
  0.03557860   0.01001163
  0.03561318   0.01011053
  0.03564686   0.01020984
  0.03567982   0.01030937
  0.03571197   0.01040912
  0.03574331   0.01050918
  0.03577385   0.01060946
  0.03580357   0.01071004
  0.03583249   0.01081085
  0.03586059   0.01091187
  0.03588787   0.01101311
  0.03591435   0.01111456
  0.03593992   0.01121623
  0.03596478   0.01131810
  0.03598873   0.01142020
  0.03601196   0.01152241
  0.03603428   0.01162493
  0.03605579   0.01172756
  0.03607649   0.01183031
  0.03609628   0.01193327
  0.03611534   0.01203645
  0.03613351   0.01213973
  0.03615086   0.01224314
  0.03616730   0.01234675
  0.03618302   0.01245037
  0.03619783   0.01255421
  0.03621183   0.01265816
  0.03622501   0.01276222
  0.03623728   0.01286640
  0.03624874   0.01297058
  0.03625939   0.01307497
  0.03626921   0.01317939
  0.03627823   0.01328391
  0.03628709   0.01338843
  0.03629579   0.01349288
  0.03630454   0.01359744
  0.03631322   0.01370202
  0.03632184   0.01380660
  0.03633042   0.01391119
  0.03633892   0.01401579
  0.03634737   0.01412041
  0.03635577   0.01422494
  0.03636410   0.01432957
  0.03637237   0.01443421
  0.03638059   0.01453886
  0.03638874   0.01464351
  0.03639684   0.01474818
  0.03640487   0.01485285
  0.03641285   0.01495743
  0.03642077   0.01506211
  0.03642853   0.01516680
  0.03643633   0.01527149
  0.03644407   0.01537619
  0.03645177   0.01548088
  0.03645948   0.01558557
  0.03646719   0.01569018
  0.03647489   0.01579487
  0.03648260   0.01589956
  0.03649031   0.01600426
  0.03649801   0.01610896
  0.03650572   0.01621365
  0.03651342   0.01631825
  0.03652113   0.01642295
  0.03652883   0.01652764
  0.03653654   0.01663234
  0.03654425   0.01673703
  0.03655186   0.01684173
  0.03655956   0.01694642
  0.03656727   0.01705103
  0.03657497   0.01715572
  0.03658268   0.01726041
  0.03659039   0.01736511
  0.03659809   0.01746981
  0.03660580   0.01757450
  0.03661351   0.01767919
  0.03662121   0.01778380
  0.03662892   0.01788849
  0.03663662   0.01799318
  0.03664433   0.01809788
  0.03665203   0.01820258
  0.03665974   0.01830727
  0.03666735   0.01841197
  0.03667506   0.01851657
  0.03668276   0.01862126
  0.03669047   0.01872596
  0.03669817   0.01883065
  0.03670588   0.01893535
  0.03671359   0.01904004
  0.03672129   0.01914465
  0.03672900   0.01924934
  0.03673671   0.01935403
  0.03674441   0.01945873
  0.03675212   0.01956343
  0.03675982   0.01966812
  0.03676753   0.01977281
  0.03677524   0.01987742
  0.03678294   0.01998211
  0.03679055   0.02008680
  0.03679826   0.02019150
  0.03680596   0.02029620
  0.03681367   0.02040089
  0.03682137   0.02050559
  0.03682908   0.02061019
  0.03683679   0.02071488
  0.03684449   0.02081958
  0.03685220   0.02092427
  0.03685991   0.02102897
  0.03686761   0.02113366
  0.03687532   0.02123836
  0.03688302   0.02134296
  0.03689073   0.02144765
  0.03689844   0.02155235
  0.03690614   0.02165705
  0.03691375   0.02176174
  0.03692146   0.02186644
  0.03692916   0.02197113
  0.03693687   0.02207573
  0.03694457   0.02218043
  0.03695228   0.02228512
  0.03695999   0.02238982
  0.03696769   0.02249451
  0.03697540   0.02259921
  0.03698311   0.02270381
  0.03699081   0.02280850
  0.03699852   0.02291320
  0.03700490   0.02300000
