 -0.03725000   0.02300000
 -0.03721966   0.02287878
 -0.03721370   0.02285492
 -0.03720768   0.02283106
 -0.03720166   0.02280728
 -0.03719572   0.02278340
 -0.03718960   0.02275962
 -0.03718358   0.02273576
 -0.03717756   0.02271198
 -0.03717144   0.02268820
 -0.03716534   0.02266434
 -0.03715924   0.02264056
 -0.03715314   0.02261678
 -0.03714694   0.02259300
 -0.03714084   0.02256920
 -0.03713466   0.02254542
 -0.03712848   0.02252164
 -0.03712228   0.02249786
 -0.03711610   0.02247408
 -0.03710992   0.02245030
 -0.03710364   0.02242652
 -0.03709738   0.02240274
 -0.03709112   0.02237904
 -0.03708486   0.02235524
 -0.03707858   0.02233146
 -0.03707224   0.02230776
 -0.03706598   0.02228398
 -0.03705962   0.02226028
 -0.03705328   0.02223650
 -0.03704694   0.02221280
 -0.03704060   0.02218910
 -0.03703416   0.02216532
 -0.03702774   0.02214160
 -0.03702140   0.02211790
 -0.03701498   0.02209420
 -0.03700846   0.02207050
 -0.03700204   0.02204680
 -0.03699554   0.02202310
 -0.03698910   0.02199940
 -0.03698260   0.02197570
 -0.03697610   0.02195200
 -0.03696960   0.02192828
 -0.03696300   0.02190466
 -0.03695650   0.02188096
 -0.03694992   0.02185726
 -0.03694332   0.02183364
 -0.03693674   0.02180994
 -0.03693008   0.02178632
 -0.03692350   0.02176262
 -0.03691682   0.02173900
 -0.03691024   0.02171536
 -0.03690358   0.02169174
 -0.03689692   0.02166804
 -0.03689016   0.02164442
 -0.03688350   0.02162080
 -0.03687676   0.02159718
 -0.03687000   0.02157356
 -0.03686326   0.02154994
 -0.03685652   0.02152632
 -0.03684978   0.02150276
 -0.03684294   0.02147914
 -0.03683620   0.02145552
 -0.03682938   0.02143198
 -0.03682254   0.02140836
 -0.03681564   0.02138474
 -0.03680882   0.02136120
 -0.03680200   0.02133766
 -0.03679508   0.02131404
 -0.03678818   0.02129048
 -0.03678128   0.02126694
 -0.03677438   0.02124340
 -0.03676738   0.02121978
 -0.03676048   0.02119624
 -0.03675350   0.02117270
 -0.03674650   0.02114916
 -0.03673952   0.02112570
 -0.03673254   0.02110214
 -0.03672548   0.02107860
 -0.03671848   0.02105506
 -0.03671142   0.02103160
 -0.03670436   0.02100806
 -0.03669728   0.02098460
 -0.03669022   0.02096106
 -0.03668308   0.02093760
 -0.03667602   0.02091406
 -0.03666886   0.02089058
 -0.03666172   0.02086712
 -0.03665458   0.02084366
 -0.03664736   0.02082020
 -0.03664020   0.02079674
 -0.03663298   0.02077328
 -0.03662576   0.02074982
 -0.03661852   0.02072636
 -0.03661130   0.02070290
 -0.03660408   0.02067942
 -0.03659686   0.02065604
 -0.03658954   0.02063258
 -0.03658224   0.02060920
 -0.03657494   0.02058574
 -0.03656762   0.02056236
 -0.03656032   0.02053890
 -0.03655294   0.02051552
 -0.03654556   0.02049214
 -0.03653824   0.02046874
 -0.03653086   0.02044536
 -0.03652340   0.02042198
 -0.03651602   0.02039860
 -0.03650862   0.02037522
 -0.03650116   0.02035184
 -0.03649370   0.02032846
 -0.03648622   0.02030516
 -0.03647876   0.02028178
 -0.03647122   0.02025838
 -0.03646376   0.02023508
 -0.03645620   0.02021170
 -0.03644866   0.02018840
 -0.03644112   0.02016510
 -0.03643356   0.02014180
 -0.03642602   0.02011842
 -0.03641840   0.02009512
 -0.03641086   0.02007182
 -0.03640322   0.02004850
 -0.03639560   0.02002520
 -0.03638790   0.02000198
 -0.03638028   0.01997868
 -0.03637264   0.01995538
 -0.03636494   0.01993216
 -0.03635720   0.01990886
 -0.03634940   0.01988566
 -0.03634156   0.01986240
 -0.03633358   0.01983922
 -0.03632562   0.01981608
 -0.03631752   0.01979286
 -0.03630936   0.01976972
 -0.03630114   0.01974662
 -0.03629288   0.01972352
 -0.03628456   0.01970046
 -0.03627610   0.01967748
 -0.03626766   0.01965444
 -0.03625910   0.01963142
 -0.03625048   0.01960848
 -0.03624172   0.01958550
 -0.03623298   0.01956260
 -0.03622418   0.01953966
 -0.03621526   0.01951680
 -0.03620628   0.01949396
 -0.03619724   0.01947108
 -0.03618814   0.01944828
 -0.03617892   0.01942550
 -0.03616972   0.01940274
 -0.03616038   0.01938000
 -0.03615100   0.01935738
 -0.03614154   0.01933468
 -0.03613204   0.01931200
 -0.03612250   0.01928944
 -0.03611280   0.01926680
 -0.03610314   0.01924428
 -0.03609336   0.01922168
 -0.03608350   0.01919920
 -0.03607360   0.01917674
 -0.03606356   0.01915430
 -0.03605356   0.01913180
 -0.03604340   0.01910940
 -0.03603320   0.01908712
 -0.03602296   0.01906478
 -0.03601266   0.01904246
 -0.03600230   0.01902016
 -0.03599180   0.01899796
 -0.03598134   0.01897572
 -0.03597076   0.01895356
 -0.03596010   0.01893138
 -0.03594940   0.01890928
 -0.03593866   0.01888722
 -0.03592776   0.01886518
 -0.03591692   0.01884316
 -0.03590592   0.01882116
 -0.03589488   0.01879920
 -0.03588380   0.01877728
 -0.03587256   0.01875536
 -0.03586138   0.01873356
 -0.03585004   0.01871172
 -0.03583876   0.01868990
 -0.03582732   0.01866818
 -0.03581584   0.01864650
 -0.03580424   0.01862476
 -0.03579266   0.01860312
 -0.03578102   0.01858152
 -0.03576926   0.01855996
 -0.03575746   0.01853842
 -0.03574560   0.01851690
 -0.03573368   0.01849550
 -0.03572164   0.01847404
 -0.03570964   0.01845262
 -0.03569750   0.01843132
 -0.03568530   0.01840996
 -0.03567306   0.01838872
 -0.03566078   0.01836750
 -0.03564844   0.01834624
 -0.03563598   0.01832508
 -0.03562354   0.01830396
 -0.03561098   0.01828288
 -0.03559838   0.01826182
 -0.03558572   0.01824088
 -0.03557294   0.01821990
 -0.03556018   0.01819894
 -0.03554730   0.01817810
 -0.03553436   0.01815722
 -0.03552148   0.01813644
 -0.03550836   0.01811570
 -0.03549530   0.01809492
 -0.03548218   0.01807424
 -0.03546894   0.01805362
 -0.03545564   0.01803302
 -0.03544240   0.01801254
 -0.03542894   0.01799200
 -0.03541550   0.01797152
 -0.03540202   0.01795114
 -0.03538842   0.01793072
 -0.03537486   0.01791040
 -0.03536118   0.01789006
 -0.03534744   0.01786984
 -0.03533366   0.01784964
 -0.03531976   0.01782948
 -0.03530588   0.01780936
 -0.03529188   0.01778928
 -0.03527784   0.01776924
 -0.03526384   0.01774924
 -0.03524964   0.01772936
 -0.03523546   0.01770942
 -0.03522126   0.01768962
 -0.03520692   0.01766976
 -0.03519254   0.01765004
 -0.03517820   0.01763034
 -0.03516364   0.01761070
 -0.03514914   0.01759108
 -0.03513458   0.01757150
 -0.03511992   0.01755198
 -0.03510528   0.01753248
 -0.03509052   0.01751312
 -0.03507572   0.01749370
 -0.03506088   0.01747442
 -0.03504592   0.01745508
 -0.03503100   0.01743588
 -0.03501596   0.01741672
 -0.03500096   0.01739760
 -0.03498584   0.01737852
 -0.03497066   0.01735948
 -0.03495538   0.01734048
 -0.03494014   0.01732152
 -0.03492478   0.01730270
 -0.03490946   0.01728382
 -0.03489400   0.01726508
 -0.03487852   0.01724630
 -0.03486300   0.01722764
 -0.03484736   0.01720902
 -0.03483178   0.01719046
 -0.03481606   0.01717194
 -0.03480030   0.01715344
 -0.03478452   0.01713500
 -0.03476868   0.01711662
 -0.03475282   0.01709834
 -0.03473692   0.01708004
 -0.03472090   0.01706186
 -0.03470484   0.01704374
 -0.03468882   0.01702556
 -0.03467270   0.01700752
 -0.03465644   0.01698952
 -0.03464024   0.01697158
 -0.03462400   0.01695366
 -0.03460766   0.01693588
 -0.03459126   0.01691808
 -0.03457484   0.01690032
 -0.03455838   0.01688268
 -0.03454190   0.01686508
 -0.03452528   0.01684746
 -0.03450872   0.01682996
 -0.03449204   0.01681250
 -0.03447534   0.01679510
 -0.03445860   0.01677776
 -0.03444182   0.01676052
 -0.03442502   0.01674326
 -0.03440810   0.01672606
 -0.03439122   0.01670898
 -0.03437424   0.01669186
 -0.03435722   0.01667488
 -0.03434018   0.01665794
 -0.03432308   0.01664106
 -0.03430598   0.01662422
 -0.03428876   0.01660742
 -0.03427150   0.01659068
 -0.03425430   0.01657408
 -0.03423698   0.01655744
 -0.03421956   0.01654084
 -0.03420218   0.01652438
 -0.03418478   0.01650798
 -0.03416726   0.01649162
 -0.03414972   0.01647522
 -0.03413222   0.01645904
 -0.03411462   0.01644284
 -0.03409692   0.01642668
 -0.03407926   0.01641058
 -0.03406156   0.01639460
 -0.03404378   0.01637860
 -0.03402596   0.01636272
 -0.03400810   0.01634682
 -0.03399022   0.01633106
 -0.03397232   0.01631534
 -0.03395440   0.01629968
 -0.03393636   0.01628406
 -0.03391838   0.01626858
 -0.03390028   0.01625306
 -0.03388218   0.01623762
 -0.03386404   0.01622228
 -0.03384580   0.01620702
 -0.03382760   0.01619172
 -0.03380932   0.01617654
 -0.03379108   0.01616144
 -0.03377274   0.01614638
 -0.03375436   0.01613144
 -0.03373598   0.01611650
 -0.03371756   0.01610160
 -0.03369904   0.01608682
 -0.03368060   0.01607204
 -0.03366204   0.01605738
 -0.03364344   0.01604276
 -0.03362484   0.01602822
 -0.03360622   0.01601372
 -0.03358748   0.01599928
 -0.03356882   0.01598488
 -0.03355004   0.01597064
 -0.03353134   0.01595634
 -0.03351252   0.01594220
 -0.03349370   0.01592804
 -0.03347484   0.01591400
 -0.03345588   0.01590002
 -0.03343700   0.01588608
 -0.03341800   0.01587222
 -0.03339900   0.01585840
 -0.03337996   0.01584472
 -0.03336092   0.01583102
 -0.03334186   0.01581736
 -0.03332278   0.01580384
 -0.03330358   0.01579038
 -0.03328448   0.01577698
 -0.03326526   0.01576364
 -0.03324602   0.01575034
 -0.03322678   0.01573710
 -0.03320752   0.01572392
 -0.03318816   0.01571088
 -0.03316886   0.01569780
 -0.03314946   0.01568488
 -0.03313014   0.01567200
 -0.03311068   0.01565920
 -0.03309124   0.01564648
 -0.03307170   0.01563376
 -0.03305226   0.01562114
 -0.03303280   0.01560844
 -0.03301326   0.01559576
 -0.03299372   0.01558318
 -0.03297418   0.01557050
 -0.03295464   0.01555792
 -0.03293508   0.01554536
 -0.03291554   0.01553280
 -0.03289590   0.01552026
 -0.03287628   0.01550772
 -0.03285672   0.01549526
 -0.03283708   0.01548274
 -0.03281744   0.01547032
 -0.03279780   0.01545782
 -0.03277808   0.01544540
 -0.03275842   0.01543300
 -0.03273870   0.01542060
 -0.03271896   0.01540822
 -0.03269930   0.01539584
 -0.03267958   0.01538346
 -0.03265976   0.01537118
 -0.03264002   0.01535884
 -0.03262028   0.01534658
 -0.03260044   0.01533432
 -0.03258062   0.01532208
 -0.03256080   0.01530986
 -0.03254096   0.01529764
 -0.03252112   0.01528542
 -0.03250130   0.01527330
 -0.03248146   0.01526110
 -0.03246154   0.01524900
 -0.03244162   0.01523682
 -0.03242170   0.01522472
 -0.03240176   0.01521266
 -0.03238184   0.01520058
 -0.03236190   0.01518852
 -0.03234198   0.01517656
 -0.03232196   0.01516452
 -0.03230202   0.01515256
 -0.03228200   0.01514054
 -0.03226198   0.01512860
 -0.03224196   0.01511668
 -0.03222186   0.01510476
 -0.03220184   0.01509286
 -0.03218180   0.01508096
 -0.03216170   0.01506916
 -0.03214158   0.01505728
 -0.03212146   0.01504548
 -0.03210134   0.01503362
 -0.03208124   0.01502186
 -0.03206112   0.01501010
 -0.03204090   0.01499834
 -0.03202078   0.01498660
 -0.03200058   0.01497494
 -0.03198036   0.01496322
 -0.03196016   0.01495158
 -0.03193994   0.01493988
 -0.03191974   0.01492826
 -0.03189952   0.01491666
 -0.03187922   0.01490506
 -0.03185892   0.01489348
 -0.03183870   0.01488198
 -0.03181840   0.01487040
 -0.03179808   0.01485884
 -0.03177770   0.01484738
 -0.03175740   0.01483592
 -0.03173708   0.01482446
 -0.03171668   0.01481302
 -0.03169630   0.01480158
 -0.03167598   0.01479016
 -0.03165558   0.01477882
 -0.03163510   0.01476742
 -0.03161470   0.01475610
 -0.03159430   0.01474472
 -0.03157380   0.01473342
 -0.03155340   0.01472212
 -0.03153292   0.01471084
 -0.03151242   0.01469966
 -0.03149192   0.01468840
 -0.03147144   0.01467714
 -0.03145086   0.01466598
 -0.03143036   0.01465482
 -0.03140978   0.01464368
 -0.03138928   0.01463254
 -0.03136870   0.01462142
 -0.03134810   0.01461030
 -0.03132752   0.01459920
 -0.03130694   0.01458818
 -0.03128626   0.01457710
 -0.03126568   0.01456610
 -0.03124500   0.01455510
 -0.03122432   0.01454412
 -0.03120372   0.01453316
 -0.03118304   0.01452220
 -0.03116228   0.01451132
 -0.03114160   0.01450038
 -0.03112092   0.01448952
 -0.03110016   0.01447868
 -0.03107946   0.01446776
 -0.03105870   0.01445694
 -0.03103794   0.01444612
 -0.03101716   0.01443540
 -0.03099638   0.01442460
 -0.03097554   0.01441390
 -0.03095476   0.01440312
 -0.03093390   0.01439242
 -0.03091312   0.01438174
 -0.03089226   0.01437108
 -0.03087140   0.01436042
 -0.03085052   0.01434976
 -0.03082966   0.01433920
 -0.03080880   0.01432856
 -0.03078784   0.01431802
 -0.03076698   0.01430748
 -0.03074602   0.01429696
 -0.03072508   0.01428644
 -0.03070412   0.01427594
 -0.03068316   0.01426544
 -0.03066220   0.01425504
 -0.03064116   0.01424456
 -0.03062020   0.01423416
 -0.03059916   0.01422378
 -0.03057820   0.01421342
 -0.03055716   0.01420306
 -0.03053610   0.01419270
 -0.03051506   0.01418236
 -0.03049400   0.01417210
 -0.03047288   0.01416178
 -0.03045182   0.01415154
 -0.03043068   0.01414132
 -0.03040964   0.01413110
 -0.03038850   0.01412090
 -0.03036736   0.01411070
 -0.03034622   0.01410060
 -0.03032508   0.01409042
 -0.03030376   0.01408146
 -0.03028254   0.01407412
 -0.03026144   0.01406828
 -0.03024084   0.01406388
 -0.03022072   0.01406090
 -0.03020132   0.01405924
 -0.03018284   0.01405888
 -0.03016540   0.01405954
 -0.03014910   0.01406124
 -0.03013402   0.01406376
 -0.03012038   0.01406694
 -0.03011442   0.01408480
 -0.03010848   0.01410266
 -0.03010252   0.01412052
 -0.03009656   0.01413840
 -0.03009060   0.01415626
 -0.03008466   0.01417412
 -0.03007870   0.01419198
 -0.03007274   0.01420984
 -0.03006680   0.01422770
 -0.03006084   0.01424556
 -0.03005488   0.01426344
 -0.03004892   0.01428130
 -0.03004298   0.01429916
 -0.03003702   0.01431702
 -0.03003098   0.01433496
 -0.03002504   0.01435282
 -0.03001908   0.01437070
 -0.03001312   0.01438856
 -0.03000716   0.01440642
 -0.03000122   0.01442428
 -0.02999526   0.01444214
 -0.02998930   0.01446000
 -0.02998334   0.01447788
 -0.02997740   0.01449574
 -0.02997144   0.01451360
 -0.02996548   0.01453146
 -0.02995954   0.01454932
 -0.02995358   0.01456718
 -0.02994762   0.01458506
 -0.02994166   0.01460292
 -0.02993572   0.01462078
 -0.02992976   0.01463864
 -0.02992380   0.01465650
 -0.02991786   0.01467436
 -0.02991190   0.01469224
 -0.02990594   0.01471010
 -0.02989998   0.01472796
 -0.02989404   0.01474582
 -0.02988808   0.01476368
 -0.02988212   0.01478154
 -0.02987616   0.01479942
 -0.02987022   0.01481728
 -0.02986426   0.01483522
 -0.02985830   0.01485308
 -0.02985236   0.01487094
 -0.02984640   0.01488880
 -0.02984044   0.01490666
 -0.02983448   0.01492454
 -0.02982854   0.01494240
 -0.02982258   0.01496026
 -0.02981662   0.01497812
 -0.02981068   0.01499598
 -0.02980472   0.01501384
 -0.02979876   0.01503172
 -0.02979280   0.01504958
 -0.02978686   0.01506744
 -0.02978090   0.01508530
 -0.02977494   0.01510316
 -0.02976900   0.01512102
 -0.02976304   0.01513890
 -0.02975708   0.01515676
 -0.02975112   0.01517462
 -0.02974518   0.01519248
 -0.02973922   0.01521034
 -0.02973326   0.01522820
 -0.02972730   0.01524608
 -0.02972136   0.01526394
 -0.02971540   0.01528180
 -0.02970944   0.01529966
 -0.02970350   0.01531760
 -0.02969754   0.01533546
 -0.02969158   0.01535334
 -0.02968562   0.01537120
 -0.02967968   0.01538906
 -0.02967372   0.01540692
 -0.02966776   0.01542478
 -0.02966182   0.01544264
 -0.02965586   0.01546052
 -0.02964990   0.01547838
 -0.02964394   0.01549624
 -0.02963800   0.01551410
 -0.02963204   0.01553196
 -0.02962608   0.01554982
 -0.02962014   0.01556768
 -0.02961418   0.01558556
 -0.02960822   0.01560342
 -0.02960226   0.01562128
 -0.02959632   0.01563914
 -0.02959036   0.01565700
 -0.02958440   0.01567486
 -0.02957844   0.01569274
 -0.02957250   0.01571060
 -0.02956654   0.01572846
 -0.02956058   0.01574632
 -0.02955464   0.01576418
 -0.02954868   0.01578204
 -0.02954272   0.01579992
 -0.02953668   0.01581786
 -0.02953074   0.01583572
 -0.02952478   0.01585358
 -0.02951882   0.01587144
 -0.02951288   0.01588930
 -0.02950692   0.01590718
 -0.02950096   0.01592504
 -0.02949500   0.01594290
 -0.02948906   0.01596076
 -0.02948310   0.01597862
 -0.02947714   0.01599648
 -0.02947118   0.01601436
 -0.02946524   0.01603222
 -0.02945928   0.01605008
 -0.02945332   0.01606794
 -0.02944738   0.01608580
 -0.02944142   0.01610366
 -0.02943546   0.01612154
 -0.02942950   0.01613940
 -0.02942356   0.01615726
 -0.02941760   0.01617512
 -0.02941164   0.01619298
 -0.02940570   0.01621084
 -0.02939974   0.01622870
 -0.02939378   0.01624658
 -0.02938782   0.01626444
 -0.02938188   0.01628230
 -0.02937592   0.01630016
 -0.02936996   0.01631810
 -0.02936402   0.01633596
 -0.02935806   0.01635384
 -0.02935210   0.01637170
 -0.02934614   0.01638956
 -0.02934020   0.01640742
 -0.02933424   0.01642528
 -0.02932828   0.01644314
 -0.02932232   0.01646102
 -0.02931638   0.01647888
 -0.02931042   0.01649674
 -0.02930446   0.01651460
 -0.02929852   0.01653246
 -0.02929256   0.01655032
 -0.02928660   0.01656820
 -0.02928064   0.01658606
 -0.02927470   0.01660392
 -0.02926874   0.01662178
 -0.02926278   0.01663964
 -0.02925684   0.01665750
 -0.02925088   0.01667538
 -0.02924492   0.01669324
 -0.02923896   0.01671110
 -0.02923302   0.01672896
 -0.02922706   0.01674682
 -0.02922110   0.01676468
 -0.02921514   0.01678256
 -0.02920920   0.01680042
 -0.02920324   0.01681836
 -0.02919728   0.01683622
 -0.02919134   0.01685408
 -0.02918538   0.01687194
 -0.02917942   0.01688982
 -0.02917346   0.01690768
 -0.02916752   0.01692554
 -0.02916156   0.01694340
 -0.02915560   0.01696126
 -0.02914966   0.01697912
 -0.02914370   0.01699698
 -0.02913774   0.01701486
 -0.02913178   0.01703272
 -0.02912584   0.01705058
 -0.02911988   0.01706844
 -0.02911392   0.01708630
 -0.02910798   0.01710416
 -0.02910202   0.01712204
 -0.02909606   0.01713990
 -0.02909010   0.01715776
 -0.02908416   0.01717562
 -0.02907820   0.01719348
 -0.02907224   0.01721134
 -0.02906628   0.01722922
 -0.02906034   0.01724708
 -0.02905438   0.01726494
 -0.02904842   0.01728280
 -0.02904240   0.01730074
 -0.02903644   0.01731860
 -0.02903048   0.01733648
 -0.02902452   0.01735434
 -0.02901858   0.01737220
 -0.02901262   0.01739006
 -0.02900666   0.01740792
 -0.02900072   0.01742578
 -0.02899476   0.01744366
 -0.02898880   0.01746152
 -0.02898284   0.01747938
 -0.02897690   0.01749724
 -0.02897094   0.01751510
 -0.02896498   0.01753296
 -0.02895902   0.01755084
 -0.02895308   0.01756870
 -0.02894712   0.01758656
 -0.02894116   0.01760442
 -0.02893522   0.01762228
 -0.02892926   0.01764014
 -0.02892330   0.01765800
 -0.02891734   0.01767588
 -0.02891140   0.01769374
 -0.02890544   0.01771160
 -0.02889948   0.01772946
 -0.02889354   0.01774732
 -0.02888758   0.01776518
 -0.02888162   0.01778306
 -0.02887566   0.01780100
 -0.02886972   0.01781886
 -0.02886376   0.01783672
 -0.02885780   0.01785458
 -0.02885186   0.01787244
 -0.02884590   0.01789032
 -0.02883994   0.01790818
 -0.02883398   0.01792604
 -0.02882804   0.01794390
 -0.02882208   0.01796176
 -0.02881612   0.01797962
 -0.02881016   0.01799750
 -0.02880422   0.01801536
 -0.02879826   0.01803322
 -0.02879230   0.01805108
 -0.02878636   0.01806894
 -0.02878040   0.01808680
 -0.02877444   0.01810468
 -0.02876848   0.01812254
 -0.02876254   0.01814040
 -0.02875658   0.01815826
 -0.02875062   0.01817612
 -0.02874468   0.01819398
 -0.02873872   0.01821186
 -0.02873276   0.01822972
 -0.02872680   0.01824758
 -0.02872086   0.01826544
 -0.02871490   0.01828330
 -0.02870894   0.01830124
 -0.02870300   0.01831910
 -0.02869704   0.01833698
 -0.02869108   0.01835484
 -0.02868512   0.01837270
 -0.02867918   0.01839056
 -0.02867322   0.01840842
 -0.02866726   0.01842628
 -0.02866130   0.01844416
 -0.02865536   0.01846202
 -0.02864940   0.01847988
 -0.02864344   0.01849774
 -0.02863750   0.01851560
 -0.02863154   0.01853346
 -0.02862558   0.01855134
 -0.02861962   0.01856920
 -0.02861368   0.01858706
 -0.02860772   0.01860492
 -0.02860176   0.01862278
 -0.02859582   0.01864064
 -0.02858986   0.01865852
 -0.02858390   0.01867638
 -0.02857794   0.01869424
 -0.02857200   0.01871210
 -0.02856604   0.01872996
 -0.02856008   0.01874782
 -0.02855412   0.01876570
 -0.02854818   0.01878356
 -0.02854214   0.01880150
 -0.02853618   0.01881936
 -0.02853024   0.01883722
 -0.02852428   0.01885508
 -0.02851832   0.01887296
 -0.02851236   0.01889082
 -0.02850642   0.01890868
 -0.02850046   0.01892654
 -0.02849450   0.01894440
 -0.02848856   0.01896226
 -0.02848260   0.01898012
 -0.02847664   0.01899800
 -0.02847068   0.01901586
 -0.02846474   0.01903372
 -0.02845878   0.01905158
 -0.02845282   0.01906944
 -0.02844688   0.01908730
 -0.02844092   0.01910518
 -0.02843496   0.01912304
 -0.02842900   0.01914090
 -0.02842306   0.01915876
 -0.02841710   0.01917662
 -0.02841114   0.01919448
 -0.02840518   0.01921236
 -0.02839924   0.01923022
 -0.02839328   0.01924808
 -0.02838732   0.01926594
 -0.02838138   0.01928388
 -0.02837542   0.01930174
 -0.02836946   0.01931962
 -0.02836350   0.01933748
 -0.02835756   0.01935534
 -0.02835160   0.01937320
 -0.02834564   0.01939106
 -0.02833970   0.01940892
 -0.02833374   0.01942680
 -0.02832778   0.01944466
 -0.02832182   0.01946252
 -0.02831588   0.01948038
 -0.02830992   0.01949824
 -0.02830396   0.01951610
 -0.02829800   0.01953398
 -0.02829206   0.01955184
 -0.02828610   0.01956970
 -0.02828014   0.01958756
 -0.02827420   0.01960542
 -0.02826824   0.01962328
 -0.02826228   0.01964114
 -0.02825632   0.01965902
 -0.02825038   0.01967688
 -0.02824442   0.01969474
 -0.02823846   0.01971260
 -0.02823252   0.01973046
 -0.02822656   0.01974832
 -0.02822060   0.01976620
 -0.02821464   0.01978414
 -0.02820870   0.01980200
 -0.02820274   0.01981986
 -0.02819678   0.01983772
 -0.02819084   0.01985558
 -0.02818488   0.01987346
 -0.02817892   0.01989132
 -0.02817296   0.01990918
 -0.02816702   0.01992704
 -0.02816106   0.01994490
 -0.02815510   0.01996276
 -0.02814914   0.01998064
 -0.02814320   0.01999850
 -0.02813724   0.02001636
 -0.02813128   0.02003422
 -0.02812534   0.02005208
 -0.02811938   0.02006994
 -0.02811342   0.02008782
 -0.02810746   0.02010568
 -0.02810152   0.02012354
 -0.02809556   0.02014140
 -0.02808960   0.02015926
 -0.02808366   0.02017712
 -0.02807770   0.02019500
 -0.02807174   0.02021286
 -0.02806578   0.02023072
 -0.02805984   0.02024858
 -0.02805388   0.02026644
 -0.02804784   0.02028438
 -0.02804190   0.02030224
 -0.02803594   0.02032012
 -0.02802998   0.02033798
 -0.02802402   0.02035584
 -0.02801808   0.02037370
 -0.02801212   0.02039156
 -0.02800616   0.02040942
 -0.02800020   0.02042730
 -0.02799426   0.02044516
 -0.02798830   0.02046302
 -0.02798234   0.02048088
 -0.02797640   0.02049874
 -0.02797044   0.02051660
 -0.02796448   0.02053448
 -0.02795852   0.02055234
 -0.02795258   0.02057020
 -0.02794662   0.02058806
 -0.02794066   0.02060592
 -0.02793472   0.02062378
 -0.02792876   0.02064166
 -0.02792280   0.02065952
 -0.02791684   0.02067738
 -0.02791090   0.02069524
 -0.02790494   0.02071310
 -0.02789898   0.02073096
 -0.02789302   0.02074884
 -0.02788708   0.02076670
 -0.02788112   0.02078464
 -0.02787516   0.02080250
 -0.02786922   0.02082036
 -0.02786326   0.02083822
 -0.02785730   0.02085610
 -0.02785134   0.02087396
 -0.02784540   0.02089182
 -0.02783944   0.02090968
 -0.02783348   0.02092754
 -0.02782754   0.02094540
 -0.02782158   0.02096328
 -0.02781562   0.02098114
 -0.02780966   0.02099900
 -0.02780372   0.02101686
 -0.02779776   0.02103472
 -0.02779180   0.02105258
 -0.02778586   0.02107044
 -0.02777990   0.02108832
 -0.02777394   0.02110618
 -0.02776798   0.02112404
 -0.02776204   0.02114190
 -0.02775608   0.02115976
 -0.02775012   0.02117762
 -0.02774416   0.02119550
 -0.02773822   0.02121336
 -0.02773226   0.02123122
 -0.02772630   0.02124908
 -0.02772036   0.02126702
 -0.02771440   0.02128488
 -0.02770844   0.02130276
 -0.02770248   0.02132062
 -0.02769654   0.02133848
 -0.02769058   0.02135634
 -0.02768462   0.02137420
 -0.02767868   0.02139206
 -0.02767272   0.02140994
 -0.02766676   0.02142780
 -0.02766080   0.02144566
 -0.02765486   0.02146352
 -0.02764890   0.02148138
 -0.02764294   0.02149924
 -0.02763698   0.02151712
 -0.02763104   0.02153498
 -0.02762508   0.02155284
 -0.02761912   0.02157070
 -0.02761318   0.02158856
 -0.02760722   0.02160642
 -0.02760126   0.02162430
 -0.02759530   0.02164216
 -0.02758936   0.02166002
 -0.02758340   0.02167788
 -0.02757744   0.02169574
 -0.02757150   0.02171360
 -0.02756554   0.02173146
 -0.02755958   0.02174934
 -0.02755354   0.02176728
 -0.02754760   0.02178514
 -0.02754164   0.02180300
 -0.02753568   0.02182086
 -0.02752974   0.02183872
 -0.02752378   0.02185660
 -0.02751782   0.02187446
 -0.02751186   0.02189232
 -0.02750592   0.02191018
 -0.02749996   0.02192804
 -0.02749400   0.02194590
 -0.02748804   0.02196378
 -0.02748210   0.02198164
 -0.02747614   0.02199950
 -0.02747018   0.02201736
 -0.02746424   0.02203522
 -0.02745828   0.02205308
 -0.02745232   0.02207096
 -0.02744636   0.02208882
 -0.02744042   0.02210668
 -0.02743446   0.02212454
 -0.02742850   0.02214240
 -0.02742256   0.02216026
 -0.02741660   0.02217814
 -0.02741064   0.02219600
 -0.02740468   0.02221386
 -0.02739874   0.02223172
 -0.02739278   0.02224958
 -0.02738682   0.02226752
 -0.02738086   0.02228540
 -0.02737492   0.02230326
 -0.02736896   0.02232112
 -0.02736300   0.02233898
 -0.02735706   0.02235684
 -0.02735110   0.02237470
 -0.02734514   0.02239256
 -0.02733918   0.02241044
 -0.02733324   0.02242830
 -0.02732728   0.02244616
 -0.02732132   0.02246402
 -0.02731538   0.02248188
 -0.02730942   0.02249974
 -0.02730346   0.02251762
 -0.02729750   0.02253548
 -0.02729156   0.02255334
 -0.02728560   0.02257120
 -0.02727964   0.02258906
 -0.02727370   0.02260692
 -0.02726774   0.02262480
 -0.02726178   0.02264266
 -0.02725582   0.02266052
 -0.02724988   0.02267838
 -0.02724392   0.02269624
 -0.02723796   0.02271410
 -0.02723200   0.02273198
 -0.02722606   0.02274984
 -0.02722010   0.02276778
 -0.02721414   0.02278564
 -0.02720820   0.02280350
 -0.02720224   0.02282136
 -0.02719628   0.02283924
 -0.02719032   0.02285710
 -0.02718438   0.02287496
 -0.02717842   0.02289282
 -0.02717246   0.02291068
 -0.02716652   0.02292854
 -0.02716056   0.02294642
 -0.02715460   0.02296428
 -0.02714864   0.02298214
 -0.02714270   0.02300000
