 -0.03725000   0.02300000
 -0.03722545   0.02290185
 -0.03721610   0.02286455
 -0.03720675   0.02282725
 -0.03719740   0.02279000
 -0.03718810   0.02275265
 -0.03717865   0.02271540
 -0.03716930   0.02267810
 -0.03715995   0.02264085
 -0.03715050   0.02260360
 -0.03714110   0.02256630
 -0.03713170   0.02252905
 -0.03712230   0.02249180
 -0.03711280   0.02245455
 -0.03710340   0.02241725
 -0.03709395   0.02238000
 -0.03708450   0.02234275
 -0.03707500   0.02230550
 -0.03706555   0.02226825
 -0.03705610   0.02223100
 -0.03704655   0.02219375
 -0.03703705   0.02215650
 -0.03702755   0.02211930
 -0.03701805   0.02208200
 -0.03700850   0.02204475
 -0.03699895   0.02200755
 -0.03698945   0.02197030
 -0.03697985   0.02193310
 -0.03697030   0.02189585
 -0.03696075   0.02185865
 -0.03695120   0.02182145
 -0.03694155   0.02178420
 -0.03693195   0.02174695
 -0.03692240   0.02170975
 -0.03691280   0.02167255
 -0.03690310   0.02163535
 -0.03689350   0.02159815
 -0.03688385   0.02156095
 -0.03687420   0.02152375
 -0.03686455   0.02148655
 -0.03685490   0.02144935
 -0.03684525   0.02141210
 -0.03683550   0.02137495
 -0.03682585   0.02133775
 -0.03681615   0.02130055
 -0.03680640   0.02126340
 -0.03679670   0.02122620
 -0.03678695   0.02118905
 -0.03677725   0.02115185
 -0.03676745   0.02111470
 -0.03675775   0.02107750
 -0.03674800   0.02104035
 -0.03673825   0.02100315
 -0.03672840   0.02096600
 -0.03671865   0.02092885
 -0.03670885   0.02089170
 -0.03669900   0.02085455
 -0.03668920   0.02081740
 -0.03667940   0.02078025
 -0.03666960   0.02074310
 -0.03665970   0.02070595
 -0.03664990   0.02066880
 -0.03664005   0.02063170
 -0.03663015   0.02059455
 -0.03662025   0.02055740
 -0.03661040   0.02052030
 -0.03660055   0.02048320
 -0.03659060   0.02044605
 -0.03658070   0.02040890
 -0.03657080   0.02037180
 -0.03656090   0.02033470
 -0.03655090   0.02029755
 -0.03654100   0.02026045
 -0.03653105   0.02022335
 -0.03652105   0.02018625
 -0.03651110   0.02014920
 -0.03650115   0.02011205
 -0.03649115   0.02007495
 -0.03648115   0.02003785
 -0.03647115   0.02000080
 -0.03646115   0.01996370
 -0.03645110   0.01992665
 -0.03644110   0.01988955
 -0.03643105   0.01985250
 -0.03642105   0.01981540
 -0.03641095   0.01977830
 -0.03640090   0.01974125
 -0.03639085   0.01970420
 -0.03638075   0.01966715
 -0.03637065   0.01963010
 -0.03636055   0.01959305
 -0.03635045   0.01955600
 -0.03634030   0.01951895
 -0.03633020   0.01948190
 -0.03632010   0.01944480
 -0.03631000   0.01940780
 -0.03629980   0.01937075
 -0.03628965   0.01933375
 -0.03627950   0.01929670
 -0.03626930   0.01925970
 -0.03625915   0.01922265
 -0.03624895   0.01918565
 -0.03623875   0.01914865
 -0.03622855   0.01911160
 -0.03621835   0.01907460
 -0.03620810   0.01903760
 -0.03619790   0.01900060
 -0.03618765   0.01896360
 -0.03617740   0.01892660
 -0.03616715   0.01888960
 -0.03615685   0.01885265
 -0.03614660   0.01881565
 -0.03613630   0.01877860
 -0.03612605   0.01874165
 -0.03611570   0.01870465
 -0.03610540   0.01866770
 -0.03609510   0.01863075
 -0.03608475   0.01859380
 -0.03607445   0.01855680
 -0.03606410   0.01851985
 -0.03605380   0.01848290
 -0.03604340   0.01844590
 -0.03603305   0.01840895
 -0.03602265   0.01837205
 -0.03601230   0.01833510
 -0.03600190   0.01829815
 -0.03599150   0.01826125
 -0.03598100   0.01822430
 -0.03597035   0.01818745
 -0.03595960   0.01815060
 -0.03594865   0.01811380
 -0.03593760   0.01807710
 -0.03592635   0.01804035
 -0.03591495   0.01800365
 -0.03590340   0.01796705
 -0.03589175   0.01793045
 -0.03587995   0.01789395
 -0.03586795   0.01785750
 -0.03585585   0.01782105
 -0.03584360   0.01778465
 -0.03583120   0.01774830
 -0.03581860   0.01771200
 -0.03580590   0.01767575
 -0.03579305   0.01763955
 -0.03578005   0.01760340
 -0.03576690   0.01756730
 -0.03575360   0.01753125
 -0.03574015   0.01749525
 -0.03572655   0.01745930
 -0.03571285   0.01742340
 -0.03569895   0.01738755
 -0.03568495   0.01735185
 -0.03567075   0.01731610
 -0.03565645   0.01728040
 -0.03564205   0.01724485
 -0.03562740   0.01720925
 -0.03561270   0.01717380
 -0.03559785   0.01713830
 -0.03558280   0.01710295
 -0.03556765   0.01706765
 -0.03555230   0.01703240
 -0.03553690   0.01699715
 -0.03552125   0.01696200
 -0.03550550   0.01692700
 -0.03548965   0.01689200
 -0.03547365   0.01685705
 -0.03545750   0.01682215
 -0.03544115   0.01678735
 -0.03542475   0.01675260
 -0.03540820   0.01671790
 -0.03539145   0.01668330
 -0.03537460   0.01664875
 -0.03535765   0.01661430
 -0.03534045   0.01657990
 -0.03532325   0.01654555
 -0.03530580   0.01651125
 -0.03528825   0.01647705
 -0.03527060   0.01644295
 -0.03525270   0.01640885
 -0.03523480   0.01637490
 -0.03521665   0.01634100
 -0.03519850   0.01630715
 -0.03518010   0.01627340
 -0.03516160   0.01623975
 -0.03514295   0.01620610
 -0.03512420   0.01617255
 -0.03510530   0.01613910
 -0.03508625   0.01610575
 -0.03506710   0.01607245
 -0.03504780   0.01603920
 -0.03502835   0.01600610
 -0.03500875   0.01597300
 -0.03498910   0.01594000
 -0.03496925   0.01590715
 -0.03494925   0.01587430
 -0.03492915   0.01584160
 -0.03490895   0.01580895
 -0.03488860   0.01577635
 -0.03486810   0.01574385
 -0.03484750   0.01571145
 -0.03482675   0.01567915
 -0.03480590   0.01564690
 -0.03478490   0.01561480
 -0.03476375   0.01558275
 -0.03474250   0.01555075
 -0.03472110   0.01551890
 -0.03469955   0.01548710
 -0.03467800   0.01545540
 -0.03465615   0.01542380
 -0.03463430   0.01539225
 -0.03461230   0.01536080
 -0.03459015   0.01532950
 -0.03456785   0.01529825
 -0.03454555   0.01526715
 -0.03452300   0.01523605
 -0.03450035   0.01520510
 -0.03447760   0.01517425
 -0.03445470   0.01514345
 -0.03443175   0.01511275
 -0.03440865   0.01508215
 -0.03438540   0.01505170
 -0.03436205   0.01502130
 -0.03433855   0.01499100
 -0.03431495   0.01496080
 -0.03429120   0.01493070
 -0.03426735   0.01490070
 -0.03424345   0.01487080
 -0.03421935   0.01484105
 -0.03419515   0.01481130
 -0.03417090   0.01478175
 -0.03414645   0.01475220
 -0.03412190   0.01472285
 -0.03409730   0.01469355
 -0.03407245   0.01466440
 -0.03404760   0.01463530
 -0.03402260   0.01460630
 -0.03399750   0.01457745
 -0.03397230   0.01454865
 -0.03394695   0.01452005
 -0.03392150   0.01449145
 -0.03389595   0.01446305
 -0.03387025   0.01443465
 -0.03384450   0.01440645
 -0.03381860   0.01437835
 -0.03379265   0.01435035
 -0.03376655   0.01432245
 -0.03374030   0.01429465
 -0.03371395   0.01426695
 -0.03368755   0.01423935
 -0.03366100   0.01421195
 -0.03363440   0.01418455
 -0.03360760   0.01415735
 -0.03358075   0.01413020
 -0.03355380   0.01410320
 -0.03352670   0.01407630
 -0.03349960   0.01404955
 -0.03347230   0.01402290
 -0.03344490   0.01399630
 -0.03341745   0.01396985
 -0.03338985   0.01394355
 -0.03336220   0.01391735
 -0.03333445   0.01389125
 -0.03330655   0.01386530
 -0.03327855   0.01383950
 -0.03325050   0.01381370
 -0.03322235   0.01378810
 -0.03319400   0.01376260
 -0.03316565   0.01373725
 -0.03313720   0.01371195
 -0.03310865   0.01368685
 -0.03307995   0.01366185
 -0.03305120   0.01363695
 -0.03302235   0.01361220
 -0.03299345   0.01358755
 -0.03296435   0.01356300
 -0.03293525   0.01353860
 -0.03290600   0.01351430
 -0.03287670   0.01349015
 -0.03284730   0.01346615
 -0.03281780   0.01344225
 -0.03278825   0.01341845
 -0.03275855   0.01339480
 -0.03272880   0.01337130
 -0.03269895   0.01334785
 -0.03266900   0.01332460
 -0.03263900   0.01330145
 -0.03260885   0.01327845
 -0.03257870   0.01325555
 -0.03254840   0.01323275
 -0.03251800   0.01321010
 -0.03248760   0.01318765
 -0.03245705   0.01316525
 -0.03242640   0.01314295
 -0.03239570   0.01312085
 -0.03236495   0.01309890
 -0.03233405   0.01307705
 -0.03230310   0.01305525
 -0.03227210   0.01303370
 -0.03224100   0.01301225
 -0.03220980   0.01299090
 -0.03217855   0.01296970
 -0.03214720   0.01294865
 -0.03211580   0.01292770
 -0.03208430   0.01290690
 -0.03205270   0.01288620
 -0.03202105   0.01286570
 -0.03198935   0.01284530
 -0.03195760   0.01282505
 -0.03192570   0.01280490
 -0.03189380   0.01278495
 -0.03186175   0.01276505
 -0.03182970   0.01274535
 -0.03179755   0.01272575
 -0.03176530   0.01270635
 -0.03173300   0.01268700
 -0.03170065   0.01266780
 -0.03166825   0.01264880
 -0.03163575   0.01262990
 -0.03160315   0.01261115
 -0.03157055   0.01259255
 -0.03153785   0.01257405
 -0.03150505   0.01255570
 -0.03147230   0.01253750
 -0.03143940   0.01251945
 -0.03140640   0.01250150
 -0.03137340   0.01248375
 -0.03134035   0.01246610
 -0.03130715   0.01244860
 -0.03127400   0.01243120
 -0.03124070   0.01241405
 -0.03120745   0.01239690
 -0.03117405   0.01238000
 -0.03114065   0.01236320
 -0.03110715   0.01234655
 -0.03107355   0.01233005
 -0.03104000   0.01231365
 -0.03100630   0.01229745
 -0.03097260   0.01228135
 -0.03093880   0.01226545
 -0.03090500   0.01224965
 -0.03087115   0.01223395
 -0.03083725   0.01221845
 -0.03080320   0.01220310
 -0.03076925   0.01218790
 -0.03073515   0.01217285
 -0.03070100   0.01215790
 -0.03066685   0.01214310
 -0.03063265   0.01212845
 -0.03059835   0.01211400
 -0.03056405   0.01209960
 -0.03052965   0.01208545
 -0.03049530   0.01207140
 -0.03046075   0.01205770
 -0.03042625   0.01204405
 -0.03039165   0.01203040
 -0.03035715   0.01201685
 -0.03032260   0.01200325
 -0.03028800   0.01198970
 -0.03025340   0.01197625
 -0.03021880   0.01196270
 -0.03018420   0.01194925
 -0.03014955   0.01193585
 -0.03011495   0.01192245
 -0.03008025   0.01190910
 -0.03004560   0.01189575
 -0.03001095   0.01188245
 -0.02997625   0.01186915
 -0.02994155   0.01185595
 -0.02990685   0.01184270
 -0.02987210   0.01182950
 -0.02983735   0.01181635
 -0.02980260   0.01180320
 -0.02976780   0.01179010
 -0.02973305   0.01177700
 -0.02969830   0.01176390
 -0.02966345   0.01175090
 -0.02962865   0.01173790
 -0.02959385   0.01172495
 -0.02955895   0.01171200
 -0.02952410   0.01169910
 -0.02948925   0.01168625
 -0.02945435   0.01167340
 -0.02941945   0.01166055
 -0.02938460   0.01164780
 -0.02934970   0.01163500
 -0.02931475   0.01162230
 -0.02927980   0.01160955
 -0.02924485   0.01159685
 -0.02920985   0.01158425
 -0.02917490   0.01157160
 -0.02913990   0.01155900
 -0.02910495   0.01154650
 -0.02906990   0.01153395
 -0.02903490   0.01152145
 -0.02899985   0.01150895
 -0.02896480   0.01149650
 -0.02892975   0.01148410
 -0.02889465   0.01147170
 -0.02885960   0.01145935
 -0.02882450   0.01144700
 -0.02878940   0.01143475
 -0.02875425   0.01142245
 -0.02871910   0.01141020
 -0.02868395   0.01139795
 -0.02864885   0.01138580
 -0.02861370   0.01137365
 -0.02857845   0.01136150
 -0.02854330   0.01134940
 -0.02850810   0.01133735
 -0.02847285   0.01132530
 -0.02843765   0.01131330
 -0.02840240   0.01130130
 -0.02836720   0.01128935
 -0.02833195   0.01127745
 -0.02829665   0.01126555
 -0.02826135   0.01125370
 -0.02822610   0.01124190
 -0.02819080   0.01123005
 -0.02815545   0.01121825
 -0.02812010   0.01120655
 -0.02808480   0.01119485
 -0.02804945   0.01118315
 -0.02801405   0.01117150
 -0.02797870   0.01115985
 -0.02794335   0.01114825
 -0.02790795   0.01113670
 -0.02787250   0.01112515
 -0.02783710   0.01111365
 -0.02780170   0.01110215
 -0.02776620   0.01109070
 -0.02773080   0.01107925
 -0.02769535   0.01106785
 -0.02765985   0.01105655
 -0.02762435   0.01104520
 -0.02758890   0.01103385
 -0.02755335   0.01102260
 -0.02751785   0.01101135
 -0.02748230   0.01100015
 -0.02744680   0.01098895
 -0.02741125   0.01097780
 -0.02737565   0.01096665
 -0.02734010   0.01095555
 -0.02730455   0.01094450
 -0.02726890   0.01093345
 -0.02723335   0.01092245
 -0.02719770   0.01091145
 -0.02716205   0.01090050
 -0.02712645   0.01088960
 -0.02709080   0.01087870
 -0.02705510   0.01086785
 -0.02701945   0.01085700
 -0.02698380   0.01084620
 -0.02694810   0.01083545
 -0.02691240   0.01082465
 -0.02687670   0.01081395
 -0.02684100   0.01080325
 -0.02680525   0.01079265
 -0.02676950   0.01078200
 -0.02673375   0.01077145
 -0.02669800   0.01076085
 -0.02666220   0.01075030
 -0.02662645   0.01073980
 -0.02659065   0.01072935
 -0.02655485   0.01071890
 -0.02651900   0.01070845
 -0.02648320   0.01069810
 -0.02644740   0.01068770
 -0.02641150   0.01067740
 -0.02637570   0.01066710
 -0.02633980   0.01065685
 -0.02630395   0.01064660
 -0.02626805   0.01063640
 -0.02623215   0.01062620
 -0.02619625   0.01061610
 -0.02616030   0.01060595
 -0.02612440   0.01059585
 -0.02608845   0.01058580
 -0.02605255   0.01057580
 -0.02601660   0.01056580
 -0.02598060   0.01055580
 -0.02594465   0.01054585
 -0.02590865   0.01053595
 -0.02587265   0.01052605
 -0.02583665   0.01051620
 -0.02580060   0.01050640
 -0.02576465   0.01049660
 -0.02572860   0.01048685
 -0.02569255   0.01047710
 -0.02565650   0.01046745
 -0.02562045   0.01045775
 -0.02558410   0.01045095
 -0.02554785   0.01044820
 -0.02551205   0.01044920
 -0.02547735   0.01045380
 -0.02544400   0.01046195
 -0.02541245   0.01047340
 -0.02538320   0.01048795
 -0.02535655   0.01050520
 -0.02533275   0.01052490
 -0.02531215   0.01054665
 -0.02529500   0.01057005
 -0.02528670   0.01059490
 -0.02527845   0.01061975
 -0.02527015   0.01064460
 -0.02526185   0.01066950
 -0.02525355   0.01069435
 -0.02524530   0.01071920
 -0.02523700   0.01074405
 -0.02522870   0.01076890
 -0.02522045   0.01079375
 -0.02521215   0.01081860
 -0.02520385   0.01084350
 -0.02519555   0.01086835
 -0.02518730   0.01089320
 -0.02517900   0.01091805
 -0.02517065   0.01094295
 -0.02516240   0.01096780
 -0.02515410   0.01099270
 -0.02514580   0.01101755
 -0.02513750   0.01104240
 -0.02512925   0.01106725
 -0.02512095   0.01109210
 -0.02511265   0.01111695
 -0.02510435   0.01114185
 -0.02509610   0.01116670
 -0.02508780   0.01119155
 -0.02507950   0.01121640
 -0.02507125   0.01124125
 -0.02506295   0.01126610
 -0.02505465   0.01129100
 -0.02504635   0.01131585
 -0.02503810   0.01134070
 -0.02502980   0.01136555
 -0.02502150   0.01139040
 -0.02501325   0.01141525
 -0.02500495   0.01144015
 -0.02499665   0.01146500
 -0.02498835   0.01148985
 -0.02498010   0.01151470
 -0.02497180   0.01153955
 -0.02496350   0.01156440
 -0.02495520   0.01158930
 -0.02494695   0.01161415
 -0.02493865   0.01163905
 -0.02493035   0.01166390
 -0.02492210   0.01168875
 -0.02491380   0.01171360
 -0.02490550   0.01173845
 -0.02489720   0.01176335
 -0.02488895   0.01178820
 -0.02488065   0.01181305
 -0.02487235   0.01183790
 -0.02486410   0.01186275
 -0.02485580   0.01188760
 -0.02484750   0.01191250
 -0.02483920   0.01193735
 -0.02483095   0.01196220
 -0.02482265   0.01198705
 -0.02481435   0.01201190
 -0.02480610   0.01203675
 -0.02479780   0.01206165
 -0.02478950   0.01208650
 -0.02478120   0.01211135
 -0.02477295   0.01213620
 -0.02476465   0.01216105
 -0.02475635   0.01218590
 -0.02474805   0.01221080
 -0.02473980   0.01223565
 -0.02473150   0.01226050
 -0.02472320   0.01228535
 -0.02471495   0.01231025
 -0.02470665   0.01233510
 -0.02469835   0.01236000
 -0.02469005   0.01238485
 -0.02468180   0.01240970
 -0.02467350   0.01243455
 -0.02466520   0.01245940
 -0.02465695   0.01248425
 -0.02464865   0.01250915
 -0.02464035   0.01253400
 -0.02463205   0.01255885
 -0.02462380   0.01258370
 -0.02461550   0.01260855
 -0.02460720   0.01263340
 -0.02459895   0.01265825
 -0.02459065   0.01268315
 -0.02458235   0.01270800
 -0.02457405   0.01273285
 -0.02456580   0.01275770
 -0.02455750   0.01278255
 -0.02454920   0.01280740
 -0.02454090   0.01283230
 -0.02453265   0.01285715
 -0.02452435   0.01288200
 -0.02451605   0.01290685
 -0.02450780   0.01293170
 -0.02449950   0.01295655
 -0.02449120   0.01298145
 -0.02448285   0.01300635
 -0.02447460   0.01303120
 -0.02446630   0.01305605
 -0.02445800   0.01308090
 -0.02444975   0.01310575
 -0.02444145   0.01313065
 -0.02443315   0.01315550
 -0.02442485   0.01318035
 -0.02441660   0.01320520
 -0.02440830   0.01323005
 -0.02440000   0.01325490
 -0.02439170   0.01327980
 -0.02438345   0.01330465
 -0.02437515   0.01332950
 -0.02436685   0.01335435
 -0.02435860   0.01337920
 -0.02435030   0.01340405
 -0.02434200   0.01342895
 -0.02433370   0.01345380
 -0.02432545   0.01347865
 -0.02431715   0.01350350
 -0.02430885   0.01352835
 -0.02430060   0.01355320
 -0.02429230   0.01357805
 -0.02428400   0.01360295
 -0.02427570   0.01362780
 -0.02426745   0.01365265
 -0.02425915   0.01367750
 -0.02425085   0.01370240
 -0.02424260   0.01372725
 -0.02423430   0.01375215
 -0.02422600   0.01377700
 -0.02421770   0.01380185
 -0.02420945   0.01382670
 -0.02420115   0.01385155
 -0.02419285   0.01387640
 -0.02418455   0.01390130
 -0.02417630   0.01392615
 -0.02416800   0.01395100
 -0.02415970   0.01397585
 -0.02415145   0.01400070
 -0.02414315   0.01402555
 -0.02413485   0.01405045
 -0.02412655   0.01407530
 -0.02411830   0.01410015
 -0.02411000   0.01412500
 -0.02410170   0.01414985
 -0.02409345   0.01417470
 -0.02408515   0.01419960
 -0.02407685   0.01422445
 -0.02406855   0.01424930
 -0.02406030   0.01427415
 -0.02405200   0.01429900
 -0.02404370   0.01432385
 -0.02403540   0.01434875
 -0.02402715   0.01437360
 -0.02401885   0.01439850
 -0.02401055   0.01442335
 -0.02400230   0.01444820
 -0.02399400   0.01447305
 -0.02398570   0.01449795
 -0.02397740   0.01452280
 -0.02396915   0.01454765
 -0.02396085   0.01457250
 -0.02395255   0.01459735
 -0.02394430   0.01462220
 -0.02393600   0.01464705
 -0.02392770   0.01467195
 -0.02391940   0.01469680
 -0.02391115   0.01472165
 -0.02390285   0.01474650
 -0.02389455   0.01477135
 -0.02388630   0.01479620
 -0.02387800   0.01482110
 -0.02386970   0.01484595
 -0.02386140   0.01487080
 -0.02385315   0.01489565
 -0.02384485   0.01492050
 -0.02383655   0.01494535
 -0.02382825   0.01497025
 -0.02382000   0.01499510
 -0.02381170   0.01501995
 -0.02380340   0.01504480
 -0.02379510   0.01506970
 -0.02378680   0.01509455
 -0.02377850   0.01511945
 -0.02377020   0.01514430
 -0.02376195   0.01516915
 -0.02375365   0.01519400
 -0.02374535   0.01521885
 -0.02373710   0.01524370
 -0.02372880   0.01526860
 -0.02372050   0.01529345
 -0.02371220   0.01531830
 -0.02370395   0.01534315
 -0.02369565   0.01536800
 -0.02368735   0.01539285
 -0.02367905   0.01541775
 -0.02367080   0.01544260
 -0.02366250   0.01546745
 -0.02365420   0.01549230
 -0.02364595   0.01551715
 -0.02363765   0.01554200
 -0.02362935   0.01556685
 -0.02362105   0.01559175
 -0.02361280   0.01561660
 -0.02360450   0.01564145
 -0.02359620   0.01566630
 -0.02358795   0.01569115
 -0.02357965   0.01571600
 -0.02357135   0.01574090
 -0.02356305   0.01576580
 -0.02355480   0.01579065
 -0.02354650   0.01581550
 -0.02353820   0.01584035
 -0.02352995   0.01586520
 -0.02352165   0.01589010
 -0.02351335   0.01591495
 -0.02350505   0.01593980
 -0.02349680   0.01596465
 -0.02348850   0.01598950
 -0.02348020   0.01601435
 -0.02347190   0.01603925
 -0.02346365   0.01606410
 -0.02345535   0.01608895
 -0.02344705   0.01611380
 -0.02343880   0.01613865
 -0.02343050   0.01616350
 -0.02342220   0.01618840
 -0.02341390   0.01621325
 -0.02340565   0.01623810
 -0.02339735   0.01626295
 -0.02338905   0.01628780
 -0.02338080   0.01631265
 -0.02337250   0.01633755
 -0.02336420   0.01636240
 -0.02335590   0.01638725
 -0.02334765   0.01641210
 -0.02333935   0.01643695
 -0.02333105   0.01646185
 -0.02332280   0.01648670
 -0.02331450   0.01651160
 -0.02330620   0.01653645
 -0.02329790   0.01656130
 -0.02328965   0.01658615
 -0.02328135   0.01661100
 -0.02327305   0.01663585
 -0.02326475   0.01666075
 -0.02325650   0.01668560
 -0.02324820   0.01671045
 -0.02323990   0.01673530
 -0.02323165   0.01676015
 -0.02322335   0.01678500
 -0.02321505   0.01680990
 -0.02320675   0.01683475
 -0.02319850   0.01685960
 -0.02319020   0.01688445
 -0.02318190   0.01690930
 -0.02317365   0.01693415
 -0.02316535   0.01695905
 -0.02315705   0.01698390
 -0.02314875   0.01700875
 -0.02314050   0.01703360
 -0.02313220   0.01705845
 -0.02312390   0.01708330
 -0.02311560   0.01710820
 -0.02310735   0.01713305
 -0.02309900   0.01715795
 -0.02309070   0.01718280
 -0.02308245   0.01720765
 -0.02307415   0.01723250
 -0.02306585   0.01725740
 -0.02305755   0.01728225
 -0.02304930   0.01730710
 -0.02304100   0.01733195
 -0.02303270   0.01735680
 -0.02302445   0.01738165
 -0.02301615   0.01740650
 -0.02300785   0.01743140
 -0.02299955   0.01745625
 -0.02299130   0.01748110
 -0.02298300   0.01750595
 -0.02297470   0.01753080
 -0.02296645   0.01755565
 -0.02295815   0.01758055
 -0.02294985   0.01760540
 -0.02294155   0.01763025
 -0.02293330   0.01765510
 -0.02292500   0.01767995
 -0.02291670   0.01770480
 -0.02290840   0.01772970
 -0.02290015   0.01775455
 -0.02289185   0.01777940
 -0.02288355   0.01780425
 -0.02287530   0.01782915
 -0.02286700   0.01785400
 -0.02285870   0.01787890
 -0.02285040   0.01790375
 -0.02284215   0.01792860
 -0.02283385   0.01795345
 -0.02282555   0.01797830
 -0.02281730   0.01800315
 -0.02280900   0.01802805
 -0.02280070   0.01805290
 -0.02279240   0.01807775
 -0.02278415   0.01810260
 -0.02277585   0.01812745
 -0.02276755   0.01815230
 -0.02275925   0.01817720
 -0.02275100   0.01820205
 -0.02274270   0.01822690
 -0.02273440   0.01825175
 -0.02272615   0.01827660
 -0.02271785   0.01830145
 -0.02270955   0.01832630
 -0.02270125   0.01835120
 -0.02269300   0.01837605
 -0.02268470   0.01840090
 -0.02267640   0.01842575
 -0.02266815   0.01845060
 -0.02265985   0.01847545
 -0.02265155   0.01850035
 -0.02264325   0.01852525
 -0.02263500   0.01855010
 -0.02262670   0.01857495
 -0.02261840   0.01859980
 -0.02261015   0.01862465
 -0.02260185   0.01864955
 -0.02259355   0.01867440
 -0.02258525   0.01869925
 -0.02257700   0.01872410
 -0.02256870   0.01874895
 -0.02256040   0.01877380
 -0.02255210   0.01879870
 -0.02254385   0.01882355
 -0.02253555   0.01884840
 -0.02252725   0.01887325
 -0.02251900   0.01889810
 -0.02251070   0.01892295
 -0.02250240   0.01894785
 -0.02249410   0.01897270
 -0.02248585   0.01899755
 -0.02247755   0.01902240
 -0.02246925   0.01904725
 -0.02246100   0.01907210
 -0.02245270   0.01909700
 -0.02244440   0.01912185
 -0.02243610   0.01914670
 -0.02242785   0.01917155
 -0.02241955   0.01919640
 -0.02241120   0.01922130
 -0.02240295   0.01924615
 -0.02239465   0.01927105
 -0.02238635   0.01929590
 -0.02237805   0.01932075
 -0.02236980   0.01934560
 -0.02236150   0.01937045
 -0.02235320   0.01939530
 -0.02234490   0.01942020
 -0.02233665   0.01944505
 -0.02232835   0.01946990
 -0.02232005   0.01949475
 -0.02231180   0.01951960
 -0.02230350   0.01954445
 -0.02229520   0.01956935
 -0.02228690   0.01959420
 -0.02227865   0.01961905
 -0.02227035   0.01964390
 -0.02226205   0.01966875
 -0.02225380   0.01969360
 -0.02224550   0.01971850
 -0.02223720   0.01974335
 -0.02222890   0.01976820
 -0.02222065   0.01979305
 -0.02221235   0.01981790
 -0.02220405   0.01984275
 -0.02219575   0.01986765
 -0.02218750   0.01989250
 -0.02217920   0.01991740
 -0.02217090   0.01994225
 -0.02216265   0.01996710
 -0.02215435   0.01999195
 -0.02214605   0.02001685
 -0.02213775   0.02004170
 -0.02212950   0.02006655
 -0.02212120   0.02009140
 -0.02211290   0.02011625
 -0.02210465   0.02014110
 -0.02209635   0.02016600
 -0.02208805   0.02019085
 -0.02207975   0.02021570
 -0.02207150   0.02024055
 -0.02206320   0.02026540
 -0.02205490   0.02029025
 -0.02204665   0.02031510
 -0.02203835   0.02034000
 -0.02203005   0.02036485
 -0.02202175   0.02038970
 -0.02201350   0.02041455
 -0.02200520   0.02043940
 -0.02199690   0.02046425
 -0.02198860   0.02048915
 -0.02198035   0.02051400
 -0.02197205   0.02053885
 -0.02196375   0.02056370
 -0.02195550   0.02058860
 -0.02194720   0.02061345
 -0.02193890   0.02063835
 -0.02193060   0.02066320
 -0.02192235   0.02068805
 -0.02191405   0.02071290
 -0.02190575   0.02073775
 -0.02189750   0.02076260
 -0.02188920   0.02078750
 -0.02188090   0.02081235
 -0.02187260   0.02083720
 -0.02186435   0.02086205
 -0.02185605   0.02088690
 -0.02184775   0.02091175
 -0.02183945   0.02093665
 -0.02183120   0.02096150
 -0.02182290   0.02098635
 -0.02181460   0.02101120
 -0.02180635   0.02103605
 -0.02179805   0.02106090
 -0.02178975   0.02108580
 -0.02178145   0.02111065
 -0.02177320   0.02113550
 -0.02176490   0.02116035
 -0.02175660   0.02118520
 -0.02174835   0.02121005
 -0.02174005   0.02123490
 -0.02173175   0.02125980
 -0.02172340   0.02128470
 -0.02171515   0.02130955
 -0.02170685   0.02133440
 -0.02169855   0.02135925
 -0.02169030   0.02138410
 -0.02168200   0.02140900
 -0.02167370   0.02143385
 -0.02166540   0.02145870
 -0.02165715   0.02148355
 -0.02164885   0.02150840
 -0.02164055   0.02153325
 -0.02163225   0.02155815
 -0.02162400   0.02158300
 -0.02161570   0.02160785
 -0.02160740   0.02163270
 -0.02159915   0.02165755
 -0.02159085   0.02168240
 -0.02158255   0.02170730
 -0.02157425   0.02173215
 -0.02156600   0.02175700
 -0.02155770   0.02178185
 -0.02154940   0.02180670
 -0.02154115   0.02183155
 -0.02153285   0.02185645
 -0.02152455   0.02188130
 -0.02151625   0.02190615
 -0.02150800   0.02193100
 -0.02149970   0.02195585
 -0.02149140   0.02198075
 -0.02148310   0.02200565
 -0.02147485   0.02203050
 -0.02146655   0.02205535
 -0.02145825   0.02208020
 -0.02145000   0.02210505
 -0.02144170   0.02212990
 -0.02143340   0.02215475
 -0.02142510   0.02217965
 -0.02141685   0.02220450
 -0.02140855   0.02222935
 -0.02140025   0.02225420
 -0.02139200   0.02227905
 -0.02138370   0.02230390
 -0.02137540   0.02232880
 -0.02136710   0.02235365
 -0.02135885   0.02237850
 -0.02135055   0.02240335
 -0.02134225   0.02242820
 -0.02133400   0.02245305
 -0.02132570   0.02247795
 -0.02131740   0.02250280
 -0.02130910   0.02252765
 -0.02130085   0.02255250
 -0.02129255   0.02257735
 -0.02128425   0.02260220
 -0.02127595   0.02262710
 -0.02126770   0.02265195
 -0.02125940   0.02267685
 -0.02125110   0.02270170
 -0.02124285   0.02272655
 -0.02123455   0.02275140
 -0.02122625   0.02277630
 -0.02121795   0.02280115
 -0.02120970   0.02282600
 -0.02120140   0.02285085
 -0.02119310   0.02287570
 -0.02118485   0.02290055
 -0.02117655   0.02292545
 -0.02116825   0.02295030
 -0.02115995   0.02297515
 -0.02115170   0.02300000
