 -0.03725000   0.02300000
 -0.03722352   0.02289416
 -0.03721530   0.02286134
 -0.03720706   0.02282852
 -0.03719882   0.02279576
 -0.03719064   0.02276290
 -0.03718230   0.02273014
 -0.03717406   0.02269732
 -0.03716582   0.02266456
 -0.03715748   0.02263180
 -0.03714918   0.02259898
 -0.03714088   0.02256622
 -0.03713258   0.02253346
 -0.03712418   0.02250070
 -0.03711588   0.02246790
 -0.03710752   0.02243514
 -0.03709916   0.02240238
 -0.03709076   0.02236962
 -0.03708240   0.02233686
 -0.03707404   0.02230410
 -0.03706558   0.02227134
 -0.03705716   0.02223858
 -0.03704874   0.02220588
 -0.03704032   0.02217308
 -0.03703186   0.02214032
 -0.03702338   0.02210762
 -0.03701496   0.02207486
 -0.03700644   0.02204216
 -0.03699796   0.02200940
 -0.03698948   0.02197670
 -0.03698100   0.02194400
 -0.03697242   0.02191124
 -0.03696388   0.02187850
 -0.03695540   0.02184580
 -0.03694686   0.02181310
 -0.03693822   0.02178040
 -0.03692968   0.02174770
 -0.03692108   0.02171500
 -0.03691250   0.02168230
 -0.03690390   0.02164960
 -0.03689530   0.02161690
 -0.03688670   0.02158416
 -0.03687800   0.02155152
 -0.03686940   0.02151882
 -0.03686074   0.02148612
 -0.03685204   0.02145348
 -0.03684338   0.02142078
 -0.03683466   0.02138814
 -0.03682600   0.02135544
 -0.03681724   0.02132280
 -0.03680858   0.02129012
 -0.03679986   0.02125748
 -0.03679114   0.02122478
 -0.03678232   0.02119214
 -0.03677360   0.02115950
 -0.03676482   0.02112686
 -0.03675600   0.02109422
 -0.03674722   0.02106158
 -0.03673844   0.02102894
 -0.03672966   0.02099632
 -0.03672078   0.02096368
 -0.03671200   0.02093104
 -0.03670316   0.02089846
 -0.03669428   0.02086582
 -0.03668538   0.02083318
 -0.03667654   0.02080060
 -0.03666770   0.02076802
 -0.03665876   0.02073538
 -0.03664986   0.02070276
 -0.03664096   0.02067018
 -0.03663206   0.02063760
 -0.03662306   0.02060496
 -0.03661416   0.02057238
 -0.03660520   0.02053980
 -0.03659620   0.02050722
 -0.03658724   0.02047470
 -0.03657828   0.02044208
 -0.03656926   0.02040950
 -0.03656026   0.02037692
 -0.03655124   0.02034440
 -0.03654222   0.02031182
 -0.03653316   0.02027930
 -0.03652414   0.02024672
 -0.03651506   0.02021420
 -0.03650604   0.02018162
 -0.03649692   0.02014906
 -0.03648784   0.02011654
 -0.03647876   0.02008402
 -0.03646962   0.02005150
 -0.03646050   0.02001898
 -0.03645136   0.01998646
 -0.03644222   0.01995394
 -0.03643304   0.01992142
 -0.03642390   0.01988890
 -0.03641476   0.01985634
 -0.03640562   0.01982388
 -0.03639638   0.01979136
 -0.03638718   0.01975890
 -0.03637798   0.01972638
 -0.03636874   0.01969392
 -0.03635954   0.01966140
 -0.03635028   0.01962894
 -0.03634102   0.01959648
 -0.03633178   0.01956398
 -0.03632252   0.01953152
 -0.03631320   0.01949906
 -0.03630394   0.01946660
 -0.03629464   0.01943414
 -0.03628532   0.01940168
 -0.03627600   0.01936922
 -0.03626664   0.01933682
 -0.03625732   0.01930436
 -0.03624794   0.01927186
 -0.03623862   0.01923946
 -0.03622920   0.01920700
 -0.03621982   0.01917460
 -0.03621044   0.01914220
 -0.03620102   0.01910980
 -0.03619164   0.01907734
 -0.03618220   0.01904494
 -0.03617282   0.01901254
 -0.03616334   0.01898010
 -0.03615390   0.01894770
 -0.03614440   0.01891536
 -0.03613496   0.01888296
 -0.03612548   0.01885056
 -0.03611598   0.01881822
 -0.03610640   0.01878582
 -0.03609670   0.01875352
 -0.03608692   0.01872120
 -0.03607696   0.01868894
 -0.03606694   0.01865676
 -0.03605674   0.01862452
 -0.03604642   0.01859234
 -0.03603598   0.01856024
 -0.03602546   0.01852814
 -0.03601482   0.01849612
 -0.03600400   0.01846416
 -0.03599312   0.01843218
 -0.03598210   0.01840024
 -0.03597096   0.01836836
 -0.03595964   0.01833650
 -0.03594826   0.01830470
 -0.03593676   0.01827292
 -0.03592512   0.01824120
 -0.03591336   0.01820952
 -0.03590148   0.01817786
 -0.03588948   0.01814626
 -0.03587734   0.01811470
 -0.03586514   0.01808318
 -0.03585276   0.01805170
 -0.03584030   0.01802036
 -0.03582768   0.01798896
 -0.03581498   0.01795760
 -0.03580220   0.01792638
 -0.03578920   0.01789510
 -0.03577618   0.01786396
 -0.03576302   0.01783276
 -0.03574970   0.01780170
 -0.03573630   0.01777068
 -0.03572272   0.01773970
 -0.03570912   0.01770870
 -0.03569530   0.01767780
 -0.03568140   0.01764704
 -0.03566742   0.01761626
 -0.03565332   0.01758552
 -0.03563910   0.01755482
 -0.03562470   0.01752422
 -0.03561028   0.01749364
 -0.03559572   0.01746312
 -0.03558100   0.01743266
 -0.03556620   0.01740226
 -0.03555132   0.01737194
 -0.03553622   0.01734166
 -0.03552114   0.01731142
 -0.03550584   0.01728122
 -0.03549046   0.01725110
 -0.03547500   0.01722106
 -0.03545932   0.01719102
 -0.03544366   0.01716112
 -0.03542778   0.01713124
 -0.03541192   0.01710140
 -0.03539584   0.01707166
 -0.03537968   0.01704200
 -0.03536338   0.01701232
 -0.03534702   0.01698274
 -0.03533054   0.01695324
 -0.03531392   0.01692382
 -0.03529722   0.01689444
 -0.03528040   0.01686510
 -0.03526346   0.01683590
 -0.03524638   0.01680668
 -0.03522928   0.01677754
 -0.03521200   0.01674854
 -0.03519460   0.01671952
 -0.03517712   0.01669064
 -0.03515956   0.01666180
 -0.03514188   0.01663298
 -0.03512406   0.01660426
 -0.03510618   0.01657562
 -0.03508816   0.01654706
 -0.03507006   0.01651854
 -0.03505184   0.01649016
 -0.03503348   0.01646180
 -0.03501506   0.01643348
 -0.03499650   0.01640530
 -0.03497782   0.01637714
 -0.03495916   0.01634908
 -0.03494022   0.01632110
 -0.03492130   0.01629314
 -0.03490226   0.01626528
 -0.03488308   0.01623754
 -0.03486378   0.01620984
 -0.03484450   0.01618228
 -0.03482498   0.01615470
 -0.03480540   0.01612724
 -0.03478574   0.01609988
 -0.03476594   0.01607254
 -0.03474612   0.01604530
 -0.03472616   0.01601812
 -0.03470608   0.01599108
 -0.03468592   0.01596408
 -0.03466562   0.01593716
 -0.03464526   0.01591032
 -0.03462476   0.01588356
 -0.03460418   0.01585688
 -0.03458358   0.01583028
 -0.03456278   0.01580382
 -0.03454192   0.01577734
 -0.03452102   0.01575104
 -0.03449994   0.01572472
 -0.03447878   0.01569858
 -0.03445760   0.01567248
 -0.03443618   0.01564650
 -0.03441478   0.01562056
 -0.03439326   0.01559470
 -0.03437164   0.01556896
 -0.03434996   0.01554326
 -0.03432814   0.01551774
 -0.03430624   0.01549220
 -0.03428426   0.01546684
 -0.03426214   0.01544146
 -0.03424000   0.01541626
 -0.03421772   0.01539114
 -0.03419542   0.01536610
 -0.03417298   0.01534114
 -0.03415042   0.01531626
 -0.03412776   0.01529146
 -0.03410508   0.01526674
 -0.03408226   0.01524220
 -0.03405942   0.01521764
 -0.03403640   0.01519326
 -0.03401334   0.01516890
 -0.03399020   0.01514468
 -0.03396692   0.01512054
 -0.03394366   0.01509652
 -0.03392022   0.01507258
 -0.03389670   0.01504868
 -0.03387314   0.01502490
 -0.03384946   0.01500124
 -0.03382574   0.01497768
 -0.03380194   0.01495418
 -0.03377800   0.01493082
 -0.03375398   0.01490758
 -0.03372994   0.01488432
 -0.03370580   0.01486124
 -0.03368148   0.01483824
 -0.03365718   0.01481536
 -0.03363280   0.01479252
 -0.03360832   0.01476986
 -0.03358372   0.01474726
 -0.03355908   0.01472474
 -0.03353436   0.01470236
 -0.03350960   0.01468006
 -0.03348466   0.01465782
 -0.03345974   0.01463572
 -0.03343468   0.01461370
 -0.03340958   0.01459180
 -0.03338440   0.01457002
 -0.03335914   0.01454834
 -0.03333384   0.01452672
 -0.03330840   0.01450522
 -0.03328294   0.01448386
 -0.03325738   0.01446252
 -0.03323174   0.01444136
 -0.03320606   0.01442028
 -0.03318026   0.01439932
 -0.03315446   0.01437844
 -0.03312852   0.01435764
 -0.03310250   0.01433696
 -0.03307650   0.01431646
 -0.03305036   0.01429598
 -0.03302412   0.01427558
 -0.03299786   0.01425536
 -0.03297156   0.01423526
 -0.03294512   0.01421524
 -0.03291864   0.01419524
 -0.03289214   0.01417548
 -0.03286554   0.01415578
 -0.03283884   0.01413616
 -0.03281212   0.01411666
 -0.03278532   0.01409730
 -0.03275846   0.01407800
 -0.03273152   0.01405884
 -0.03270450   0.01403974
 -0.03267744   0.01402082
 -0.03265034   0.01400198
 -0.03262320   0.01398326
 -0.03259592   0.01396462
 -0.03256866   0.01394616
 -0.03254126   0.01392772
 -0.03251386   0.01390944
 -0.03248638   0.01389126
 -0.03245880   0.01387324
 -0.03243120   0.01385524
 -0.03240354   0.01383738
 -0.03237586   0.01381968
 -0.03234808   0.01380206
 -0.03232022   0.01378458
 -0.03229236   0.01376720
 -0.03226442   0.01374990
 -0.03223638   0.01373274
 -0.03220840   0.01371568
 -0.03218028   0.01369876
 -0.03215208   0.01368192
 -0.03212388   0.01366524
 -0.03209564   0.01364864
 -0.03206726   0.01363216
 -0.03203894   0.01361576
 -0.03201048   0.01359958
 -0.03198208   0.01358338
 -0.03195354   0.01356740
 -0.03192500   0.01355148
 -0.03189638   0.01353570
 -0.03186766   0.01352004
 -0.03183900   0.01350446
 -0.03181020   0.01348904
 -0.03178140   0.01347370
 -0.03175252   0.01345854
 -0.03172364   0.01344344
 -0.03169472   0.01342842
 -0.03166576   0.01341358
 -0.03163666   0.01339886
 -0.03160766   0.01338426
 -0.03157852   0.01336978
 -0.03154934   0.01335538
 -0.03152016   0.01334110
 -0.03149094   0.01332694
 -0.03146162   0.01331296
 -0.03143232   0.01329900
 -0.03140292   0.01328526
 -0.03137358   0.01327160
 -0.03134406   0.01325820
 -0.03131458   0.01324486
 -0.03128500   0.01323152
 -0.03125552   0.01321828
 -0.03122600   0.01320498
 -0.03119642   0.01319172
 -0.03116684   0.01317856
 -0.03113726   0.01316530
 -0.03110768   0.01315214
 -0.03107806   0.01313902
 -0.03104848   0.01312590
 -0.03101880   0.01311282
 -0.03098916   0.01309974
 -0.03095954   0.01308672
 -0.03092986   0.01307368
 -0.03090018   0.01306074
 -0.03087050   0.01304774
 -0.03084076   0.01303480
 -0.03081104   0.01302190
 -0.03078130   0.01300900
 -0.03075152   0.01299614
 -0.03072180   0.01298328
 -0.03069206   0.01297042
 -0.03066222   0.01295766
 -0.03063244   0.01294488
 -0.03060266   0.01293216
 -0.03057278   0.01291944
 -0.03054294   0.01290676
 -0.03051310   0.01289412
 -0.03048322   0.01288148
 -0.03045334   0.01286884
 -0.03042350   0.01285630
 -0.03039362   0.01284370
 -0.03036368   0.01283120
 -0.03033374   0.01281864
 -0.03030380   0.01280614
 -0.03027382   0.01279372
 -0.03024388   0.01278126
 -0.03021390   0.01276884
 -0.03018396   0.01275652
 -0.03015392   0.01274414
 -0.03012394   0.01273182
 -0.03009390   0.01271948
 -0.03006386   0.01270720
 -0.03003382   0.01269496
 -0.03000372   0.01268272
 -0.02997368   0.01267052
 -0.02994360   0.01265832
 -0.02991350   0.01264622
 -0.02988336   0.01263406
 -0.02985322   0.01262196
 -0.02982308   0.01260984
 -0.02979298   0.01259782
 -0.02976284   0.01258580
 -0.02973260   0.01257378
 -0.02970246   0.01256180
 -0.02967226   0.01254988
 -0.02964202   0.01253794
 -0.02961182   0.01252606
 -0.02958158   0.01251416
 -0.02955138   0.01250232
 -0.02952114   0.01249052
 -0.02949084   0.01247872
 -0.02946054   0.01246696
 -0.02943030   0.01245526
 -0.02940000   0.01244350
 -0.02936966   0.01243178
 -0.02933930   0.01242016
 -0.02930900   0.01240854
 -0.02927866   0.01239692
 -0.02924826   0.01238534
 -0.02921790   0.01237376
 -0.02918756   0.01236222
 -0.02915716   0.01235074
 -0.02912670   0.01233924
 -0.02909630   0.01232780
 -0.02906590   0.01231634
 -0.02903540   0.01230494
 -0.02900500   0.01229354
 -0.02897454   0.01228218
 -0.02894404   0.01227092
 -0.02891354   0.01225960
 -0.02888308   0.01224828
 -0.02885252   0.01223706
 -0.02882202   0.01222584
 -0.02879146   0.01221466
 -0.02876096   0.01220348
 -0.02873040   0.01219234
 -0.02869980   0.01218120
 -0.02866924   0.01217010
 -0.02863868   0.01215906
 -0.02860802   0.01214800
 -0.02857746   0.01213700
 -0.02854680   0.01212600
 -0.02851614   0.01211504
 -0.02848554   0.01210412
 -0.02845488   0.01209320
 -0.02842416   0.01208234
 -0.02839350   0.01207146
 -0.02836284   0.01206064
 -0.02833212   0.01204986
 -0.02830142   0.01203902
 -0.02827070   0.01202828
 -0.02823998   0.01201754
 -0.02820922   0.01200690
 -0.02817846   0.01199620
 -0.02814768   0.01198560
 -0.02811692   0.01197494
 -0.02808610   0.01196434
 -0.02805534   0.01195378
 -0.02802452   0.01194326
 -0.02799370   0.01193274
 -0.02796284   0.01192222
 -0.02793202   0.01191180
 -0.02790120   0.01190132
 -0.02787028   0.01189094
 -0.02783946   0.01188056
 -0.02780854   0.01187022
 -0.02777766   0.01185988
 -0.02774674   0.01184958
 -0.02771582   0.01183928
 -0.02768490   0.01182908
 -0.02765392   0.01181882
 -0.02762300   0.01180862
 -0.02759202   0.01179846
 -0.02756110   0.01178834
 -0.02753012   0.01177822
 -0.02749910   0.01176810
 -0.02746812   0.01175802
 -0.02743710   0.01174800
 -0.02740606   0.01173796
 -0.02737504   0.01172798
 -0.02734396   0.01171804
 -0.02731298   0.01170810
 -0.02728190   0.01169820
 -0.02725082   0.01168830
 -0.02721974   0.01167850
 -0.02718866   0.01166864
 -0.02715732   0.01166112
 -0.02712608   0.01165684
 -0.02709518   0.01165556
 -0.02706518   0.01165716
 -0.02703624   0.01166160
 -0.02700874   0.01166868
 -0.02698308   0.01167826
 -0.02695950   0.01168998
 -0.02693820   0.01170368
 -0.02691944   0.01171902
 -0.02690346   0.01173568
 -0.02689594   0.01175820
 -0.02688846   0.01178072
 -0.02688094   0.01180324
 -0.02687342   0.01182580
 -0.02686590   0.01184832
 -0.02685842   0.01187084
 -0.02685090   0.01189336
 -0.02684338   0.01191588
 -0.02683590   0.01193840
 -0.02682838   0.01196092
 -0.02682086   0.01198348
 -0.02681334   0.01200600
 -0.02680586   0.01202852
 -0.02679834   0.01205104
 -0.02679076   0.01207362
 -0.02678328   0.01209614
 -0.02677576   0.01211870
 -0.02676824   0.01214122
 -0.02676072   0.01216374
 -0.02675324   0.01218626
 -0.02674572   0.01220878
 -0.02673820   0.01223130
 -0.02673068   0.01225386
 -0.02672320   0.01227638
 -0.02671568   0.01229890
 -0.02670816   0.01232142
 -0.02670068   0.01234394
 -0.02669316   0.01236646
 -0.02668564   0.01238902
 -0.02667812   0.01241154
 -0.02667064   0.01243406
 -0.02666312   0.01245658
 -0.02665560   0.01247910
 -0.02664812   0.01250162
 -0.02664060   0.01252418
 -0.02663308   0.01254670
 -0.02662556   0.01256922
 -0.02661808   0.01259174
 -0.02661056   0.01261426
 -0.02660304   0.01263678
 -0.02659552   0.01265934
 -0.02658804   0.01268186
 -0.02658052   0.01270444
 -0.02657300   0.01272696
 -0.02656552   0.01274948
 -0.02655800   0.01277200
 -0.02655048   0.01279452
 -0.02654296   0.01281708
 -0.02653548   0.01283960
 -0.02652796   0.01286212
 -0.02652044   0.01288464
 -0.02651296   0.01290716
 -0.02650544   0.01292968
 -0.02649792   0.01295224
 -0.02649040   0.01297476
 -0.02648292   0.01299728
 -0.02647540   0.01301980
 -0.02646788   0.01304232
 -0.02646040   0.01306484
 -0.02645288   0.01308740
 -0.02644536   0.01310992
 -0.02643784   0.01313244
 -0.02643036   0.01315496
 -0.02642284   0.01317748
 -0.02641532   0.01320000
 -0.02640780   0.01322256
 -0.02640032   0.01324508
 -0.02639280   0.01326760
 -0.02638528   0.01329012
 -0.02637780   0.01331270
 -0.02637028   0.01333522
 -0.02636276   0.01335778
 -0.02635524   0.01338030
 -0.02634776   0.01340282
 -0.02634024   0.01342534
 -0.02633272   0.01344786
 -0.02632524   0.01347038
 -0.02631772   0.01349294
 -0.02631020   0.01351546
 -0.02630268   0.01353798
 -0.02629520   0.01356050
 -0.02628768   0.01358302
 -0.02628016   0.01360554
 -0.02627268   0.01362806
 -0.02626516   0.01365062
 -0.02625764   0.01367314
 -0.02625012   0.01369566
 -0.02624264   0.01371818
 -0.02623512   0.01374070
 -0.02622760   0.01376322
 -0.02622008   0.01378578
 -0.02621260   0.01380830
 -0.02620508   0.01383082
 -0.02619756   0.01385334
 -0.02619008   0.01387586
 -0.02618256   0.01389838
 -0.02617504   0.01392094
 -0.02616746   0.01394352
 -0.02615998   0.01396604
 -0.02615246   0.01398856
 -0.02614494   0.01401108
 -0.02613746   0.01403360
 -0.02612994   0.01405616
 -0.02612242   0.01407868
 -0.02611490   0.01410120
 -0.02610742   0.01412372
 -0.02609990   0.01414624
 -0.02609238   0.01416876
 -0.02608486   0.01419132
 -0.02607738   0.01421384
 -0.02606986   0.01423636
 -0.02606234   0.01425888
 -0.02605486   0.01428140
 -0.02604734   0.01430392
 -0.02603982   0.01432648
 -0.02603230   0.01434900
 -0.02602482   0.01437152
 -0.02601730   0.01439404
 -0.02600978   0.01441656
 -0.02600230   0.01443908
 -0.02599478   0.01446160
 -0.02598726   0.01448416
 -0.02597974   0.01450668
 -0.02597226   0.01452920
 -0.02596474   0.01455172
 -0.02595722   0.01457430
 -0.02594974   0.01459682
 -0.02594222   0.01461938
 -0.02593470   0.01464190
 -0.02592718   0.01466442
 -0.02591970   0.01468694
 -0.02591218   0.01470946
 -0.02590466   0.01473198
 -0.02589714   0.01475454
 -0.02588966   0.01477706
 -0.02588214   0.01479958
 -0.02587462   0.01482210
 -0.02586714   0.01484462
 -0.02585962   0.01486714
 -0.02585210   0.01488970
 -0.02584458   0.01491222
 -0.02583710   0.01493474
 -0.02582958   0.01495726
 -0.02582206   0.01497978
 -0.02581458   0.01500230
 -0.02580706   0.01502486
 -0.02579954   0.01504738
 -0.02579202   0.01506990
 -0.02578454   0.01509242
 -0.02577702   0.01511494
 -0.02576950   0.01513746
 -0.02576198   0.01516002
 -0.02575450   0.01518254
 -0.02574698   0.01520512
 -0.02573946   0.01522764
 -0.02573198   0.01525016
 -0.02572446   0.01527268
 -0.02571694   0.01529524
 -0.02570942   0.01531776
 -0.02570194   0.01534028
 -0.02569442   0.01536280
 -0.02568690   0.01538532
 -0.02567942   0.01540784
 -0.02567190   0.01543036
 -0.02566438   0.01545292
 -0.02565686   0.01547544
 -0.02564938   0.01549796
 -0.02564186   0.01552048
 -0.02563434   0.01554300
 -0.02562686   0.01556552
 -0.02561934   0.01558808
 -0.02561182   0.01561060
 -0.02560430   0.01563312
 -0.02559682   0.01565564
 -0.02558930   0.01567816
 -0.02558178   0.01570068
 -0.02557426   0.01572324
 -0.02556678   0.01574576
 -0.02555926   0.01576828
 -0.02555174   0.01579080
 -0.02554420   0.01581338
 -0.02553668   0.01583590
 -0.02552916   0.01585846
 -0.02552164   0.01588098
 -0.02551416   0.01590350
 -0.02550664   0.01592602
 -0.02549912   0.01594854
 -0.02549164   0.01597106
 -0.02548412   0.01599362
 -0.02547660   0.01601614
 -0.02546908   0.01603866
 -0.02546160   0.01606118
 -0.02545408   0.01608370
 -0.02544656   0.01610622
 -0.02543904   0.01612878
 -0.02543156   0.01615130
 -0.02542404   0.01617382
 -0.02541652   0.01619634
 -0.02540904   0.01621886
 -0.02540152   0.01624138
 -0.02539400   0.01626390
 -0.02538648   0.01628646
 -0.02537900   0.01630898
 -0.02537148   0.01633150
 -0.02536396   0.01635402
 -0.02535648   0.01637654
 -0.02534896   0.01639906
 -0.02534144   0.01642162
 -0.02533392   0.01644420
 -0.02532644   0.01646672
 -0.02531892   0.01648924
 -0.02531140   0.01651176
 -0.02530392   0.01653428
 -0.02529640   0.01655684
 -0.02528888   0.01657936
 -0.02528136   0.01660188
 -0.02527388   0.01662440
 -0.02526636   0.01664692
 -0.02525884   0.01666944
 -0.02525132   0.01669200
 -0.02524384   0.01671452
 -0.02523632   0.01673704
 -0.02522880   0.01675956
 -0.02522132   0.01678208
 -0.02521380   0.01680460
 -0.02520628   0.01682716
 -0.02519876   0.01684968
 -0.02519128   0.01687220
 -0.02518376   0.01689472
 -0.02517624   0.01691724
 -0.02516876   0.01693976
 -0.02516124   0.01696232
 -0.02515372   0.01698484
 -0.02514620   0.01700736
 -0.02513872   0.01702988
 -0.02513120   0.01705240
 -0.02512368   0.01707498
 -0.02511620   0.01709750
 -0.02510868   0.01712006
 -0.02510116   0.01714258
 -0.02509364   0.01716510
 -0.02508616   0.01718762
 -0.02507864   0.01721014
 -0.02507112   0.01723266
 -0.02506360   0.01725522
 -0.02505612   0.01727774
 -0.02504860   0.01730026
 -0.02504108   0.01732278
 -0.02503360   0.01734530
 -0.02502608   0.01736782
 -0.02501856   0.01739038
 -0.02501104   0.01741290
 -0.02500356   0.01743542
 -0.02499604   0.01745794
 -0.02498852   0.01748046
 -0.02498104   0.01750298
 -0.02497352   0.01752554
 -0.02496600   0.01754806
 -0.02495848   0.01757058
 -0.02495100   0.01759310
 -0.02494348   0.01761562
 -0.02493596   0.01763814
 -0.02492844   0.01766070
 -0.02492096   0.01768322
 -0.02491338   0.01770580
 -0.02490586   0.01772832
 -0.02489838   0.01775084
 -0.02489086   0.01777336
 -0.02488334   0.01779592
 -0.02487582   0.01781844
 -0.02486834   0.01784096
 -0.02486082   0.01786348
 -0.02485330   0.01788600
 -0.02484582   0.01790852
 -0.02483830   0.01793104
 -0.02483078   0.01795360
 -0.02482326   0.01797612
 -0.02481578   0.01799864
 -0.02480826   0.01802116
 -0.02480074   0.01804368
 -0.02479326   0.01806620
 -0.02478574   0.01808876
 -0.02477822   0.01811128
 -0.02477070   0.01813380
 -0.02476322   0.01815632
 -0.02475570   0.01817884
 -0.02474818   0.01820136
 -0.02474066   0.01822392
 -0.02473318   0.01824644
 -0.02472566   0.01826896
 -0.02471814   0.01829148
 -0.02471066   0.01831406
 -0.02470314   0.01833658
 -0.02469562   0.01835914
 -0.02468810   0.01838166
 -0.02468062   0.01840418
 -0.02467310   0.01842670
 -0.02466558   0.01844922
 -0.02465810   0.01847174
 -0.02465058   0.01849430
 -0.02464306   0.01851682
 -0.02463554   0.01853934
 -0.02462806   0.01856186
 -0.02462054   0.01858438
 -0.02461302   0.01860690
 -0.02460550   0.01862946
 -0.02459802   0.01865198
 -0.02459050   0.01867450
 -0.02458298   0.01869702
 -0.02457550   0.01871954
 -0.02456798   0.01874206
 -0.02456046   0.01876458
 -0.02455294   0.01878714
 -0.02454546   0.01880966
 -0.02453794   0.01883218
 -0.02453042   0.01885470
 -0.02452294   0.01887722
 -0.02451542   0.01889974
 -0.02450790   0.01892230
 -0.02450038   0.01894488
 -0.02449290   0.01896740
 -0.02448538   0.01898992
 -0.02447786   0.01901244
 -0.02447038   0.01903496
 -0.02446286   0.01905752
 -0.02445534   0.01908004
 -0.02444782   0.01910256
 -0.02444034   0.01912508
 -0.02443282   0.01914760
 -0.02442530   0.01917012
 -0.02441778   0.01919268
 -0.02441030   0.01921520
 -0.02440278   0.01923772
 -0.02439526   0.01926024
 -0.02438778   0.01928276
 -0.02438026   0.01930528
 -0.02437274   0.01932784
 -0.02436522   0.01935036
 -0.02435774   0.01937288
 -0.02435022   0.01939540
 -0.02434270   0.01941792
 -0.02433522   0.01944044
 -0.02432770   0.01946300
 -0.02432018   0.01948552
 -0.02431266   0.01950804
 -0.02430518   0.01953056
 -0.02429766   0.01955308
 -0.02429008   0.01957566
 -0.02428260   0.01959818
 -0.02427508   0.01962074
 -0.02426756   0.01964326
 -0.02426004   0.01966578
 -0.02425256   0.01968830
 -0.02424504   0.01971082
 -0.02423752   0.01973334
 -0.02423000   0.01975590
 -0.02422252   0.01977842
 -0.02421500   0.01980094
 -0.02420748   0.01982346
 -0.02420000   0.01984598
 -0.02419248   0.01986850
 -0.02418496   0.01989106
 -0.02417744   0.01991358
 -0.02416996   0.01993610
 -0.02416244   0.01995862
 -0.02415492   0.01998114
 -0.02414744   0.02000366
 -0.02413992   0.02002622
 -0.02413240   0.02004874
 -0.02412488   0.02007126
 -0.02411740   0.02009378
 -0.02410988   0.02011630
 -0.02410236   0.02013882
 -0.02409484   0.02016138
 -0.02408736   0.02018390
 -0.02407984   0.02020648
 -0.02407232   0.02022900
 -0.02406484   0.02025152
 -0.02405732   0.02027404
 -0.02404980   0.02029660
 -0.02404228   0.02031912
 -0.02403480   0.02034164
 -0.02402728   0.02036416
 -0.02401976   0.02038668
 -0.02401228   0.02040920
 -0.02400476   0.02043176
 -0.02399724   0.02045428
 -0.02398972   0.02047680
 -0.02398224   0.02049932
 -0.02397472   0.02052184
 -0.02396720   0.02054436
 -0.02395972   0.02056688
 -0.02395220   0.02058944
 -0.02394468   0.02061196
 -0.02393716   0.02063448
 -0.02392968   0.02065700
 -0.02392216   0.02067952
 -0.02391464   0.02070204
 -0.02390712   0.02072460
 -0.02389964   0.02074712
 -0.02389212   0.02076964
 -0.02388460   0.02079216
 -0.02387712   0.02081474
 -0.02386960   0.02083726
 -0.02386208   0.02085982
 -0.02385456   0.02088234
 -0.02384708   0.02090486
 -0.02383956   0.02092738
 -0.02383204   0.02094990
 -0.02382456   0.02097242
 -0.02381704   0.02099498
 -0.02380952   0.02101750
 -0.02380200   0.02104002
 -0.02379452   0.02106254
 -0.02378700   0.02108506
 -0.02377948   0.02110758
 -0.02377196   0.02113014
 -0.02376448   0.02115266
 -0.02375696   0.02117518
 -0.02374944   0.02119770
 -0.02374196   0.02122022
 -0.02373444   0.02124274
 -0.02372692   0.02126530
 -0.02371940   0.02128782
 -0.02371192   0.02131034
 -0.02370440   0.02133286
 -0.02369688   0.02135538
 -0.02368940   0.02137790
 -0.02368188   0.02140042
 -0.02367436   0.02142298
 -0.02366678   0.02144556
 -0.02365930   0.02146808
 -0.02365178   0.02149060
 -0.02364426   0.02151312
 -0.02363678   0.02153564
 -0.02362926   0.02155820
 -0.02362174   0.02158072
 -0.02361422   0.02160324
 -0.02360674   0.02162576
 -0.02359922   0.02164828
 -0.02359170   0.02167080
 -0.02358418   0.02169336
 -0.02357670   0.02171588
 -0.02356918   0.02173840
 -0.02356166   0.02176092
 -0.02355418   0.02178344
 -0.02354666   0.02180596
 -0.02353914   0.02182852
 -0.02353162   0.02185104
 -0.02352414   0.02187356
 -0.02351662   0.02189608
 -0.02350910   0.02191860
 -0.02350162   0.02194112
 -0.02349410   0.02196368
 -0.02348658   0.02198620
 -0.02347906   0.02200872
 -0.02347158   0.02203124
 -0.02346406   0.02205376
 -0.02345654   0.02207634
 -0.02344902   0.02209890
 -0.02344154   0.02212142
 -0.02343402   0.02214394
 -0.02342650   0.02216646
 -0.02341902   0.02218898
 -0.02341150   0.02221150
 -0.02340398   0.02223402
 -0.02339646   0.02225658
 -0.02338898   0.02227910
 -0.02338146   0.02230162
 -0.02337394   0.02232414
 -0.02336646   0.02234666
 -0.02335894   0.02236918
 -0.02335142   0.02239174
 -0.02334390   0.02241426
 -0.02333642   0.02243678
 -0.02332890   0.02245930
 -0.02332138   0.02248182
 -0.02331390   0.02250434
 -0.02330638   0.02252690
 -0.02329886   0.02254942
 -0.02329134   0.02257194
 -0.02328386   0.02259446
 -0.02327634   0.02261698
 -0.02326882   0.02263950
 -0.02326130   0.02266206
 -0.02325382   0.02268458
 -0.02324630   0.02270716
 -0.02323878   0.02272968
 -0.02323130   0.02275220
 -0.02322378   0.02277472
 -0.02321626   0.02279728
 -0.02320874   0.02281980
 -0.02320126   0.02284232
 -0.02319374   0.02286484
 -0.02318622   0.02288736
 -0.02317874   0.02290988
 -0.02317122   0.02293244
 -0.02316370   0.02295496
 -0.02315618   0.02297748
 -0.02314870   0.02300000
