 -0.03566660   0.02300000
 -0.03566315   0.02285980
 -0.03565959   0.02271960
 -0.03565606   0.02257942
 -0.03565261   0.02243922
 -0.03564908   0.02229902
 -0.03564555   0.02215882
 -0.03564210   0.02201862
 -0.03563857   0.02187842
 -0.03563512   0.02173825
 -0.03563159   0.02159805
 -0.03562806   0.02145785
 -0.03562461   0.02131765
 -0.03562108   0.02117745
 -0.03561762   0.02103725
 -0.03561409   0.02089707
 -0.03561056   0.02075687
 -0.03560711   0.02061667
 -0.03560358   0.02047655
 -0.03560013   0.02033635
 -0.03559660   0.02019615
 -0.03559307   0.02005597
 -0.03558962   0.01991577
 -0.03558609   0.01977557
 -0.03558264   0.01963537
 -0.03557911   0.01949517
 -0.03557558   0.01935499
 -0.03557212   0.01921479
 -0.03556859   0.01907459
 -0.03556504   0.01893439
 -0.03556159   0.01879419
 -0.03555806   0.01865399
 -0.03555461   0.01851382
 -0.03555108   0.01837362
 -0.03554755   0.01823342
 -0.03554409   0.01809322
 -0.03554056   0.01795302
 -0.03553711   0.01781282
 -0.03553325   0.01767269
 -0.03552029   0.01753376
 -0.03550738   0.01739485
 -0.03549441   0.01725595
 -0.03548152   0.01711702
 -0.03546854   0.01697811
 -0.03545557   0.01683921
 -0.03544268   0.01670028
 -0.03542969   0.01656137
 -0.03541673   0.01642246
 -0.03540384   0.01628354
 -0.03539085   0.01614463
 -0.03537796   0.01600572
 -0.03536500   0.01586679
 -0.03535201   0.01572796
 -0.03533912   0.01558906
 -0.03532616   0.01545013
 -0.03531294   0.01531122
 -0.03527895   0.01517522
 -0.03524495   0.01503912
 -0.03521094   0.01490305
 -0.03517692   0.01476705
 -0.03514240   0.01463106
 -0.03510737   0.01449532
 -0.03507175   0.01435969
 -0.03503552   0.01422431
 -0.03499873   0.01408903
 -0.03496132   0.01395402
 -0.03492335   0.01381912
 -0.03488482   0.01368443
 -0.03484562   0.01355005
 -0.03480591   0.01341584
 -0.03476563   0.01328191
 -0.03472481   0.01314814
 -0.03468341   0.01301472
 -0.03464146   0.01288147
 -0.03459895   0.01274855
 -0.03455582   0.01261584
 -0.03451220   0.01248341
 -0.03446804   0.01235136
 -0.03442334   0.01221952
 -0.03437812   0.01208806
 -0.03433236   0.01195684
 -0.03428609   0.01182601
 -0.03423919   0.01169544
 -0.03419188   0.01156528
 -0.03414405   0.01143536
 -0.03409571   0.01130583
 -0.03404664   0.01117678
 -0.03399615   0.01104825
 -0.03394424   0.01092034
 -0.03389103   0.01079310
 -0.03383639   0.01066647
 -0.03378031   0.01054052
 -0.03372299   0.01041523
 -0.03366418   0.01029064
 -0.03360404   0.01016676
 -0.03354258   0.01004361
 -0.03347983   0.00992118
 -0.03341564   0.00979949
 -0.03335019   0.00967862
 -0.03328347   0.00955851
 -0.03321541   0.00943921
 -0.03314609   0.00932068
 -0.03307545   0.00920300
 -0.03300364   0.00908615
 -0.03293042   0.00897018
 -0.03285608   0.00885504
 -0.03278042   0.00874078
 -0.03270362   0.00862746
 -0.03262552   0.00851503
 -0.03254624   0.00840355
 -0.03246575   0.00829296
 -0.03238410   0.00818334
 -0.03230133   0.00807468
 -0.03221736   0.00796701
 -0.03213218   0.00786031
 -0.03204599   0.00775458
 -0.03195856   0.00764988
 -0.03187006   0.00754624
 -0.03178052   0.00744359
 -0.03168982   0.00734202
 -0.03159811   0.00724152
 -0.03150526   0.00714205
 -0.03141148   0.00704366
 -0.03131659   0.00694639
 -0.03122070   0.00685027
 -0.03112379   0.00675518
 -0.03102590   0.00666128
 -0.03092701   0.00656849
 -0.03082715   0.00647687
 -0.03072638   0.00638640
 -0.03062464   0.00629708
 -0.03052197   0.00620899
 -0.03041840   0.00612202
 -0.03031400   0.00603632
 -0.03020862   0.00595180
 -0.03010234   0.00586860
 -0.02999540   0.00578611
 -0.02988769   0.00570434
 -0.02977933   0.00562334
 -0.02967020   0.00554306
 -0.02956041   0.00546346
 -0.02944994   0.00538475
 -0.02933872   0.00530675
 -0.02922682   0.00522952
 -0.02911426   0.00515301
 -0.02900109   0.00507735
 -0.02888721   0.00500249
 -0.02877267   0.00492840
 -0.02865744   0.00485511
 -0.02854165   0.00478268
 -0.02842523   0.00471104
 -0.02830809   0.00464017
 -0.02819040   0.00457019
 -0.02807215   0.00450104
 -0.02795321   0.00443270
 -0.02783368   0.00436522
 -0.02771362   0.00429859
 -0.02759293   0.00423283
 -0.02747168   0.00416792
 -0.02734986   0.00410382
 -0.02722749   0.00404064
 -0.02710459   0.00397841
 -0.02698112   0.00391696
 -0.02685710   0.00385645
 -0.02673259   0.00379682
 -0.02660753   0.00373810
 -0.02648201   0.00368026
 -0.02635592   0.00362336
 -0.02622936   0.00356732
 -0.02610234   0.00351224
 -0.02597481   0.00345807
 -0.02584682   0.00340486
 -0.02571845   0.00335251
 -0.02558949   0.00330116
 -0.02546016   0.00325068
 -0.02533036   0.00320124
 -0.02520014   0.00315262
 -0.02506954   0.00310505
 -0.02493855   0.00305843
 -0.02480705   0.00301272
 -0.02467528   0.00296803
 -0.02454307   0.00292429
 -0.02441048   0.00288149
 -0.02427749   0.00283971
 -0.02414419   0.00279888
 -0.02401056   0.00275904
 -0.02387655   0.00272015
 -0.02374221   0.00268228
 -0.02360754   0.00264535
 -0.02347256   0.00260952
 -0.02333725   0.00257461
 -0.02320172   0.00254066
 -0.02306588   0.00250779
 -0.02292971   0.00247589
 -0.02279328   0.00244497
 -0.02265655   0.00241539
 -0.02251957   0.00238683
 -0.02238254   0.00235844
 -0.02224545   0.00233031
 -0.02210829   0.00230249
 -0.02197114   0.00227486
 -0.02183395   0.00224748
 -0.02169662   0.00222036
 -0.02155936   0.00219350
 -0.02142200   0.00216686
 -0.02128454   0.00214049
 -0.02114711   0.00211439
 -0.02100965   0.00208851
 -0.02087209   0.00206283
 -0.02073455   0.00203747
 -0.02059692   0.00201238
 -0.02045926   0.00198752
 -0.02032155   0.00196285
 -0.02018381   0.00193850
 -0.02004598   0.00191432
 -0.01990816   0.00189049
 -0.01977033   0.00186681
 -0.01963242   0.00184342
 -0.01949443   0.00182034
 -0.01935649   0.00179737
 -0.01921851   0.00177456
 -0.01908042   0.00175195
 -0.01894235   0.00172959
 -0.01880426   0.00170733
 -0.01866612   0.00168525
 -0.01852788   0.00166336
 -0.01838972   0.00164164
 -0.01825148   0.00162011
 -0.01811316   0.00159873
 -0.01797492   0.00157755
 -0.01783652   0.00155655
 -0.01769821   0.00153573
 -0.01755981   0.00151501
 -0.01742134   0.00149456
 -0.01728292   0.00147426
 -0.01714438   0.00145417
 -0.01700591   0.00143418
 -0.01686734   0.00141441
 -0.01672879   0.00139487
 -0.01659014   0.00137541
 -0.01645152   0.00135619
 -0.01631287   0.00133708
 -0.01617415   0.00131825
 -0.01603542   0.00129951
 -0.01589672   0.00128101
 -0.01575792   0.00126262
 -0.01561912   0.00124449
 -0.01548032   0.00122649
 -0.01534145   0.00120864
 -0.01520257   0.00119106
 -0.01506369   0.00117356
 -0.01492474   0.00115626
 -0.01478579   0.00113921
 -0.01464684   0.00112226
 -0.01450778   0.00110549
 -0.01436875   0.00108890
 -0.01422972   0.00107258
 -0.01409059   0.00105634
 -0.01395149   0.00104030
 -0.01381238   0.00102444
 -0.01367318   0.00100875
 -0.01353407   0.00099324
 -0.01339486   0.00097790
 -0.01325561   0.00096274
 -0.01311632   0.00094778
 -0.01297712   0.00093305
 -0.01283778   0.00091845
 -0.01269850   0.00090402
 -0.01255914   0.00088976
 -0.01241981   0.00087569
 -0.01228045   0.00086179
 -0.01214101   0.00084809
 -0.01200158   0.00083446
 -0.01186214   0.00082112
 -0.01172271   0.00080795
 -0.01158319   0.00079495
 -0.01144371   0.00078214
 -0.01130419   0.00076949
 -0.01116468   0.00075705
 -0.01102517   0.00074476
 -0.01088558   0.00073268
 -0.01074597   0.00072074
 -0.01060631   0.00070893
 -0.01046672   0.00069737
 -0.01032705   0.00068599
 -0.01018739   0.00067481
 -0.01004772   0.00066378
 -0.00990806   0.00065295
 -0.00976829   0.00064219
 -0.00962863   0.00063172
 -0.00948889   0.00062142
 -0.00934915   0.00061129
 -0.00920933   0.00060127
 -0.00906956   0.00059152
 -0.00892975   0.00058193
 -0.00878993   0.00057254
 -0.00865009   0.00056332
 -0.00851027   0.00055420
 -0.00837038   0.00054534
 -0.00823046   0.00053665
 -0.00809064   0.00052814
 -0.00795075   0.00051975
 -0.00781075   0.00051159
 -0.00767086   0.00050363
 -0.00753096   0.00049585
 -0.00739097   0.00048816
 -0.00725100   0.00048074
 -0.00711101   0.00047348
 -0.00697104   0.00046641
 -0.00683106   0.00045945
 -0.00669107   0.00045273
 -0.00655102   0.00044621
 -0.00641103   0.00043986
 -0.00627098   0.00043359
 -0.00613094   0.00042755
 -0.00599086   0.00042166
 -0.00585082   0.00041592
 -0.00571075   0.00041034
 -0.00557062   0.00040484
 -0.00543058   0.00039925
 -0.00529051   0.00039382
 -0.00515038   0.00038839
 -0.00501031   0.00038296
 -0.00487019   0.00037761
 -0.00473014   0.00037234
 -0.00458999   0.00036706
 -0.00444995   0.00036178
 -0.00430980   0.00035666
 -0.00416975   0.00035146
 -0.00402963   0.00034634
 -0.00388956   0.00034129
 -0.00374944   0.00033632
 -0.00360929   0.00033127
 -0.00346924   0.00032638
 -0.00332912   0.00032148
 -0.00318897   0.00031659
 -0.00304885   0.00031177
 -0.00290870   0.00030695
 -0.00276865   0.00030221
 -0.00262853   0.00029755
 -0.00248838   0.00029288
 -0.00234826   0.00028829
 -0.00220811   0.00028371
 -0.00206799   0.00027912
 -0.00192786   0.00027468
 -0.00178772   0.00027017
 -0.00164759   0.00026581
 -0.00150745   0.00026145
 -0.00136732   0.00025709
 -0.00122720   0.00025281
 -0.00108698   0.00024853
 -0.00094685   0.00024432
 -0.00080671   0.00024019
 -0.00066658   0.00023606
 -0.00052646   0.00023194
 -0.00038624   0.00022788
 -0.00024611   0.00022391
 -0.00010596   0.00021993
  0.00003424   0.00021603
  0.00017436   0.00021213
  0.00031451   0.00020831
  0.00045471   0.00020448
  0.00059485   0.00020074
  0.00073505   0.00019699
  0.00087518   0.00019332
  0.00101532   0.00018972
  0.00115552   0.00018613
  0.00129544   0.00018637
  0.00143533   0.00018796
  0.00157525   0.00018967
  0.00171499   0.00019188
  0.00185477   0.00019455
  0.00199442   0.00019778
  0.00213408   0.00020122
  0.00227374   0.00020495
  0.00241332   0.00020858
  0.00255298   0.00021229
  0.00269264   0.00021600
  0.00283225   0.00021974
  0.00297191   0.00022355
  0.00311156   0.00022731
  0.00325125   0.00023108
  0.00339085   0.00023500
  0.00353046   0.00023922
  0.00367003   0.00024380
  0.00380952   0.00024883
  0.00394895   0.00025429
  0.00408822   0.00026005
  0.00422758   0.00026599
  0.00436693   0.00027190
  0.00450628   0.00027782
  0.00464568   0.00028366
  0.00478506   0.00028954
  0.00492444   0.00029559
  0.00506374   0.00030187
  0.00520300   0.00030851
  0.00534216   0.00031562
  0.00548124   0.00032323
  0.00562024   0.00033110
  0.00575924   0.00033897
  0.00589828   0.00034666
  0.00603735   0.00035442
  0.00617628   0.00036278
  0.00631495   0.00037217
  0.00645348   0.00038204
  0.00659211   0.00039165
  0.00673094   0.00040053
  0.00686980   0.00040935
  0.00700855   0.00041892
  0.00714698   0.00042942
  0.00728528   0.00044031
  0.00742364   0.00045109
  0.00756208   0.00046169
  0.00770044   0.00047253
  0.00783865   0.00048407
  0.00797656   0.00049645
  0.00811436   0.00050917
  0.00825209   0.00052209
  0.00838975   0.00053527
  0.00852739   0.00054881
  0.00866477   0.00056275
  0.00880191   0.00057747
  0.00893872   0.00059302
  0.00907524   0.00060941
  0.00921144   0.00062645
  0.00934752   0.00064365
  0.00948367   0.00066088
  0.00961976   0.00067842
  0.00975539   0.00069671
  0.00989049   0.00071616
  0.01002519   0.00073646
  0.01015953   0.00075734
  0.01029378   0.00077839
  0.01042794   0.00079974
  0.01056181   0.00082151
  0.01069532   0.00084388
  0.01082851   0.00086681
  0.01096140   0.00089035
  0.01109386   0.00091449
  0.01122609   0.00093906
  0.01135801   0.00096395
  0.01148981   0.00098909
  0.01162156   0.00101446
  0.01175304   0.00104015
  0.01188408   0.00106635
  0.01201466   0.00109341
  0.01214461   0.00112105
  0.01227405   0.00114941
  0.01240322   0.00117811
  0.01253194   0.00120737
  0.01266024   0.00123710
  0.01278804   0.00126739
  0.01291509   0.00129842
  0.01304153   0.00133014
  0.01316726   0.00136251
  0.01329245   0.00139534
  0.01341729   0.00142854
  0.01354165   0.00146206
  0.01366562   0.00149590
  0.01378921   0.00153011
  0.01391226   0.00156470
  0.01403481   0.00159964
  0.01415702   0.00163486
  0.01427891   0.00167028
  0.01440076   0.00170578
  0.01452254   0.00174129
  0.01464432   0.00177679
  0.01476589   0.00181246
  0.01488682   0.00184856
  0.01500685   0.00188522
  0.01512576   0.00192261
  0.01524328   0.00196075
  0.01535958   0.00199952
  0.01547491   0.00203879
  0.01558930   0.00207849
  0.01570311   0.00211844
  0.01581636   0.00215861
  0.01592934   0.00219889
  0.01604209   0.00223926
  0.01615441   0.00227981
  0.01626632   0.00232049
  0.01637787   0.00236134
  0.01648885   0.00240235
  0.01659926   0.00244357
  0.01670914   0.00248498
  0.01681828   0.00252658
  0.01692676   0.00256839
  0.01703440   0.00261042
  0.01714121   0.00265265
  0.01724721   0.00269508
  0.01735230   0.00273769
  0.01745666   0.00278042
  0.01756042   0.00282326
  0.01766352   0.00286621
  0.01776609   0.00290922
  0.01786828   0.00295230
  0.01797003   0.00299541
  0.01807155   0.00303856
  0.01817276   0.00308174
  0.01827384   0.00312494
  0.01837491   0.00316811
  0.01838685   0.00320785
  0.01839878   0.00324749
  0.01841069   0.00328714
  0.01842263   0.00332678
  0.01843456   0.00336642
  0.01844648   0.00340616
  0.01845841   0.00344580
  0.01847035   0.00348544
  0.01848226   0.00352508
  0.01849419   0.00356482
  0.01850613   0.00360446
  0.01851812   0.00364411
  0.01853005   0.00368375
  0.01854199   0.00372339
  0.01855392   0.00376313
  0.01856584   0.00380277
  0.01857777   0.00384241
  0.01858971   0.00388205
  0.01860162   0.00392179
  0.01861355   0.00396144
  0.01862549   0.00400108
  0.01863740   0.00404072
  0.01864934   0.00408046
  0.01866127   0.00412010
  0.01867326   0.00415974
  0.01868519   0.00419938
  0.01869713   0.00423902
  0.01870904   0.00427876
  0.01872098   0.00431841
  0.01873291   0.00435805
  0.01874482   0.00439769
  0.01875676   0.00443743
  0.01876869   0.00447707
  0.01878063   0.00451671
  0.01879254   0.00455635
  0.01880448   0.00459599
  0.01881641   0.00463574
  0.01882840   0.00467538
  0.01884034   0.00471502
  0.01885227   0.00475466
  0.01886418   0.00479440
  0.01887612   0.00483404
  0.01888805   0.00487368
  0.01889996   0.00491332
  0.01891190   0.00495296
  0.01892384   0.00499271
  0.01893575   0.00503235
  0.01894768   0.00507199
  0.01895962   0.00511163
  0.01897153   0.00515137
  0.01898346   0.00519101
  0.01899548   0.00523065
  0.01900741   0.00527029
  0.01901932   0.00530994
  0.01903126   0.00534968
  0.01904319   0.00538932
  0.01905511   0.00542896
  0.01906704   0.00546860
  0.01907898   0.00550834
  0.01909089   0.00554798
  0.01910282   0.00558762
  0.01911476   0.00562726
  0.01912667   0.00566701
  0.01913861   0.00570665
  0.01915062   0.00574629
  0.01916253   0.00578593
  0.01917446   0.00582557
  0.01918640   0.00586531
  0.01919831   0.00590495
  0.01921025   0.00594459
  0.01922218   0.00598424
  0.01923412   0.00602398
  0.01924603   0.00606362
  0.01925796   0.00610326
  0.01926990   0.00614290
  0.01928181   0.00618254
  0.01929375   0.00622228
  0.01930576   0.00626192
  0.01931767   0.00630156
  0.01932961   0.00634121
  0.01934154   0.00638095
  0.01935345   0.00642059
  0.01936539   0.00646023
  0.01937732   0.00649987
  0.01938924   0.00653951
  0.01940117   0.00657925
  0.01941311   0.00661889
  0.01942502   0.00665854
  0.01943695   0.00669818
  0.01944889   0.00673792
  0.01946088   0.00677756
  0.01947281   0.00681720
  0.01948475   0.00685684
  0.01949668   0.00689658
  0.01950859   0.00693622
  0.01952053   0.00697586
  0.01953246   0.00701551
  0.01954438   0.00705515
  0.01955631   0.00709489
  0.01956825   0.00713453
  0.01958016   0.00717417
  0.01959209   0.00721381
  0.01960403   0.00725355
  0.01961594   0.00729319
  0.01962795   0.00733284
  0.01963989   0.00737248
  0.01965180   0.00741212
  0.01966374   0.00745186
  0.01967567   0.00749150
  0.01968758   0.00753114
  0.01969952   0.00757078
  0.01971145   0.00761052
  0.01972339   0.00765016
  0.01973530   0.00768981
  0.01974724   0.00772945
  0.01975917   0.00776909
  0.01977108   0.00780883
  0.01978309   0.00784847
  0.01979503   0.00788811
  0.01980694   0.00792775
  0.01981888   0.00796749
  0.01983081   0.00800714
  0.01984272   0.00804678
  0.01985466   0.00808642
  0.01986659   0.00812606
  0.01987851   0.00816580
  0.01989044   0.00820544
  0.01990238   0.00824508
  0.01991429   0.00828472
  0.01992622   0.00832446
  0.01993824   0.00836411
  0.01995017   0.00840375
  0.01996208   0.00844339
  0.01997402   0.00848313
  0.01998595   0.00852277
  0.01999786   0.00856241
  0.02000980   0.00860205
  0.02002174   0.00864169
  0.02003365   0.00868144
  0.02004558   0.00872108
  0.02005752   0.00876072
  0.02006943   0.00880036
  0.02008136   0.00884010
  0.02009330   0.00887974
  0.02010529   0.00891938
  0.02011722   0.00895902
  0.02012916   0.00899866
  0.02014107   0.00903841
  0.02015301   0.00907805
  0.02016494   0.00911769
  0.02017688   0.00915733
  0.02018879   0.00919707
  0.02020072   0.00923671
  0.02021266   0.00927635
  0.02022457   0.00931599
  0.02023651   0.00935564
  0.02024844   0.00939538
  0.02026043   0.00943502
  0.02027236   0.00947466
  0.02028430   0.00951430
  0.02029621   0.00955404
  0.02030815   0.00959368
  0.02032008   0.00963332
  0.02033199   0.00967296
  0.02034393   0.00971271
  0.02035586   0.00975235
  0.02036778   0.00979199
  0.02037971   0.00983163
  0.02039165   0.00987127
  0.02040358   0.00991101
  0.02041557   0.00995065
  0.02042751   0.00999029
  0.02043944   0.01002994
  0.02045135   0.01006968
  0.02046329   0.01010932
  0.02047522   0.01014896
  0.02048714   0.01018860
  0.02049907   0.01022824
  0.02051101   0.01026798
  0.02052292   0.01030762
  0.02053485   0.01034726
  0.02054679   0.01038691
  0.02055870   0.01042665
  0.02057064   0.01046629
  0.02058265   0.01050593
  0.02059456   0.01054557
  0.02060649   0.01058521
  0.02061843   0.01062495
  0.02063034   0.01066459
  0.02064228   0.01070424
  0.02065421   0.01074388
  0.02066615   0.01078362
  0.02067806   0.01082326
  0.02068999   0.01086290
  0.02070193   0.01090254
  0.02071384   0.01094218
  0.02072578   0.01098192
  0.02073779   0.01102156
  0.02074970   0.01106121
  0.02076164   0.01110085
  0.02077357   0.01114059
  0.02078548   0.01118023
  0.02079742   0.01121987
  0.02080935   0.01125951
  0.02082126   0.01129925
  0.02083320   0.01133889
  0.02084514   0.01137854
  0.02085705   0.01141818
  0.02086898   0.01145782
  0.02088092   0.01149756
  0.02089293   0.01153720
  0.02090484   0.01157684
  0.02091678   0.01161648
  0.02092871   0.01165622
  0.02094062   0.01169586
  0.02095256   0.01173551
  0.02096449   0.01177515
  0.02097641   0.01181479
  0.02098834   0.01185453
  0.02100028   0.01189417
  0.02101219   0.01193381
  0.02102412   0.01197345
  0.02103606   0.01201319
  0.02104797   0.01205284
  0.02105998   0.01209248
  0.02107192   0.01213212
  0.02108383   0.01217176
  0.02109576   0.01221150
  0.02110770   0.01225114
  0.02111964   0.01229078
  0.02113155   0.01233042
  0.02114348   0.01237016
  0.02115542   0.01240981
  0.02116733   0.01244945
  0.02117926   0.01248909
  0.02119120   0.01252883
  0.02120311   0.01256847
  0.02121512   0.01260811
  0.02122706   0.01264775
  0.02123897   0.01268739
  0.02125091   0.01272714
  0.02126284   0.01276678
  0.02127475   0.01280642
  0.02128669   0.01284606
  0.02129862   0.01288580
  0.02131054   0.01292544
  0.02132247   0.01296508
  0.02133441   0.01300472
  0.02134634   0.01304436
  0.02135825   0.01308411
  0.02137026   0.01312375
  0.02138220   0.01316339
  0.02139411   0.01320303
  0.02140605   0.01324277
  0.02141798   0.01328241
  0.02142989   0.01332205
  0.02144183   0.01336169
  0.02145376   0.01340134
  0.02146568   0.01344108
  0.02147761   0.01348072
  0.02148955   0.01352036
  0.02150146   0.01356000
  0.02151339   0.01359974
  0.02152533   0.01363938
  0.02153732   0.01367902
  0.02154925   0.01371866
  0.02156119   0.01375831
  0.02157312   0.01379805
  0.02158504   0.01383769
  0.02159697   0.01387733
  0.02160891   0.01391697
  0.02162082   0.01395671
  0.02163275   0.01399635
  0.02164469   0.01403599
  0.02165660   0.01407564
  0.02166854   0.01411538
  0.02168047   0.01415502
  0.02169246   0.01419466
  0.02170439   0.01423430
  0.02171633   0.01427394
  0.02172824   0.01431368
  0.02174018   0.01435332
  0.02175211   0.01439296
  0.02176402   0.01443261
  0.02177596   0.01447235
  0.02178789   0.01451199
  0.02179983   0.01455163
  0.02181174   0.01459127
  0.02182368   0.01463091
  0.02183561   0.01467065
  0.02184760   0.01471029
  0.02185954   0.01474994
  0.02187147   0.01478958
  0.02188338   0.01482932
  0.02189532   0.01486896
  0.02190725   0.01490860
  0.02191916   0.01494824
  0.02193110   0.01498788
  0.02194304   0.01502762
  0.02195495   0.01506726
  0.02196688   0.01510691
  0.02197882   0.01514655
  0.02199073   0.01518629
  0.02200274   0.01522593
  0.02201468   0.01526557
  0.02202659   0.01530521
  0.02203852   0.01534495
  0.02205046   0.01538459
  0.02206239   0.01542424
  0.02207431   0.01546388
  0.02208624   0.01550352
  0.02209818   0.01554326
  0.02211009   0.01558290
  0.02212202   0.01562254
  0.02213396   0.01566218
  0.02214587   0.01570192
  0.02215781   0.01574156
  0.02216982   0.01578121
  0.02218173   0.01582085
  0.02219366   0.01586049
  0.02220560   0.01590023
  0.02221751   0.01593987
  0.02222945   0.01597951
  0.02224138   0.01601915
  0.02225329   0.01605889
  0.02226523   0.01609854
  0.02227716   0.01613818
  0.02228910   0.01617782
  0.02230101   0.01621746
  0.02231295   0.01625720
  0.02232496   0.01629684
  0.02233687   0.01633648
  0.02234881   0.01637612
  0.02236074   0.01641586
  0.02237265   0.01645551
  0.02238459   0.01649515
  0.02239652   0.01653479
  0.02240844   0.01657443
  0.02242037   0.01661417
  0.02243231   0.01665381
  0.02244422   0.01669345
  0.02245615   0.01673309
  0.02246809   0.01677284
  0.02248008   0.01681248
  0.02249201   0.01685212
  0.02250395   0.01689176
  0.02251588   0.01693150
  0.02252779   0.01697114
  0.02253973   0.01701078
  0.02255166   0.01705042
  0.02256358   0.01709006
  0.02257551   0.01712981
  0.02258745   0.01716945
  0.02259936   0.01720909
  0.02261129   0.01724873
  0.02262323   0.01728847
  0.02263514   0.01732811
  0.02264715   0.01736775
  0.02265909   0.01740739
  0.02267100   0.01744704
  0.02268294   0.01748678
  0.02269487   0.01752642
  0.02270678   0.01756606
  0.02271872   0.01760570
  0.02273065   0.01764544
  0.02274259   0.01768508
  0.02275450   0.01772472
  0.02276644   0.01776436
  0.02277837   0.01780401
  0.02279028   0.01784375
  0.02280229   0.01788339
  0.02281423   0.01792303
  0.02282614   0.01796267
  0.02283808   0.01800241
  0.02285001   0.01804205
  0.02286192   0.01808169
  0.02287386   0.01812134
  0.02288579   0.01816108
  0.02289771   0.01820072
  0.02290964   0.01824036
  0.02292158   0.01828000
  0.02293349   0.01831964
  0.02294542   0.01835938
  0.02295744   0.01839902
  0.02296937   0.01843866
  0.02298128   0.01847831
  0.02299322   0.01851805
  0.02300515   0.01855769
  0.02301706   0.01859733
  0.02302900   0.01863697
  0.02304094   0.01867661
  0.02305285   0.01871635
  0.02306478   0.01875599
  0.02307672   0.01879564
  0.02308863   0.01883528
  0.02310056   0.01887502
  0.02311250   0.01891466
  0.02312449   0.01895430
  0.02313642   0.01899394
  0.02314836   0.01903358
  0.02316027   0.01907332
  0.02317221   0.01911296
  0.02318414   0.01915261
  0.02319605   0.01919225
  0.02320799   0.01923199
  0.02321992   0.01927163
  0.02323186   0.01931127
  0.02324377   0.01935091
  0.02325571   0.01939055
  0.02326764   0.01943029
  0.02327963   0.01946994
  0.02329156   0.01950958
  0.02330350   0.01954922
  0.02331541   0.01958896
  0.02332735   0.01962860
  0.02333928   0.01966824
  0.02335119   0.01970788
  0.02336313   0.01974762
  0.02337506   0.01978726
  0.02338698   0.01982691
  0.02339891   0.01986655
  0.02341085   0.01990619
  0.02342276   0.01994593
  0.02343477   0.01998557
  0.02344671   0.02002521
  0.02345864   0.02006485
  0.02347055   0.02010459
  0.02348249   0.02014424
  0.02349442   0.02018388
  0.02350634   0.02022352
  0.02351827   0.02026316
  0.02353021   0.02030290
  0.02354212   0.02034254
  0.02355405   0.02038218
  0.02356599   0.02042182
  0.02357790   0.02046156
  0.02358984   0.02050121
  0.02360185   0.02054085
  0.02361376   0.02058049
  0.02362569   0.02062013
  0.02363763   0.02065987
  0.02364954   0.02069951
  0.02366148   0.02073915
  0.02367341   0.02077879
  0.02368535   0.02081854
  0.02369726   0.02085818
  0.02370919   0.02089782
  0.02372113   0.02093746
  0.02373304   0.02097720
  0.02374498   0.02101684
  0.02375699   0.02105648
  0.02376890   0.02109612
  0.02378084   0.02113576
  0.02379277   0.02117551
  0.02380468   0.02121515
  0.02381662   0.02125479
  0.02382855   0.02129443
  0.02384046   0.02133417
  0.02385240   0.02137381
  0.02386434   0.02141345
  0.02387625   0.02145309
  0.02388818   0.02149274
  0.02390012   0.02153248
  0.02391213   0.02157212
  0.02392404   0.02161176
  0.02393598   0.02165140
  0.02394791   0.02169114
  0.02395982   0.02173078
  0.02397176   0.02177042
  0.02398369   0.02181006
  0.02399561   0.02184971
  0.02400754   0.02188945
  0.02401948   0.02192909
  0.02403139   0.02196873
  0.02404332   0.02200837
  0.02405526   0.02204811
  0.02406717   0.02208775
  0.02407918   0.02212739
  0.02409112   0.02216704
  0.02410303   0.02220668
  0.02411496   0.02224642
  0.02412690   0.02228606
  0.02413884   0.02232570
  0.02415075   0.02236534
  0.02416268   0.02240508
  0.02417462   0.02244472
  0.02418653   0.02248436
  0.02419846   0.02252401
  0.02421040   0.02256375
  0.02422231   0.02260339
  0.02423432   0.02264303
  0.02424626   0.02268267
  0.02425817   0.02272231
  0.02427011   0.02276205
  0.02428204   0.02280169
  0.02429395   0.02284134
  0.02430589   0.02288098
  0.02431782   0.02292072
  0.02432974   0.02296036
  0.02434167   0.02300000
