 -0.03565580   0.02300000
 -0.03565182   0.02283940
 -0.03564774   0.02267880
 -0.03564371   0.02251826
 -0.03563973   0.02235766
 -0.03563571   0.02219706
 -0.03563168   0.02203646
 -0.03562770   0.02187586
 -0.03562368   0.02171526
 -0.03561969   0.02155472
 -0.03561567   0.02139412
 -0.03561165   0.02123352
 -0.03560766   0.02107292
 -0.03560364   0.02091232
 -0.03559966   0.02075172
 -0.03559564   0.02059118
 -0.03559161   0.02043058
 -0.03558763   0.02026998
 -0.03558361   0.02010942
 -0.03557962   0.01994882
 -0.03557560   0.01978822
 -0.03557158   0.01962768
 -0.03556759   0.01946708
 -0.03556357   0.01930648
 -0.03555959   0.01914588
 -0.03555556   0.01898528
 -0.03555154   0.01882474
 -0.03554756   0.01866414
 -0.03554354   0.01850354
 -0.03553945   0.01834294
 -0.03553547   0.01818234
 -0.03553145   0.01802174
 -0.03552746   0.01786119
 -0.03552344   0.01770059
 -0.03551942   0.01753999
 -0.03551544   0.01737939
 -0.03551141   0.01721879
 -0.03550743   0.01705819
 -0.03550258   0.01689777
 -0.03547497   0.01674035
 -0.03544734   0.01658298
 -0.03541973   0.01642562
 -0.03539216   0.01626819
 -0.03536449   0.01611083
 -0.03533688   0.01595346
 -0.03530931   0.01579604
 -0.03528164   0.01563868
 -0.03525402   0.01548131
 -0.03522645   0.01532389
 -0.03519878   0.01516652
 -0.03517121   0.01500916
 -0.03514360   0.01485174
 -0.03511593   0.01469441
 -0.03508836   0.01453705
 -0.03506075   0.01437962
 -0.03503295   0.01422226
 -0.03499402   0.01406646
 -0.03495508   0.01391056
 -0.03491609   0.01375472
 -0.03487709   0.01359892
 -0.03483700   0.01344331
 -0.03479548   0.01328816
 -0.03475248   0.01313344
 -0.03470796   0.01297916
 -0.03466202   0.01282532
 -0.03461456   0.01267199
 -0.03456568   0.01251909
 -0.03451539   0.01236672
 -0.03446359   0.01221498
 -0.03441036   0.01206379
 -0.03435572   0.01191316
 -0.03429973   0.01176309
 -0.03424226   0.01161376
 -0.03418345   0.01146498
 -0.03412322   0.01131688
 -0.03406159   0.01116945
 -0.03399860   0.01102273
 -0.03393425   0.01087681
 -0.03386855   0.01073156
 -0.03380156   0.01058711
 -0.03373321   0.01044339
 -0.03366357   0.01030053
 -0.03359254   0.01015845
 -0.03352031   0.01001724
 -0.03344678   0.00987681
 -0.03337196   0.00973732
 -0.03329579   0.00959874
 -0.03321788   0.00946118
 -0.03313819   0.00932469
 -0.03305692   0.00918930
 -0.03297387   0.00905498
 -0.03288916   0.00892176
 -0.03280287   0.00878972
 -0.03271481   0.00865885
 -0.03262519   0.00852915
 -0.03253394   0.00840066
 -0.03244112   0.00827341
 -0.03234665   0.00814737
 -0.03225067   0.00802266
 -0.03215318   0.00789923
 -0.03205413   0.00777706
 -0.03195357   0.00765624
 -0.03185152   0.00753680
 -0.03174805   0.00741868
 -0.03164299   0.00730201
 -0.03153664   0.00718665
 -0.03142879   0.00707274
 -0.03131959   0.00696031
 -0.03120896   0.00684932
 -0.03109699   0.00673982
 -0.03098368   0.00663181
 -0.03086910   0.00652529
 -0.03075322   0.00642031
 -0.03063601   0.00631686
 -0.03051754   0.00621496
 -0.03039794   0.00611461
 -0.03027701   0.00601591
 -0.03015491   0.00591879
 -0.03003169   0.00582327
 -0.02990726   0.00572939
 -0.02978176   0.00563716
 -0.02965511   0.00554658
 -0.02952744   0.00545765
 -0.02939867   0.00537047
 -0.02926890   0.00528498
 -0.02913807   0.00520114
 -0.02900630   0.00511911
 -0.02887353   0.00503877
 -0.02873982   0.00496018
 -0.02860521   0.00488340
 -0.02846965   0.00480831
 -0.02833328   0.00473507
 -0.02819600   0.00466359
 -0.02805800   0.00459396
 -0.02791906   0.00452620
 -0.02777935   0.00446040
 -0.02763920   0.00439516
 -0.02749864   0.00433055
 -0.02735762   0.00426649
 -0.02721620   0.00420305
 -0.02707433   0.00414011
 -0.02693209   0.00407788
 -0.02678936   0.00401622
 -0.02664626   0.00395516
 -0.02650271   0.00389466
 -0.02635884   0.00383482
 -0.02621453   0.00377564
 -0.02606978   0.00371700
 -0.02592465   0.00365903
 -0.02577918   0.00360171
 -0.02563332   0.00354499
 -0.02548704   0.00348888
 -0.02534040   0.00343347
 -0.02519342   0.00337865
 -0.02504606   0.00332450
 -0.02489831   0.00327099
 -0.02475026   0.00321814
 -0.02460182   0.00316592
 -0.02445304   0.00311436
 -0.02430391   0.00306346
 -0.02415444   0.00301319
 -0.02400467   0.00296366
 -0.02385456   0.00291475
 -0.02370410   0.00286652
 -0.02355334   0.00281899
 -0.02340222   0.00277210
 -0.02325086   0.00272591
 -0.02309916   0.00268041
 -0.02294715   0.00263556
 -0.02279489   0.00259145
 -0.02264226   0.00254798
 -0.02248939   0.00250525
 -0.02233632   0.00246316
 -0.02218284   0.00242181
 -0.02202915   0.00238111
 -0.02187521   0.00234119
 -0.02172095   0.00230186
 -0.02156649   0.00226332
 -0.02141182   0.00222552
 -0.02125678   0.00218836
 -0.02110164   0.00215192
 -0.02094618   0.00211624
 -0.02079051   0.00208124
 -0.02063457   0.00204696
 -0.02047847   0.00201344
 -0.02032215   0.00198059
 -0.02016562   0.00194848
 -0.02000886   0.00191711
 -0.01985189   0.00188642
 -0.01969475   0.00185656
 -0.01953738   0.00182733
 -0.01937989   0.00179885
 -0.01922224   0.00177114
 -0.01906436   0.00174417
 -0.01890631   0.00171788
 -0.01874808   0.00169254
 -0.01858968   0.00166792
 -0.01843129   0.00164359
 -0.01827278   0.00161963
 -0.01811424   0.00159597
 -0.01795569   0.00157265
 -0.01779708   0.00154964
 -0.01763839   0.00152701
 -0.01747975   0.00150470
 -0.01732100   0.00148265
 -0.01716215   0.00146097
 -0.01700336   0.00143967
 -0.01684452   0.00141863
 -0.01668557   0.00139792
 -0.01652668   0.00137758
 -0.01636769   0.00135761
 -0.01620865   0.00133789
 -0.01604962   0.00131852
 -0.01589053   0.00129950
 -0.01573134   0.00128076
 -0.01557221   0.00126244
 -0.01541302   0.00124433
 -0.01525379   0.00122666
 -0.01509452   0.00120929
 -0.01493524   0.00119208
 -0.01477596   0.00117495
 -0.01461659   0.00115802
 -0.01445728   0.00114127
 -0.01429791   0.00112462
 -0.01413856   0.00110812
 -0.01397911   0.00109181
 -0.01381969   0.00107559
 -0.01366024   0.00105956
 -0.01350075   0.00104362
 -0.01334129   0.00102788
 -0.01318176   0.00101228
 -0.01302226   0.00099682
 -0.01286273   0.00098146
 -0.01270315   0.00096635
 -0.01254356   0.00095131
 -0.01238394   0.00093648
 -0.01222436   0.00092174
 -0.01206469   0.00090713
 -0.01190507   0.00089278
 -0.01174535   0.00087846
 -0.01158569   0.00086434
 -0.01142598   0.00085031
 -0.01126622   0.00083652
 -0.01110646   0.00082283
 -0.01094676   0.00080926
 -0.01078696   0.00079586
 -0.01062716   0.00078264
 -0.01046736   0.00076957
 -0.01030752   0.00075659
 -0.01014768   0.00074385
 -0.00998784   0.00073115
 -0.00982795   0.00071865
 -0.00966807   0.00070633
 -0.00950819   0.00069411
 -0.00934821   0.00068204
 -0.00918828   0.00067010
 -0.00902836   0.00065841
 -0.00886834   0.00064675
 -0.00870837   0.00063530
 -0.00854841   0.00062399
 -0.00838834   0.00061282
 -0.00822838   0.00060179
 -0.00806831   0.00059090
 -0.00790826   0.00058015
 -0.00774816   0.00056961
 -0.00758809   0.00055918
 -0.00742801   0.00054892
 -0.00726790   0.00053879
 -0.00710775   0.00052881
 -0.00694766   0.00051897
 -0.00678752   0.00050927
 -0.00662733   0.00049977
 -0.00646714   0.00049031
 -0.00630695   0.00048109
 -0.00614676   0.00047202
 -0.00598654   0.00046308
 -0.00582636   0.00045429
 -0.00566614   0.00044564
 -0.00550591   0.00043718
 -0.00534568   0.00042881
 -0.00518541   0.00042064
 -0.00502508   0.00041255
 -0.00486476   0.00040462
 -0.00470449   0.00039688
 -0.00454418   0.00038927
 -0.00438387   0.00038186
 -0.00422356   0.00037454
 -0.00406325   0.00036742
 -0.00390284   0.00036034
 -0.00374252   0.00035349
 -0.00358217   0.00034679
 -0.00342182   0.00034024
 -0.00326142   0.00033378
 -0.00310101   0.00032756
 -0.00294062   0.00032142
 -0.00278022   0.00031549
 -0.00261977   0.00030969
 -0.00245938   0.00030400
 -0.00229894   0.00029849
 -0.00213845   0.00029312
 -0.00197805   0.00028789
 -0.00181762   0.00028282
 -0.00165708   0.00027787
 -0.00149665   0.00027312
 -0.00133621   0.00026852
 -0.00117568   0.00026401
 -0.00101520   0.00025969
 -0.00085466   0.00025551
 -0.00069419   0.00025146
 -0.00053371   0.00024758
 -0.00037318   0.00024382
 -0.00021266   0.00024026
 -0.00005212   0.00023685
  0.00010839   0.00023347
  0.00026891   0.00023022
  0.00042949   0.00022705
  0.00059001   0.00022396
  0.00075058   0.00022095
  0.00091114   0.00021799
  0.00107166   0.00021498
  0.00123224   0.00021206
  0.00139279   0.00020914
  0.00155337   0.00020621
  0.00171393   0.00020333
  0.00187445   0.00020049
  0.00203506   0.00019765
  0.00219558   0.00019481
  0.00235620   0.00019205
  0.00251672   0.00018925
  0.00267728   0.00018649
  0.00283785   0.00018377
  0.00299841   0.00018109
  0.00315903   0.00017838
  0.00331955   0.00017574
  0.00348011   0.00017311
  0.00364072   0.00017047
  0.00380128   0.00016788
  0.00396190   0.00016528
  0.00412242   0.00016273
  0.00428298   0.00016022
  0.00444359   0.00015771
  0.00460415   0.00015524
  0.00476477   0.00015276
  0.00492533   0.00015029
  0.00508589   0.00014791
  0.00524651   0.00014548
  0.00540706   0.00014313
  0.00556768   0.00014078
  0.00572824   0.00013844
  0.00588880   0.00013613
  0.00604946   0.00013382
  0.00621002   0.00013156
  0.00637064   0.00012934
  0.00653119   0.00012711
  0.00669175   0.00012489
  0.00685241   0.00012271
  0.00701297   0.00012056
  0.00717359   0.00011842
  0.00733419   0.00011632
  0.00749475   0.00011422
  0.00765536   0.00011216
  0.00781596   0.00011011
  0.00797658   0.00010809
  0.00813718   0.00010607
  0.00829774   0.00010409
  0.00845836   0.00010216
  0.00861896   0.00010022
  0.00877899   0.00010788
  0.00893882   0.00011875
  0.00909872   0.00012978
  0.00925834   0.00014204
  0.00941788   0.00015548
  0.00957726   0.00017001
  0.00973651   0.00018519
  0.00989575   0.00020082
  0.01005496   0.00021634
  0.01021421   0.00023177
  0.01037345   0.00024720
  0.01053272   0.00026269
  0.01069196   0.00027822
  0.01085121   0.00029363
  0.01101052   0.00030891
  0.01116978   0.00032440
  0.01132891   0.00034066
  0.01148792   0.00035780
  0.01164676   0.00037592
  0.01180542   0.00039497
  0.01196386   0.00041478
  0.01212234   0.00043487
  0.01228082   0.00045490
  0.01243931   0.00047479
  0.01259791   0.00049451
  0.01275645   0.00051415
  0.01291499   0.00053407
  0.01307335   0.00055458
  0.01323160   0.00057596
  0.01338961   0.00059839
  0.01354739   0.00062192
  0.01370499   0.00064610
  0.01386259   0.00067028
  0.01402031   0.00069385
  0.01417808   0.00071746
  0.01433551   0.00074254
  0.01449228   0.00077008
  0.01464871   0.00079879
  0.01480536   0.00082672
  0.01496255   0.00085282
  0.01511980   0.00087862
  0.01527662   0.00090616
  0.01543281   0.00093599
  0.01558864   0.00096683
  0.01574465   0.00099724
  0.01590084   0.00102704
  0.01605685   0.00105742
  0.01621232   0.00108958
  0.01636721   0.00112352
  0.01652181   0.00115848
  0.01667624   0.00119377
  0.01683048   0.00122958
  0.01698454   0.00126613
  0.01713808   0.00130382
  0.01729103   0.00134318
  0.01744316   0.00138459
  0.01759439   0.00142813
  0.01774499   0.00147312
  0.01789529   0.00151852
  0.01804578   0.00156384
  0.01819595   0.00160979
  0.01834514   0.00165763
  0.01849297   0.00170821
  0.01863967   0.00176091
  0.01878562   0.00181489
  0.01893134   0.00186934
  0.01907669   0.00192435
  0.01922146   0.00198043
  0.01936536   0.00203784
  0.01950843   0.00209666
  0.01965060   0.00215688
  0.01979185   0.00221844
  0.01993237   0.00228105
  0.02007226   0.00234448
  0.02021186   0.00240837
  0.02035121   0.00247271
  0.02048999   0.00253782
  0.02062771   0.00260422
  0.02076411   0.00267246
  0.02089906   0.00274232
  0.02103278   0.00281366
  0.02116566   0.00288603
  0.02129755   0.00295948
  0.02142839   0.00303410
  0.02155785   0.00311014
  0.02168557   0.00318786
  0.02181162   0.00326729
  0.02193605   0.00334823
  0.02205912   0.00343029
  0.02218117   0.00351329
  0.02230218   0.00359711
  0.02242219   0.00368170
  0.02254113   0.00376723
  0.02265885   0.00385370
  0.02277533   0.00394105
  0.02289079   0.00402911
  0.02300563   0.00411764
  0.02312021   0.00420641
  0.02323475   0.00429517
  0.02334929   0.00438394
  0.02346317   0.00447311
  0.02357559   0.00456335
  0.02368578   0.00465499
  0.02379301   0.00474846
  0.02389691   0.00484382
  0.02399774   0.00494076
  0.02409603   0.00503894
  0.02419210   0.00513817
  0.02428656   0.00523805
  0.02437981   0.00533846
  0.02447235   0.00543917
  0.02456417   0.00554011
  0.02465506   0.00564146
  0.02474496   0.00574317
  0.02483378   0.00584529
  0.02492132   0.00594782
  0.02500745   0.00605088
  0.02509209   0.00615441
  0.02517504   0.00625841
  0.02525621   0.00636294
  0.02533540   0.00646799
  0.02541253   0.00657358
  0.02548746   0.00667964
  0.02556030   0.00678617
  0.02563131   0.00689299
  0.02570066   0.00700011
  0.02576849   0.00710746
  0.02583504   0.00721499
  0.02590044   0.00732270
  0.02596492   0.00743046
  0.02602868   0.00753835
  0.02609181   0.00764629
  0.02615459   0.00775429
  0.02621723   0.00786223
  0.02622412   0.00789258
  0.02623101   0.00792284
  0.02623784   0.00795309
  0.02624472   0.00798334
  0.02625161   0.00801359
  0.02625844   0.00804395
  0.02626533   0.00807420
  0.02627222   0.00810445
  0.02627905   0.00813471
  0.02628594   0.00816506
  0.02629282   0.00819531
  0.02629969   0.00822556
  0.02630658   0.00825582
  0.02631347   0.00828607
  0.02632036   0.00831642
  0.02632719   0.00834668
  0.02633408   0.00837693
  0.02634096   0.00840718
  0.02634779   0.00843754
  0.02635468   0.00846779
  0.02636157   0.00849804
  0.02636840   0.00852829
  0.02637529   0.00855865
  0.02638218   0.00858890
  0.02638905   0.00861915
  0.02639594   0.00864941
  0.02640282   0.00867966
  0.02640965   0.00871001
  0.02641654   0.00874026
  0.02642343   0.00877052
  0.02643026   0.00880077
  0.02643715   0.00883112
  0.02644404   0.00886138
  0.02645092   0.00889163
  0.02645775   0.00892188
  0.02646464   0.00895214
  0.02647153   0.00898249
  0.02647840   0.00901274
  0.02648529   0.00904299
  0.02649218   0.00907325
  0.02649901   0.00910360
  0.02650589   0.00913385
  0.02651278   0.00916411
  0.02651961   0.00919436
  0.02652650   0.00922461
  0.02653339   0.00925496
  0.02654022   0.00928522
  0.02654711   0.00931547
  0.02655399   0.00934572
  0.02656082   0.00937608
  0.02656771   0.00940633
  0.02657464   0.00943658
  0.02658153   0.00946684
  0.02658836   0.00949709
  0.02659525   0.00952744
  0.02660214   0.00955769
  0.02660896   0.00958795
  0.02661585   0.00961820
  0.02662274   0.00964855
  0.02662957   0.00967881
  0.02663646   0.00970906
  0.02664335   0.00973931
  0.02665018   0.00976966
  0.02665706   0.00979992
  0.02666399   0.00983017
  0.02667082   0.00986042
  0.02667771   0.00989068
  0.02668460   0.00992103
  0.02669143   0.00995128
  0.02669832   0.00998154
  0.02670521   0.01001179
  0.02671209   0.01004214
  0.02671892   0.01007239
  0.02672581   0.01010265
  0.02673270   0.01013290
  0.02673953   0.01016315
  0.02674642   0.01019351
  0.02675335   0.01022376
  0.02676018   0.01025401
  0.02676706   0.01028426
  0.02677395   0.01031462
  0.02678078   0.01034487
  0.02678767   0.01037512
  0.02679456   0.01040538
  0.02680139   0.01043563
  0.02680828   0.01046598
  0.02681516   0.01049624
  0.02682199   0.01052649
  0.02682888   0.01055674
  0.02683577   0.01058709
  0.02684264   0.01061735
  0.02684953   0.01064760
  0.02685642   0.01067785
  0.02686331   0.01070821
  0.02687014   0.01073846
  0.02687702   0.01076871
  0.02688391   0.01079896
  0.02689074   0.01082922
  0.02689763   0.01085957
  0.02690452   0.01088982
  0.02691135   0.01092008
  0.02691824   0.01095033
  0.02692512   0.01098068
  0.02693195   0.01101094
  0.02693888   0.01104119
  0.02694577   0.01107144
  0.02695260   0.01110169
  0.02695949   0.01113205
  0.02696638   0.01116230
  0.02697321   0.01119255
  0.02698009   0.01122281
  0.02698698   0.01125316
  0.02699387   0.01128341
  0.02700070   0.01131366
  0.02700759   0.01134392
  0.02701448   0.01137417
  0.02702131   0.01140452
  0.02702824   0.01143478
  0.02703512   0.01146503
  0.02704195   0.01149528
  0.02704884   0.01152564
  0.02705573   0.01155589
  0.02706256   0.01158614
  0.02706945   0.01161639
  0.02707634   0.01164665
  0.02708316   0.01167700
  0.02709005   0.01170725
  0.02709694   0.01173751
  0.02710377   0.01176776
  0.02711066   0.01179811
  0.02711759   0.01182836
  0.02712448   0.01185862
  0.02713131   0.01188887
  0.02713819   0.01191922
  0.02714508   0.01194948
  0.02715191   0.01197973
  0.02715880   0.01200998
  0.02716569   0.01204024
  0.02717252   0.01207059
  0.02717941   0.01210084
  0.02718629   0.01213109
  0.02719312   0.01216135
  0.02720001   0.01219170
  0.02720690   0.01222195
  0.02721377   0.01225221
  0.02722066   0.01228246
  0.02722755   0.01231271
  0.02723438   0.01234306
  0.02724126   0.01237332
  0.02724815   0.01240357
  0.02725504   0.01243382
  0.02726187   0.01246418
  0.02726876   0.01249443
  0.02727565   0.01252468
  0.02728248   0.01255494
  0.02728936   0.01258519
  0.02729625   0.01261554
  0.02730312   0.01264579
  0.02731001   0.01267605
  0.02731690   0.01270630
  0.02732373   0.01273665
  0.02733062   0.01276691
  0.02733751   0.01279716
  0.02734434   0.01282741
  0.02735122   0.01285776
  0.02735811   0.01288802
  0.02736494   0.01291827
  0.02737183   0.01294852
  0.02737872   0.01297878
  0.02738561   0.01300913
  0.02739248   0.01303938
  0.02739936   0.01306964
  0.02740625   0.01309989
  0.02741308   0.01313024
  0.02741997   0.01316049
  0.02742686   0.01319075
  0.02743369   0.01322100
  0.02744058   0.01325125
  0.02744746   0.01328161
  0.02745429   0.01331186
  0.02746118   0.01334211
  0.02746807   0.01337236
  0.02747490   0.01340272
  0.02748179   0.01343297
  0.02748872   0.01346322
  0.02749555   0.01349348
  0.02750244   0.01352373
  0.02750932   0.01355408
  0.02751615   0.01358434
  0.02752304   0.01361459
  0.02752993   0.01364484
  0.02753682   0.01367519
  0.02754365   0.01370545
  0.02755054   0.01373570
  0.02755742   0.01376595
  0.02756425   0.01379621
  0.02757114   0.01382656
  0.02757807   0.01385681
  0.02758490   0.01388706
  0.02759179   0.01391732
  0.02759868   0.01394767
  0.02760551   0.01397792
  0.02761239   0.01400818
  0.02761928   0.01403843
  0.02762611   0.01406878
  0.02763300   0.01409904
  0.02763989   0.01412929
  0.02764672   0.01415954
  0.02765361   0.01418979
  0.02766049   0.01422015
  0.02766742   0.01425040
  0.02767425   0.01428065
  0.02768114   0.01431091
  0.02768803   0.01434126
  0.02769486   0.01437151
  0.02770175   0.01440176
  0.02770864   0.01443202
  0.02771546   0.01446227
  0.02772235   0.01449262
  0.02772924   0.01452288
  0.02773607   0.01455313
  0.02774296   0.01458338
  0.02774985   0.01461374
  0.02775668   0.01464399
  0.02776361   0.01467424
  0.02777049   0.01470449
  0.02777732   0.01473475
  0.02778421   0.01476510
  0.02779110   0.01479535
  0.02779799   0.01482561
  0.02780482   0.01485586
  0.02781171   0.01488621
  0.02781859   0.01491646
  0.02782542   0.01494672
  0.02783231   0.01497697
  0.02783920   0.01500732
  0.02784603   0.01503758
  0.02785296   0.01506783
  0.02785985   0.01509808
  0.02786668   0.01512834
  0.02787356   0.01515869
  0.02788045   0.01518894
  0.02788728   0.01521919
  0.02789417   0.01524945
  0.02790106   0.01527980
  0.02790789   0.01531005
  0.02791478   0.01534031
  0.02792166   0.01537056
  0.02792855   0.01540081
  0.02793538   0.01543116
  0.02794231   0.01546142
  0.02794920   0.01549167
  0.02795603   0.01552192
  0.02796292   0.01555228
  0.02796981   0.01558253
  0.02797664   0.01561278
  0.02798352   0.01564304
  0.02799041   0.01567329
  0.02799724   0.01570364
  0.02800413   0.01573389
  0.02801102   0.01576415
  0.02801785   0.01579440
  0.02802474   0.01582475
  0.02803162   0.01585501
  0.02803849   0.01588526
  0.02804538   0.01591551
  0.02805227   0.01594576
  0.02805916   0.01597612
  0.02806599   0.01600637
  0.02807288   0.01603662
  0.02807976   0.01606688
  0.02808659   0.01609723
  0.02809348   0.01612748
  0.02810037   0.01615774
  0.02810720   0.01618799
  0.02811409   0.01621834
  0.02812098   0.01624859
  0.02812785   0.01627885
  0.02813474   0.01630910
  0.02814162   0.01633935
  0.02814845   0.01636971
  0.02815534   0.01639996
  0.02816223   0.01643021
  0.02816906   0.01646046
  0.02817595   0.01649082
  0.02818284   0.01652107
  0.02818972   0.01655132
  0.02819655   0.01658158
  0.02820344   0.01661183
  0.02821033   0.01664218
  0.02821720   0.01667244
  0.02822409   0.01670269
  0.02823098   0.01673294
  0.02823781   0.01676329
  0.02824469   0.01679355
  0.02825158   0.01682380
  0.02825841   0.01685405
  0.02826530   0.01688431
  0.02827219   0.01691466
  0.02827902   0.01694491
  0.02828591   0.01697516
  0.02829279   0.01700542
  0.02829962   0.01703577
  0.02830655   0.01706602
  0.02831344   0.01709628
  0.02832027   0.01712653
  0.02832716   0.01715688
  0.02833405   0.01718714
  0.02834094   0.01721739
  0.02834776   0.01724764
  0.02835465   0.01727789
  0.02836154   0.01730825
  0.02836837   0.01733850
  0.02837526   0.01736875
  0.02838215   0.01739901
  0.02838898   0.01742936
  0.02839586   0.01745961
  0.02840279   0.01748986
  0.02840962   0.01752012
  0.02841651   0.01755037
  0.02842340   0.01758072
  0.02843023   0.01761098
  0.02843712   0.01764123
  0.02844401   0.01767148
  0.02845084   0.01770184
  0.02845772   0.01773209
  0.02846461   0.01776234
  0.02847150   0.01779259
  0.02847833   0.01782285
  0.02848522   0.01785320
  0.02849215   0.01788345
  0.02849898   0.01791371
  0.02850586   0.01794396
  0.02851275   0.01797431
  0.02851958   0.01800456
  0.02852647   0.01803482
  0.02853336   0.01806507
  0.02854019   0.01809532
  0.02854708   0.01812568
  0.02855396   0.01815593
  0.02856079   0.01818618
  0.02856768   0.01821644
  0.02857457   0.01824679
  0.02858144   0.01827704
  0.02858833   0.01830729
  0.02859522   0.01833755
  0.02860211   0.01836790
  0.02860894   0.01839815
  0.02861582   0.01842841
  0.02862271   0.01845866
  0.02862954   0.01848891
  0.02863643   0.01851926
  0.02864332   0.01854952
  0.02865015   0.01857977
  0.02865704   0.01861002
  0.02866392   0.01864038
  0.02867075   0.01867063
  0.02867768   0.01870088
  0.02868457   0.01873114
  0.02869140   0.01876139
  0.02869829   0.01879174
  0.02870518   0.01882199
  0.02871201   0.01885225
  0.02871889   0.01888250
  0.02872578   0.01891285
  0.02873267   0.01894311
  0.02873950   0.01897336
  0.02874639   0.01900361
  0.02875328   0.01903386
  0.02876011   0.01906422
  0.02876704   0.01909447
  0.02877392   0.01912472
  0.02878075   0.01915498
  0.02878764   0.01918533
  0.02879453   0.01921558
  0.02880136   0.01924584
  0.02880825   0.01927609
  0.02881514   0.01930644
  0.02882196   0.01933669
  0.02882885   0.01936695
  0.02883574   0.01939720
  0.02884257   0.01942745
  0.02884946   0.01945781
  0.02885639   0.01948806
  0.02886328   0.01951831
  0.02887011   0.01954856
  0.02887699   0.01957892
  0.02888388   0.01960917
  0.02889071   0.01963942
  0.02889760   0.01966968
  0.02890449   0.01969993
  0.02891132   0.01973028
  0.02891821   0.01976054
  0.02892509   0.01979079
  0.02893192   0.01982104
  0.02893881   0.01985139
  0.02894570   0.01988165
  0.02895257   0.01991190
  0.02895946   0.01994215
  0.02896635   0.01997241
  0.02897318   0.02000276
  0.02898006   0.02003301
  0.02898695   0.02006326
  0.02899378   0.02009352
  0.02900067   0.02012387
  0.02900756   0.02015412
  0.02901445   0.02018438
  0.02902128   0.02021463
  0.02902816   0.02024488
  0.02903505   0.02027524
  0.02904192   0.02030549
  0.02904881   0.02033574
  0.02905570   0.02036599
  0.02906253   0.02039635
  0.02906942   0.02042660
  0.02907631   0.02045685
  0.02908314   0.02048711
  0.02909002   0.02051746
  0.02909691   0.02054771
  0.02910374   0.02057796
  0.02911063   0.02060822
  0.02911752   0.02063847
  0.02912435   0.02066882
  0.02913128   0.02069908
  0.02913816   0.02072933
  0.02914505   0.02075958
  0.02915188   0.02078994
  0.02915877   0.02082019
  0.02916566   0.02085044
  0.02917249   0.02088069
  0.02917938   0.02091095
  0.02918626   0.02094130
  0.02919309   0.02097155
  0.02919998   0.02100181
  0.02920687   0.02103206
  0.02921370   0.02106241
  0.02922059   0.02109266
  0.02922752   0.02112292
  0.02923435   0.02115317
  0.02924124   0.02118342
  0.02924812   0.02121378
  0.02925495   0.02124403
  0.02926184   0.02127428
  0.02926873   0.02130454
  0.02927562   0.02133489
  0.02928245   0.02136514
  0.02928934   0.02139539
  0.02929622   0.02142565
  0.02930305   0.02145600
  0.02930994   0.02148625
  0.02931687   0.02151651
  0.02932370   0.02154676
  0.02933059   0.02157701
  0.02933748   0.02160736
  0.02934431   0.02163762
  0.02935119   0.02166787
  0.02935808   0.02169812
  0.02936491   0.02172848
  0.02937180   0.02175873
  0.02937869   0.02178898
  0.02938552   0.02181924
  0.02939241   0.02184949
  0.02939929   0.02187984
  0.02940622   0.02191009
  0.02941305   0.02194035
  0.02941994   0.02197060
  0.02942683   0.02200095
  0.02943366   0.02203121
  0.02944055   0.02206146
  0.02944744   0.02209171
  0.02945426   0.02212196
  0.02946115   0.02215232
  0.02946804   0.02218257
  0.02947487   0.02221282
  0.02948176   0.02224308
  0.02948865   0.02227343
  0.02949548   0.02230368
  0.02950241   0.02233394
  0.02950929   0.02236419
  0.02951612   0.02239444
  0.02952301   0.02242479
  0.02952990   0.02245505
  0.02953679   0.02248530
  0.02954362   0.02251555
  0.02955051   0.02254591
  0.02955739   0.02257616
  0.02956422   0.02260641
  0.02957111   0.02263666
  0.02957800   0.02266702
  0.02958483   0.02269727
  0.02959176   0.02272752
  0.02959865   0.02275778
  0.02960548   0.02278803
  0.02961236   0.02281838
  0.02961925   0.02284864
  0.02962608   0.02287889
  0.02963297   0.02290914
  0.02963986   0.02293949
  0.02964669   0.02296975
  0.02965358   0.02300000
