 -0.03684136   0.02300000
 -0.03682344   0.02289859
 -0.03680543   0.02279717
 -0.03678749   0.02269583
 -0.03676950   0.02259441
 -0.03675156   0.02249300
 -0.03673354   0.02239159
 -0.03671563   0.02229017
 -0.03669761   0.02218883
 -0.03667970   0.02208741
 -0.03666176   0.02198600
 -0.03664374   0.02188459
 -0.03662583   0.02178317
 -0.03660781   0.02168183
 -0.03658990   0.02158041
 -0.03657188   0.02147900
 -0.03655394   0.02137759
 -0.03653595   0.02127617
 -0.03651801   0.02117486
 -0.03650002   0.02107344
 -0.03648208   0.02097203
 -0.03646414   0.02087061
 -0.03644615   0.02076920
 -0.03642821   0.02066786
 -0.03641022   0.02056644
 -0.03639228   0.02046503
 -0.03637427   0.02036361
 -0.03635635   0.02026220
 -0.03633834   0.02016086
 -0.03632040   0.02005944
 -0.03630248   0.01995803
 -0.03628447   0.01985661
 -0.03626655   0.01975520
 -0.03624854   0.01965386
 -0.03623060   0.01955244
 -0.03621261   0.01945103
 -0.03619467   0.01934961
 -0.03617668   0.01924820
 -0.03615874   0.01914686
 -0.03614072   0.01904544
 -0.03612281   0.01894403
 -0.03610487   0.01884261
 -0.03608688   0.01874120
 -0.03606894   0.01863986
 -0.03605092   0.01853844
 -0.03603301   0.01843703
 -0.03601499   0.01833561
 -0.03599705   0.01823420
 -0.03597906   0.01813286
 -0.03596112   0.01803144
 -0.03594321   0.01793003
 -0.03592519   0.01782861
 -0.03590725   0.01772722
 -0.03588926   0.01762588
 -0.03587132   0.01752447
 -0.03585323   0.01742305
 -0.03582816   0.01732262
 -0.03580301   0.01722217
 -0.03577794   0.01712179
 -0.03575280   0.01702136
 -0.03572770   0.01692090
 -0.03570263   0.01682047
 -0.03567749   0.01672001
 -0.03565242   0.01661966
 -0.03562727   0.01651920
 -0.03560220   0.01641877
 -0.03557706   0.01631832
 -0.03555199   0.01621786
 -0.03552682   0.01611751
 -0.03550175   0.01601705
 -0.03547668   0.01591662
 -0.03545153   0.01581617
 -0.03542646   0.01571574
 -0.03540132   0.01561536
 -0.03537625   0.01551493
 -0.03535108   0.01541447
 -0.03532601   0.01531401
 -0.03530086   0.01521359
 -0.03527579   0.01511320
 -0.03525065   0.01501277
 -0.03522558   0.01491232
 -0.03520051   0.01481189
 -0.03517534   0.01471143
 -0.03515027   0.01461108
 -0.03512512   0.01451062
 -0.03510005   0.01441017
 -0.03507483   0.01430976
 -0.03504937   0.01420941
 -0.03502353   0.01410921
 -0.03499747   0.01400904
 -0.03497110   0.01390895
 -0.03494433   0.01380896
 -0.03491736   0.01370905
 -0.03488999   0.01360931
 -0.03486238   0.01350961
 -0.03483441   0.01341001
 -0.03480623   0.01331051
 -0.03477763   0.01321112
 -0.03474883   0.01311193
 -0.03471967   0.01301277
 -0.03469027   0.01291374
 -0.03466058   0.01281482
 -0.03463051   0.01271602
 -0.03460026   0.01261743
 -0.03456959   0.01251889
 -0.03453874   0.01242049
 -0.03450750   0.01232221
 -0.03447608   0.01222409
 -0.03444427   0.01212617
 -0.03441225   0.01202833
 -0.03437995   0.01193062
 -0.03434729   0.01183307
 -0.03431444   0.01173567
 -0.03428123   0.01163851
 -0.03424779   0.01154142
 -0.03421403   0.01144449
 -0.03418004   0.01134772
 -0.03414543   0.01125127
 -0.03411003   0.01115506
 -0.03407383   0.01105917
 -0.03403693   0.01096362
 -0.03399914   0.01086829
 -0.03396069   0.01077337
 -0.03392150   0.01067878
 -0.03388153   0.01058447
 -0.03384079   0.01049053
 -0.03379926   0.01039696
 -0.03375704   0.01030371
 -0.03371403   0.01021089
 -0.03367028   0.01011840
 -0.03362582   0.01002627
 -0.03358058   0.00993449
 -0.03353467   0.00984311
 -0.03348800   0.00975220
 -0.03344063   0.00966153
 -0.03339248   0.00957140
 -0.03334361   0.00948162
 -0.03329410   0.00939227
 -0.03324380   0.00930338
 -0.03319287   0.00921484
 -0.03314113   0.00912674
 -0.03308880   0.00903911
 -0.03303571   0.00895191
 -0.03298194   0.00886517
 -0.03292745   0.00877886
 -0.03287230   0.00869303
 -0.03281648   0.00860773
 -0.03276001   0.00852281
 -0.03270278   0.00843835
 -0.03264493   0.00835444
 -0.03258643   0.00827099
 -0.03252724   0.00818800
 -0.03246744   0.00810556
 -0.03240693   0.00802360
 -0.03234582   0.00794217
 -0.03228401   0.00786122
 -0.03222157   0.00778083
 -0.03215856   0.00770091
 -0.03209484   0.00762156
 -0.03203057   0.00754273
 -0.03196561   0.00746441
 -0.03190009   0.00738668
 -0.03183394   0.00730947
 -0.03176710   0.00723284
 -0.03169973   0.00715677
 -0.03163181   0.00708121
 -0.03156321   0.00700628
 -0.03149406   0.00693193
 -0.03142431   0.00685813
 -0.03135404   0.00678484
 -0.03128309   0.00671228
 -0.03121169   0.00664023
 -0.03113964   0.00656873
 -0.03106704   0.00649792
 -0.03099394   0.00642766
 -0.03092024   0.00635808
 -0.03084604   0.00628899
 -0.03077127   0.00622064
 -0.03069600   0.00615289
 -0.03062012   0.00608571
 -0.03054377   0.00601921
 -0.03046693   0.00595330
 -0.03038958   0.00588804
 -0.03031166   0.00582346
 -0.03023326   0.00575954
 -0.03015439   0.00569622
 -0.03007502   0.00563356
 -0.02999517   0.00557159
 -0.02991486   0.00551019
 -0.02983406   0.00544957
 -0.02975280   0.00538961
 -0.02967108   0.00533024
 -0.02958889   0.00527164
 -0.02950623   0.00521363
 -0.02942312   0.00515637
 -0.02933961   0.00509989
 -0.02925565   0.00504410
 -0.02917129   0.00498870
 -0.02908657   0.00493373
 -0.02900152   0.00487928
 -0.02891610   0.00482522
 -0.02883039   0.00477159
 -0.02874425   0.00471838
 -0.02865784   0.00466566
 -0.02857104   0.00461344
 -0.02848391   0.00456165
 -0.02839641   0.00451027
 -0.02830870   0.00445940
 -0.02822051   0.00440891
 -0.02813210   0.00435896
 -0.02804336   0.00430949
 -0.02795426   0.00426045
 -0.02786483   0.00421188
 -0.02777511   0.00416376
 -0.02768507   0.00411618
 -0.02759473   0.00406905
 -0.02750416   0.00402239
 -0.02741320   0.00397616
 -0.02732192   0.00393051
 -0.02723044   0.00388527
 -0.02713864   0.00384060
 -0.02704652   0.00379634
 -0.02695410   0.00375261
 -0.02686146   0.00370936
 -0.02676850   0.00366667
 -0.02667529   0.00362440
 -0.02658181   0.00358263
 -0.02648808   0.00354143
 -0.02639403   0.00350065
 -0.02629978   0.00346044
 -0.02620526   0.00342073
 -0.02611046   0.00338152
 -0.02601542   0.00334277
 -0.02592013   0.00330455
 -0.02582457   0.00326690
 -0.02572881   0.00322974
 -0.02563286   0.00319306
 -0.02553658   0.00315697
 -0.02544016   0.00312138
 -0.02534341   0.00308626
 -0.02524651   0.00305173
 -0.02514939   0.00301767
 -0.02505210   0.00298421
 -0.02495451   0.00295123
 -0.02485677   0.00291876
 -0.02475879   0.00288684
 -0.02466066   0.00285551
 -0.02456230   0.00282466
 -0.02446370   0.00279437
 -0.02436494   0.00276461
 -0.02426604   0.00273531
 -0.02416697   0.00270667
 -0.02406767   0.00267854
 -0.02396823   0.00265089
 -0.02386854   0.00262387
 -0.02376877   0.00259736
 -0.02366878   0.00257137
 -0.02356869   0.00254599
 -0.02346838   0.00252111
 -0.02336800   0.00249673
 -0.02326736   0.00247300
 -0.02316668   0.00244983
 -0.02306568   0.00242760
 -0.02296465   0.00240550
 -0.02286362   0.00238353
 -0.02276261   0.00236171
 -0.02266149   0.00233999
 -0.02256038   0.00231839
 -0.02245925   0.00229699
 -0.02235805   0.00227565
 -0.02225684   0.00225450
 -0.02215561   0.00223349
 -0.02205439   0.00221257
 -0.02195308   0.00219180
 -0.02185178   0.00217116
 -0.02175045   0.00215064
 -0.02164912   0.00213026
 -0.02154771   0.00210999
 -0.02144631   0.00208993
 -0.02134491   0.00206999
 -0.02124340   0.00205011
 -0.02114197   0.00203042
 -0.02104044   0.00201084
 -0.02093887   0.00199140
 -0.02083734   0.00197210
 -0.02073573   0.00195291
 -0.02063413   0.00193393
 -0.02053253   0.00191500
 -0.02043090   0.00189625
 -0.02032922   0.00187764
 -0.02022751   0.00185909
 -0.02012581   0.00184074
 -0.02002401   0.00182249
 -0.01992223   0.00180446
 -0.01982050   0.00178649
 -0.01971862   0.00176864
 -0.01961682   0.00175099
 -0.01951494   0.00173337
 -0.01941304   0.00171597
 -0.01931113   0.00169870
 -0.01920926   0.00168156
 -0.01910728   0.00166451
 -0.01900535   0.00164762
 -0.01890330   0.00163086
 -0.01880132   0.00161429
 -0.01869931   0.00159775
 -0.01859724   0.00158143
 -0.01849516   0.00156524
 -0.01839308   0.00154918
 -0.01829093   0.00153322
 -0.01818885   0.00151741
 -0.01808667   0.00150172
 -0.01798452   0.00148616
 -0.01788234   0.00147078
 -0.01778009   0.00145547
 -0.01767791   0.00144036
 -0.01757566   0.00142538
 -0.01747341   0.00141053
 -0.01737106   0.00139577
 -0.01726881   0.00138106
 -0.01716648   0.00136648
 -0.01706413   0.00135205
 -0.01696180   0.00133761
 -0.01685945   0.00132336
 -0.01675705   0.00130920
 -0.01665463   0.00129511
 -0.01655230   0.00128110
 -0.01644980   0.00126721
 -0.01634740   0.00125338
 -0.01624497   0.00123964
 -0.01614250   0.00122608
 -0.01604000   0.00121261
 -0.01593750   0.00119913
 -0.01583503   0.00118584
 -0.01573245   0.00117262
 -0.01562995   0.00115948
 -0.01552738   0.00114651
 -0.01542480   0.00113355
 -0.01532226   0.00112068
 -0.01521961   0.00110799
 -0.01511703   0.00109537
 -0.01501439   0.00108285
 -0.01491174   0.00107041
 -0.01480909   0.00105804
 -0.01470644   0.00104579
 -0.01460372   0.00103360
 -0.01450107   0.00102160
 -0.01439835   0.00100960
 -0.01429563   0.00099776
 -0.01419290   0.00098601
 -0.01409016   0.00097433
 -0.01398736   0.00096276
 -0.01388464   0.00095129
 -0.01378184   0.00093996
 -0.01367904   0.00092863
 -0.01357622   0.00091748
 -0.01347343   0.00090643
 -0.01337056   0.00089538
 -0.01326773   0.00088450
 -0.01316486   0.00087377
 -0.01306199   0.00086307
 -0.01295910   0.00085244
 -0.01285623   0.00084198
 -0.01275333   0.00083153
 -0.01265039   0.00082124
 -0.01254751   0.00081106
 -0.01244454   0.00080096
 -0.01234160   0.00079092
 -0.01223863   0.00078106
 -0.01213566   0.00077123
 -0.01203271   0.00076154
 -0.01192967   0.00075186
 -0.01182673   0.00074237
 -0.01172368   0.00073294
 -0.01162064   0.00072363
 -0.01151762   0.00071436
 -0.01141457   0.00070530
 -0.01131153   0.00069624
 -0.01120851   0.00068732
 -0.01110539   0.00067843
 -0.01100235   0.00066969
 -0.01089923   0.00066105
 -0.01079614   0.00065251
 -0.01069302   0.00064412
 -0.01058990   0.00063573
 -0.01048678   0.00062751
 -0.01038366   0.00061931
 -0.01028050   0.00061127
 -0.01017738   0.00060333
 -0.01007419   0.00059546
 -0.00997099   0.00058769
 -0.00986780   0.00058006
 -0.00976461   0.00057247
 -0.00966141   0.00056504
 -0.00955822   0.00055762
 -0.00945503   0.00055035
 -0.00935176   0.00054317
 -0.00924857   0.00053610
 -0.00914530   0.00052910
 -0.00904204   0.00052225
 -0.00893884   0.00051542
 -0.00883558   0.00050877
 -0.00873231   0.00050219
 -0.00862904   0.00049571
 -0.00852570   0.00048931
 -0.00842244   0.00048301
 -0.00831917   0.00047678
 -0.00821583   0.00047072
 -0.00811254   0.00046469
 -0.00800920   0.00045881
 -0.00790586   0.00045300
 -0.00780259   0.00044730
 -0.00769925   0.00044169
 -0.00759591   0.00043616
 -0.00749254   0.00043077
 -0.00738920   0.00042544
 -0.00728586   0.00042023
 -0.00718244   0.00041511
 -0.00707910   0.00041010
 -0.00697574   0.00040519
 -0.00687232   0.00040033
 -0.00676891   0.00039567
 -0.00666557   0.00039108
 -0.00656213   0.00038656
 -0.00645871   0.00038207
 -0.00635537   0.00037759
 -0.00625196   0.00037320
 -0.00614851   0.00036883
 -0.00604510   0.00036447
 -0.00594176   0.00036021
 -0.00583832   0.00035594
 -0.00573490   0.00035171
 -0.00563149   0.00034754
 -0.00552805   0.00034333
 -0.00542463   0.00033927
 -0.00532122   0.00033516
 -0.00521788   0.00033112
 -0.00511444   0.00032711
 -0.00501102   0.00032313
 -0.00490758   0.00031921
 -0.00480417   0.00031530
 -0.00470075   0.00031142
 -0.00459731   0.00030756
 -0.00449390   0.00030377
 -0.00439048   0.00030006
 -0.00428704   0.00029633
 -0.00418363   0.00029264
 -0.00408014   0.00028901
 -0.00397670   0.00028535
 -0.00387328   0.00028182
 -0.00376987   0.00027829
 -0.00366643   0.00027475
 -0.00356301   0.00027132
 -0.00345957   0.00026789
 -0.00335608   0.00026448
 -0.00325267   0.00026107
 -0.00314923   0.00025774
 -0.00304581   0.00025440
 -0.00294232   0.00025114
 -0.00283888   0.00024781
 -0.00273547   0.00024455
 -0.00263205   0.00024137
 -0.00252854   0.00023811
 -0.00242512   0.00023492
 -0.00232168   0.00023174
 -0.00221819   0.00022863
 -0.00211478   0.00022551
 -0.00201134   0.00022240
 -0.00190785   0.00021929
 -0.00180443   0.00021626
 -0.00170092   0.00021322
 -0.00159750   0.00021026
 -0.00149409   0.00020722
 -0.00139057   0.00020426
 -0.00128716   0.00020129
 -0.00118364   0.00019840
 -0.00108023   0.00019551
 -0.00097674   0.00019263
 -0.00087330   0.00018981
 -0.00076981   0.00018692
 -0.00066640   0.00018411
 -0.00056288   0.00018137
 -0.00045939   0.00017855
 -0.00035598   0.00017581
 -0.00025246   0.00017314
 -0.00014905   0.00017040
 -0.00004553   0.00016774
  0.00005796   0.00016507
  0.00016137   0.00016248
  0.00026489   0.00015989
  0.00036830   0.00015729
  0.00047179   0.00015470
  0.00057530   0.00015218
  0.00067879   0.00014966
  0.00078221   0.00015077
  0.00088424   0.00016470
  0.00098232   0.00019159
  0.00107413   0.00023033
  0.00115755   0.00027951
  0.00123067   0.00033744
  0.00129218   0.00040203
  0.00130719   0.00044722
  0.00132226   0.00049238
  0.00133734   0.00053761
  0.00135242   0.00058277
  0.00136750   0.00062800
  0.00138250   0.00067319
  0.00139758   0.00071842
  0.00141266   0.00076358
  0.00142773   0.00080874
  0.00144281   0.00085400
  0.00145781   0.00089916
  0.00147292   0.00094439
  0.00148800   0.00098955
  0.00150307   0.00103471
  0.00151815   0.00107997
  0.00153316   0.00112513
  0.00154823   0.00117036
  0.00156331   0.00121552
  0.00157839   0.00126078
  0.00159347   0.00130594
  0.00160847   0.00135110
  0.00162355   0.00139633
  0.00163863   0.00144152
  0.00165370   0.00148675
  0.00166881   0.00153191
  0.00168381   0.00157707
  0.00169889   0.00162230
  0.00171397   0.00166749
  0.00172904   0.00171272
  0.00174412   0.00175788
  0.00175920   0.00180311
  0.00177420   0.00184830
  0.00178928   0.00189346
  0.00180436   0.00193869
  0.00181944   0.00198385
  0.00183451   0.00202909
  0.00184952   0.00207427
  0.00186462   0.00211943
  0.00187970   0.00216466
  0.00189478   0.00220982
  0.00190986   0.00225508
  0.00192486   0.00230024
  0.00193994   0.00234547
  0.00195501   0.00239063
  0.00197009   0.00243579
  0.00198517   0.00248105
  0.00200017   0.00252621
  0.00201525   0.00257144
  0.00203033   0.00261660
  0.00204541   0.00266179
  0.00206049   0.00270702
  0.00207551   0.00275218
  0.00209059   0.00279741
  0.00210567   0.00284257
  0.00212075   0.00288783
  0.00213583   0.00293299
  0.00215083   0.00297815
  0.00216591   0.00302339
  0.00218099   0.00306857
  0.00219606   0.00311380
  0.00221114   0.00315896
  0.00222614   0.00320412
  0.00224122   0.00324938
  0.00225630   0.00329454
  0.00227140   0.00333977
  0.00228648   0.00338493
  0.00230156   0.00343017
  0.00231656   0.00347535
  0.00233164   0.00352051
  0.00234672   0.00356574
  0.00236180   0.00361090
  0.00237687   0.00365616
  0.00239188   0.00370132
  0.00240696   0.00374648
  0.00242203   0.00379171
  0.00243711   0.00383687
  0.00245219   0.00388213
  0.00246722   0.00392729
  0.00248230   0.00397253
  0.00249737   0.00401769
  0.00251245   0.00406287
  0.00252753   0.00410810
  0.00254253   0.00415326
  0.00255761   0.00419850
  0.00257269   0.00424366
  0.00258777   0.00428884
  0.00260284   0.00433407
  0.00261785   0.00437923
  0.00263293   0.00442447
  0.00264800   0.00446965
  0.00266311   0.00451489
  0.00267819   0.00456004
  0.00269319   0.00460520
  0.00270827   0.00465046
  0.00272334   0.00469562
  0.00273842   0.00474086
  0.00275350   0.00478601
  0.00276850   0.00483117
  0.00278358   0.00487643
  0.00279866   0.00492159
  0.00281374   0.00496683
  0.00282881   0.00501199
  0.00284389   0.00505724
  0.00285890   0.00510240
  0.00287400   0.00514756
  0.00288908   0.00519280
  0.00290416   0.00523796
  0.00291923   0.00528321
  0.00293424   0.00532837
  0.00294931   0.00537353
  0.00296439   0.00541877
  0.00297947   0.00546395
  0.00299455   0.00550919
  0.00300955   0.00555434
  0.00302463   0.00559958
  0.00303971   0.00564474
  0.00305479   0.00568992
  0.00306989   0.00573516
  0.00308489   0.00578031
  0.00309997   0.00582555
  0.00311505   0.00587073
  0.00313013   0.00591589
  0.00314520   0.00596113
  0.00316021   0.00600629
  0.00317529   0.00605152
  0.00319036   0.00609670
  0.00320544   0.00614194
  0.00322052   0.00618710
  0.00323552   0.00623226
  0.00325060   0.00627751
  0.00326570   0.00632267
  0.00328078   0.00636791
  0.00329586   0.00641307
  0.00331086   0.00645825
  0.00332594   0.00650349
  0.00334102   0.00654864
  0.00335610   0.00659388
  0.00337117   0.00663904
  0.00338625   0.00668430
  0.00340126   0.00672946
  0.00341633   0.00677461
  0.00343141   0.00681985
  0.00344649   0.00686503
  0.00346157   0.00691027
  0.00347660   0.00695543
  0.00349167   0.00700059
  0.00350675   0.00704582
  0.00352183   0.00709100
  0.00353691   0.00713624
  0.00355191   0.00718140
  0.00356699   0.00722663
  0.00358207   0.00727181
  0.00359714   0.00731697
  0.00361222   0.00736221
  0.00362723   0.00740737
  0.00364230   0.00745260
  0.00365738   0.00749779
  0.00367249   0.00754294
  0.00368756   0.00758818
  0.00370257   0.00763334
  0.00371764   0.00767860
  0.00373272   0.00772376
  0.00374780   0.00776899
  0.00376288   0.00781415
  0.00377788   0.00785933
  0.00379296   0.00790457
  0.00380804   0.00794973
  0.00382311   0.00799496
  0.00383819   0.00804012
  0.00385320   0.00808530
  0.00386830   0.00813054
  0.00388338   0.00817570
  0.00389846   0.00822093
  0.00391353   0.00826611
  0.00392861   0.00831135
  0.00394361   0.00835651
  0.00395869   0.00840167
  0.00397377   0.00844690
  0.00398885   0.00849209
  0.00400393   0.00853732
  0.00401893   0.00858248
  0.00403401   0.00862764
  0.00404909   0.00867290
  0.00406416   0.00871806
  0.00407927   0.00876329
  0.00409427   0.00880845
  0.00410935   0.00885368
  0.00412443   0.00889887
  0.00413950   0.00894403
  0.00415458   0.00898926
  0.00416959   0.00903442
  0.00418466   0.00907968
  0.00419974   0.00912484
  0.00421482   0.00917000
  0.00422990   0.00921523
  0.00424490   0.00926039
  0.00425998   0.00930565
  0.00427508   0.00935081
  0.00429016   0.00939604
  0.00430524   0.00944120
  0.00432024   0.00948639
  0.00433532   0.00953162
  0.00435040   0.00957678
  0.00436547   0.00962201
  0.00438055   0.00966720
  0.00439556   0.00971236
  0.00441063   0.00975759
  0.00442571   0.00980275
  0.00444079   0.00984798
  0.00445587   0.00989317
  0.00447097   0.00993840
  0.00448597   0.00998356
  0.00450105   0.01002872
  0.00451613   0.01007398
  0.00453121   0.01011914
  0.00454629   0.01016437
  0.00456129   0.01020953
  0.00457637   0.01025469
  0.00459144   0.01029995
  0.00460652   0.01034511
  0.00462160   0.01039034
  0.00463660   0.01043550
  0.00465168   0.01048076
  0.00466676   0.01052592
  0.00468186   0.01057108
  0.00469694   0.01061631
  0.00471194   0.01066147
  0.00472702   0.01070673
  0.00474210   0.01075189
  0.00475718   0.01079705
  0.00477226   0.01084228
  0.00478726   0.01088747
  0.00480234   0.01093270
  0.00481741   0.01097786
  0.00483249   0.01102309
  0.00484757   0.01106828
  0.00486257   0.01111344
  0.00487768   0.01115867
  0.00489276   0.01120383
  0.00490783   0.01124906
  0.00492291   0.01129425
  0.00493791   0.01133941
  0.00495299   0.01138464
  0.00496807   0.01142980
  0.00498315   0.01147506
  0.00499823   0.01152022
  0.00501330   0.01156545
  0.00502831   0.01161061
  0.00504339   0.01165577
  0.00505846   0.01170103
  0.00507357   0.01174619
  0.00508864   0.01179142
  0.00510365   0.01183658
  0.00511873   0.01188177
  0.00513380   0.01192700
  0.00514888   0.01197216
  0.00516396   0.01201739
  0.00517896   0.01206255
  0.00519404   0.01210781
  0.00520912   0.01215297
  0.00522420   0.01219813
  0.00523927   0.01224336
  0.00525428   0.01228855
  0.00526936   0.01233378
  0.00528446   0.01237894
  0.00529954   0.01242410
  0.00531461   0.01246933
  0.00532962   0.01251452
  0.00534470   0.01255975
  0.00535977   0.01260491
  0.00537485   0.01265014
  0.00538993   0.01269533
  0.00540493   0.01274049
  0.00542001   0.01278572
  0.00543509   0.01283088
  0.00545017   0.01287614
  0.00546524   0.01292130
  0.00548027   0.01296646
  0.00549535   0.01301169
  0.00551043   0.01305685
  0.00552551   0.01310211
  0.00554059   0.01314727
  0.00555566   0.01319250
  0.00557067   0.01323766
  0.00558574   0.01328285
  0.00560082   0.01332808
  0.00561590   0.01337324
  0.00563098   0.01341847
  0.00564598   0.01346363
  0.00566106   0.01350882
  0.00567616   0.01355405
  0.00569124   0.01359921
  0.00570632   0.01364444
  0.00572132   0.01368963
  0.00573640   0.01373486
  0.00575148   0.01378002
  0.00576656   0.01382518
  0.00578163   0.01387041
  0.00579664   0.01391560
  0.00581171   0.01396083
  0.00582679   0.01400599
  0.00584187   0.01405115
  0.00585695   0.01409641
  0.00587198   0.01414157
  0.00588706   0.01418680
  0.00590213   0.01423196
  0.00591721   0.01427722
  0.00593229   0.01432238
  0.00594729   0.01436754
  0.00596237   0.01441277
  0.00597745   0.01445793
  0.00599253   0.01450319
  0.00600760   0.01454835
  0.00602261   0.01459351
  0.00603769   0.01463874
  0.00605276   0.01468393
  0.00606784   0.01472916
  0.00608294   0.01477432
  0.00609802   0.01481956
  0.00611303   0.01486471
  0.00612810   0.01490990
  0.00614318   0.01495513
  0.00615826   0.01500029
  0.00617334   0.01504553
  0.00618834   0.01509071
  0.00620342   0.01513587
  0.00621850   0.01518110
  0.00623357   0.01522626
  0.00624865   0.01527150
  0.00626366   0.01531668
  0.00627876   0.01536191
  0.00629384   0.01540707
  0.00630891   0.01545223
  0.00632399   0.01549749
  0.00633900   0.01554265
  0.00635407   0.01558789
  0.00636915   0.01563304
  0.00638423   0.01567820
  0.00639931   0.01572346
  0.00641431   0.01576862
  0.00642939   0.01581386
  0.00644447   0.01585901
  0.00645954   0.01590427
  0.00647465   0.01594943
  0.00648965   0.01599459
  0.00650473   0.01603983
  0.00651981   0.01608501
  0.00653489   0.01613024
  0.00654996   0.01617540
  0.00656497   0.01622056
  0.00658004   0.01626580
  0.00659512   0.01631098
  0.00661020   0.01635621
  0.00662528   0.01640137
  0.00664036   0.01644661
  0.00665536   0.01649179
  0.00667044   0.01653695
  0.00668554   0.01658219
  0.00670062   0.01662734
  0.00671570   0.01667258
  0.00673070   0.01671776
  0.00674578   0.01676292
  0.00676086   0.01680816
  0.00677593   0.01685331
  0.00679101   0.01689857
  0.00680601   0.01694373
  0.00682109   0.01698897
  0.00683617   0.01703413
  0.00685125   0.01707929
  0.00686633   0.01712454
  0.00688136   0.01716970
  0.00689643   0.01721494
  0.00691151   0.01726010
  0.00692659   0.01730528
  0.00694167   0.01735051
  0.00695667   0.01739567
  0.00697175   0.01744091
  0.00698683   0.01748609
  0.00700190   0.01753133
  0.00701698   0.01757649
  0.00703199   0.01762164
  0.00704706   0.01766688
  0.00706214   0.01771206
  0.00707724   0.01775730
  0.00709232   0.01780246
  0.00710733   0.01784761
  0.00712240   0.01789287
  0.00713748   0.01793803
  0.00715256   0.01798327
  0.00716764   0.01802843
  0.00718271   0.01807366
  0.00719772   0.01811884
  0.00721280   0.01816400
  0.00722787   0.01820924
  0.00724295   0.01825440
  0.00725803   0.01829966
  0.00727303   0.01834481
  0.00728814   0.01838997
  0.00730321   0.01843521
  0.00731829   0.01848037
  0.00733337   0.01852563
  0.00734837   0.01857079
  0.00736345   0.01861602
  0.00737853   0.01866118
  0.00739361   0.01870636
  0.00740869   0.01875160
  0.00742369   0.01879676
  0.00743877   0.01884199
  0.00745384   0.01888715
  0.00746892   0.01893233
  0.00748403   0.01897757
  0.00749903   0.01902273
  0.00751411   0.01906796
  0.00752919   0.01911314
  0.00754426   0.01915838
  0.00755934   0.01920354
  0.00757434   0.01924870
  0.00758942   0.01929396
  0.00760450   0.01933911
  0.00761958   0.01938435
  0.00763466   0.01942951
  0.00764966   0.01947467
  0.00766474   0.01951993
  0.00767984   0.01956509
  0.00769492   0.01961032
  0.00771000   0.01965548
  0.00772507   0.01970074
  0.00774008   0.01974590
  0.00775516   0.01979106
  0.00777023   0.01983629
  0.00778531   0.01988145
  0.00780039   0.01992671
  0.00781539   0.01997187
  0.00783047   0.02001703
  0.00784555   0.02006226
  0.00786063   0.02010744
  0.00787570   0.02015268
  0.00789073   0.02019784
  0.00790581   0.02024307
  0.00792089   0.02028823
  0.00793597   0.02033341
  0.00795104   0.02037865
  0.00796605   0.02042381
  0.00798113   0.02046904
  0.00799620   0.02051423
  0.00801128   0.02055939
  0.00802636   0.02060462
  0.00804136   0.02064978
  0.00805644   0.02069504
  0.00807152   0.02074020
  0.00808662   0.02078543
  0.00810170   0.02083059
  0.00811670   0.02087575
  0.00813178   0.02092101
  0.00814686   0.02096617
  0.00816194   0.02101140
  0.00817701   0.02105656
  0.00819202   0.02110174
  0.00820710   0.02114698
  0.00822217   0.02119214
  0.00823725   0.02123737
  0.00825233   0.02128253
  0.00826741   0.02132779
  0.00828244   0.02137295
  0.00829751   0.02141811
  0.00831259   0.02146334
  0.00832767   0.02150853
  0.00834275   0.02155376
  0.00835775   0.02159892
  0.00837283   0.02164408
  0.00838791   0.02168931
  0.00840299   0.02173450
  0.00841806   0.02177973
  0.00843307   0.02182489
  0.00844814   0.02187012
  0.00846322   0.02191531
  0.00847830   0.02196047
  0.00849340   0.02200570
  0.00850841   0.02205086
  0.00852349   0.02209609
  0.00853856   0.02214128
  0.00855364   0.02218644
  0.00856872   0.02223167
  0.00858372   0.02227683
  0.00859880   0.02232209
  0.00861388   0.02236725
  0.00862896   0.02241248
  0.00864403   0.02245764
  0.00865904   0.02250283
  0.00867411   0.02254806
  0.00868922   0.02259322
  0.00870430   0.02263845
  0.00871937   0.02268361
  0.00873438   0.02272880
  0.00874946   0.02277403
  0.00876453   0.02281919
  0.00877961   0.02286442
  0.00879469   0.02290961
  0.00880977   0.02295484
  0.00882477   0.02300000
