 -0.03725000   0.02300000
 -0.03722733   0.02290915
 -0.03720457   0.02281830
 -0.03718191   0.02272754
 -0.03715915   0.02263669
 -0.03713648   0.02254584
 -0.03711373   0.02245499
 -0.03709106   0.02236414
 -0.03706830   0.02227338
 -0.03704563   0.02218253
 -0.03702297   0.02209169
 -0.03700021   0.02200083
 -0.03697754   0.02190998
 -0.03695478   0.02181923
 -0.03693211   0.02172837
 -0.03690936   0.02163752
 -0.03688669   0.02154668
 -0.03686394   0.02145582
 -0.03684127   0.02136506
 -0.03681851   0.02127422
 -0.03679584   0.02118336
 -0.03677318   0.02109251
 -0.03675042   0.02100167
 -0.03672775   0.02091090
 -0.03670499   0.02082006
 -0.03668232   0.02072921
 -0.03665956   0.02063835
 -0.03663690   0.02054751
 -0.03661414   0.02045675
 -0.03659148   0.02036589
 -0.03656881   0.02027505
 -0.03654605   0.02018420
 -0.03652338   0.02009334
 -0.03650062   0.02000259
 -0.03647796   0.01991174
 -0.03645520   0.01982088
 -0.03643253   0.01973004
 -0.03640977   0.01963919
 -0.03638710   0.01954842
 -0.03636434   0.01945758
 -0.03634169   0.01936673
 -0.03631902   0.01927588
 -0.03629626   0.01918503
 -0.03627359   0.01909427
 -0.03625083   0.01900342
 -0.03622817   0.01891257
 -0.03620541   0.01882172
 -0.03618274   0.01873087
 -0.03615998   0.01864011
 -0.03613731   0.01854926
 -0.03611464   0.01845841
 -0.03609189   0.01836756
 -0.03606923   0.01827671
 -0.03604647   0.01818595
 -0.03602380   0.01809510
 -0.03600104   0.01800425
 -0.03597837   0.01791340
 -0.03595561   0.01782255
 -0.03593295   0.01773180
 -0.03591019   0.01764094
 -0.03588752   0.01755009
 -0.03586485   0.01745924
 -0.03584209   0.01736839
 -0.03581943   0.01727763
 -0.03579668   0.01718679
 -0.03577401   0.01709593
 -0.03575125   0.01700508
 -0.03572858   0.01691423
 -0.03570582   0.01682347
 -0.03568316   0.01673262
 -0.03566049   0.01664178
 -0.03563773   0.01655092
 -0.03561506   0.01646008
 -0.03559230   0.01636932
 -0.03556964   0.01627846
 -0.03554688   0.01618762
 -0.03552422   0.01609677
 -0.03550146   0.01600591
 -0.03547879   0.01591516
 -0.03545603   0.01582431
 -0.03543336   0.01573345
 -0.03541070   0.01564261
 -0.03538794   0.01555176
 -0.03536527   0.01546099
 -0.03534251   0.01537015
 -0.03531985   0.01527930
 -0.03529709   0.01518844
 -0.03527442   0.01509760
 -0.03525167   0.01500684
 -0.03522900   0.01491599
 -0.03520633   0.01482514
 -0.03518357   0.01473429
 -0.03516090   0.01464344
 -0.03513814   0.01455268
 -0.03511548   0.01446183
 -0.03509272   0.01437098
 -0.03507006   0.01428013
 -0.03504730   0.01418928
 -0.03502463   0.01409852
 -0.03500187   0.01400767
 -0.03497921   0.01391682
 -0.03495654   0.01382597
 -0.03493378   0.01373512
 -0.03491111   0.01364436
 -0.03488835   0.01355351
 -0.03486569   0.01346266
 -0.03484293   0.01337181
 -0.03482026   0.01328096
 -0.03479751   0.01319020
 -0.03477484   0.01309936
 -0.03475217   0.01300850
 -0.03472941   0.01291765
 -0.03470675   0.01282680
 -0.03468399   0.01273604
 -0.03466132   0.01264519
 -0.03463856   0.01255434
 -0.03461589   0.01246349
 -0.03459277   0.01237282
 -0.03456900   0.01228225
 -0.03454459   0.01219186
 -0.03451963   0.01210166
 -0.03449391   0.01201155
 -0.03446761   0.01192172
 -0.03444072   0.01183209
 -0.03441316   0.01174255
 -0.03438493   0.01165330
 -0.03435601   0.01156424
 -0.03432652   0.01147538
 -0.03429636   0.01138680
 -0.03426550   0.01129841
 -0.03423408   0.01121022
 -0.03420198   0.01112223
 -0.03416929   0.01103451
 -0.03413593   0.01094709
 -0.03410198   0.01085977
 -0.03406736   0.01077282
 -0.03403207   0.01068607
 -0.03399628   0.01059960
 -0.03395973   0.01051343
 -0.03392269   0.01042745
 -0.03388488   0.01034175
 -0.03384657   0.01025634
 -0.03380760   0.01017122
 -0.03376804   0.01008639
 -0.03372781   0.01000184
 -0.03368700   0.00991759
 -0.03364560   0.00983372
 -0.03360363   0.00975004
 -0.03356098   0.00966664
 -0.03351774   0.00958363
 -0.03347392   0.00950091
 -0.03342952   0.00941848
 -0.03338454   0.00933643
 -0.03333889   0.00925467
 -0.03329274   0.00917328
 -0.03324592   0.00909219
 -0.03319853   0.00901148
 -0.03315064   0.00893107
 -0.03310208   0.00885103
 -0.03305302   0.00877137
 -0.03300330   0.00869201
 -0.03295309   0.00861303
 -0.03290230   0.00853444
 -0.03285082   0.00845622
 -0.03279887   0.00837839
 -0.03274642   0.00830085
 -0.03269331   0.00822378
 -0.03263970   0.00814710
 -0.03258552   0.00807080
 -0.03253083   0.00799480
 -0.03247549   0.00791937
 -0.03241975   0.00784422
 -0.03236333   0.00776946
 -0.03230643   0.00769518
 -0.03224903   0.00762128
 -0.03219106   0.00754785
 -0.03213259   0.00747472
 -0.03207356   0.00740217
 -0.03201403   0.00732999
 -0.03195392   0.00725821
 -0.03189333   0.00718690
 -0.03183225   0.00711597
 -0.03177068   0.00704553
 -0.03170853   0.00697555
 -0.03164589   0.00690607
 -0.03158277   0.00683696
 -0.03151916   0.00676833
 -0.03145507   0.00670019
 -0.03139048   0.00663243
 -0.03132542   0.00656525
 -0.03125986   0.00649853
 -0.03119382   0.00643221
 -0.03112730   0.00636646
 -0.03106028   0.00630110
 -0.03099278   0.00623631
 -0.03092489   0.00617200
 -0.03085650   0.00610817
 -0.03078764   0.00604482
 -0.03071829   0.00598195
 -0.03064854   0.00591966
 -0.03057832   0.00585784
 -0.03050770   0.00579650
 -0.03043659   0.00573564
 -0.03036509   0.00567536
 -0.03029310   0.00561565
 -0.03022072   0.00555643
 -0.03014786   0.00549769
 -0.03007470   0.00543951
 -0.03000096   0.00538182
 -0.02992692   0.00532471
 -0.02985249   0.00526816
 -0.02977758   0.00521211
 -0.02970227   0.00515662
 -0.02962657   0.00510161
 -0.02955048   0.00504728
 -0.02947399   0.00499342
 -0.02939721   0.00494015
 -0.02931995   0.00488734
 -0.02924230   0.00483522
 -0.02916434   0.00478358
 -0.02908599   0.00473260
 -0.02900726   0.00468210
 -0.02892813   0.00463218
 -0.02884871   0.00458284
 -0.02876890   0.00453416
 -0.02868878   0.00448597
 -0.02860828   0.00443836
 -0.02852748   0.00439141
 -0.02844628   0.00434495
 -0.02836480   0.00429915
 -0.02828301   0.00425394
 -0.02820083   0.00420929
 -0.02811836   0.00416523
 -0.02803559   0.00412175
 -0.02795243   0.00407893
 -0.02786907   0.00403669
 -0.02778541   0.00399502
 -0.02770136   0.00395403
 -0.02761710   0.00391361
 -0.02753246   0.00387377
 -0.02744762   0.00383460
 -0.02736248   0.00379601
 -0.02727713   0.00375809
 -0.02719140   0.00372074
 -0.02710547   0.00368398
 -0.02701923   0.00364789
 -0.02693280   0.00361247
 -0.02684607   0.00357762
 -0.02675904   0.00354344
 -0.02667181   0.00350985
 -0.02658439   0.00347683
 -0.02649675   0.00344458
 -0.02640882   0.00341290
 -0.02632070   0.00338180
 -0.02623227   0.00335147
 -0.02614374   0.00332172
 -0.02605491   0.00329255
 -0.02596597   0.00326413
 -0.02587675   0.00323630
 -0.02578741   0.00320906
 -0.02569778   0.00318257
 -0.02560803   0.00315676
 -0.02551791   0.00313207
 -0.02542777   0.00310751
 -0.02533760   0.00308307
 -0.02524743   0.00305874
 -0.02515715   0.00303455
 -0.02506685   0.00301047
 -0.02497653   0.00298661
 -0.02488611   0.00296278
 -0.02479567   0.00293915
 -0.02470521   0.00291566
 -0.02461474   0.00289227
 -0.02452416   0.00286902
 -0.02443357   0.00284588
 -0.02434296   0.00282288
 -0.02425234   0.00279999
 -0.02416161   0.00277722
 -0.02407087   0.00275467
 -0.02398011   0.00273224
 -0.02388925   0.00270984
 -0.02379847   0.00268766
 -0.02370757   0.00266560
 -0.02361658   0.00264366
 -0.02352566   0.00262184
 -0.02343463   0.00260015
 -0.02334360   0.00257867
 -0.02325256   0.00255723
 -0.02316149   0.00253600
 -0.02307033   0.00251489
 -0.02297915   0.00249381
 -0.02288796   0.00247295
 -0.02279666   0.00245221
 -0.02270536   0.00243169
 -0.02261414   0.00241119
 -0.02252271   0.00239083
 -0.02243138   0.00237068
 -0.02233993   0.00235056
 -0.02224848   0.00233066
 -0.02215702   0.00231087
 -0.02206554   0.00229122
 -0.02197397   0.00227169
 -0.02188247   0.00225228
 -0.02179079   0.00223299
 -0.02169919   0.00221392
 -0.02160756   0.00219489
 -0.02151585   0.00217607
 -0.02142413   0.00215737
 -0.02133239   0.00213880
 -0.02124055   0.00212038
 -0.02114879   0.00210208
 -0.02105693   0.00208389
 -0.02096508   0.00206580
 -0.02087322   0.00204790
 -0.02078127   0.00203000
 -0.02068941   0.00201229
 -0.02059746   0.00199468
 -0.02050550   0.00197716
 -0.02041345   0.00195974
 -0.02032150   0.00194242
 -0.02022945   0.00192519
 -0.02013740   0.00190816
 -0.02004535   0.00189113
 -0.01995329   0.00187429
 -0.01986115   0.00185755
 -0.01976900   0.00184090
 -0.01967694   0.00182435
 -0.01958470   0.00180790
 -0.01949254   0.00179154
 -0.01940039   0.00177529
 -0.01930814   0.00175921
 -0.01921589   0.00174325
 -0.01912365   0.00172727
 -0.01903140   0.00171150
 -0.01893905   0.00169582
 -0.01884680   0.00168024
 -0.01875446   0.00166484
 -0.01866211   0.00164946
 -0.01856976   0.00163416
 -0.01847732   0.00161906
 -0.01838497   0.00160406
 -0.01829252   0.00158915
 -0.01820008   0.00157433
 -0.01810763   0.00155962
 -0.01801518   0.00154501
 -0.01792264   0.00153048
 -0.01783020   0.00151615
 -0.01773765   0.00150183
 -0.01764511   0.00148770
 -0.01755257   0.00147366
 -0.01746002   0.00145971
 -0.01736738   0.00144588
 -0.01727483   0.00143213
 -0.01718219   0.00141857
 -0.01708955   0.00140502
 -0.01699690   0.00139166
 -0.01690425   0.00137838
 -0.01681152   0.00136512
 -0.01671888   0.00135205
 -0.01662613   0.00133917
 -0.01653339   0.00132629
 -0.01644065   0.00131351
 -0.01634790   0.00130092
 -0.01625516   0.00128833
 -0.01616232   0.00127594
 -0.01606957   0.00126363
 -0.01597673   0.00125144
 -0.01588389   0.00123933
 -0.01579106   0.00122741
 -0.01569821   0.00121550
 -0.01560537   0.00120378
 -0.01551243   0.00119207
 -0.01541958   0.00118054
 -0.01532664   0.00116911
 -0.01523371   0.00115778
 -0.01514076   0.00114654
 -0.01504782   0.00113549
 -0.01495487   0.00112446
 -0.01486193   0.00111360
 -0.01476890   0.00110276
 -0.01467595   0.00109210
 -0.01458291   0.00108154
 -0.01448987   0.00107108
 -0.01439683   0.00106080
 -0.01430379   0.00105053
 -0.01421075   0.00104045
 -0.01411770   0.00103038
 -0.01402456   0.00102050
 -0.01393151   0.00101071
 -0.01383838   0.00100102
 -0.01374524   0.00099142
 -0.01365210   0.00098202
 -0.01355896   0.00097262
 -0.01346581   0.00096341
 -0.01337267   0.00095421
 -0.01327953   0.00094519
 -0.01318629   0.00093627
 -0.01309314   0.00092745
 -0.01299990   0.00091872
 -0.01290666   0.00091019
 -0.01281351   0.00090166
 -0.01272027   0.00089333
 -0.01262703   0.00088509
 -0.01253378   0.00087693
 -0.01244044   0.00086889
 -0.01234720   0.00086094
 -0.01225395   0.00085308
 -0.01216061   0.00084542
 -0.01206737   0.00083776
 -0.01197403   0.00083029
 -0.01188069   0.00082292
 -0.01178743   0.00081564
 -0.01169409   0.00080846
 -0.01160075   0.00080139
 -0.01150740   0.00079449
 -0.01141405   0.00078760
 -0.01132071   0.00078091
 -0.01122727   0.00077431
 -0.01113392   0.00076780
 -0.01104057   0.00076140
 -0.01094713   0.00075509
 -0.01085369   0.00074897
 -0.01076033   0.00074295
 -0.01066689   0.00073703
 -0.01057345   0.00073110
 -0.01048009   0.00072520
 -0.01038664   0.00071938
 -0.01029320   0.00071356
 -0.01019974   0.00070776
 -0.01010639   0.00070205
 -0.01001294   0.00069635
 -0.00991949   0.00069065
 -0.00982604   0.00068505
 -0.00973258   0.00067936
 -0.00963913   0.00067386
 -0.00954568   0.00066828
 -0.00945232   0.00066280
 -0.00935886   0.00065731
 -0.00926541   0.00065184
 -0.00917194   0.00064646
 -0.00907849   0.00064109
 -0.00898503   0.00063572
 -0.00889157   0.00063036
 -0.00879812   0.00062509
 -0.00870465   0.00061992
 -0.00861119   0.00061467
 -0.00851773   0.00060951
 -0.00842418   0.00060436
 -0.00833072   0.00059922
 -0.00823725   0.00059417
 -0.00814379   0.00058913
 -0.00805032   0.00058409
 -0.00795686   0.00057915
 -0.00786339   0.00057421
 -0.00776983   0.00056929
 -0.00767637   0.00056436
 -0.00758289   0.00055953
 -0.00748942   0.00055472
 -0.00739587   0.00054999
 -0.00730240   0.00054518
 -0.00720892   0.00054047
 -0.00711545   0.00053585
 -0.00702189   0.00053115
 -0.00692842   0.00052655
 -0.00683495   0.00052194
 -0.00674138   0.00051744
 -0.00664790   0.00051295
 -0.00655442   0.00050846
 -0.00646086   0.00050397
 -0.00636738   0.00049958
 -0.00627382   0.00049520
 -0.00618034   0.00049091
 -0.00608686   0.00048654
 -0.00599329   0.00048227
 -0.00589982   0.00047800
 -0.00580624   0.00047383
 -0.00571277   0.00046966
 -0.00561919   0.00046550
 -0.00552571   0.00046143
 -0.00543213   0.00045728
 -0.00533866   0.00045323
 -0.00524508   0.00044928
 -0.00515150   0.00044523
 -0.00505802   0.00044129
 -0.00496444   0.00043744
 -0.00487096   0.00043350
 -0.00477739   0.00042967
 -0.00468381   0.00042584
 -0.00459032   0.00042211
 -0.00449674   0.00041838
 -0.00440325   0.00041465
 -0.00430967   0.00041094
 -0.00421608   0.00040783
 -0.00412255   0.00040559
 -0.00402931   0.00040872
 -0.00393812   0.00042854
 -0.00385224   0.00046520
 -0.00377470   0.00051724
 -0.00370818   0.00058284
 -0.00365513   0.00065979
 -0.00361729   0.00074539
 -0.00360252   0.00078986
 -0.00358767   0.00083433
 -0.00357282   0.00087890
 -0.00355796   0.00092337
 -0.00354311   0.00096793
 -0.00352835   0.00101240
 -0.00351350   0.00105696
 -0.00349863   0.00110143
 -0.00348378   0.00114590
 -0.00346893   0.00119047
 -0.00345417   0.00123494
 -0.00343931   0.00127950
 -0.00342446   0.00132397
 -0.00340960   0.00136845
 -0.00339475   0.00141301
 -0.00337999   0.00145748
 -0.00336513   0.00150204
 -0.00335028   0.00154651
 -0.00333543   0.00159108
 -0.00332057   0.00163554
 -0.00330580   0.00168002
 -0.00329095   0.00172458
 -0.00327610   0.00176905
 -0.00326124   0.00181361
 -0.00324639   0.00185809
 -0.00323163   0.00190256
 -0.00321678   0.00194711
 -0.00320192   0.00199159
 -0.00318706   0.00203615
 -0.00317221   0.00208062
 -0.00315736   0.00212518
 -0.00314260   0.00216966
 -0.00312774   0.00221413
 -0.00311288   0.00225869
 -0.00309803   0.00230316
 -0.00308318   0.00234773
 -0.00306841   0.00239220
 -0.00305356   0.00243666
 -0.00303871   0.00248123
 -0.00302386   0.00252570
 -0.00300899   0.00257027
 -0.00299423   0.00261473
 -0.00297938   0.00265930
 -0.00296453   0.00270377
 -0.00294967   0.00274824
 -0.00293482   0.00279280
 -0.00292006   0.00283727
 -0.00290520   0.00288184
 -0.00289034   0.00292630
 -0.00287549   0.00297078
 -0.00286064   0.00301534
 -0.00284588   0.00305981
 -0.00283102   0.00310437
 -0.00281616   0.00314885
 -0.00280131   0.00319341
 -0.00278646   0.00323788
 -0.00277170   0.00328235
 -0.00275684   0.00332691
 -0.00274199   0.00337139
 -0.00272714   0.00341594
 -0.00271228   0.00346042
 -0.00269751   0.00350489
 -0.00268266   0.00354946
 -0.00266781   0.00359392
 -0.00265296   0.00363849
 -0.00263810   0.00368296
 -0.00262325   0.00372752
 -0.00260848   0.00377199
 -0.00259363   0.00381646
 -0.00257877   0.00386103
 -0.00256392   0.00390549
 -0.00254907   0.00395006
 -0.00253431   0.00399453
 -0.00251944   0.00403900
 -0.00250459   0.00408356
 -0.00248974   0.00412803
 -0.00247489   0.00417260
 -0.00246012   0.00421707
 -0.00244527   0.00426163
 -0.00243042   0.00430610
 -0.00241556   0.00435058
 -0.00240070   0.00439513
 -0.00238594   0.00443961
 -0.00237109   0.00448417
 -0.00235624   0.00452864
 -0.00234138   0.00457311
 -0.00232653   0.00461767
 -0.00231176   0.00466215
 -0.00229691   0.00470671
 -0.00228206   0.00475118
 -0.00226720   0.00479574
 -0.00225235   0.00484022
 -0.00223759   0.00488468
 -0.00222273   0.00492925
 -0.00220787   0.00497372
 -0.00219302   0.00501828
 -0.00217817   0.00506275
 -0.00216341   0.00510722
 -0.00214855   0.00515179
 -0.00213370   0.00519626
 -0.00211884   0.00524082
 -0.00210399   0.00528529
 -0.00208913   0.00532986
 -0.00207437   0.00537432
 -0.00205952   0.00541880
 -0.00204467   0.00546336
 -0.00202981   0.00550783
 -0.00201495   0.00555239
 -0.00200019   0.00559686
 -0.00198534   0.00564134
 -0.00197048   0.00568590
 -0.00195563   0.00573037
 -0.00194078   0.00577493
 -0.00192601   0.00581941
 -0.00191116   0.00586397
 -0.00189630   0.00590843
 -0.00188145   0.00595291
 -0.00186660   0.00599747
 -0.00185183   0.00604194
 -0.00183698   0.00608650
 -0.00182212   0.00613098
 -0.00180727   0.00617544
 -0.00179241   0.00622001
 -0.00177765   0.00626448
 -0.00176280   0.00630905
 -0.00174795   0.00635351
 -0.00173309   0.00639807
 -0.00171823   0.00644255
 -0.00170347   0.00648702
 -0.00168862   0.00653158
 -0.00167377   0.00657605
 -0.00165891   0.00662062
 -0.00164406   0.00666509
 -0.00162929   0.00670956
 -0.00161444   0.00675412
 -0.00159958   0.00679859
 -0.00158473   0.00684316
 -0.00156988   0.00688762
 -0.00155502   0.00693219
 -0.00154026   0.00697666
 -0.00152540   0.00702113
 -0.00151055   0.00706569
 -0.00149570   0.00711017
 -0.00148084   0.00715473
 -0.00146608   0.00719919
 -0.00145123   0.00724367
 -0.00143638   0.00728823
 -0.00142151   0.00733270
 -0.00140666   0.00737726
 -0.00139190   0.00742174
 -0.00137705   0.00746630
 -0.00136219   0.00751077
 -0.00134734   0.00755524
 -0.00133248   0.00759981
 -0.00131772   0.00764428
 -0.00130287   0.00768883
 -0.00128801   0.00773331
 -0.00127316   0.00777778
 -0.00125831   0.00782234
 -0.00124354   0.00786681
 -0.00122868   0.00791138
 -0.00121383   0.00795585
 -0.00119898   0.00800041
 -0.00118412   0.00804488
 -0.00116936   0.00808935
 -0.00115451   0.00813392
 -0.00113966   0.00817838
 -0.00112480   0.00822295
 -0.00110994   0.00826742
 -0.00109518   0.00831189
 -0.00108033   0.00835645
 -0.00106548   0.00840093
 -0.00105062   0.00844549
 -0.00103576   0.00848996
 -0.00102091   0.00853452
 -0.00100615   0.00857899
 -0.00099129   0.00862347
 -0.00097644   0.00866802
 -0.00096159   0.00871250
 -0.00094673   0.00875706
 -0.00093197   0.00880153
 -0.00091711   0.00884600
 -0.00090226   0.00889057
 -0.00088741   0.00893504
 -0.00087255   0.00897960
 -0.00085779   0.00902407
 -0.00084294   0.00906863
 -0.00082808   0.00911311
 -0.00081322   0.00915757
 -0.00079837   0.00920214
 -0.00078361   0.00924661
 -0.00076876   0.00929118
 -0.00075390   0.00933564
 -0.00073904   0.00938012
 -0.00072419   0.00942468
 -0.00070943   0.00946914
 -0.00069458   0.00951371
 -0.00067972   0.00955818
 -0.00066487   0.00960275
 -0.00065002   0.00964721
 -0.00063525   0.00969169
 -0.00062039   0.00973625
 -0.00060554   0.00978072
 -0.00059069   0.00982528
 -0.00057583   0.00986975
 -0.00056107   0.00991423
 -0.00054622   0.00995879
 -0.00053136   0.01000326
 -0.00051651   0.01004782
 -0.00050165   0.01009230
 -0.00048680   0.01013686
 -0.00047204   0.01018133
 -0.00045719   0.01022580
 -0.00044233   0.01027036
 -0.00042747   0.01031483
 -0.00041262   0.01035939
 -0.00039786   0.01040387
 -0.00038300   0.01044833
 -0.00036815   0.01049290
 -0.00035330   0.01053737
 -0.00033844   0.01058194
 -0.00032368   0.01062640
 -0.00030882   0.01067097
 -0.00029397   0.01071544
 -0.00027912   0.01075991
 -0.00026426   0.01080447
 -0.00024950   0.01084894
 -0.00023464   0.01089351
 -0.00021979   0.01093798
 -0.00020493   0.01098245
 -0.00019008   0.01102701
 -0.00017532   0.01107149
 -0.00016047   0.01111604
 -0.00014561   0.01116051
 -0.00013075   0.01120508
 -0.00011590   0.01124955
 -0.00010114   0.01129402
 -0.00008629   0.01133858
 -0.00007143   0.01138306
 -0.00005658   0.01142762
 -0.00004172   0.01147209
 -0.00002696   0.01151656
 -0.00001210   0.01156113
  0.00000275   0.01160559
  0.00001760   0.01165015
  0.00003246   0.01169463
  0.00004731   0.01173919
  0.00006208   0.01178366
  0.00007693   0.01182813
  0.00009178   0.01187270
  0.00010664   0.01191717
  0.00012149   0.01196173
  0.00013625   0.01200620
  0.00015110   0.01205067
  0.00016597   0.01209523
  0.00018082   0.01213970
  0.00019567   0.01218427
  0.00021043   0.01222874
  0.00022529   0.01227330
  0.00024014   0.01231777
  0.00025500   0.01236225
  0.00026985   0.01240681
  0.00028461   0.01245128
  0.00029947   0.01249584
  0.00031432   0.01254031
  0.00032917   0.01258478
  0.00034403   0.01262934
  0.00035880   0.01267382
  0.00037365   0.01271838
  0.00038850   0.01276285
  0.00040336   0.01280741
  0.00041821   0.01285189
  0.00043297   0.01289636
  0.00044782   0.01294091
  0.00046268   0.01298539
  0.00047754   0.01302995
  0.00049239   0.01307442
  0.00050715   0.01311889
  0.00052200   0.01316346
  0.00053686   0.01320793
  0.00055172   0.01325249
  0.00056657   0.01329696
  0.00058142   0.01334152
  0.00059619   0.01338600
  0.00061104   0.01343046
  0.00062589   0.01347503
  0.00064074   0.01351950
  0.00065561   0.01356407
  0.00067037   0.01360853
  0.00068522   0.01365301
  0.00070007   0.01369757
  0.00071493   0.01374204
  0.00072978   0.01378660
  0.00074454   0.01383107
  0.00075940   0.01387564
  0.00077426   0.01392010
  0.00078911   0.01396458
  0.00080396   0.01400914
  0.00081872   0.01405361
  0.00083358   0.01409817
  0.00084844   0.01414265
  0.00086329   0.01418712
  0.00087814   0.01423168
  0.00089290   0.01427615
  0.00090776   0.01432071
  0.00092261   0.01436519
  0.00093746   0.01440974
  0.00095232   0.01445422
  0.00096709   0.01449869
  0.00098194   0.01454326
  0.00099679   0.01458772
  0.00101164   0.01463229
  0.00102650   0.01467676
  0.00104126   0.01472122
  0.00105612   0.01476579
  0.00107097   0.01481026
  0.00108583   0.01485483
  0.00110068   0.01489929
  0.00111553   0.01494386
  0.00113029   0.01498833
  0.00114516   0.01503280
  0.00116001   0.01507736
  0.00117486   0.01512183
  0.00118971   0.01516640
  0.00120448   0.01521087
  0.00121933   0.01525534
  0.00123418   0.01529990
  0.00124904   0.01534438
  0.00126390   0.01538893
  0.00127866   0.01543341
  0.00129351   0.01547797
  0.00130836   0.01552244
  0.00132322   0.01556691
  0.00133807   0.01561147
  0.00135284   0.01565595
  0.00136769   0.01570051
  0.00138254   0.01574498
  0.00139740   0.01578945
  0.00141225   0.01583402
  0.00142701   0.01587848
  0.00144187   0.01592305
  0.00145673   0.01596752
  0.00147158   0.01601208
  0.00148643   0.01605655
  0.00150119   0.01610102
  0.00151605   0.01614559
  0.00153090   0.01619006
  0.00154576   0.01623462
  0.00156061   0.01627909
  0.00157538   0.01632357
  0.00159023   0.01636812
  0.00160508   0.01641260
  0.00161993   0.01645716
  0.00163479   0.01650163
  0.00164965   0.01654619
  0.00166441   0.01659066
  0.00167926   0.01663514
  0.00169412   0.01667970
  0.00170897   0.01672417
  0.00172382   0.01676873
  0.00173859   0.01681321
  0.00175344   0.01685767
  0.00176830   0.01690223
  0.00178315   0.01694671
  0.00179800   0.01699127
  0.00181277   0.01703574
  0.00182762   0.01708030
  0.00184248   0.01712478
  0.00185733   0.01716924
  0.00187219   0.01721381
  0.00188695   0.01725828
  0.00190180   0.01730284
  0.00191665   0.01734731
  0.00193151   0.01739178
  0.00194637   0.01743635
  0.00196113   0.01748082
  0.00197598   0.01752538
  0.00199083   0.01756985
  0.00200569   0.01761442
  0.00202054   0.01765889
  0.00203531   0.01770336
  0.00205016   0.01774792
  0.00206502   0.01779239
  0.00207987   0.01783696
  0.00209472   0.01788142
  0.00210948   0.01792590
  0.00212434   0.01797046
  0.00213920   0.01801493
  0.00215405   0.01805949
  0.00216890   0.01810397
  0.00218376   0.01814853
  0.00219852   0.01819299
  0.00221337   0.01823747
  0.00222822   0.01828203
  0.00224309   0.01832650
  0.00225794   0.01837106
  0.00227270   0.01841554
  0.00228755   0.01846001
  0.00230241   0.01850457
  0.00231726   0.01854904
  0.00233212   0.01859361
  0.00234688   0.01863808
  0.00236173   0.01868263
  0.00237659   0.01872711
  0.00239144   0.01877158
  0.00240629   0.01881614
  0.00242106   0.01886061
  0.00243592   0.01890518
  0.00245077   0.01894965
  0.00246562   0.01899412
  0.00248048   0.01903868
  0.00249524   0.01908315
  0.00251009   0.01912772
  0.00252494   0.01917218
  0.00253980   0.01921675
  0.00255466   0.01926122
  0.00256942   0.01930569
  0.00258427   0.01935025
  0.00259912   0.01939473
  0.00261398   0.01943929
  0.00262884   0.01948376
  0.00264360   0.01952823
  0.00265845   0.01957279
  0.00267331   0.01961727
  0.00268816   0.01966182
  0.00270301   0.01970630
  0.00271787   0.01975086
  0.00273263   0.01979533
  0.00274749   0.01983980
  0.00276234   0.01988437
  0.00277719   0.01992884
  0.00279205   0.01997340
  0.00280681   0.02001787
  0.00282166   0.02006234
  0.00283652   0.02010691
  0.00285138   0.02015137
  0.00286623   0.02019594
  0.00288099   0.02024041
  0.00289584   0.02028498
  0.00291070   0.02032944
  0.00292555   0.02037391
  0.00294041   0.02041848
  0.00295517   0.02046294
  0.00297002   0.02050751
  0.00298488   0.02055198
  0.00299973   0.02059646
  0.00301458   0.02064101
  0.00302935   0.02068549
  0.00304421   0.02073005
  0.00305906   0.02077452
  0.00307391   0.02081908
  0.00308877   0.02086355
  0.00310353   0.02090803
  0.00311838   0.02095259
  0.00313324   0.02099706
  0.00314809   0.02104162
  0.00316295   0.02108610
  0.00317771   0.02113056
  0.00319256   0.02117513
  0.00320741   0.02121960
  0.00322227   0.02126416
  0.00323713   0.02130863
  0.00325198   0.02135319
  0.00326674   0.02139767
  0.00328160   0.02144213
  0.00329645   0.02148670
  0.00331130   0.02153117
  0.00332616   0.02157574
  0.00334092   0.02162020
  0.00335578   0.02166468
  0.00337063   0.02170924
  0.00338548   0.02175371
  0.00340034   0.02179827
  0.00341510   0.02184274
  0.00342996   0.02188731
  0.00344481   0.02193178
  0.00345967   0.02197625
  0.00347452   0.02202081
  0.00348928   0.02206529
  0.00350413   0.02210984
  0.00351899   0.02215431
  0.00353385   0.02219879
  0.00354870   0.02224335
  0.00356346   0.02228782
  0.00357831   0.02233238
  0.00359317   0.02237686
  0.00360802   0.02242142
  0.00362288   0.02246589
  0.00363764   0.02251036
  0.00365250   0.02255493
  0.00366735   0.02259939
  0.00368220   0.02264395
  0.00369706   0.02268843
  0.00371182   0.02273290
  0.00372668   0.02277746
  0.00374153   0.02282193
  0.00375638   0.02286650
  0.00377124   0.02291097
  0.00378609   0.02295553
  0.00380085   0.02300000
