 -0.03565220   0.02300000
 -0.03564804   0.02283260
 -0.03564378   0.02266520
 -0.03563959   0.02249787
 -0.03563544   0.02233047
 -0.03563125   0.02216307
 -0.03562706   0.02199567
 -0.03562290   0.02182827
 -0.03561871   0.02166087
 -0.03561455   0.02149354
 -0.03561036   0.02132614
 -0.03560618   0.02115874
 -0.03560202   0.02099134
 -0.03559783   0.02082394
 -0.03559367   0.02065654
 -0.03558948   0.02048921
 -0.03558529   0.02032181
 -0.03558114   0.02015441
 -0.03557695   0.01998704
 -0.03557279   0.01981964
 -0.03556860   0.01965224
 -0.03556441   0.01948491
 -0.03556025   0.01931751
 -0.03555606   0.01915011
 -0.03555191   0.01898271
 -0.03554772   0.01881531
 -0.03554353   0.01864798
 -0.03553937   0.01848058
 -0.03553518   0.01831318
 -0.03553092   0.01814578
 -0.03552676   0.01797838
 -0.03552258   0.01781098
 -0.03551842   0.01764365
 -0.03551423   0.01747625
 -0.03551004   0.01730885
 -0.03550588   0.01714145
 -0.03550169   0.01697405
 -0.03549754   0.01680665
 -0.03549236   0.01663946
 -0.03545986   0.01647588
 -0.03542733   0.01631236
 -0.03539484   0.01614884
 -0.03536237   0.01598525
 -0.03532981   0.01582174
 -0.03529731   0.01565822
 -0.03526485   0.01549463
 -0.03523228   0.01533111
 -0.03519979   0.01516759
 -0.03516732   0.01500401
 -0.03513476   0.01484049
 -0.03510229   0.01467697
 -0.03506980   0.01451338
 -0.03503724   0.01434989
 -0.03500477   0.01418638
 -0.03497228   0.01402279
 -0.03493962   0.01385927
 -0.03489904   0.01369687
 -0.03485846   0.01353437
 -0.03481781   0.01337194
 -0.03477715   0.01320954
 -0.03473520   0.01304739
 -0.03469151   0.01288577
 -0.03464606   0.01272468
 -0.03459877   0.01256412
 -0.03454979   0.01240409
 -0.03449897   0.01224465
 -0.03444646   0.01208575
 -0.03439225   0.01192749
 -0.03433625   0.01176996
 -0.03427852   0.01161311
 -0.03421909   0.01145692
 -0.03415804   0.01130141
 -0.03409522   0.01114677
 -0.03403078   0.01099281
 -0.03396464   0.01083966
 -0.03389685   0.01068732
 -0.03382740   0.01053584
 -0.03375632   0.01038529
 -0.03368362   0.01023557
 -0.03360937   0.01008679
 -0.03353349   0.00993891
 -0.03345606   0.00979204
 -0.03337698   0.00964612
 -0.03329645   0.00950123
 -0.03321436   0.00935729
 -0.03313072   0.00921449
 -0.03304551   0.00907273
 -0.03295846   0.00893216
 -0.03286951   0.00879281
 -0.03277889   0.00865470
 -0.03268636   0.00851781
 -0.03259212   0.00838217
 -0.03249616   0.00824789
 -0.03239835   0.00811492
 -0.03229891   0.00798328
 -0.03219773   0.00785302
 -0.03209489   0.00772415
 -0.03199032   0.00759666
 -0.03188416   0.00747067
 -0.03177641   0.00734614
 -0.03166704   0.00722302
 -0.03155606   0.00710143
 -0.03144354   0.00698140
 -0.03132952   0.00686286
 -0.03121385   0.00674595
 -0.03109683   0.00663052
 -0.03097825   0.00651673
 -0.03085825   0.00640459
 -0.03073677   0.00629409
 -0.03061391   0.00618524
 -0.03048966   0.00607809
 -0.03036410   0.00597261
 -0.03023719   0.00586885
 -0.03010889   0.00576682
 -0.02997933   0.00566652
 -0.02984858   0.00556795
 -0.02971649   0.00547125
 -0.02958319   0.00537631
 -0.02944875   0.00528316
 -0.02931307   0.00519185
 -0.02917632   0.00510237
 -0.02903839   0.00501476
 -0.02889943   0.00492898
 -0.02875936   0.00484516
 -0.02861830   0.00476321
 -0.02847616   0.00468313
 -0.02833310   0.00460505
 -0.02818904   0.00452886
 -0.02804404   0.00445461
 -0.02789815   0.00438240
 -0.02775132   0.00431205
 -0.02760371   0.00424376
 -0.02745520   0.00417745
 -0.02730600   0.00411317
 -0.02715587   0.00405100
 -0.02700502   0.00399100
 -0.02685380   0.00393152
 -0.02670228   0.00387262
 -0.02655039   0.00381421
 -0.02639820   0.00375638
 -0.02624564   0.00369899
 -0.02609281   0.00364226
 -0.02593957   0.00358604
 -0.02578607   0.00353037
 -0.02563219   0.00347522
 -0.02547808   0.00342064
 -0.02532364   0.00336668
 -0.02516881   0.00331320
 -0.02501372   0.00326034
 -0.02485836   0.00320805
 -0.02470269   0.00315631
 -0.02454668   0.00310511
 -0.02439040   0.00305456
 -0.02423384   0.00300452
 -0.02407702   0.00295510
 -0.02391985   0.00290625
 -0.02376247   0.00285798
 -0.02360479   0.00281029
 -0.02344683   0.00276317
 -0.02328859   0.00271667
 -0.02313008   0.00267071
 -0.02297136   0.00262542
 -0.02281237   0.00258068
 -0.02265310   0.00253654
 -0.02249358   0.00249305
 -0.02233379   0.00245010
 -0.02217382   0.00240779
 -0.02201357   0.00236609
 -0.02185308   0.00232497
 -0.02169241   0.00228452
 -0.02153142   0.00224461
 -0.02137025   0.00220538
 -0.02120894   0.00216672
 -0.02104728   0.00212869
 -0.02088548   0.00209125
 -0.02072349   0.00205451
 -0.02056122   0.00201827
 -0.02039881   0.00198274
 -0.02023624   0.00194789
 -0.02007336   0.00191357
 -0.01991043   0.00187989
 -0.01974721   0.00184688
 -0.01958385   0.00181448
 -0.01942026   0.00178272
 -0.01925656   0.00175163
 -0.01909268   0.00172111
 -0.01892864   0.00169126
 -0.01876442   0.00166205
 -0.01860001   0.00163344
 -0.01843548   0.00160557
 -0.01827076   0.00157824
 -0.01810595   0.00155158
 -0.01794103   0.00152558
 -0.01777592   0.00150026
 -0.01761065   0.00147551
 -0.01744526   0.00145158
 -0.01727971   0.00142829
 -0.01711421   0.00140531
 -0.01694856   0.00138274
 -0.01678288   0.00136046
 -0.01661721   0.00133858
 -0.01645146   0.00131703
 -0.01628565   0.00129589
 -0.01611988   0.00127510
 -0.01595400   0.00125458
 -0.01578802   0.00123446
 -0.01562212   0.00121476
 -0.01545614   0.00119534
 -0.01529006   0.00117629
 -0.01512406   0.00115761
 -0.01495795   0.00113935
 -0.01479178   0.00112135
 -0.01462564   0.00110374
 -0.01445944   0.00108650
 -0.01429313   0.00106957
 -0.01412689   0.00105308
 -0.01396059   0.00103684
 -0.01379425   0.00102107
 -0.01362789   0.00100561
 -0.01346148   0.00099031
 -0.01329512   0.00097508
 -0.01312865   0.00096004
 -0.01296226   0.00094516
 -0.01279579   0.00093039
 -0.01262937   0.00091574
 -0.01246285   0.00090129
 -0.01229635   0.00088691
 -0.01212983   0.00087272
 -0.01196328   0.00085859
 -0.01179675   0.00084466
 -0.01163017   0.00083086
 -0.01146362   0.00081719
 -0.01129704   0.00080362
 -0.01113042   0.00079028
 -0.01096377   0.00077699
 -0.01079713   0.00076391
 -0.01063052   0.00075093
 -0.01046381   0.00073804
 -0.01029716   0.00072541
 -0.01013042   0.00071282
 -0.00996375   0.00070038
 -0.00979701   0.00068805
 -0.00963024   0.00067594
 -0.00946347   0.00066394
 -0.00929677   0.00065202
 -0.00912997   0.00064027
 -0.00896317   0.00062868
 -0.00879637   0.00061726
 -0.00862954   0.00060591
 -0.00846271   0.00059478
 -0.00829588   0.00058368
 -0.00812902   0.00057278
 -0.00796216   0.00056204
 -0.00779531   0.00055139
 -0.00762835   0.00054088
 -0.00746146   0.00053050
 -0.00729457   0.00052035
 -0.00712758   0.00051022
 -0.00696066   0.00050030
 -0.00679375   0.00049051
 -0.00662673   0.00048084
 -0.00645981   0.00047131
 -0.00629279   0.00046190
 -0.00612582   0.00045262
 -0.00595877   0.00044355
 -0.00579175   0.00043456
 -0.00562475   0.00042574
 -0.00545770   0.00041705
 -0.00529062   0.00040849
 -0.00512362   0.00040006
 -0.00495654   0.00039176
 -0.00478944   0.00038366
 -0.00462233   0.00037559
 -0.00445522   0.00036775
 -0.00428812   0.00036004
 -0.00412098   0.00035246
 -0.00395392   0.00034501
 -0.00378678   0.00033768
 -0.00361965   0.00033056
 -0.00345251   0.00032349
 -0.00328535   0.00031663
 -0.00311811   0.00030982
 -0.00295092   0.00030319
 -0.00278375   0.00029671
 -0.00261656   0.00029036
 -0.00244936   0.00028422
 -0.00228217   0.00027813
 -0.00211498   0.00027224
 -0.00194768   0.00026638
 -0.00178049   0.00026075
 -0.00161326   0.00025525
 -0.00144604   0.00024988
 -0.00127879   0.00024461
 -0.00111149   0.00023957
 -0.00094424   0.00023459
 -0.00077699   0.00022981
 -0.00060966   0.00022515
 -0.00044241   0.00022060
 -0.00027513   0.00021621
 -0.00010778   0.00021194
  0.00005948   0.00020781
  0.00022676   0.00020384
  0.00039414   0.00019996
  0.00056142   0.00019629
  0.00072871   0.00019274
  0.00089609   0.00018929
  0.00106340   0.00018601
  0.00123078   0.00018285
  0.00139809   0.00017982
  0.00156541   0.00017696
  0.00173279   0.00017419
  0.00190013   0.00017162
  0.00206751   0.00016918
  0.00223485   0.00016676
  0.00240219   0.00016444
  0.00256961   0.00016218
  0.00273695   0.00015997
  0.00290436   0.00015782
  0.00307173   0.00015571
  0.00323907   0.00015356
  0.00340648   0.00015147
  0.00357385   0.00014938
  0.00374126   0.00014729
  0.00390864   0.00014524
  0.00407598   0.00014321
  0.00424342   0.00014118
  0.00441076   0.00013915
  0.00457820   0.00013718
  0.00474554   0.00013518
  0.00491291   0.00013321
  0.00508032   0.00013126
  0.00524769   0.00012935
  0.00541514   0.00012741
  0.00558248   0.00012553
  0.00574985   0.00012365
  0.00591729   0.00012176
  0.00608466   0.00011991
  0.00625210   0.00011806
  0.00641944   0.00011624
  0.00658681   0.00011444
  0.00675425   0.00011265
  0.00692162   0.00011088
  0.00708906   0.00010912
  0.00725644   0.00010735
  0.00742381   0.00010565
  0.00759125   0.00010391
  0.00775862   0.00010224
  0.00792606   0.00010056
  0.00809343   0.00009888
  0.00826080   0.00009724
  0.00842827   0.00009559
  0.00859564   0.00009397
  0.00876308   0.00009238
  0.00893045   0.00009079
  0.00909782   0.00008921
  0.00926529   0.00008765
  0.00943266   0.00008612
  0.00960011   0.00008459
  0.00976751   0.00008309
  0.00993488   0.00008159
  0.01010232   0.00008012
  0.01026972   0.00007865
  0.01043716   0.00007721
  0.01060456   0.00007576
  0.01077193   0.00007435
  0.01093937   0.00007297
  0.01110677   0.00007159
  0.01127351   0.00008171
  0.01143999   0.00009568
  0.01160654   0.00010981
  0.01177278   0.00012543
  0.01193891   0.00014246
  0.01210487   0.00016075
  0.01227065   0.00017985
  0.01243642   0.00019944
  0.01260217   0.00021893
  0.01276795   0.00023826
  0.01293372   0.00025760
  0.01309954   0.00027701
  0.01326532   0.00029644
  0.01343109   0.00031574
  0.01359694   0.00033485
  0.01376276   0.00035420
  0.01392839   0.00037447
  0.01409389   0.00039580
  0.01425917   0.00041829
  0.01442424   0.00044186
  0.01458907   0.00046636
  0.01475393   0.00049116
  0.01491879   0.00051590
  0.01508365   0.00054045
  0.01524865   0.00056479
  0.01541358   0.00058902
  0.01557851   0.00061356
  0.01574322   0.00063881
  0.01590780   0.00066512
  0.01607209   0.00069265
  0.01623611   0.00072149
  0.01639991   0.00075110
  0.01656371   0.00078071
  0.01672765   0.00080958
  0.01689166   0.00083847
  0.01705525   0.00086913
  0.01721806   0.00090271
  0.01738045   0.00093771
  0.01754312   0.00097174
  0.01770642   0.00100359
  0.01786980   0.00103504
  0.01803264   0.00106857
  0.01819475   0.00110485
  0.01835643   0.00114234
  0.01851832   0.00117928
  0.01868043   0.00121548
  0.01884232   0.00125239
  0.01900354   0.00129141
  0.01916409   0.00133254
  0.01932429   0.00137491
  0.01948428   0.00141766
  0.01964406   0.00146101
  0.01980358   0.00150524
  0.01996251   0.00155084
  0.02012074   0.00159841
  0.02027797   0.00164845
  0.02043411   0.00170104
  0.02058951   0.00175534
  0.02074455   0.00181014
  0.02089981   0.00186483
  0.02105468   0.00192025
  0.02120838   0.00197794
  0.02136046   0.00203889
  0.02151116   0.00210239
  0.02166099   0.00216741
  0.02181053   0.00223298
  0.02195961   0.00229922
  0.02210802   0.00236674
  0.02225537   0.00243583
  0.02240174   0.00250662
  0.02254700   0.00257906
  0.02269118   0.00265308
  0.02283446   0.00272838
  0.02297702   0.00280466
  0.02311922   0.00288146
  0.02326109   0.00295879
  0.02340231   0.00303704
  0.02354225   0.00311684
  0.02368059   0.00319882
  0.02381722   0.00328274
  0.02395236   0.00336842
  0.02408647   0.00345534
  0.02421942   0.00354351
  0.02435111   0.00363310
  0.02448112   0.00372438
  0.02460906   0.00381767
  0.02473499   0.00391301
  0.02485898   0.00401014
  0.02498134   0.00410861
  0.02510246   0.00420821
  0.02522236   0.00430879
  0.02534105   0.00441030
  0.02545844   0.00451294
  0.02557438   0.00461670
  0.02568884   0.00472152
  0.02580205   0.00482719
  0.02591454   0.00493343
  0.02602669   0.00503995
  0.02613882   0.00514646
  0.02625095   0.00525298
  0.02636226   0.00535999
  0.02647185   0.00546828
  0.02657876   0.00557825
  0.02668209   0.00569042
  0.02678145   0.00580484
  0.02687713   0.00592117
  0.02696974   0.00603898
  0.02705970   0.00615806
  0.02714772   0.00627792
  0.02723429   0.00639842
  0.02732002   0.00651926
  0.02740486   0.00664039
  0.02748862   0.00676202
  0.02757117   0.00688406
  0.02765241   0.00700661
  0.02773214   0.00712964
  0.02781018   0.00725331
  0.02788641   0.00737755
  0.02796063   0.00750235
  0.02803269   0.00762778
  0.02810240   0.00775385
  0.02816964   0.00788056
  0.02823422   0.00800783
  0.02829630   0.00813566
  0.02835619   0.00826385
  0.02841407   0.00839239
  0.02847015   0.00852122
  0.02852468   0.00865025
  0.02857783   0.00877950
  0.02862989   0.00890882
  0.02868106   0.00903828
  0.02873149   0.00916781
  0.02878151   0.00929741
  0.02883134   0.00942694
  0.02883654   0.00945416
  0.02884175   0.00948128
  0.02884688   0.00950841
  0.02885209   0.00953553
  0.02885729   0.00956265
  0.02886243   0.00958988
  0.02886764   0.00961700
  0.02887284   0.00964412
  0.02887798   0.00967125
  0.02888318   0.00969847
  0.02888839   0.00972559
  0.02889355   0.00975272
  0.02889876   0.00977984
  0.02890396   0.00980696
  0.02890917   0.00983419
  0.02891431   0.00986131
  0.02891951   0.00988844
  0.02892472   0.00991556
  0.02892985   0.00994278
  0.02893506   0.00996991
  0.02894026   0.00999703
  0.02894540   0.01002415
  0.02895061   0.01005138
  0.02895581   0.01007850
  0.02896098   0.01010562
  0.02896618   0.01013275
  0.02897139   0.01015987
  0.02897652   0.01018709
  0.02898173   0.01021422
  0.02898694   0.01024134
  0.02899207   0.01026846
  0.02899728   0.01029569
  0.02900248   0.01032281
  0.02900769   0.01034994
  0.02901282   0.01037706
  0.02901803   0.01040418
  0.02902324   0.01043141
  0.02902840   0.01045853
  0.02903361   0.01048565
  0.02903881   0.01051278
  0.02904395   0.01054000
  0.02904915   0.01056712
  0.02905436   0.01059425
  0.02905949   0.01062137
  0.02906470   0.01064849
  0.02906991   0.01067572
  0.02907504   0.01070284
  0.02908025   0.01072996
  0.02908545   0.01075709
  0.02909059   0.01078431
  0.02909579   0.01081144
  0.02910103   0.01083856
  0.02910624   0.01086568
  0.02911137   0.01089281
  0.02911658   0.01092003
  0.02912178   0.01094715
  0.02912692   0.01097428
  0.02913212   0.01100140
  0.02913733   0.01102862
  0.02914246   0.01105575
  0.02914767   0.01108287
  0.02915288   0.01110999
  0.02915801   0.01113722
  0.02916322   0.01116434
  0.02916845   0.01119146
  0.02917359   0.01121859
  0.02917879   0.01124571
  0.02918400   0.01127294
  0.02918914   0.01130006
  0.02919434   0.01132718
  0.02919955   0.01135431
  0.02920475   0.01138153
  0.02920989   0.01140865
  0.02921509   0.01143578
  0.02922030   0.01146290
  0.02922544   0.01149002
  0.02923064   0.01151725
  0.02923588   0.01154437
  0.02924101   0.01157149
  0.02924622   0.01159862
  0.02925142   0.01162584
  0.02925656   0.01165296
  0.02926176   0.01168009
  0.02926697   0.01170721
  0.02927211   0.01173434
  0.02927731   0.01176156
  0.02928252   0.01178868
  0.02928765   0.01181581
  0.02929286   0.01184293
  0.02929806   0.01187015
  0.02930323   0.01189728
  0.02930844   0.01192440
  0.02931364   0.01195152
  0.02931885   0.01197875
  0.02932398   0.01200587
  0.02932919   0.01203299
  0.02933439   0.01206012
  0.02933953   0.01208724
  0.02934474   0.01211446
  0.02934994   0.01214159
  0.02935508   0.01216871
  0.02936028   0.01219584
  0.02936549   0.01222306
  0.02937062   0.01225018
  0.02937586   0.01227731
  0.02938106   0.01230443
  0.02938620   0.01233155
  0.02939141   0.01235878
  0.02939661   0.01238590
  0.02940175   0.01241302
  0.02940695   0.01244015
  0.02941216   0.01246737
  0.02941736   0.01249449
  0.02942250   0.01252162
  0.02942771   0.01254874
  0.02943291   0.01257586
  0.02943805   0.01260309
  0.02944328   0.01263021
  0.02944849   0.01265734
  0.02945362   0.01268446
  0.02945883   0.01271168
  0.02946404   0.01273881
  0.02946917   0.01276593
  0.02947438   0.01279305
  0.02947958   0.01282018
  0.02948472   0.01284740
  0.02948992   0.01287452
  0.02949513   0.01290165
  0.02950026   0.01292877
  0.02950547   0.01295599
  0.02951071   0.01298312
  0.02951591   0.01301024
  0.02952105   0.01303736
  0.02952625   0.01306459
  0.02953146   0.01309171
  0.02953659   0.01311884
  0.02954180   0.01314596
  0.02954701   0.01317308
  0.02955214   0.01320031
  0.02955735   0.01322743
  0.02956255   0.01325455
  0.02956769   0.01328168
  0.02957289   0.01330890
  0.02957810   0.01333602
  0.02958326   0.01336315
  0.02958847   0.01339027
  0.02959368   0.01341739
  0.02959881   0.01344462
  0.02960402   0.01347174
  0.02960922   0.01349886
  0.02961443   0.01352599
  0.02961956   0.01355321
  0.02962477   0.01358034
  0.02962998   0.01360746
  0.02963511   0.01363458
  0.02964032   0.01366171
  0.02964552   0.01368893
  0.02965069   0.01371605
  0.02965589   0.01374318
  0.02966110   0.01377030
  0.02966624   0.01379752
  0.02967144   0.01382465
  0.02967665   0.01385177
  0.02968178   0.01387889
  0.02968699   0.01390612
  0.02969219   0.01393324
  0.02969733   0.01396036
  0.02970254   0.01398749
  0.02970774   0.01401461
  0.02971295   0.01404184
  0.02971811   0.01406896
  0.02972332   0.01409608
  0.02972852   0.01412321
  0.02973366   0.01415043
  0.02973886   0.01417755
  0.02974407   0.01420468
  0.02974921   0.01423180
  0.02975441   0.01425892
  0.02975962   0.01428615
  0.02976475   0.01431327
  0.02976996   0.01434039
  0.02977516   0.01436752
  0.02978030   0.01439474
  0.02978551   0.01442186
  0.02979074   0.01444899
  0.02979588   0.01447611
  0.02980108   0.01450324
  0.02980629   0.01453046
  0.02981142   0.01455758
  0.02981663   0.01458471
  0.02982184   0.01461183
  0.02982704   0.01463905
  0.02983218   0.01466618
  0.02983738   0.01469330
  0.02984259   0.01472042
  0.02984772   0.01474755
  0.02985293   0.01477477
  0.02985816   0.01480189
  0.02986330   0.01482902
  0.02986851   0.01485614
  0.02987371   0.01488336
  0.02987885   0.01491049
  0.02988405   0.01493761
  0.02988926   0.01496474
  0.02989439   0.01499196
  0.02989960   0.01501908
  0.02990481   0.01504621
  0.02990994   0.01507333
  0.02991515   0.01510045
  0.02992035   0.01512768
  0.02992559   0.01515480
  0.02993072   0.01518192
  0.02993593   0.01520905
  0.02994114   0.01523627
  0.02994627   0.01526339
  0.02995148   0.01529052
  0.02995668   0.01531764
  0.02996182   0.01534476
  0.02996702   0.01537199
  0.02997223   0.01539911
  0.02997736   0.01542624
  0.02998257   0.01545336
  0.02998778   0.01548058
  0.02999291   0.01550771
  0.02999815   0.01553483
  0.03000335   0.01556195
  0.03000849   0.01558908
  0.03001369   0.01561630
  0.03001890   0.01564342
  0.03002411   0.01567055
  0.03002924   0.01569767
  0.03003445   0.01572489
  0.03003965   0.01575202
  0.03004479   0.01577914
  0.03004999   0.01580626
  0.03005520   0.01583349
  0.03006034   0.01586061
  0.03006557   0.01588774
  0.03007078   0.01591486
  0.03007591   0.01594198
  0.03008112   0.01596921
  0.03008632   0.01599633
  0.03009146   0.01602345
  0.03009666   0.01605058
  0.03010187   0.01607780
  0.03010701   0.01610492
  0.03011221   0.01613205
  0.03011742   0.01615917
  0.03012262   0.01618629
  0.03012776   0.01621352
  0.03013299   0.01624064
  0.03013820   0.01626776
  0.03014334   0.01629489
  0.03014854   0.01632211
  0.03015375   0.01634924
  0.03015888   0.01637636
  0.03016409   0.01640348
  0.03016929   0.01643061
  0.03017443   0.01645783
  0.03017964   0.01648495
  0.03018484   0.01651208
  0.03018998   0.01653920
  0.03019518   0.01656642
  0.03020039   0.01659355
  0.03020555   0.01662067
  0.03021076   0.01664779
  0.03021596   0.01667492
  0.03022117   0.01670214
  0.03022631   0.01672926
  0.03023151   0.01675639
  0.03023672   0.01678351
  0.03024185   0.01681074
  0.03024706   0.01683786
  0.03025226   0.01686498
  0.03025740   0.01689211
  0.03026261   0.01691933
  0.03026781   0.01694645
  0.03027298   0.01697358
  0.03027818   0.01700070
  0.03028339   0.01702782
  0.03028852   0.01705505
  0.03029373   0.01708217
  0.03029894   0.01710929
  0.03030407   0.01713642
  0.03030928   0.01716364
  0.03031448   0.01719076
  0.03031969   0.01721789
  0.03032482   0.01724501
  0.03033003   0.01727214
  0.03033524   0.01729936
  0.03034040   0.01732648
  0.03034561   0.01735361
  0.03035081   0.01738073
  0.03035595   0.01740795
  0.03036115   0.01743508
  0.03036636   0.01746220
  0.03037149   0.01748932
  0.03037670   0.01751645
  0.03038191   0.01754367
  0.03038704   0.01757079
  0.03039225   0.01759792
  0.03039745   0.01762504
  0.03040259   0.01765226
  0.03040782   0.01767939
  0.03041303   0.01770651
  0.03041816   0.01773364
  0.03042337   0.01776086
  0.03042858   0.01778798
  0.03043378   0.01781511
  0.03043892   0.01784223
  0.03044412   0.01786935
  0.03044933   0.01789658
  0.03045446   0.01792370
  0.03045967   0.01795082
  0.03046488   0.01797795
  0.03047001   0.01800517
  0.03047522   0.01803229
  0.03048045   0.01805942
  0.03048559   0.01808654
  0.03049079   0.01811366
  0.03049600   0.01814089
  0.03050114   0.01816801
  0.03050634   0.01819514
  0.03051155   0.01822226
  0.03051668   0.01824948
  0.03052189   0.01827661
  0.03052709   0.01830373
  0.03053230   0.01833085
  0.03053744   0.01835798
  0.03054264   0.01838520
  0.03054788   0.01841232
  0.03055301   0.01843945
  0.03055822   0.01846657
  0.03056342   0.01849379
  0.03056856   0.01852092
  0.03057376   0.01854804
  0.03057897   0.01857516
  0.03058411   0.01860229
  0.03058931   0.01862951
  0.03059452   0.01865664
  0.03059965   0.01868376
  0.03060486   0.01871088
  0.03061006   0.01873811
  0.03061523   0.01876523
  0.03062044   0.01879235
  0.03062564   0.01881948
  0.03063085   0.01884670
  0.03063598   0.01887382
  0.03064119   0.01890095
  0.03064639   0.01892807
  0.03065153   0.01895519
  0.03065674   0.01898242
  0.03066194   0.01900954
  0.03066708   0.01903666
  0.03067228   0.01906379
  0.03067749   0.01909101
  0.03068262   0.01911814
  0.03068786   0.01914526
  0.03069306   0.01917238
  0.03069820   0.01919951
  0.03070341   0.01922673
  0.03070861   0.01925385
  0.03071375   0.01928098
  0.03071895   0.01930810
  0.03072416   0.01933532
  0.03072936   0.01936245
  0.03073450   0.01938957
  0.03073971   0.01941669
  0.03074491   0.01944382
  0.03075005   0.01947104
  0.03075528   0.01949816
  0.03076049   0.01952529
  0.03076562   0.01955241
  0.03077083   0.01957964
  0.03077604   0.01960676
  0.03078117   0.01963388
  0.03078638   0.01966101
  0.03079158   0.01968823
  0.03079672   0.01971535
  0.03080192   0.01974248
  0.03080713   0.01976960
  0.03081226   0.01979672
  0.03081747   0.01982395
  0.03082271   0.01985107
  0.03082791   0.01987819
  0.03083305   0.01990532
  0.03083825   0.01993254
  0.03084346   0.01995966
  0.03084859   0.01998679
  0.03085380   0.02001391
  0.03085901   0.02004104
  0.03086414   0.02006826
  0.03086935   0.02009538
  0.03087455   0.02012251
  0.03087969   0.02014963
  0.03088489   0.02017685
  0.03089010   0.02020398
  0.03089526   0.02023110
  0.03090047   0.02025822
  0.03090568   0.02028535
  0.03091081   0.02031257
  0.03091602   0.02033969
  0.03092122   0.02036682
  0.03092636   0.02039394
  0.03093156   0.02042116
  0.03093677   0.02044829
  0.03094198   0.02047541
  0.03094711   0.02050254
  0.03095232   0.02052966
  0.03095752   0.02055688
  0.03096269   0.02058401
  0.03096789   0.02061113
  0.03097310   0.02063825
  0.03097824   0.02066548
  0.03098344   0.02069260
  0.03098865   0.02071972
  0.03099378   0.02074685
  0.03099899   0.02077407
  0.03100419   0.02080119
  0.03100933   0.02082832
  0.03101454   0.02085544
  0.03101974   0.02088256
  0.03102488   0.02090979
  0.03103011   0.02093691
  0.03103532   0.02096404
  0.03104052   0.02099116
  0.03104566   0.02101838
  0.03105086   0.02104551
  0.03105607   0.02107263
  0.03106121   0.02109975
  0.03106641   0.02112688
  0.03107162   0.02115410
  0.03107675   0.02118122
  0.03108196   0.02120835
  0.03108716   0.02123547
  0.03109230   0.02126269
  0.03109751   0.02128982
  0.03110274   0.02131694
  0.03110788   0.02134406
  0.03111308   0.02137119
  0.03111829   0.02139841
  0.03112342   0.02142554
  0.03112863   0.02145266
  0.03113384   0.02147978
  0.03113904   0.02150701
  0.03114418   0.02153413
  0.03114938   0.02156125
  0.03115459   0.02158838
  0.03115972   0.02161560
  0.03116493   0.02164272
  0.03117016   0.02166985
  0.03117530   0.02169697
  0.03118051   0.02172409
  0.03118571   0.02175132
  0.03119085   0.02177844
  0.03119605   0.02180556
  0.03120126   0.02183269
  0.03120639   0.02185991
  0.03121160   0.02188704
  0.03121681   0.02191416
  0.03122194   0.02194128
  0.03122715   0.02196841
  0.03123235   0.02199563
  0.03123759   0.02202275
  0.03124272   0.02204988
  0.03124793   0.02207700
  0.03125314   0.02210422
  0.03125827   0.02213135
  0.03126348   0.02215847
  0.03126868   0.02218559
  0.03127382   0.02221272
  0.03127902   0.02223994
  0.03128423   0.02226706
  0.03128936   0.02229419
  0.03129457   0.02232131
  0.03129978   0.02234854
  0.03130491   0.02237566
  0.03131015   0.02240278
  0.03131535   0.02242991
  0.03132049   0.02245703
  0.03132569   0.02248425
  0.03133090   0.02251138
  0.03133611   0.02253850
  0.03134124   0.02256562
  0.03134645   0.02259285
  0.03135165   0.02261997
  0.03135679   0.02264709
  0.03136199   0.02267422
  0.03136720   0.02270144
  0.03137234   0.02272856
  0.03137757   0.02275569
  0.03138278   0.02278281
  0.03138791   0.02280994
  0.03139312   0.02283716
  0.03139832   0.02286428
  0.03140346   0.02289141
  0.03140866   0.02291853
  0.03141387   0.02294575
  0.03141901   0.02297288
  0.03142421   0.02300000
