 -0.03725000   0.02300000
 -0.03722841   0.02291351
 -0.03720676   0.02282706
 -0.03718517   0.02274064
 -0.03716351   0.02265416
 -0.03714193   0.02256770
 -0.03712030   0.02248121
 -0.03709871   0.02239473
 -0.03707706   0.02230834
 -0.03705547   0.02222186
 -0.03703389   0.02213540
 -0.03701223   0.02204891
 -0.03699064   0.02196243
 -0.03696899   0.02187604
 -0.03694740   0.02178956
 -0.03692574   0.02170307
 -0.03690416   0.02161661
 -0.03688253   0.02153013
 -0.03686094   0.02144371
 -0.03683929   0.02135726
 -0.03681770   0.02127077
 -0.03679611   0.02118429
 -0.03677446   0.02109783
 -0.03675287   0.02101141
 -0.03673121   0.02092496
 -0.03670963   0.02083847
 -0.03668797   0.02075199
 -0.03666639   0.02066553
 -0.03664473   0.02057911
 -0.03662317   0.02049263
 -0.03660159   0.02040617
 -0.03657993   0.02031969
 -0.03655834   0.02023320
 -0.03653669   0.02014681
 -0.03651510   0.02006033
 -0.03649344   0.01997384
 -0.03647186   0.01988739
 -0.03645020   0.01980090
 -0.03642861   0.01971449
 -0.03640696   0.01962803
 -0.03638540   0.01954154
 -0.03636381   0.01945509
 -0.03634216   0.01936860
 -0.03632057   0.01928219
 -0.03629891   0.01919573
 -0.03627733   0.01910924
 -0.03625567   0.01902276
 -0.03623409   0.01893630
 -0.03621243   0.01884989
 -0.03619084   0.01876340
 -0.03616926   0.01867694
 -0.03614763   0.01859046
 -0.03612604   0.01850397
 -0.03610439   0.01841759
 -0.03608280   0.01833110
 -0.03606114   0.01824461
 -0.03603956   0.01815816
 -0.03601790   0.01807167
 -0.03599631   0.01798529
 -0.03597466   0.01789880
 -0.03595307   0.01781231
 -0.03593149   0.01772586
 -0.03590983   0.01763937
 -0.03588827   0.01755296
 -0.03586661   0.01746650
 -0.03584503   0.01738001
 -0.03582337   0.01729353
 -0.03580179   0.01720707
 -0.03578013   0.01712066
 -0.03575854   0.01703417
 -0.03573696   0.01694771
 -0.03571530   0.01686123
 -0.03569371   0.01677477
 -0.03567206   0.01668836
 -0.03565050   0.01660187
 -0.03562884   0.01651541
 -0.03560726   0.01642893
 -0.03558560   0.01634244
 -0.03556401   0.01625606
 -0.03554236   0.01616957
 -0.03552077   0.01608309
 -0.03549919   0.01599663
 -0.03547753   0.01591014
 -0.03545594   0.01582373
 -0.03543429   0.01573727
 -0.03541273   0.01565079
 -0.03539107   0.01556430
 -0.03536949   0.01547784
 -0.03534783   0.01539143
 -0.03532624   0.01530497
 -0.03530466   0.01521849
 -0.03528300   0.01513200
 -0.03526141   0.01504554
 -0.03523976   0.01495913
 -0.03521817   0.01487264
 -0.03519651   0.01478619
 -0.03517496   0.01469970
 -0.03515330   0.01461321
 -0.03513171   0.01452683
 -0.03511006   0.01444034
 -0.03508847   0.01435386
 -0.03506689   0.01426740
 -0.03504523   0.01418091
 -0.03502364   0.01409450
 -0.03500199   0.01400804
 -0.03498040   0.01392156
 -0.03495874   0.01383510
 -0.03493716   0.01374861
 -0.03491553   0.01366220
 -0.03489394   0.01357574
 -0.03487236   0.01348926
 -0.03485070   0.01340277
 -0.03482911   0.01331631
 -0.03480746   0.01322990
 -0.03478587   0.01314341
 -0.03476421   0.01305696
 -0.03474263   0.01297047
 -0.03472069   0.01288413
 -0.03469824   0.01279789
 -0.03467533   0.01271176
 -0.03465196   0.01262580
 -0.03462793   0.01253991
 -0.03460339   0.01245427
 -0.03457827   0.01236880
 -0.03455257   0.01228343
 -0.03452626   0.01219830
 -0.03449930   0.01211334
 -0.03447183   0.01202859
 -0.03444374   0.01194404
 -0.03441501   0.01185970
 -0.03438577   0.01177553
 -0.03435591   0.01169156
 -0.03432551   0.01160780
 -0.03429450   0.01152431
 -0.03426294   0.01144093
 -0.03423077   0.01135786
 -0.03419799   0.01127499
 -0.03416473   0.01119236
 -0.03413081   0.01111000
 -0.03409640   0.01102781
 -0.03406133   0.01094587
 -0.03402576   0.01086420
 -0.03398960   0.01078277
 -0.03395290   0.01070161
 -0.03391559   0.01062070
 -0.03387776   0.01054006
 -0.03383936   0.01045976
 -0.03380044   0.01037963
 -0.03376091   0.01029974
 -0.03372084   0.01022020
 -0.03368023   0.01014093
 -0.03363907   0.01006193
 -0.03359740   0.00998324
 -0.03355511   0.00990483
 -0.03351236   0.00982673
 -0.03346899   0.00974893
 -0.03342510   0.00967144
 -0.03338074   0.00959423
 -0.03333577   0.00951736
 -0.03329033   0.00944080
 -0.03324430   0.00936454
 -0.03319780   0.00928860
 -0.03315079   0.00921303
 -0.03310313   0.00913777
 -0.03305506   0.00906286
 -0.03300649   0.00898821
 -0.03295733   0.00891399
 -0.03290770   0.00884010
 -0.03285756   0.00876656
 -0.03280691   0.00869329
 -0.03275571   0.00862053
 -0.03270411   0.00854801
 -0.03265190   0.00847584
 -0.03259924   0.00840411
 -0.03254611   0.00833273
 -0.03249244   0.00826173
 -0.03243833   0.00819103
 -0.03238370   0.00812084
 -0.03232860   0.00805097
 -0.03227299   0.00798147
 -0.03221690   0.00791239
 -0.03216037   0.00784364
 -0.03210337   0.00777534
 -0.03204586   0.00770743
 -0.03198787   0.00763999
 -0.03192944   0.00757286
 -0.03187057   0.00750617
 -0.03181123   0.00743993
 -0.03175144   0.00737400
 -0.03169121   0.00730861
 -0.03163051   0.00724361
 -0.03156937   0.00717899
 -0.03150779   0.00711487
 -0.03144573   0.00705110
 -0.03138323   0.00698784
 -0.03132036   0.00692500
 -0.03125701   0.00686260
 -0.03119326   0.00680061
 -0.03112903   0.00673907
 -0.03106440   0.00667804
 -0.03099936   0.00661743
 -0.03093394   0.00655726
 -0.03086806   0.00649750
 -0.03080180   0.00643826
 -0.03073510   0.00637953
 -0.03066803   0.00632124
 -0.03060051   0.00626340
 -0.03053270   0.00620604
 -0.03046437   0.00614913
 -0.03039571   0.00609273
 -0.03032671   0.00603681
 -0.03025727   0.00598137
 -0.03018743   0.00592641
 -0.03011724   0.00587190
 -0.03004669   0.00581797
 -0.02997573   0.00576449
 -0.02990450   0.00571151
 -0.02983283   0.00565896
 -0.02976079   0.00560701
 -0.02968844   0.00555551
 -0.02961573   0.00550460
 -0.02954267   0.00545410
 -0.02946921   0.00540414
 -0.02939549   0.00535470
 -0.02932139   0.00530581
 -0.02924699   0.00525740
 -0.02917221   0.00520950
 -0.02909717   0.00516219
 -0.02902173   0.00511531
 -0.02894604   0.00506903
 -0.02887003   0.00502329
 -0.02879367   0.00497803
 -0.02871701   0.00493331
 -0.02864006   0.00488911
 -0.02856276   0.00484550
 -0.02848523   0.00480240
 -0.02840743   0.00475981
 -0.02832926   0.00471784
 -0.02825086   0.00467639
 -0.02817211   0.00463544
 -0.02809317   0.00459511
 -0.02801393   0.00455530
 -0.02793446   0.00451607
 -0.02785464   0.00447736
 -0.02777463   0.00443919
 -0.02769431   0.00440163
 -0.02761380   0.00436463
 -0.02753299   0.00432817
 -0.02745190   0.00429230
 -0.02737059   0.00425697
 -0.02728910   0.00422216
 -0.02720739   0.00418803
 -0.02712537   0.00415441
 -0.02704319   0.00412131
 -0.02696070   0.00408890
 -0.02687809   0.00405703
 -0.02679520   0.00402567
 -0.02671216   0.00399497
 -0.02662887   0.00396481
 -0.02654543   0.00393520
 -0.02646171   0.00390624
 -0.02637787   0.00387790
 -0.02629369   0.00385050
 -0.02620944   0.00382329
 -0.02612511   0.00379623
 -0.02604076   0.00376936
 -0.02595627   0.00374267
 -0.02587173   0.00371614
 -0.02578710   0.00368987
 -0.02570237   0.00366371
 -0.02561759   0.00363779
 -0.02553274   0.00361204
 -0.02544784   0.00358646
 -0.02536281   0.00356106
 -0.02527776   0.00353584
 -0.02519261   0.00351081
 -0.02510744   0.00348597
 -0.02502214   0.00346129
 -0.02493679   0.00343686
 -0.02485140   0.00341259
 -0.02476589   0.00338846
 -0.02468039   0.00336456
 -0.02459476   0.00334084
 -0.02450903   0.00331731
 -0.02442331   0.00329394
 -0.02433747   0.00327079
 -0.02425160   0.00324786
 -0.02416570   0.00322504
 -0.02407971   0.00320249
 -0.02399366   0.00318011
 -0.02390751   0.00315783
 -0.02382137   0.00313583
 -0.02373507   0.00311399
 -0.02364877   0.00309240
 -0.02356249   0.00307093
 -0.02347600   0.00304964
 -0.02338959   0.00302861
 -0.02330301   0.00300770
 -0.02321644   0.00298704
 -0.02312981   0.00296654
 -0.02304316   0.00294626
 -0.02295640   0.00292616
 -0.02286966   0.00290621
 -0.02278277   0.00288646
 -0.02269590   0.00286699
 -0.02260897   0.00284760
 -0.02252197   0.00282850
 -0.02243494   0.00280956
 -0.02234786   0.00279080
 -0.02226067   0.00277231
 -0.02217350   0.00275404
 -0.02208626   0.00273587
 -0.02199901   0.00271780
 -0.02191177   0.00269990
 -0.02182446   0.00268200
 -0.02173719   0.00266427
 -0.02164984   0.00264661
 -0.02156250   0.00262906
 -0.02147509   0.00261160
 -0.02138774   0.00259421
 -0.02130033   0.00257693
 -0.02121289   0.00255981
 -0.02112547   0.00254270
 -0.02103803   0.00252576
 -0.02095051   0.00250891
 -0.02086300   0.00249214
 -0.02077553   0.00247547
 -0.02068794   0.00245890
 -0.02060040   0.00244240
 -0.02051286   0.00242600
 -0.02042524   0.00240974
 -0.02033763   0.00239361
 -0.02025001   0.00237746
 -0.02016240   0.00236150
 -0.02007469   0.00234561
 -0.01998704   0.00232983
 -0.01989936   0.00231419
 -0.01981164   0.00229860
 -0.01972390   0.00228306
 -0.01963611   0.00226771
 -0.01954840   0.00225244
 -0.01946059   0.00223727
 -0.01937277   0.00222217
 -0.01928496   0.00220717
 -0.01919714   0.00219227
 -0.01910926   0.00217744
 -0.01902144   0.00216279
 -0.01893353   0.00214816
 -0.01884564   0.00213370
 -0.01875773   0.00211931
 -0.01866981   0.00210500
 -0.01858183   0.00209081
 -0.01849391   0.00207670
 -0.01840590   0.00206273
 -0.01831791   0.00204881
 -0.01822990   0.00203504
 -0.01814189   0.00202134
 -0.01805383   0.00200767
 -0.01796581   0.00199417
 -0.01787770   0.00198084
 -0.01778961   0.00196751
 -0.01770153   0.00195429
 -0.01761341   0.00194123
 -0.01752530   0.00192817
 -0.01743711   0.00191529
 -0.01734900   0.00190247
 -0.01726081   0.00188979
 -0.01717263   0.00187717
 -0.01708444   0.00186470
 -0.01699623   0.00185226
 -0.01690804   0.00183999
 -0.01681976   0.00182774
 -0.01673154   0.00181564
 -0.01664326   0.00180364
 -0.01655497   0.00179171
 -0.01646666   0.00177989
 -0.01637837   0.00176823
 -0.01629006   0.00175660
 -0.01620177   0.00174511
 -0.01611339   0.00173366
 -0.01602507   0.00172234
 -0.01593669   0.00171113
 -0.01584830   0.00170001
 -0.01575991   0.00168904
 -0.01567150   0.00167810
 -0.01558311   0.00166733
 -0.01549470   0.00165659
 -0.01540621   0.00164599
 -0.01531780   0.00163549
 -0.01522931   0.00162506
 -0.01514083   0.00161473
 -0.01505234   0.00160457
 -0.01496386   0.00159441
 -0.01487534   0.00158443
 -0.01478683   0.00157447
 -0.01469834   0.00156466
 -0.01460976   0.00155494
 -0.01452124   0.00154533
 -0.01443266   0.00153579
 -0.01434407   0.00152641
 -0.01425553   0.00151707
 -0.01416694   0.00150790
 -0.01407836   0.00149880
 -0.01398974   0.00148977
 -0.01390106   0.00148087
 -0.01381244   0.00147204
 -0.01372383   0.00146329
 -0.01363514   0.00145473
 -0.01354653   0.00144617
 -0.01345784   0.00143776
 -0.01336916   0.00142947
 -0.01328051   0.00142126
 -0.01319183   0.00141311
 -0.01310311   0.00140510
 -0.01301440   0.00139723
 -0.01292569   0.00138936
 -0.01283697   0.00138169
 -0.01274819   0.00137409
 -0.01265947   0.00136656
 -0.01257076   0.00135916
 -0.01248194   0.00135183
 -0.01239316   0.00134464
 -0.01230441   0.00133759
 -0.01221560   0.00133060
 -0.01212681   0.00132361
 -0.01203807   0.00131669
 -0.01194926   0.00130983
 -0.01186044   0.00130297
 -0.01177160   0.00129617
 -0.01168286   0.00128941
 -0.01159404   0.00128271
 -0.01150520   0.00127601
 -0.01141639   0.00126941
 -0.01132754   0.00126277
 -0.01123870   0.00125627
 -0.01114989   0.00124973
 -0.01106111   0.00124329
 -0.01097227   0.00123684
 -0.01088343   0.00123043
 -0.01079456   0.00122411
 -0.01070571   0.00121780
 -0.01061687   0.00121151
 -0.01052800   0.00120526
 -0.01043916   0.00119907
 -0.01035029   0.00119299
 -0.01026141   0.00118686
 -0.01017257   0.00118080
 -0.01008363   0.00117477
 -0.00999476   0.00116877
 -0.00990589   0.00116284
 -0.00981701   0.00115694
 -0.00972811   0.00115107
 -0.00963924   0.00114527
 -0.00955037   0.00113950
 -0.00946140   0.00113376
 -0.00937253   0.00112801
 -0.00928363   0.00112237
 -0.00919473   0.00111676
 -0.00910579   0.00111121
 -0.00901689   0.00110563
 -0.00892799   0.00110014
 -0.00883909   0.00109473
 -0.00875011   0.00108927
 -0.00866121   0.00108391
 -0.00857231   0.00107856
 -0.00848331   0.00107330
 -0.00839441   0.00106807
 -0.00830549   0.00106284
 -0.00821651   0.00105764
 -0.00812759   0.00105254
 -0.00803861   0.00104744
 -0.00794969   0.00104244
 -0.00786076   0.00103740
 -0.00777176   0.00103243
 -0.00768286   0.00102749
 -0.00759386   0.00102264
 -0.00750493   0.00101780
 -0.00741590   0.00101299
 -0.00732697   0.00100827
 -0.00723797   0.00100349
 -0.00714904   0.00099880
 -0.00706001   0.00099421
 -0.00697101   0.00098956
 -0.00688206   0.00098500
 -0.00679306   0.00098054
 -0.00670410   0.00097601
 -0.00661510   0.00097159
 -0.00652607   0.00096719
 -0.00643711   0.00096289
 -0.00634809   0.00095859
 -0.00625913   0.00095429
 -0.00617010   0.00095004
 -0.00608101   0.00094767
 -0.00599219   0.00094833
 -0.00590409   0.00095551
 -0.00581843   0.00097789
 -0.00573810   0.00101544
 -0.00566570   0.00106686
 -0.00560363   0.00113046
 -0.00555397   0.00120426
 -0.00551827   0.00128586
 -0.00550383   0.00132927
 -0.00548934   0.00137266
 -0.00547486   0.00141614
 -0.00546037   0.00145953
 -0.00544589   0.00150301
 -0.00543147   0.00154640
 -0.00541699   0.00158986
 -0.00540247   0.00163327
 -0.00538799   0.00167666
 -0.00537350   0.00172014
 -0.00535909   0.00176353
 -0.00534460   0.00180701
 -0.00533011   0.00185040
 -0.00531560   0.00189381
 -0.00530111   0.00193727
 -0.00528670   0.00198069
 -0.00527221   0.00202414
 -0.00525773   0.00206753
 -0.00524324   0.00211101
 -0.00522876   0.00215440
 -0.00521431   0.00219781
 -0.00519983   0.00224127
 -0.00518534   0.00228469
 -0.00517086   0.00232814
 -0.00515637   0.00237156
 -0.00514196   0.00241494
 -0.00512747   0.00245840
 -0.00511296   0.00250181
 -0.00509847   0.00254527
 -0.00508399   0.00258869
 -0.00506950   0.00263214
 -0.00505509   0.00267556
 -0.00504060   0.00271894
 -0.00502609   0.00276243
 -0.00501160   0.00280581
 -0.00499711   0.00284930
 -0.00498270   0.00289269
 -0.00496821   0.00293607
 -0.00495373   0.00297956
 -0.00493924   0.00302294
 -0.00492473   0.00306643
 -0.00491031   0.00310981
 -0.00489583   0.00315330
 -0.00488134   0.00319669
 -0.00486686   0.00324010
 -0.00485237   0.00328356
 -0.00483796   0.00332694
 -0.00482344   0.00337043
 -0.00480896   0.00341381
 -0.00479447   0.00345723
 -0.00477999   0.00350069
 -0.00476557   0.00354410
 -0.00475109   0.00358756
 -0.00473657   0.00363097
 -0.00472209   0.00367443
 -0.00470760   0.00371784
 -0.00469319   0.00376123
 -0.00467870   0.00380469
 -0.00466421   0.00384810
 -0.00464973   0.00389156
 -0.00463521   0.00393497
 -0.00462080   0.00397836
 -0.00460631   0.00402184
 -0.00459183   0.00406523
 -0.00457734   0.00410871
 -0.00456286   0.00415210
 -0.00454837   0.00419556
 -0.00453393   0.00423897
 -0.00451944   0.00428236
 -0.00450496   0.00432584
 -0.00449047   0.00436923
 -0.00447599   0.00441271
 -0.00446157   0.00445610
 -0.00444706   0.00449951
 -0.00443257   0.00454297
 -0.00441809   0.00458636
 -0.00440360   0.00462984
 -0.00438919   0.00467323
 -0.00437470   0.00471671
 -0.00436021   0.00476010
 -0.00434570   0.00480351
 -0.00433121   0.00484697
 -0.00431680   0.00489039
 -0.00430231   0.00493384
 -0.00428783   0.00497726
 -0.00427334   0.00502064
 -0.00425886   0.00506410
 -0.00424441   0.00510751
 -0.00422993   0.00515097
 -0.00421544   0.00519439
 -0.00420096   0.00523784
 -0.00418647   0.00528126
 -0.00417206   0.00532464
 -0.00415754   0.00536813
 -0.00414306   0.00541151
 -0.00412857   0.00545497
 -0.00411409   0.00549839
 -0.00409967   0.00554177
 -0.00408519   0.00558526
 -0.00407070   0.00562864
 -0.00405619   0.00567213
 -0.00404170   0.00571551
 -0.00402721   0.00575900
 -0.00401280   0.00580239
 -0.00399831   0.00584580
 -0.00398383   0.00588926
 -0.00396934   0.00593264
 -0.00395483   0.00597613
 -0.00394041   0.00601951
 -0.00392593   0.00606293
 -0.00391144   0.00610639
 -0.00389696   0.00614980
 -0.00388247   0.00619326
 -0.00386803   0.00623667
 -0.00385354   0.00628013
 -0.00383906   0.00632351
 -0.00382457   0.00636693
 -0.00381009   0.00641039
 -0.00379567   0.00645380
 -0.00378119   0.00649726
 -0.00376667   0.00654067
 -0.00375219   0.00658406
 -0.00373770   0.00662754
 -0.00372329   0.00667093
 -0.00370880   0.00671441
 -0.00369431   0.00675780
 -0.00367983   0.00680126
 -0.00366531   0.00684467
 -0.00365090   0.00688806
 -0.00363641   0.00693154
 -0.00362193   0.00697493
 -0.00360744   0.00701841
 -0.00359296   0.00706180
 -0.00357851   0.00710521
 -0.00356403   0.00714867
 -0.00354954   0.00719206
 -0.00353506   0.00723554
 -0.00352057   0.00727893
 -0.00350609   0.00732241
 -0.00349167   0.00736580
 -0.00347716   0.00740921
 -0.00346267   0.00745267
 -0.00344819   0.00749609
 -0.00343370   0.00753954
 -0.00341929   0.00758293
 -0.00340480   0.00762634
 -0.00339031   0.00766980
 -0.00337580   0.00771321
 -0.00336131   0.00775667
 -0.00334690   0.00780009
 -0.00333241   0.00784354
 -0.00331793   0.00788696
 -0.00330344   0.00793034
 -0.00328893   0.00797383
 -0.00327451   0.00801721
 -0.00326003   0.00806067
 -0.00324554   0.00810409
 -0.00323106   0.00814747
 -0.00321657   0.00819096
 -0.00320216   0.00823434
 -0.00318764   0.00827783
 -0.00317316   0.00832121
 -0.00315867   0.00836470
 -0.00314419   0.00840809
 -0.00312977   0.00845147
 -0.00311529   0.00849496
 -0.00310080   0.00853834
 -0.00308629   0.00858183
 -0.00307180   0.00862521
 -0.00305739   0.00866863
 -0.00304290   0.00871209
 -0.00302841   0.00875550
 -0.00301393   0.00879896
 -0.00299941   0.00884237
 -0.00298493   0.00888583
 -0.00297051   0.00892921
 -0.00295603   0.00897263
 -0.00294154   0.00901609
 -0.00292706   0.00905950
 -0.00291257   0.00910296
 -0.00289813   0.00914637
 -0.00288364   0.00918976
 -0.00286916   0.00923324
 -0.00285467   0.00927663
 -0.00284019   0.00932009
 -0.00282577   0.00936350
 -0.00281129   0.00940696
 -0.00279677   0.00945037
 -0.00278229   0.00949376
 -0.00276780   0.00953724
 -0.00275339   0.00958063
 -0.00273890   0.00962411
 -0.00272441   0.00966750
 -0.00270990   0.00971091
 -0.00269541   0.00975437
 -0.00268100   0.00979776
 -0.00266651   0.00984124
 -0.00265203   0.00988463
 -0.00263754   0.00992811
 -0.00262306   0.00997150
 -0.00260861   0.01001491
 -0.00259413   0.01005837
 -0.00257964   0.01010179
 -0.00256516   0.01014524
 -0.00255067   0.01018863
 -0.00253626   0.01023204
 -0.00252177   0.01027550
 -0.00250726   0.01031891
 -0.00249277   0.01036237
 -0.00247829   0.01040579
 -0.00246380   0.01044924
 -0.00244939   0.01049266
 -0.00243490   0.01053604
 -0.00242041   0.01057950
 -0.00240590   0.01062291
 -0.00239141   0.01066637
 -0.00237700   0.01070979
 -0.00236251   0.01075317
 -0.00234803   0.01079666
 -0.00233354   0.01084004
 -0.00231903   0.01088353
 -0.00230461   0.01092691
 -0.00229013   0.01097040
 -0.00227564   0.01101379
 -0.00226116   0.01105717
 -0.00224667   0.01110066
 -0.00223226   0.01114404
 -0.00221774   0.01118753
 -0.00220326   0.01123091
 -0.00218877   0.01127433
 -0.00217429   0.01131779
 -0.00215987   0.01136120
 -0.00214539   0.01140466
 -0.00213090   0.01144804
 -0.00211639   0.01149153
 -0.00210190   0.01153491
 -0.00208749   0.01157833
 -0.00207300   0.01162179
 -0.00205851   0.01166520
 -0.00204403   0.01170866
 -0.00202951   0.01175207
 -0.00201510   0.01179546
 -0.00200061   0.01183894
 -0.00198613   0.01188233
 -0.00197164   0.01192579
 -0.00195716   0.01196920
 -0.00194267   0.01201266
 -0.00192823   0.01205607
 -0.00191374   0.01209946
 -0.00189926   0.01214294
 -0.00188477   0.01218633
 -0.00187029   0.01222981
 -0.00185587   0.01227320
 -0.00184139   0.01231659
 -0.00182687   0.01236007
 -0.00181239   0.01240346
 -0.00179790   0.01244694
 -0.00178349   0.01249033
 -0.00176900   0.01253381
 -0.00175451   0.01257720
 -0.00174000   0.01262061
 -0.00172551   0.01266407
 -0.00171110   0.01270749
 -0.00169661   0.01275094
 -0.00168213   0.01279433
 -0.00166764   0.01283774
 -0.00165316   0.01288120
 -0.00163871   0.01292461
 -0.00162423   0.01296807
 -0.00160974   0.01301149
 -0.00159526   0.01305494
 -0.00158077   0.01309836
 -0.00156636   0.01314174
 -0.00155187   0.01318520
 -0.00153736   0.01322861
 -0.00152287   0.01327207
 -0.00150839   0.01331549
 -0.00149397   0.01335887
 -0.00147949   0.01340236
 -0.00146500   0.01344574
 -0.00145049   0.01348923
 -0.00143600   0.01353261
 -0.00142151   0.01357607
 -0.00140710   0.01361949
 -0.00139261   0.01366287
 -0.00137813   0.01370636
 -0.00136364   0.01374974
 -0.00134913   0.01379323
 -0.00133471   0.01383661
 -0.00132023   0.01388003
 -0.00130574   0.01392349
 -0.00129126   0.01396690
 -0.00127677   0.01401036
 -0.00126236   0.01405374
 -0.00124784   0.01409723
 -0.00123336   0.01414061
 -0.00121887   0.01418403
 -0.00120439   0.01422749
 -0.00118997   0.01427090
 -0.00117549   0.01431436
 -0.00116097   0.01435777
 -0.00114649   0.01440116
 -0.00113200   0.01444461
 -0.00111759   0.01448803
 -0.00110310   0.01453149
 -0.00108861   0.01457490
 -0.00107413   0.01461836
 -0.00105961   0.01466177
 -0.00104520   0.01470516
 -0.00103071   0.01474864
 -0.00101623   0.01479203
 -0.00100174   0.01483551
 -0.00098726   0.01487890
 -0.00097284   0.01492229
 -0.00095833   0.01496577
 -0.00094384   0.01500916
 -0.00092936   0.01505264
 -0.00091487   0.01509603
 -0.00090039   0.01513951
 -0.00088597   0.01518290
 -0.00087146   0.01522631
 -0.00085697   0.01526977
 -0.00084249   0.01531316
 -0.00082800   0.01535664
 -0.00081359   0.01540003
 -0.00079910   0.01544344
 -0.00078461   0.01548690
 -0.00077010   0.01553031
 -0.00075561   0.01557377
 -0.00074120   0.01561719
 -0.00072671   0.01566064
 -0.00071223   0.01570406
 -0.00069774   0.01574744
 -0.00068326   0.01579090
 -0.00066881   0.01583431
 -0.00065433   0.01587777
 -0.00063984   0.01592119
 -0.00062536   0.01596457
 -0.00061087   0.01600806
 -0.00059646   0.01605144
 -0.00058194   0.01609493
 -0.00056746   0.01613831
 -0.00055297   0.01618177
 -0.00053849   0.01622519
 -0.00052407   0.01626857
 -0.00050959   0.01631206
 -0.00049510   0.01635544
 -0.00048059   0.01639893
 -0.00046610   0.01644231
 -0.00045169   0.01648573
 -0.00043720   0.01652919
 -0.00042271   0.01657260
 -0.00040823   0.01661606
 -0.00039374   0.01665944
 -0.00037923   0.01670293
 -0.00036481   0.01674631
 -0.00035033   0.01678973
 -0.00033584   0.01683319
 -0.00032136   0.01687660
 -0.00030687   0.01692006
 -0.00029243   0.01696347
 -0.00027794   0.01700686
 -0.00026346   0.01705031
 -0.00024897   0.01709373
 -0.00023449   0.01713719
 -0.00022007   0.01718060
 -0.00020559   0.01722406
 -0.00019107   0.01726747
 -0.00017659   0.01731086
 -0.00016210   0.01735434
 -0.00014769   0.01739773
 -0.00013320   0.01744119
 -0.00011871   0.01748460
 -0.00010423   0.01752799
 -0.00008971   0.01757147
 -0.00007530   0.01761486
 -0.00006081   0.01765834
 -0.00004633   0.01770173
 -0.00003184   0.01774521
 -0.00001736   0.01778860
 -0.00000291   0.01783201
  0.00001157   0.01787547
  0.00002606   0.01791886
  0.00004054   0.01796234
  0.00005503   0.01800573
  0.00006944   0.01804914
  0.00008393   0.01809260
  0.00009844   0.01813601
  0.00011293   0.01817947
  0.00012741   0.01822289
  0.00014190   0.01826634
  0.00015631   0.01830973
  0.00017080   0.01835314
  0.00018529   0.01839660
  0.00019980   0.01844001
  0.00021429   0.01848347
  0.00022870   0.01852689
  0.00024319   0.01857027
  0.00025767   0.01861376
  0.00027216   0.01865714
  0.00028667   0.01870063
  0.00030109   0.01874401
  0.00031557   0.01878747
  0.00033006   0.01883089
  0.00034454   0.01887427
  0.00035903   0.01891776
  0.00037344   0.01896114
  0.00038796   0.01900463
  0.00040244   0.01904801
  0.00041693   0.01909143
  0.00043141   0.01913489
  0.00044583   0.01917827
  0.00046031   0.01922176
  0.00047480   0.01926514
  0.00048931   0.01930863
  0.00050380   0.01935201
  0.00051821   0.01939543
  0.00053270   0.01943889
  0.00054719   0.01948230
  0.00056167   0.01952576
  0.00057619   0.01956917
  0.00059060   0.01961256
  0.00060509   0.01965601
  0.00061957   0.01969943
  0.00063406   0.01974289
  0.00064854   0.01978630
  0.00066303   0.01982976
  0.00067747   0.01987317
  0.00069196   0.01991656
  0.00070644   0.01996004
  0.00072093   0.02000343
  0.00073541   0.02004689
  0.00074983   0.02009030
  0.00076431   0.02013369
  0.00077883   0.02017717
  0.00079331   0.02022056
  0.00080780   0.02026404
  0.00082221   0.02030743
  0.00083670   0.02035091
  0.00085119   0.02039430
  0.00086567   0.02043769
  0.00088019   0.02048117
  0.00089460   0.02052456
  0.00090909   0.02056804
  0.00092357   0.02061143
  0.00093806   0.02065484
  0.00095254   0.02069830
  0.00096699   0.02074171
  0.00098147   0.02078517
  0.00099596   0.02082859
  0.00101044   0.02087204
  0.00102493   0.02091543
  0.00103934   0.02095884
  0.00105383   0.02100230
  0.00106834   0.02104571
  0.00108283   0.02108917
  0.00109731   0.02113259
  0.00111173   0.02117597
  0.00112621   0.02121946
  0.00114070   0.02126284
  0.00115519   0.02130630
  0.00116970   0.02134971
  0.00118419   0.02139317
  0.00119860   0.02143659
  0.00121309   0.02147997
  0.00122757   0.02152346
  0.00124206   0.02156684
  0.00125657   0.02161033
  0.00127099   0.02165371
  0.00128547   0.02169713
  0.00129996   0.02174059
  0.00131444   0.02178397
  0.00132893   0.02182746
  0.00134334   0.02187084
  0.00135786   0.02191433
  0.00137234   0.02195771
  0.00138683   0.02200113
  0.00140131   0.02204459
  0.00141573   0.02208800
  0.00143021   0.02213146
  0.00144470   0.02217484
  0.00145921   0.02221826
  0.00147370   0.02226171
  0.00148811   0.02230513
  0.00150260   0.02234859
  0.00151709   0.02239200
  0.00153157   0.02243546
  0.00154609   0.02247887
  0.00156050   0.02252226
  0.00157499   0.02256574
  0.00158947   0.02260913
  0.00160396   0.02265259
  0.00161844   0.02269600
  0.00163286   0.02273939
  0.00164737   0.02278287
  0.00166186   0.02282626
  0.00167634   0.02286974
  0.00169083   0.02291313
  0.00170531   0.02295661
  0.00171973   0.02300000
