 -0.03713324   0.02300000
 -0.03711163   0.02290488
 -0.03708991   0.02280976
 -0.03706828   0.02271474
 -0.03704657   0.02261962
 -0.03702494   0.02252450
 -0.03700323   0.02242938
 -0.03698161   0.02233426
 -0.03695989   0.02223924
 -0.03693827   0.02214412
 -0.03691664   0.02204900
 -0.03689493   0.02195388
 -0.03687331   0.02185876
 -0.03685159   0.02176374
 -0.03682997   0.02166862
 -0.03680825   0.02157350
 -0.03678663   0.02147838
 -0.03676491   0.02138326
 -0.03674329   0.02128824
 -0.03672158   0.02119313
 -0.03669995   0.02109801
 -0.03667833   0.02100289
 -0.03665661   0.02090777
 -0.03663499   0.02081274
 -0.03661328   0.02071763
 -0.03659165   0.02062251
 -0.03656993   0.02052739
 -0.03654831   0.02043227
 -0.03652660   0.02033724
 -0.03650497   0.02024213
 -0.03648335   0.02014701
 -0.03646163   0.02005189
 -0.03644001   0.01995677
 -0.03641830   0.01986174
 -0.03639667   0.01976663
 -0.03637496   0.01967151
 -0.03635333   0.01957639
 -0.03633162   0.01948127
 -0.03631000   0.01938624
 -0.03628828   0.01929113
 -0.03626666   0.01919601
 -0.03624503   0.01910089
 -0.03622332   0.01900577
 -0.03620170   0.01891074
 -0.03617998   0.01881563
 -0.03615836   0.01872051
 -0.03613664   0.01862539
 -0.03611501   0.01853027
 -0.03609330   0.01843524
 -0.03607168   0.01834013
 -0.03605006   0.01824501
 -0.03602834   0.01814989
 -0.03600671   0.01805478
 -0.03598500   0.01795975
 -0.03596338   0.01786463
 -0.03594164   0.01776951
 -0.03591797   0.01767468
 -0.03589422   0.01757983
 -0.03587056   0.01748508
 -0.03584680   0.01739024
 -0.03582313   0.01729540
 -0.03579947   0.01720056
 -0.03577571   0.01710572
 -0.03575205   0.01701097
 -0.03572829   0.01691613
 -0.03570463   0.01682129
 -0.03568087   0.01672645
 -0.03565721   0.01663160
 -0.03563345   0.01653686
 -0.03560979   0.01644201
 -0.03558612   0.01634718
 -0.03556237   0.01625233
 -0.03553870   0.01615750
 -0.03551495   0.01606274
 -0.03549129   0.01596791
 -0.03546752   0.01587306
 -0.03544386   0.01577822
 -0.03542010   0.01568338
 -0.03539644   0.01558863
 -0.03537269   0.01549379
 -0.03534902   0.01539895
 -0.03532536   0.01530411
 -0.03530160   0.01520927
 -0.03527793   0.01511452
 -0.03525418   0.01501968
 -0.03523051   0.01492483
 -0.03520674   0.01483000
 -0.03518296   0.01473519
 -0.03515901   0.01464049
 -0.03513506   0.01454573
 -0.03511103   0.01445099
 -0.03508681   0.01435627
 -0.03506260   0.01426159
 -0.03503821   0.01416702
 -0.03501382   0.01407239
 -0.03498926   0.01397779
 -0.03496471   0.01388322
 -0.03493997   0.01378868
 -0.03491524   0.01369427
 -0.03489033   0.01359979
 -0.03486543   0.01350536
 -0.03484045   0.01341095
 -0.03481529   0.01331658
 -0.03479014   0.01322234
 -0.03476481   0.01312804
 -0.03473950   0.01303378
 -0.03471400   0.01293956
 -0.03468852   0.01284538
 -0.03466286   0.01275133
 -0.03463721   0.01265724
 -0.03461149   0.01256318
 -0.03458558   0.01246916
 -0.03455970   0.01237519
 -0.03453364   0.01228136
 -0.03450758   0.01218748
 -0.03448137   0.01209364
 -0.03445516   0.01199985
 -0.03442841   0.01190629
 -0.03440094   0.01181287
 -0.03437274   0.01171969
 -0.03434391   0.01162675
 -0.03431426   0.01153394
 -0.03428398   0.01144146
 -0.03425307   0.01134922
 -0.03422144   0.01125713
 -0.03418908   0.01116537
 -0.03415600   0.01107384
 -0.03412230   0.01098256
 -0.03408787   0.01089161
 -0.03405272   0.01080090
 -0.03401695   0.01071043
 -0.03398045   0.01062021
 -0.03394333   0.01053032
 -0.03390550   0.01044077
 -0.03386704   0.01035137
 -0.03382785   0.01026240
 -0.03378796   0.01017368
 -0.03374753   0.01008529
 -0.03370630   0.00999725
 -0.03366453   0.00990946
 -0.03362197   0.00982200
 -0.03357887   0.00973489
 -0.03353506   0.00964812
 -0.03349063   0.00956169
 -0.03344549   0.00947560
 -0.03339973   0.00938987
 -0.03335335   0.00930457
 -0.03330636   0.00921952
 -0.03325865   0.00913481
 -0.03321034   0.00905056
 -0.03316141   0.00896664
 -0.03311186   0.00888307
 -0.03306170   0.00879994
 -0.03301084   0.00871717
 -0.03295945   0.00863483
 -0.03290736   0.00855285
 -0.03285466   0.00847131
 -0.03280144   0.00839012
 -0.03274753   0.00830937
 -0.03269309   0.00822907
 -0.03263796   0.00814912
 -0.03258231   0.00806962
 -0.03252606   0.00799056
 -0.03246910   0.00791196
 -0.03241164   0.00783379
 -0.03235366   0.00775599
 -0.03229499   0.00767872
 -0.03223580   0.00760191
 -0.03217602   0.00752554
 -0.03211573   0.00744953
 -0.03205474   0.00737415
 -0.03199334   0.00729914
 -0.03193126   0.00722457
 -0.03186866   0.00715055
 -0.03180556   0.00707697
 -0.03174186   0.00700395
 -0.03167766   0.00693128
 -0.03161286   0.00685926
 -0.03154757   0.00678768
 -0.03148168   0.00671656
 -0.03141529   0.00664599
 -0.03134841   0.00657587
 -0.03128102   0.00650630
 -0.03121304   0.00643727
 -0.03114457   0.00636880
 -0.03107561   0.00630078
 -0.03100615   0.00623330
 -0.03093619   0.00616638
 -0.03086574   0.00609991
 -0.03079480   0.00603409
 -0.03072337   0.00596882
 -0.03065145   0.00590400
 -0.03057904   0.00583983
 -0.03050614   0.00577611
 -0.03043275   0.00571303
 -0.03035896   0.00565054
 -0.03028469   0.00558860
 -0.03020994   0.00552713
 -0.03013473   0.00546614
 -0.03005915   0.00540572
 -0.02998310   0.00534578
 -0.02990668   0.00528631
 -0.02982979   0.00522732
 -0.02975253   0.00516890
 -0.02967480   0.00511106
 -0.02959669   0.00505369
 -0.02951812   0.00499679
 -0.02943927   0.00494047
 -0.02935986   0.00488462
 -0.02928017   0.00482934
 -0.02920010   0.00477464
 -0.02911957   0.00472041
 -0.02903867   0.00466675
 -0.02895739   0.00461357
 -0.02887573   0.00456105
 -0.02879371   0.00450901
 -0.02871140   0.00445754
 -0.02862863   0.00440654
 -0.02854548   0.00435622
 -0.02846206   0.00430636
 -0.02837826   0.00425717
 -0.02829408   0.00420846
 -0.02820953   0.00416032
 -0.02812470   0.00411274
 -0.02803950   0.00406583
 -0.02795401   0.00401940
 -0.02786816   0.00397354
 -0.02778202   0.00392834
 -0.02769551   0.00388361
 -0.02760872   0.00383956
 -0.02752164   0.00379607
 -0.02743420   0.00375315
 -0.02734648   0.00371079
 -0.02725847   0.00366901
 -0.02717009   0.00362790
 -0.02708152   0.00358736
 -0.02699267   0.00354737
 -0.02690345   0.00350806
 -0.02681404   0.00346932
 -0.02672426   0.00343114
 -0.02663429   0.00339364
 -0.02654404   0.00335669
 -0.02645360   0.00332042
 -0.02636279   0.00328471
 -0.02627179   0.00324957
 -0.02618051   0.00321510
 -0.02608904   0.00318129
 -0.02599730   0.00314804
 -0.02590527   0.00311546
 -0.02581306   0.00308346
 -0.02572066   0.00305202
 -0.02562806   0.00302133
 -0.02553519   0.00299123
 -0.02544214   0.00296168
 -0.02534880   0.00293289
 -0.02525536   0.00290467
 -0.02516165   0.00287703
 -0.02506784   0.00285014
 -0.02497375   0.00282382
 -0.02487957   0.00279807
 -0.02478510   0.00277307
 -0.02469055   0.00274874
 -0.02459562   0.00272553
 -0.02450069   0.00270243
 -0.02440575   0.00267944
 -0.02431082   0.00265656
 -0.02421578   0.00263378
 -0.02412075   0.00261111
 -0.02402571   0.00258864
 -0.02393059   0.00256619
 -0.02383546   0.00254393
 -0.02374032   0.00252178
 -0.02364518   0.00249973
 -0.02354995   0.00247780
 -0.02345472   0.00245597
 -0.02335949   0.00243426
 -0.02326425   0.00241264
 -0.02316892   0.00239114
 -0.02307359   0.00236984
 -0.02297826   0.00234864
 -0.02288283   0.00232746
 -0.02278749   0.00230648
 -0.02269206   0.00228560
 -0.02259653   0.00226483
 -0.02250110   0.00224417
 -0.02240557   0.00222362
 -0.02231004   0.00220327
 -0.02221451   0.00218293
 -0.02211897   0.00216279
 -0.02202335   0.00214276
 -0.02192772   0.00212274
 -0.02183209   0.00210293
 -0.02173636   0.00208321
 -0.02164064   0.00206370
 -0.02154500   0.00204421
 -0.02144918   0.00202483
 -0.02135345   0.00200564
 -0.02125763   0.00198646
 -0.02116180   0.00196749
 -0.02106597   0.00194863
 -0.02097014   0.00192987
 -0.02087422   0.00191122
 -0.02077839   0.00189268
 -0.02068237   0.00187424
 -0.02058645   0.00185601
 -0.02049052   0.00183779
 -0.02039450   0.00181977
 -0.02029847   0.00180186
 -0.02020245   0.00178405
 -0.02010634   0.00176635
 -0.02001031   0.00174876
 -0.01991419   0.00173128
 -0.01981808   0.00171390
 -0.01972196   0.00169672
 -0.01962574   0.00167956
 -0.01952962   0.00166260
 -0.01943340   0.00164575
 -0.01933719   0.00162901
 -0.01924087   0.00161236
 -0.01914466   0.00159580
 -0.01904835   0.00157935
 -0.01895204   0.00156309
 -0.01885573   0.00154682
 -0.01875941   0.00153074
 -0.01866301   0.00151477
 -0.01856661   0.00149889
 -0.01847030   0.00148310
 -0.01837380   0.00146742
 -0.01827740   0.00145182
 -0.01818099   0.00143633
 -0.01808450   0.00142102
 -0.01798800   0.00140582
 -0.01789150   0.00139061
 -0.01779501   0.00137560
 -0.01769841   0.00136068
 -0.01760191   0.00134585
 -0.01750532   0.00133122
 -0.01740873   0.00131659
 -0.01731214   0.00130205
 -0.01721546   0.00128771
 -0.01711887   0.00127346
 -0.01702218   0.00125931
 -0.01692550   0.00124526
 -0.01682881   0.00123130
 -0.01673213   0.00121744
 -0.01663535   0.00120367
 -0.01653866   0.00119010
 -0.01644189   0.00117653
 -0.01634511   0.00116314
 -0.01624833   0.00114986
 -0.01615154   0.00113667
 -0.01605467   0.00112357
 -0.01595790   0.00111058
 -0.01586103   0.00109777
 -0.01576416   0.00108497
 -0.01566728   0.00107235
 -0.01557041   0.00105984
 -0.01547344   0.00104732
 -0.01537657   0.00103500
 -0.01527960   0.00102286
 -0.01518264   0.00101073
 -0.01508567   0.00099870
 -0.01498871   0.00098685
 -0.01489174   0.00097501
 -0.01479468   0.00096336
 -0.01469772   0.00095180
 -0.01460066   0.00094034
 -0.01450360   0.00092898
 -0.01440654   0.00091780
 -0.01430947   0.00090664
 -0.01421242   0.00089566
 -0.01411526   0.00088467
 -0.01401821   0.00087389
 -0.01392105   0.00086320
 -0.01382390   0.00085261
 -0.01372675   0.00084210
 -0.01362959   0.00083180
 -0.01353244   0.00082150
 -0.01343529   0.00081138
 -0.01333804   0.00080127
 -0.01324089   0.00079134
 -0.01314364   0.00078151
 -0.01304640   0.00077179
 -0.01294915   0.00076225
 -0.01285190   0.00075271
 -0.01275465   0.00074336
 -0.01265740   0.00073402
 -0.01256007   0.00072486
 -0.01246282   0.00071581
 -0.01236548   0.00070684
 -0.01226814   0.00069798
 -0.01217080   0.00068930
 -0.01207346   0.00068063
 -0.01197612   0.00067216
 -0.01187878   0.00066368
 -0.01178144   0.00065539
 -0.01168400   0.00064719
 -0.01158666   0.00063910
 -0.01148923   0.00063110
 -0.01139180   0.00062329
 -0.01129446   0.00061548
 -0.01119702   0.00060786
 -0.01109959   0.00060034
 -0.01100216   0.00059292
 -0.01090463   0.00058559
 -0.01080720   0.00057836
 -0.01070976   0.00057122
 -0.01061224   0.00056428
 -0.01051480   0.00055734
 -0.01041727   0.00055059
 -0.01031974   0.00054393
 -0.01022231   0.00053737
 -0.01012479   0.00053091
 -0.01002726   0.00052454
 -0.00992973   0.00051836
 -0.00983220   0.00051220
 -0.00973467   0.00050621
 -0.00963706   0.00050032
 -0.00953953   0.00049453
 -0.00944200   0.00048884
 -0.00934438   0.00048324
 -0.00924676   0.00047783
 -0.00914923   0.00047252
 -0.00905161   0.00046730
 -0.00895399   0.00046209
 -0.00885646   0.00045688
 -0.00875884   0.00045177
 -0.00866122   0.00044667
 -0.00856360   0.00044156
 -0.00846607   0.00043656
 -0.00836845   0.00043156
 -0.00827083   0.00042656
 -0.00817321   0.00042166
 -0.00807559   0.00041667
 -0.00797797   0.00041186
 -0.00788035   0.00040697
 -0.00778282   0.00040218
 -0.00768520   0.00039739
 -0.00758758   0.00039261
 -0.00748995   0.00038792
 -0.00739233   0.00038323
 -0.00729471   0.00037855
 -0.00719709   0.00037387
 -0.00709947   0.00036929
 -0.00700185   0.00036480
 -0.00690423   0.00036024
 -0.00680661   0.00035576
 -0.00670890   0.00035129
 -0.00661127   0.00034681
 -0.00651365   0.00034245
 -0.00641603   0.00033808
 -0.00631841   0.00033371
 -0.00622079   0.00032945
 -0.00612316   0.00032518
 -0.00602545   0.00032092
 -0.00592783   0.00031666
 -0.00583021   0.00031250
 -0.00573259   0.00030833
 -0.00563488   0.00030426
 -0.00553725   0.00030009
 -0.00543963   0.00029601
 -0.00534201   0.00029203
 -0.00524430   0.00028796
 -0.00514668   0.00028398
 -0.00504905   0.00028000
 -0.00495134   0.00027611
 -0.00485372   0.00027222
 -0.00475610   0.00026833
 -0.00465839   0.00026444
 -0.00456077   0.00026064
 -0.00446305   0.00025685
 -0.00436543   0.00025314
 -0.00426781   0.00024935
 -0.00417009   0.00024564
 -0.00407247   0.00024194
 -0.00397476   0.00023833
 -0.00387714   0.00023472
 -0.00377943   0.00023111
 -0.00368180   0.00022759
 -0.00358409   0.00022398
 -0.00348647   0.00022046
 -0.00338875   0.00021703
 -0.00329104   0.00021351
 -0.00319342   0.00021009
 -0.00309570   0.00020676
 -0.00299809   0.00020333
 -0.00290037   0.00020000
 -0.00280266   0.00019666
 -0.00270504   0.00019342
 -0.00260732   0.00019018
 -0.00250970   0.00018694
 -0.00241199   0.00018370
 -0.00231427   0.00018055
 -0.00221656   0.00017740
 -0.00211894   0.00017879
 -0.00202307   0.00019620
 -0.00193212   0.00022981
 -0.00184903   0.00027824
 -0.00177641   0.00033972
 -0.00171667   0.00041213
 -0.00167145   0.00049287
 -0.00165652   0.00053785
 -0.00164150   0.00058282
 -0.00162647   0.00062789
 -0.00161145   0.00067286
 -0.00159643   0.00071793
 -0.00158150   0.00076291
 -0.00156648   0.00080798
 -0.00155146   0.00085295
 -0.00153643   0.00089793
 -0.00152141   0.00094300
 -0.00150648   0.00098797
 -0.00149145   0.00103304
 -0.00147643   0.00107801
 -0.00146141   0.00112299
 -0.00144639   0.00116806
 -0.00143146   0.00121304
 -0.00141643   0.00125810
 -0.00140141   0.00130308
 -0.00138639   0.00134815
 -0.00137137   0.00139313
 -0.00135644   0.00143810
 -0.00134141   0.00148317
 -0.00132639   0.00152815
 -0.00131137   0.00157321
 -0.00129634   0.00161819
 -0.00128141   0.00166316
 -0.00126639   0.00170823
 -0.00125137   0.00175321
 -0.00123634   0.00179828
 -0.00122132   0.00184325
 -0.00120630   0.00188832
 -0.00119137   0.00193330
 -0.00117635   0.00197827
 -0.00116133   0.00202334
 -0.00114630   0.00206831
 -0.00113128   0.00211338
 -0.00111635   0.00215836
 -0.00110132   0.00220334
 -0.00108630   0.00224840
 -0.00107128   0.00229338
 -0.00105626   0.00233845
 -0.00104133   0.00238343
 -0.00102630   0.00242849
 -0.00101128   0.00247347
 -0.00099626   0.00251844
 -0.00098124   0.00256351
 -0.00096631   0.00260849
 -0.00095129   0.00265356
 -0.00093626   0.00269853
 -0.00092124   0.00274351
 -0.00090622   0.00278858
 -0.00089128   0.00283355
 -0.00087626   0.00287862
 -0.00086124   0.00292359
 -0.00084621   0.00296867
 -0.00083119   0.00301364
 -0.00081626   0.00305861
 -0.00080124   0.00310368
 -0.00078622   0.00314866
 -0.00077120   0.00319373
 -0.00075617   0.00323870
 -0.00074124   0.00328368
 -0.00072622   0.00332875
 -0.00071120   0.00337373
 -0.00069617   0.00341879
 -0.00068115   0.00346377
 -0.00066613   0.00350883
 -0.00065120   0.00355381
 -0.00063617   0.00359879
 -0.00062115   0.00364386
 -0.00060613   0.00368883
 -0.00059111   0.00373390
 -0.00057618   0.00377888
 -0.00056116   0.00382385
 -0.00054613   0.00386892
 -0.00053111   0.00391389
 -0.00051609   0.00395897
 -0.00050115   0.00400394
 -0.00048613   0.00404901
 -0.00047111   0.00409398
 -0.00045609   0.00413896
 -0.00044106   0.00418403
 -0.00042613   0.00422900
 -0.00041111   0.00427407
 -0.00039609   0.00431904
 -0.00038107   0.00436403
 -0.00036604   0.00440909
 -0.00035111   0.00445407
 -0.00033609   0.00449913
 -0.00032107   0.00454411
 -0.00030604   0.00458918
 -0.00029102   0.00463416
 -0.00027609   0.00467913
 -0.00026107   0.00472420
 -0.00024604   0.00476918
 -0.00023102   0.00481424
 -0.00021600   0.00485922
 -0.00020107   0.00490419
 -0.00018605   0.00494927
 -0.00017103   0.00499424
 -0.00015600   0.00503931
 -0.00014098   0.00508428
 -0.00012596   0.00512936
 -0.00011103   0.00517433
 -0.00009600   0.00521930
 -0.00008098   0.00526437
 -0.00006596   0.00530934
 -0.00005093   0.00535442
 -0.00003600   0.00539939
 -0.00002098   0.00544437
 -0.00000596   0.00548943
  0.00000906   0.00553441
  0.00002409   0.00557948
  0.00003901   0.00562446
  0.00005404   0.00566952
  0.00006906   0.00571450
  0.00008408   0.00575948
  0.00009911   0.00580454
  0.00011404   0.00584952
  0.00012906   0.00589459
  0.00014409   0.00593957
  0.00015911   0.00598454
  0.00017413   0.00602961
  0.00018906   0.00607458
  0.00020408   0.00611965
  0.00021910   0.00616463
  0.00023413   0.00620970
  0.00024915   0.00625467
  0.00026408   0.00629964
  0.00027910   0.00634472
  0.00029413   0.00638969
  0.00030915   0.00643476
  0.00032417   0.00647973
  0.00033910   0.00652471
  0.00035413   0.00656978
  0.00036915   0.00661476
  0.00038417   0.00665982
  0.00039919   0.00670480
  0.00041421   0.00674987
  0.00042914   0.00679484
  0.00044417   0.00683982
  0.00045919   0.00688489
  0.00047421   0.00692987
  0.00048923   0.00697493
  0.00050417   0.00701991
  0.00051919   0.00706488
  0.00053421   0.00710995
  0.00054924   0.00715493
  0.00056426   0.00720000
  0.00057919   0.00724497
  0.00059421   0.00729004
  0.00060923   0.00733502
  0.00062426   0.00737999
  0.00063928   0.00742506
  0.00065421   0.00747003
  0.00066923   0.00751510
  0.00068425   0.00756008
  0.00069928   0.00760506
  0.00071430   0.00765012
  0.00072923   0.00769510
  0.00074426   0.00774017
  0.00075928   0.00778514
  0.00077430   0.00783021
  0.00078932   0.00787519
  0.00080425   0.00792017
  0.00081927   0.00796523
  0.00083430   0.00801021
  0.00084932   0.00805527
  0.00086434   0.00810025
  0.00087927   0.00814523
  0.00089430   0.00819030
  0.00090932   0.00823527
  0.00092434   0.00828034
  0.00093937   0.00832532
  0.00095439   0.00837039
  0.00096932   0.00841536
  0.00098434   0.00846033
  0.00099936   0.00850540
  0.00101439   0.00855038
  0.00102941   0.00859545
  0.00104434   0.00864042
  0.00105936   0.00868540
  0.00107438   0.00873047
  0.00108940   0.00877544
  0.00110443   0.00882051
  0.00111936   0.00886549
  0.00113439   0.00891055
  0.00114941   0.00895553
  0.00116443   0.00900051
  0.00117945   0.00904557
  0.00119438   0.00909055
  0.00120940   0.00913562
  0.00122443   0.00918060
  0.00123945   0.00922557
  0.00125447   0.00927064
  0.00126940   0.00931561
  0.00128442   0.00936069
  0.00129945   0.00940566
  0.00131447   0.00945073
  0.00132950   0.00949570
  0.00134443   0.00954068
  0.00135945   0.00958575
  0.00137447   0.00963072
  0.00138949   0.00967579
  0.00140451   0.00972077
  0.00141944   0.00976574
  0.00143447   0.00981081
  0.00144949   0.00985579
  0.00146451   0.00990085
  0.00147953   0.00994583
  0.00149456   0.00999090
  0.00150949   0.01003587
  0.00152451   0.01008085
  0.00153954   0.01012592
  0.00155456   0.01017090
  0.00156958   0.01021596
  0.00158451   0.01026094
  0.00159953   0.01030591
  0.00161456   0.01035099
  0.00162958   0.01039596
  0.00164460   0.01044103
  0.00165953   0.01048600
  0.00167455   0.01053107
  0.00168957   0.01057605
  0.00170460   0.01062102
  0.00171963   0.01066609
  0.00173456   0.01071106
  0.00174958   0.01075614
  0.00176460   0.01080111
  0.00177962   0.01084609
  0.00179464   0.01089115
  0.00180957   0.01093613
  0.00182460   0.01098120
  0.00183962   0.01102617
  0.00185464   0.01107124
  0.00186966   0.01111622
  0.00188459   0.01116120
  0.00189962   0.01120626
  0.00191464   0.01125124
  0.00192967   0.01129630
  0.00194469   0.01134129
  0.00195962   0.01138626
  0.00197464   0.01143133
  0.00198966   0.01147630
  0.00200469   0.01152137
  0.00201971   0.01156635
  0.00203473   0.01161141
  0.00204966   0.01165639
  0.00206468   0.01170136
  0.00207970   0.01174644
  0.00209473   0.01179141
  0.00210976   0.01183648
  0.00212469   0.01188145
  0.00213971   0.01192643
  0.00215473   0.01197150
  0.00216975   0.01201647
  0.00218477   0.01206154
  0.00219970   0.01210651
  0.00221473   0.01215159
  0.00222975   0.01219656
  0.00224477   0.01224154
  0.00225979   0.01228660
  0.00227472   0.01233159
  0.00228974   0.01237665
  0.00230477   0.01242163
  0.00231980   0.01246660
  0.00233482   0.01251167
  0.00234975   0.01255665
  0.00236477   0.01260171
  0.00237979   0.01264669
  0.00239481   0.01269176
  0.00240984   0.01273674
  0.00242477   0.01278171
  0.00243979   0.01282678
  0.00245481   0.01287175
  0.00246983   0.01291683
  0.00248486   0.01296180
  0.00249979   0.01300677
  0.00251481   0.01305184
  0.00252984   0.01309681
  0.00254486   0.01314189
  0.00255988   0.01318686
  0.00257490   0.01323193
  0.00258983   0.01327690
  0.00260486   0.01332189
  0.00261988   0.01336695
  0.00263490   0.01341193
  0.00264992   0.01345699
  0.00266485   0.01350197
  0.00267987   0.01354695
  0.00269490   0.01359201
  0.00270993   0.01363699
  0.00272495   0.01368206
  0.00273988   0.01372704
  0.00275490   0.01377210
  0.00276992   0.01381708
  0.00278494   0.01386205
  0.00279997   0.01390712
  0.00281490   0.01395210
  0.00282992   0.01399717
  0.00284494   0.01404214
  0.00285996   0.01408711
  0.00287499   0.01413219
  0.00288992   0.01417716
  0.00290494   0.01422223
  0.00291997   0.01426720
  0.00293499   0.01431228
  0.00295001   0.01435725
  0.00296494   0.01440223
  0.00297996   0.01444729
  0.00299499   0.01449227
  0.00301001   0.01453734
  0.00302503   0.01458231
  0.00303996   0.01462729
  0.00305498   0.01467236
  0.00307000   0.01471734
  0.00308503   0.01476240
  0.00310006   0.01480738
  0.00311508   0.01485244
  0.00313001   0.01489742
  0.00314503   0.01494240
  0.00316005   0.01498747
  0.00317507   0.01503244
  0.00319010   0.01507751
  0.00320503   0.01512249
  0.00322005   0.01516746
  0.00323507   0.01521253
  0.00325009   0.01525750
  0.00326511   0.01530257
  0.00328004   0.01534755
  0.00329507   0.01539262
  0.00331010   0.01543759
  0.00332512   0.01548257
  0.00334014   0.01552764
  0.00335507   0.01557261
  0.00337009   0.01561768
  0.00338511   0.01566266
  0.00340014   0.01570763
  0.00341516   0.01575270
  0.00343009   0.01579768
  0.00344511   0.01584274
  0.00346013   0.01588772
  0.00347516   0.01593279
  0.00349019   0.01597777
  0.00350511   0.01602274
  0.00352014   0.01606781
  0.00353516   0.01611279
  0.00355018   0.01615786
  0.00356520   0.01620283
  0.00358013   0.01624780
  0.00359516   0.01629287
  0.00361018   0.01633785
  0.00362520   0.01638292
  0.00364022   0.01642789
  0.00365524   0.01647296
  0.00367017   0.01651794
  0.00368520   0.01656291
  0.00370023   0.01660798
  0.00371525   0.01665296
  0.00373027   0.01669802
  0.00374520   0.01674300
  0.00376022   0.01678798
  0.00377524   0.01683304
  0.00379027   0.01687802
  0.00380529   0.01692309
  0.00382022   0.01696807
  0.00383524   0.01701313
  0.00385026   0.01705811
  0.00386529   0.01710308
  0.00388031   0.01714816
  0.00389524   0.01719313
  0.00391027   0.01723820
  0.00392529   0.01728317
  0.00394031   0.01732815
  0.00395533   0.01737322
  0.00397026   0.01741819
  0.00398529   0.01746326
  0.00400031   0.01750824
  0.00401533   0.01755331
  0.00403035   0.01759828
  0.00404528   0.01764326
  0.00406030   0.01768832
  0.00407533   0.01773330
  0.00409036   0.01777837
  0.00410538   0.01782334
  0.00412031   0.01786832
  0.00413533   0.01791339
  0.00415035   0.01795837
  0.00416537   0.01800343
  0.00418040   0.01804841
  0.00419542   0.01809347
  0.00421035   0.01813846
  0.00422537   0.01818343
  0.00424039   0.01822850
  0.00425541   0.01827347
  0.00427044   0.01831854
  0.00428537   0.01836352
  0.00430040   0.01840849
  0.00431542   0.01845356
  0.00433044   0.01849853
  0.00434546   0.01854361
  0.00436039   0.01858858
  0.00437541   0.01863365
  0.00439044   0.01867862
  0.00440546   0.01872360
  0.00442048   0.01876867
  0.00443541   0.01881364
  0.00445043   0.01885871
  0.00446546   0.01890369
  0.00448048   0.01894867
  0.00449551   0.01899373
  0.00451044   0.01903871
  0.00452546   0.01908377
  0.00454048   0.01912876
  0.00455550   0.01917382
  0.00457053   0.01921880
  0.00458546   0.01926377
  0.00460048   0.01930884
  0.00461550   0.01935382
  0.00463052   0.01939889
  0.00464554   0.01944386
  0.00466047   0.01948883
  0.00467550   0.01953391
  0.00469053   0.01957888
  0.00470555   0.01962395
  0.00472057   0.01966892
  0.00473559   0.01971400
  0.00475052   0.01975897
  0.00476554   0.01980394
  0.00478057   0.01984901
  0.00479559   0.01989399
  0.00481061   0.01993906
  0.00482554   0.01998403
  0.00484056   0.02002901
  0.00485559   0.02007407
  0.00487061   0.02011906
  0.00488563   0.02016412
  0.00490057   0.02020910
  0.00491559   0.02025416
  0.00493061   0.02029914
  0.00494563   0.02034412
  0.00496066   0.02038919
  0.00497559   0.02043416
  0.00499061   0.02047923
  0.00500563   0.02052421
  0.00502065   0.02056918
  0.00503567   0.02061425
  0.00505060   0.02065922
  0.00506563   0.02070430
  0.00508065   0.02074927
  0.00509568   0.02079434
  0.00511070   0.02083931
  0.00512563   0.02088429
  0.00514065   0.02092936
  0.00515567   0.02097433
  0.00517070   0.02101940
  0.00518572   0.02106437
  0.00520065   0.02110936
  0.00521567   0.02115442
  0.00523069   0.02119940
  0.00524571   0.02124446
  0.00526074   0.02128944
  0.00527576   0.02133451
  0.00529070   0.02137949
  0.00530572   0.02142446
  0.00532074   0.02146953
  0.00533576   0.02151451
  0.00535079   0.02155957
  0.00536571   0.02160455
  0.00538074   0.02164952
  0.00539576   0.02169459
  0.00541078   0.02173957
  0.00542580   0.02178464
  0.00544073   0.02182961
  0.00545576   0.02187468
  0.00547078   0.02191966
  0.00548580   0.02196463
  0.00550083   0.02200970
  0.00551576   0.02205467
  0.00553078   0.02209974
  0.00554580   0.02214472
  0.00556083   0.02218970
  0.00557585   0.02223476
  0.00559078   0.02227974
  0.00560580   0.02232481
  0.00562082   0.02236979
  0.00563584   0.02241485
  0.00565087   0.02245983
  0.00566580   0.02250481
  0.00568082   0.02254987
  0.00569585   0.02259485
  0.00571087   0.02263991
  0.00572589   0.02268489
  0.00574082   0.02272987
  0.00575584   0.02277494
  0.00577087   0.02281991
  0.00578589   0.02286498
  0.00580091   0.02290996
  0.00581593   0.02295503
  0.00583086   0.02300000
