 -0.03725000   0.02300000
 -0.03723220   0.02292877
 -0.03721890   0.02287579
 -0.03720566   0.02282281
 -0.03719243   0.02276984
 -0.03717921   0.02271678
 -0.03716588   0.02266381
 -0.03715264   0.02261083
 -0.03713941   0.02255787
 -0.03712607   0.02250490
 -0.03711282   0.02245192
 -0.03709957   0.02239896
 -0.03708632   0.02234599
 -0.03707297   0.02229303
 -0.03705972   0.02223998
 -0.03704645   0.02218701
 -0.03703319   0.02213404
 -0.03701984   0.02208108
 -0.03700657   0.02202812
 -0.03699331   0.02197515
 -0.03697995   0.02192219
 -0.03696667   0.02186922
 -0.03695338   0.02181627
 -0.03694011   0.02176322
 -0.03692674   0.02171026
 -0.03691345   0.02165731
 -0.03690016   0.02160434
 -0.03688678   0.02155139
 -0.03687349   0.02149842
 -0.03686020   0.02144547
 -0.03684690   0.02139252
 -0.03683351   0.02133956
 -0.03682020   0.02128653
 -0.03680690   0.02123358
 -0.03679359   0.02118063
 -0.03678018   0.02112768
 -0.03676687   0.02107473
 -0.03675354   0.02102178
 -0.03674015   0.02096883
 -0.03672683   0.02091588
 -0.03671350   0.02086293
 -0.03670017   0.02080989
 -0.03668675   0.02075696
 -0.03667342   0.02070401
 -0.03666009   0.02065105
 -0.03664666   0.02059812
 -0.03663332   0.02054517
 -0.03661997   0.02049223
 -0.03660662   0.02043929
 -0.03659319   0.02038635
 -0.03657985   0.02033333
 -0.03656649   0.02028040
 -0.03655313   0.02022745
 -0.03653968   0.02017451
 -0.03652632   0.02012157
 -0.03651296   0.02006864
 -0.03649950   0.02001570
 -0.03648613   0.01996277
 -0.03647276   0.01990984
 -0.03645939   0.01985683
 -0.03644592   0.01980390
 -0.03643255   0.01975096
 -0.03641917   0.01969804
 -0.03640570   0.01964511
 -0.03639230   0.01959217
 -0.03637891   0.01953925
 -0.03636553   0.01948633
 -0.03635204   0.01943340
 -0.03633864   0.01938039
 -0.03632524   0.01932747
 -0.03631184   0.01927455
 -0.03629834   0.01922162
 -0.03628494   0.01916869
 -0.03627152   0.01911578
 -0.03625802   0.01906285
 -0.03624461   0.01900995
 -0.03623119   0.01895694
 -0.03621776   0.01890403
 -0.03620426   0.01885111
 -0.03619084   0.01879820
 -0.03617741   0.01874528
 -0.03616389   0.01869238
 -0.03615046   0.01863945
 -0.03613702   0.01858655
 -0.03612359   0.01853363
 -0.03611005   0.01848064
 -0.03609661   0.01842774
 -0.03608317   0.01837483
 -0.03606971   0.01832192
 -0.03605617   0.01826902
 -0.03604272   0.01821612
 -0.03602925   0.01816321
 -0.03601571   0.01811030
 -0.03600225   0.01805740
 -0.03598879   0.01800441
 -0.03597533   0.01795152
 -0.03596177   0.01789862
 -0.03594829   0.01784572
 -0.03593482   0.01779282
 -0.03592126   0.01773993
 -0.03590778   0.01768702
 -0.03589430   0.01763413
 -0.03588081   0.01758125
 -0.03586725   0.01752827
 -0.03585376   0.01747538
 -0.03584025   0.01742249
 -0.03582676   0.01736960
 -0.03581319   0.01731671
 -0.03579968   0.01726382
 -0.03578617   0.01721093
 -0.03577258   0.01715805
 -0.03575908   0.01710516
 -0.03574556   0.01705219
 -0.03573205   0.01699932
 -0.03571845   0.01694643
 -0.03570493   0.01689355
 -0.03569141   0.01684067
 -0.03567781   0.01678780
 -0.03566428   0.01673491
 -0.03565075   0.01668203
 -0.03563723   0.01662916
 -0.03562361   0.01657620
 -0.03561008   0.01652332
 -0.03559652   0.01647047
 -0.03558299   0.01641759
 -0.03556937   0.01636471
 -0.03555582   0.01631186
 -0.03554210   0.01625898
 -0.03552813   0.01620621
 -0.03551398   0.01615350
 -0.03549957   0.01610081
 -0.03548491   0.01604829
 -0.03546998   0.01599576
 -0.03545480   0.01594324
 -0.03543937   0.01589089
 -0.03542376   0.01583854
 -0.03540790   0.01578635
 -0.03539178   0.01573419
 -0.03537540   0.01568210
 -0.03535885   0.01563008
 -0.03534204   0.01557809
 -0.03532496   0.01552625
 -0.03530764   0.01547443
 -0.03529007   0.01542276
 -0.03527230   0.01537110
 -0.03525429   0.01531953
 -0.03523602   0.01526811
 -0.03521749   0.01521672
 -0.03519878   0.01516540
 -0.03517984   0.01511417
 -0.03516062   0.01506303
 -0.03514122   0.01501207
 -0.03512149   0.01496109
 -0.03510159   0.01491020
 -0.03508152   0.01485949
 -0.03506110   0.01480878
 -0.03504052   0.01475824
 -0.03501976   0.01470769
 -0.03499865   0.01465733
 -0.03497738   0.01460705
 -0.03495583   0.01455685
 -0.03493413   0.01450673
 -0.03491208   0.01445670
 -0.03488985   0.01440686
 -0.03486745   0.01435709
 -0.03484481   0.01430741
 -0.03482190   0.01425781
 -0.03479873   0.01420830
 -0.03477540   0.01415896
 -0.03475188   0.01410963
 -0.03472803   0.01406054
 -0.03470400   0.01401146
 -0.03467980   0.01396256
 -0.03465526   0.01391374
 -0.03463064   0.01386501
 -0.03460566   0.01381635
 -0.03458051   0.01376788
 -0.03455520   0.01371957
 -0.03452953   0.01367125
 -0.03450379   0.01362313
 -0.03447770   0.01357516
 -0.03445153   0.01352728
 -0.03442501   0.01347949
 -0.03439832   0.01343187
 -0.03437145   0.01338433
 -0.03434433   0.01333689
 -0.03431696   0.01328961
 -0.03428940   0.01324251
 -0.03426168   0.01319549
 -0.03423370   0.01314855
 -0.03420547   0.01310180
 -0.03417704   0.01305512
 -0.03414847   0.01300861
 -0.03411963   0.01296229
 -0.03409052   0.01291603
 -0.03406126   0.01286996
 -0.03403182   0.01282398
 -0.03400212   0.01277815
 -0.03397224   0.01273242
 -0.03394212   0.01268685
 -0.03391181   0.01264146
 -0.03388134   0.01259616
 -0.03385061   0.01255104
 -0.03381970   0.01250608
 -0.03378854   0.01246120
 -0.03375720   0.01241650
 -0.03372560   0.01237196
 -0.03369394   0.01232752
 -0.03366190   0.01228325
 -0.03362980   0.01223914
 -0.03359744   0.01219512
 -0.03356490   0.01215136
 -0.03353209   0.01210769
 -0.03349923   0.01206420
 -0.03346607   0.01202077
 -0.03343268   0.01197761
 -0.03339911   0.01193455
 -0.03336536   0.01189163
 -0.03333146   0.01184883
 -0.03329736   0.01180626
 -0.03326302   0.01176387
 -0.03322850   0.01172157
 -0.03319381   0.01167944
 -0.03315887   0.01163748
 -0.03312374   0.01159569
 -0.03308845   0.01155407
 -0.03305299   0.01151262
 -0.03301735   0.01147136
 -0.03298146   0.01143016
 -0.03294548   0.01138923
 -0.03290923   0.01134838
 -0.03287282   0.01130780
 -0.03283625   0.01126730
 -0.03279940   0.01122705
 -0.03276247   0.01118689
 -0.03272529   0.01114690
 -0.03268801   0.01110716
 -0.03265049   0.01106752
 -0.03261278   0.01102814
 -0.03257491   0.01098883
 -0.03253686   0.01094979
 -0.03249863   0.01091082
 -0.03246025   0.01087212
 -0.03242168   0.01083358
 -0.03238296   0.01079522
 -0.03234405   0.01075704
 -0.03230488   0.01071902
 -0.03226561   0.01068116
 -0.03222619   0.01064348
 -0.03218659   0.01060608
 -0.03214683   0.01056874
 -0.03210680   0.01053167
 -0.03206669   0.01049475
 -0.03202640   0.01045802
 -0.03198593   0.01042146
 -0.03194539   0.01038516
 -0.03190458   0.01034902
 -0.03186360   0.01031297
 -0.03182253   0.01027718
 -0.03178122   0.01024163
 -0.03173981   0.01020620
 -0.03169823   0.01017099
 -0.03165648   0.01013598
 -0.03161455   0.01010122
 -0.03157246   0.01006653
 -0.03153027   0.01003211
 -0.03148782   0.00999786
 -0.03144529   0.00996387
 -0.03140260   0.00992996
 -0.03135980   0.00989632
 -0.03131676   0.00986291
 -0.03127362   0.00982969
 -0.03123031   0.00979664
 -0.03118693   0.00976377
 -0.03114327   0.00973113
 -0.03109954   0.00969868
 -0.03105562   0.00966640
 -0.03101162   0.00963438
 -0.03096745   0.00960261
 -0.03092311   0.00957093
 -0.03087868   0.00953951
 -0.03083407   0.00950833
 -0.03078931   0.00947734
 -0.03074445   0.00944651
 -0.03069941   0.00941594
 -0.03065429   0.00938555
 -0.03060891   0.00935541
 -0.03056354   0.00932544
 -0.03051798   0.00929564
 -0.03047225   0.00926609
 -0.03042645   0.00923681
 -0.03038046   0.00920769
 -0.03033438   0.00917875
 -0.03028814   0.00915006
 -0.03024182   0.00912164
 -0.03019531   0.00909338
 -0.03014871   0.00906528
 -0.03010196   0.00903747
 -0.03005511   0.00900990
 -0.03000816   0.00898249
 -0.02996106   0.00895534
 -0.02991378   0.00892838
 -0.02986649   0.00890165
 -0.02981903   0.00887511
 -0.02977140   0.00884881
 -0.02972369   0.00882278
 -0.02967588   0.00879692
 -0.02962800   0.00877132
 -0.02957993   0.00874588
 -0.02953179   0.00872072
 -0.02948347   0.00869570
 -0.02943514   0.00867104
 -0.02938664   0.00864647
 -0.02933805   0.00862224
 -0.02928930   0.00859816
 -0.02924053   0.00857427
 -0.02919161   0.00855072
 -0.02914260   0.00852734
 -0.02909341   0.00850414
 -0.02904421   0.00848127
 -0.02899486   0.00845857
 -0.02894540   0.00843606
 -0.02889595   0.00841387
 -0.02884632   0.00839187
 -0.02879652   0.00837003
 -0.02874672   0.00834854
 -0.02869683   0.00832721
 -0.02864676   0.00830614
 -0.02859671   0.00828524
 -0.02854647   0.00826469
 -0.02849625   0.00824422
 -0.02844583   0.00822410
 -0.02839542   0.00820422
 -0.02834485   0.00818452
 -0.02829417   0.00816508
 -0.02824350   0.00814582
 -0.02819265   0.00812689
 -0.02814180   0.00810813
 -0.02809078   0.00808963
 -0.02803976   0.00807139
 -0.02798866   0.00805331
 -0.02793747   0.00803550
 -0.02788609   0.00801794
 -0.02783482   0.00800064
 -0.02778336   0.00798359
 -0.02773181   0.00796672
 -0.02768027   0.00795010
 -0.02762864   0.00793374
 -0.02757691   0.00791764
 -0.02752510   0.00790170
 -0.02747321   0.00788612
 -0.02742132   0.00787070
 -0.02736917   0.00785595
 -0.02731710   0.00784122
 -0.02726493   0.00782648
 -0.02721286   0.00781184
 -0.02716070   0.00779719
 -0.02710853   0.00778263
 -0.02705636   0.00776817
 -0.02700419   0.00775360
 -0.02695202   0.00773914
 -0.02689977   0.00772475
 -0.02684759   0.00771038
 -0.02679533   0.00769608
 -0.02674314   0.00768179
 -0.02669089   0.00766750
 -0.02663862   0.00765330
 -0.02658634   0.00763918
 -0.02653407   0.00762506
 -0.02648179   0.00761095
 -0.02642944   0.00759693
 -0.02637715   0.00758290
 -0.02632478   0.00756896
 -0.02627243   0.00755502
 -0.02622014   0.00754108
 -0.02616776   0.00752724
 -0.02611539   0.00751347
 -0.02606301   0.00749971
 -0.02601054   0.00748596
 -0.02595816   0.00747229
 -0.02590577   0.00745871
 -0.02585331   0.00744512
 -0.02580084   0.00743154
 -0.02574845   0.00741805
 -0.02569598   0.00740455
 -0.02564349   0.00739115
 -0.02559101   0.00737773
 -0.02553852   0.00736433
 -0.02548596   0.00735110
 -0.02543347   0.00733779
 -0.02538090   0.00732456
 -0.02532842   0.00731143
 -0.02527583   0.00729828
 -0.02522326   0.00728515
 -0.02517068   0.00727209
 -0.02511809   0.00725905
 -0.02506550   0.00724609
 -0.02501290   0.00723313
 -0.02496032   0.00722026
 -0.02490765   0.00720738
 -0.02485505   0.00719460
 -0.02480237   0.00718182
 -0.02474968   0.00716904
 -0.02469699   0.00715633
 -0.02464439   0.00714373
 -0.02459171   0.00713113
 -0.02453893   0.00711852
 -0.02448624   0.00710600
 -0.02443354   0.00709350
 -0.02438075   0.00708106
 -0.02432806   0.00706864
 -0.02427527   0.00705629
 -0.02422257   0.00704396
 -0.02416978   0.00703171
 -0.02411699   0.00701946
 -0.02406419   0.00700729
 -0.02401140   0.00699514
 -0.02395860   0.00698297
 -0.02390571   0.00697089
 -0.02385290   0.00695891
 -0.02380010   0.00694694
 -0.02374722   0.00693496
 -0.02369432   0.00692306
 -0.02364150   0.00691117
 -0.02358862   0.00689936
 -0.02353571   0.00688756
 -0.02348280   0.00687584
 -0.02342990   0.00686413
 -0.02337700   0.00685249
 -0.02332400   0.00684086
 -0.02327110   0.00682924
 -0.02321818   0.00681770
 -0.02316519   0.00680625
 -0.02311219   0.00679480
 -0.02305927   0.00678335
 -0.02300626   0.00677199
 -0.02295325   0.00676064
 -0.02290024   0.00674937
 -0.02284724   0.00673809
 -0.02279423   0.00672691
 -0.02274113   0.00671573
 -0.02268811   0.00670463
 -0.02263510   0.00669354
 -0.02258198   0.00668252
 -0.02252896   0.00667153
 -0.02247585   0.00666053
 -0.02242273   0.00664961
 -0.02236963   0.00663878
 -0.02231652   0.00662795
 -0.02226339   0.00661714
 -0.02221027   0.00660639
 -0.02215716   0.00659566
 -0.02210403   0.00658501
 -0.02205083   0.00657435
 -0.02199770   0.00656380
 -0.02194457   0.00655323
 -0.02189135   0.00654277
 -0.02183814   0.00653230
 -0.02178500   0.00652192
 -0.02173178   0.00651154
 -0.02167855   0.00650116
 -0.02162533   0.00649087
 -0.02157210   0.00648067
 -0.02151888   0.00647046
 -0.02146556   0.00646025
 -0.02141233   0.00645015
 -0.02135910   0.00644003
 -0.02130577   0.00643001
 -0.02125254   0.00641999
 -0.02119921   0.00641005
 -0.02114597   0.00640012
 -0.02109264   0.00639027
 -0.02103931   0.00638042
 -0.02098597   0.00637067
 -0.02093263   0.00636091
 -0.02087930   0.00635116
 -0.02082596   0.00634149
 -0.02077262   0.00633191
 -0.02071928   0.00632233
 -0.02066585   0.00631275
 -0.02061251   0.00630326
 -0.02055908   0.00629377
 -0.02050572   0.00628437
 -0.02045229   0.00627497
 -0.02039884   0.00626566
 -0.02034550   0.00625635
 -0.02029205   0.00624713
 -0.02023861   0.00623790
 -0.02018516   0.00622878
 -0.02013171   0.00621963
 -0.02007783   0.00621536
 -0.02002405   0.00621796
 -0.01997109   0.00622694
 -0.01991995   0.00624204
 -0.01987116   0.00626318
 -0.01982544   0.00628992
 -0.01978362   0.00632187
 -0.01974622   0.00635847
 -0.01971368   0.00639917
 -0.01968664   0.00644335
 -0.01966539   0.00649034
 -0.01965436   0.00652335
 -0.01964342   0.00655635
 -0.01963239   0.00658936
 -0.01962136   0.00662245
 -0.01961033   0.00665546
 -0.01959938   0.00668846
 -0.01958835   0.00672146
 -0.01957732   0.00675447
 -0.01956638   0.00678748
 -0.01955535   0.00682048
 -0.01954432   0.00685357
 -0.01953329   0.00688658
 -0.01952234   0.00691958
 -0.01951131   0.00695258
 -0.01950027   0.00698560
 -0.01948932   0.00701861
 -0.01947829   0.00705170
 -0.01946726   0.00708471
 -0.01945623   0.00711771
 -0.01944529   0.00715072
 -0.01943426   0.00718372
 -0.01942323   0.00721673
 -0.01941220   0.00724981
 -0.01940125   0.00728282
 -0.01939022   0.00731582
 -0.01937919   0.00734883
 -0.01936825   0.00738183
 -0.01935722   0.00741484
 -0.01934618   0.00744793
 -0.01933516   0.00748093
 -0.01932421   0.00751394
 -0.01931318   0.00754694
 -0.01930215   0.00757995
 -0.01929121   0.00761295
 -0.01928018   0.00764604
 -0.01926915   0.00767905
 -0.01925811   0.00771206
 -0.01924717   0.00774506
 -0.01923614   0.00777807
 -0.01922511   0.00781107
 -0.01921408   0.00784416
 -0.01920314   0.00787717
 -0.01919211   0.00791019
 -0.01918107   0.00794319
 -0.01917013   0.00797620
 -0.01915910   0.00800920
 -0.01914807   0.00804220
 -0.01913704   0.00807529
 -0.01912610   0.00810830
 -0.01911507   0.00814130
 -0.01910404   0.00817431
 -0.01909309   0.00820731
 -0.01908206   0.00824032
 -0.01907103   0.00827341
 -0.01906000   0.00830641
 -0.01904906   0.00833942
 -0.01903803   0.00837242
 -0.01902700   0.00840543
 -0.01901605   0.00843843
 -0.01900502   0.00847153
 -0.01899399   0.00850453
 -0.01898296   0.00853754
 -0.01897202   0.00857054
 -0.01896099   0.00860355
 -0.01894996   0.00863655
 -0.01893892   0.00866964
 -0.01892798   0.00870265
 -0.01891695   0.00873565
 -0.01890592   0.00876866
 -0.01889498   0.00880168
 -0.01888394   0.00883468
 -0.01887292   0.00886777
 -0.01886188   0.00890077
 -0.01885094   0.00893378
 -0.01883991   0.00896678
 -0.01882888   0.00899979
 -0.01881794   0.00903279
 -0.01880690   0.00906589
 -0.01879588   0.00909889
 -0.01878484   0.00913189
 -0.01877390   0.00916490
 -0.01876287   0.00919790
 -0.01875184   0.00923091
 -0.01874090   0.00926391
 -0.01872986   0.00929701
 -0.01871884   0.00933001
 -0.01870780   0.00936302
 -0.01869686   0.00939602
 -0.01868583   0.00942903
 -0.01867480   0.00946203
 -0.01866377   0.00949512
 -0.01865282   0.00952813
 -0.01864179   0.00956113
 -0.01863076   0.00959414
 -0.01861982   0.00962714
 -0.01860879   0.00966015
 -0.01859776   0.00969324
 -0.01858672   0.00972625
 -0.01857577   0.00975926
 -0.01856474   0.00979226
 -0.01855371   0.00982527
 -0.01854276   0.00985827
 -0.01853173   0.00989136
 -0.01852070   0.00992437
 -0.01850968   0.00995737
 -0.01849873   0.00999038
 -0.01848770   0.01002338
 -0.01847667   0.01005639
 -0.01846564   0.01008948
 -0.01845470   0.01012249
 -0.01844367   0.01015549
 -0.01843264   0.01018850
 -0.01842169   0.01022150
 -0.01841066   0.01025451
 -0.01839963   0.01028759
 -0.01838860   0.01032060
 -0.01837766   0.01035361
 -0.01836663   0.01038661
 -0.01835559   0.01041962
 -0.01834465   0.01045262
 -0.01833362   0.01048563
 -0.01832259   0.01051872
 -0.01831156   0.01055172
 -0.01830061   0.01058473
 -0.01828959   0.01061773
 -0.01827855   0.01065075
 -0.01826761   0.01068376
 -0.01825658   0.01071685
 -0.01824555   0.01074985
 -0.01823452   0.01078286
 -0.01822357   0.01081586
 -0.01821255   0.01084886
 -0.01820152   0.01088187
 -0.01819048   0.01091496
 -0.01817954   0.01094796
 -0.01816851   0.01098097
 -0.01815748   0.01101398
 -0.01814653   0.01104698
 -0.01813551   0.01107999
 -0.01812448   0.01111308
 -0.01811345   0.01114608
 -0.01810250   0.01117908
 -0.01809147   0.01121209
 -0.01808044   0.01124509
 -0.01806950   0.01127810
 -0.01805847   0.01131119
 -0.01804744   0.01134420
 -0.01803640   0.01137720
 -0.01802546   0.01141021
 -0.01801443   0.01144321
 -0.01800340   0.01147622
 -0.01799237   0.01150931
 -0.01798142   0.01154231
 -0.01797040   0.01157533
 -0.01795936   0.01160833
 -0.01794842   0.01164134
 -0.01793739   0.01167435
 -0.01792636   0.01170744
 -0.01791533   0.01174044
 -0.01790438   0.01177345
 -0.01789336   0.01180645
 -0.01788232   0.01183946
 -0.01787138   0.01187246
 -0.01786035   0.01190546
 -0.01784932   0.01193856
 -0.01783829   0.01197156
 -0.01782735   0.01200457
 -0.01781632   0.01203757
 -0.01780529   0.01207058
 -0.01779434   0.01210358
 -0.01778331   0.01213667
 -0.01777228   0.01216968
 -0.01776125   0.01220268
 -0.01775031   0.01223569
 -0.01773927   0.01226869
 -0.01772825   0.01230170
 -0.01771722   0.01233478
 -0.01770627   0.01236779
 -0.01769524   0.01240079
 -0.01768421   0.01243380
 -0.01767325   0.01246682
 -0.01766222   0.01249982
 -0.01765119   0.01253291
 -0.01764016   0.01256592
 -0.01762922   0.01259893
 -0.01761818   0.01263193
 -0.01760715   0.01266494
 -0.01759621   0.01269794
 -0.01758518   0.01273103
 -0.01757415   0.01276404
 -0.01756312   0.01279704
 -0.01755218   0.01283005
 -0.01754115   0.01286305
 -0.01753011   0.01289606
 -0.01751909   0.01292915
 -0.01750814   0.01296215
 -0.01749711   0.01299516
 -0.01748608   0.01302816
 -0.01747513   0.01306117
 -0.01746411   0.01309417
 -0.01745307   0.01312718
 -0.01744205   0.01316026
 -0.01743110   0.01319327
 -0.01742007   0.01322628
 -0.01740904   0.01325928
 -0.01739809   0.01329229
 -0.01738707   0.01332529
 -0.01737604   0.01335838
 -0.01736500   0.01339140
 -0.01735406   0.01342440
 -0.01734303   0.01345741
 -0.01733200   0.01349041
 -0.01732106   0.01352342
 -0.01731003   0.01355651
 -0.01729899   0.01358952
 -0.01728796   0.01362252
 -0.01727702   0.01365553
 -0.01726599   0.01368853
 -0.01725496   0.01372154
 -0.01724393   0.01375462
 -0.01723298   0.01378763
 -0.01722195   0.01382064
 -0.01721092   0.01385364
 -0.01719998   0.01388665
 -0.01718895   0.01391965
 -0.01717792   0.01395274
 -0.01716689   0.01398575
 -0.01715594   0.01401875
 -0.01714492   0.01405176
 -0.01713389   0.01408476
 -0.01712294   0.01411776
 -0.01711191   0.01415086
 -0.01710088   0.01418386
 -0.01708985   0.01421687
 -0.01707890   0.01424987
 -0.01706788   0.01428288
 -0.01705685   0.01431590
 -0.01704590   0.01434890
 -0.01703487   0.01438199
 -0.01702384   0.01441500
 -0.01701281   0.01444800
 -0.01700187   0.01448100
 -0.01699084   0.01451401
 -0.01697981   0.01454702
 -0.01696878   0.01458010
 -0.01695783   0.01461311
 -0.01694680   0.01464611
 -0.01693577   0.01467912
 -0.01692482   0.01471213
 -0.01691380   0.01474513
 -0.01690277   0.01477822
 -0.01689173   0.01481123
 -0.01688079   0.01484423
 -0.01686976   0.01487723
 -0.01685873   0.01491024
 -0.01684778   0.01494325
 -0.01683676   0.01497634
 -0.01682573   0.01500934
 -0.01681470   0.01504235
 -0.01680375   0.01507535
 -0.01679272   0.01510836
 -0.01678169   0.01514136
 -0.01677066   0.01517445
 -0.01675972   0.01520746
 -0.01674867   0.01524048
 -0.01673764   0.01527348
 -0.01672670   0.01530649
 -0.01671567   0.01533949
 -0.01670463   0.01537258
 -0.01669361   0.01540558
 -0.01668266   0.01543859
 -0.01667163   0.01547160
 -0.01666060   0.01550460
 -0.01664965   0.01553760
 -0.01663863   0.01557061
 -0.01662760   0.01560370
 -0.01661657   0.01563671
 -0.01660562   0.01566971
 -0.01659459   0.01570271
 -0.01658356   0.01573572
 -0.01657261   0.01576873
 -0.01656159   0.01580182
 -0.01655055   0.01583482
 -0.01653952   0.01586783
 -0.01652858   0.01590083
 -0.01651755   0.01593384
 -0.01650652   0.01596684
 -0.01649549   0.01599993
 -0.01648455   0.01603293
 -0.01647352   0.01606594
 -0.01646248   0.01609895
 -0.01645154   0.01613197
 -0.01644051   0.01616497
 -0.01642948   0.01619806
 -0.01641845   0.01623106
 -0.01640750   0.01626407
 -0.01639648   0.01629707
 -0.01638544   0.01633008
 -0.01637450   0.01636308
 -0.01636347   0.01639617
 -0.01635244   0.01642918
 -0.01634141   0.01646219
 -0.01633046   0.01649519
 -0.01631944   0.01652819
 -0.01630841   0.01656120
 -0.01629737   0.01659429
 -0.01628643   0.01662730
 -0.01627540   0.01666030
 -0.01626437   0.01669331
 -0.01625343   0.01672631
 -0.01624240   0.01675932
 -0.01623136   0.01679232
 -0.01622033   0.01682541
 -0.01620939   0.01685841
 -0.01619836   0.01689142
 -0.01618733   0.01692443
 -0.01617639   0.01695743
 -0.01616535   0.01699044
 -0.01615432   0.01702352
 -0.01614329   0.01705654
 -0.01613235   0.01708955
 -0.01612132   0.01712256
 -0.01611029   0.01715556
 -0.01609935   0.01718856
 -0.01608831   0.01722166
 -0.01607729   0.01725466
 -0.01606626   0.01728767
 -0.01605531   0.01732067
 -0.01604428   0.01735368
 -0.01603325   0.01738668
 -0.01602222   0.01741977
 -0.01601128   0.01745278
 -0.01600025   0.01748578
 -0.01598922   0.01751879
 -0.01597827   0.01755179
 -0.01596724   0.01758480
 -0.01595621   0.01761789
 -0.01594518   0.01765089
 -0.01593424   0.01768389
 -0.01592320   0.01771690
 -0.01591218   0.01774991
 -0.01590123   0.01778291
 -0.01589020   0.01781600
 -0.01587917   0.01784901
 -0.01586814   0.01788201
 -0.01585719   0.01791501
 -0.01584617   0.01794802
 -0.01583512   0.01798104
 -0.01582417   0.01801404
 -0.01581315   0.01804713
 -0.01580211   0.01808014
 -0.01579109   0.01811315
 -0.01578014   0.01814615
 -0.01576911   0.01817916
 -0.01575808   0.01821216
 -0.01574705   0.01824525
 -0.01573611   0.01827825
 -0.01572507   0.01831126
 -0.01571404   0.01834426
 -0.01570310   0.01837727
 -0.01569207   0.01841027
 -0.01568104   0.01844337
 -0.01567001   0.01847637
 -0.01565907   0.01850937
 -0.01564804   0.01854238
 -0.01563700   0.01857539
 -0.01562606   0.01860839
 -0.01561503   0.01864148
 -0.01560400   0.01867449
 -0.01559297   0.01870749
 -0.01558202   0.01874049
 -0.01557100   0.01877350
 -0.01555996   0.01880651
 -0.01554894   0.01883960
 -0.01553799   0.01887260
 -0.01552696   0.01890562
 -0.01551593   0.01893863
 -0.01550499   0.01897163
 -0.01549396   0.01900463
 -0.01548292   0.01903772
 -0.01547189   0.01907073
 -0.01546095   0.01910374
 -0.01544992   0.01913674
 -0.01543889   0.01916974
 -0.01542794   0.01920275
 -0.01541692   0.01923584
 -0.01540588   0.01926885
 -0.01539486   0.01930185
 -0.01538391   0.01933486
 -0.01537288   0.01936786
 -0.01536185   0.01940087
 -0.01535090   0.01943387
 -0.01533987   0.01946696
 -0.01532885   0.01949997
 -0.01531782   0.01953297
 -0.01530687   0.01956598
 -0.01529584   0.01959898
 -0.01528481   0.01963199
 -0.01527378   0.01966508
 -0.01526284   0.01969808
 -0.01525181   0.01973108
 -0.01524078   0.01976409
 -0.01522983   0.01979711
 -0.01521880   0.01983011
 -0.01520777   0.01986320
 -0.01519674   0.01989621
 -0.01518580   0.01992922
 -0.01517477   0.01996222
 -0.01516374   0.01999523
 -0.01515279   0.02002823
 -0.01514176   0.02006132
 -0.01513073   0.02009433
 -0.01511970   0.02012733
 -0.01510876   0.02016034
 -0.01509772   0.02019334
 -0.01508669   0.02022635
 -0.01507567   0.02025943
 -0.01506472   0.02029244
 -0.01505369   0.02032545
 -0.01504266   0.02035845
 -0.01503172   0.02039146
 -0.01502068   0.02042446
 -0.01500965   0.02045755
 -0.01499862   0.02049055
 -0.01498768   0.02052356
 -0.01497665   0.02055656
 -0.01496562   0.02058957
 -0.01495468   0.02062257
 -0.01494365   0.02065558
 -0.01493262   0.02068867
 -0.01492157   0.02072169
 -0.01491063   0.02075470
 -0.01489960   0.02078770
 -0.01488857   0.02082071
 -0.01487762   0.02085371
 -0.01486659   0.02088680
 -0.01485556   0.02091981
 -0.01484453   0.02095281
 -0.01483359   0.02098581
 -0.01482256   0.02101882
 -0.01481153   0.02105183
 -0.01480050   0.02108492
 -0.01478955   0.02111792
 -0.01477852   0.02115093
 -0.01476749   0.02118393
 -0.01475654   0.02121693
 -0.01474551   0.02124994
 -0.01473449   0.02128303
 -0.01472346   0.02131603
 -0.01471251   0.02134904
 -0.01470148   0.02138204
 -0.01469045   0.02141505
 -0.01467950   0.02144806
 -0.01466848   0.02148115
 -0.01465745   0.02151415
 -0.01464641   0.02154716
 -0.01463547   0.02158016
 -0.01462444   0.02161317
 -0.01461341   0.02164618
 -0.01460238   0.02167928
 -0.01459144   0.02171228
 -0.01458041   0.02174529
 -0.01456938   0.02177829
 -0.01455843   0.02181130
 -0.01454740   0.02184430
 -0.01453637   0.02187731
 -0.01452534   0.02191040
 -0.01451439   0.02194340
 -0.01450337   0.02197640
 -0.01449233   0.02200941
 -0.01448139   0.02204241
 -0.01447036   0.02207542
 -0.01445933   0.02210851
 -0.01444830   0.02214152
 -0.01443736   0.02217452
 -0.01442633   0.02220752
 -0.01441529   0.02224053
 -0.01440435   0.02227354
 -0.01439332   0.02230663
 -0.01438229   0.02233963
 -0.01437126   0.02237264
 -0.01436032   0.02240564
 -0.01434929   0.02243865
 -0.01433825   0.02247165
 -0.01432723   0.02250474
 -0.01431628   0.02253775
 -0.01430525   0.02257077
 -0.01429422   0.02260377
 -0.01428327   0.02263677
 -0.01427224   0.02266978
 -0.01426122   0.02270287
 -0.01425019   0.02273587
 -0.01423924   0.02276888
 -0.01422821   0.02280189
 -0.01421718   0.02283489
 -0.01420624   0.02286789
 -0.01419520   0.02290099
 -0.01418418   0.02293399
 -0.01417315   0.02296700
 -0.01416220   0.02300000
