 -0.03725000   0.02300000
 -0.03722835   0.02291339
 -0.03721730   0.02286937
 -0.03720628   0.02282535
 -0.03719527   0.02278136
 -0.03718429   0.02273728
 -0.03717318   0.02269329
 -0.03716216   0.02264927
 -0.03715115   0.02260529
 -0.03714003   0.02256130
 -0.03712898   0.02251728
 -0.03711793   0.02247330
 -0.03710688   0.02242931
 -0.03709573   0.02238533
 -0.03708468   0.02234128
 -0.03707360   0.02229729
 -0.03706251   0.02225330
 -0.03705136   0.02220932
 -0.03704027   0.02216534
 -0.03702919   0.02212135
 -0.03701801   0.02207737
 -0.03700689   0.02203338
 -0.03699577   0.02198943
 -0.03698465   0.02194538
 -0.03697346   0.02190140
 -0.03696231   0.02185745
 -0.03695118   0.02181346
 -0.03693996   0.02176951
 -0.03692881   0.02172552
 -0.03691766   0.02168157
 -0.03690650   0.02163763
 -0.03689525   0.02159364
 -0.03688405   0.02154963
 -0.03687290   0.02150567
 -0.03686171   0.02146173
 -0.03685042   0.02141778
 -0.03683923   0.02137383
 -0.03682800   0.02132988
 -0.03681675   0.02128593
 -0.03680553   0.02124198
 -0.03679430   0.02119802
 -0.03678307   0.02115401
 -0.03677175   0.02111009
 -0.03676052   0.02106614
 -0.03674927   0.02102220
 -0.03673794   0.02097828
 -0.03672668   0.02093433
 -0.03671539   0.02089041
 -0.03670412   0.02084647
 -0.03669277   0.02080255
 -0.03668150   0.02075857
 -0.03667021   0.02071465
 -0.03665891   0.02067071
 -0.03664752   0.02062679
 -0.03663623   0.02058288
 -0.03662490   0.02053896
 -0.03661350   0.02049505
 -0.03660217   0.02045113
 -0.03659084   0.02040721
 -0.03657951   0.02036327
 -0.03656808   0.02031936
 -0.03655675   0.02027544
 -0.03654539   0.02023156
 -0.03653396   0.02018765
 -0.03652256   0.02014373
 -0.03651119   0.02009985
 -0.03649983   0.02005597
 -0.03648836   0.02001206
 -0.03647696   0.01996811
 -0.03646556   0.01992423
 -0.03645416   0.01988035
 -0.03644266   0.01983643
 -0.03643126   0.01979256
 -0.03641982   0.01974868
 -0.03640832   0.01970479
 -0.03639689   0.01966095
 -0.03638545   0.01961701
 -0.03637398   0.01957313
 -0.03636249   0.01952925
 -0.03635102   0.01948540
 -0.03633955   0.01944152
 -0.03632801   0.01939768
 -0.03631654   0.01935380
 -0.03630503   0.01930995
 -0.03629357   0.01926607
 -0.03628199   0.01922216
 -0.03627049   0.01917832
 -0.03625899   0.01913447
 -0.03624745   0.01909063
 -0.03623588   0.01904678
 -0.03622433   0.01900294
 -0.03621279   0.01895909
 -0.03620119   0.01891525
 -0.03618965   0.01887140
 -0.03617811   0.01882749
 -0.03616657   0.01878368
 -0.03615493   0.01873984
 -0.03614336   0.01869602
 -0.03613178   0.01865218
 -0.03612014   0.01860837
 -0.03610856   0.01856452
 -0.03609696   0.01852072
 -0.03608535   0.01847691
 -0.03607371   0.01843303
 -0.03606210   0.01838922
 -0.03605045   0.01834541
 -0.03603884   0.01830160
 -0.03602717   0.01825779
 -0.03601552   0.01821398
 -0.03600387   0.01817017
 -0.03599217   0.01812640
 -0.03598052   0.01808258
 -0.03596884   0.01803871
 -0.03595719   0.01799494
 -0.03594545   0.01795113
 -0.03593377   0.01790735
 -0.03592209   0.01786358
 -0.03591034   0.01781980
 -0.03589867   0.01777599
 -0.03588695   0.01773221
 -0.03587527   0.01768844
 -0.03586349   0.01764460
 -0.03585178   0.01760082
 -0.03584002   0.01755709
 -0.03582831   0.01751331
 -0.03581653   0.01746953
 -0.03580478   0.01742580
 -0.03579290   0.01738202
 -0.03578082   0.01733835
 -0.03576862   0.01729470
 -0.03575619   0.01725109
 -0.03574359   0.01720761
 -0.03573076   0.01716410
 -0.03571774   0.01712061
 -0.03570453   0.01707727
 -0.03569118   0.01703392
 -0.03567764   0.01699070
 -0.03566388   0.01694751
 -0.03564995   0.01690435
 -0.03563585   0.01686127
 -0.03562156   0.01681821
 -0.03560704   0.01677525
 -0.03559236   0.01673232
 -0.03557748   0.01668949
 -0.03556244   0.01664670
 -0.03554721   0.01660397
 -0.03553178   0.01656134
 -0.03551616   0.01651874
 -0.03550036   0.01647620
 -0.03548441   0.01643373
 -0.03546824   0.01639133
 -0.03545193   0.01634908
 -0.03543535   0.01630681
 -0.03541866   0.01626460
 -0.03540182   0.01622256
 -0.03538470   0.01618048
 -0.03536748   0.01613856
 -0.03535009   0.01609661
 -0.03533245   0.01605482
 -0.03531468   0.01601311
 -0.03529667   0.01597145
 -0.03527857   0.01592982
 -0.03526017   0.01588830
 -0.03524165   0.01584694
 -0.03522300   0.01580561
 -0.03520414   0.01576435
 -0.03518510   0.01572314
 -0.03516583   0.01568204
 -0.03514646   0.01564104
 -0.03512692   0.01560007
 -0.03510712   0.01555926
 -0.03508720   0.01551848
 -0.03506714   0.01547784
 -0.03504680   0.01543726
 -0.03502641   0.01539675
 -0.03500574   0.01535629
 -0.03498494   0.01531598
 -0.03496400   0.01527579
 -0.03494277   0.01523559
 -0.03492151   0.01519557
 -0.03489996   0.01515564
 -0.03487837   0.01511578
 -0.03485649   0.01507601
 -0.03483448   0.01503638
 -0.03481231   0.01499677
 -0.03478997   0.01495727
 -0.03476744   0.01491789
 -0.03474475   0.01487864
 -0.03472192   0.01483947
 -0.03469890   0.01480035
 -0.03467568   0.01476140
 -0.03465231   0.01472248
 -0.03462883   0.01468369
 -0.03460513   0.01464507
 -0.03458123   0.01460647
 -0.03455720   0.01456804
 -0.03453304   0.01452968
 -0.03450868   0.01449141
 -0.03448416   0.01445324
 -0.03445948   0.01441519
 -0.03443463   0.01437729
 -0.03440966   0.01433944
 -0.03438449   0.01430176
 -0.03435916   0.01426418
 -0.03433366   0.01422666
 -0.03430800   0.01418930
 -0.03428214   0.01415204
 -0.03425626   0.01411488
 -0.03423005   0.01407785
 -0.03420380   0.01404091
 -0.03417736   0.01400408
 -0.03415075   0.01396744
 -0.03412395   0.01393087
 -0.03409713   0.01389446
 -0.03407003   0.01385808
 -0.03404277   0.01382189
 -0.03401539   0.01378580
 -0.03398784   0.01374981
 -0.03396019   0.01371393
 -0.03393238   0.01367820
 -0.03390438   0.01364263
 -0.03387624   0.01360713
 -0.03384795   0.01357176
 -0.03381949   0.01353652
 -0.03379086   0.01350141
 -0.03376211   0.01346643
 -0.03373325   0.01343158
 -0.03370421   0.01339690
 -0.03367499   0.01336224
 -0.03364572   0.01332782
 -0.03361621   0.01329342
 -0.03358658   0.01325926
 -0.03355685   0.01322515
 -0.03352686   0.01319125
 -0.03349683   0.01315741
 -0.03346661   0.01312370
 -0.03343629   0.01309019
 -0.03340581   0.01305674
 -0.03337516   0.01302351
 -0.03334439   0.01299033
 -0.03331349   0.01295737
 -0.03328242   0.01292444
 -0.03325125   0.01289174
 -0.03321992   0.01285916
 -0.03318849   0.01282672
 -0.03315691   0.01279442
 -0.03312512   0.01276223
 -0.03309323   0.01273018
 -0.03306125   0.01269827
 -0.03302911   0.01266658
 -0.03299687   0.01263492
 -0.03296440   0.01260349
 -0.03293186   0.01257215
 -0.03289920   0.01254098
 -0.03286637   0.01250994
 -0.03283351   0.01247909
 -0.03280042   0.01244838
 -0.03276720   0.01241773
 -0.03273392   0.01238728
 -0.03270044   0.01235701
 -0.03266689   0.01232686
 -0.03263322   0.01229685
 -0.03259938   0.01226702
 -0.03256540   0.01223738
 -0.03253134   0.01220777
 -0.03249717   0.01217839
 -0.03246278   0.01214914
 -0.03242835   0.01212008
 -0.03239380   0.01209110
 -0.03235914   0.01206234
 -0.03232430   0.01203374
 -0.03228938   0.01200527
 -0.03225433   0.01197696
 -0.03221923   0.01194879
 -0.03218388   0.01192077
 -0.03214852   0.01189292
 -0.03211298   0.01186520
 -0.03207738   0.01183767
 -0.03204165   0.01181035
 -0.03200579   0.01178312
 -0.03196987   0.01175605
 -0.03193378   0.01172917
 -0.03189759   0.01170246
 -0.03186130   0.01167585
 -0.03182489   0.01164946
 -0.03178841   0.01162321
 -0.03175173   0.01159715
 -0.03171506   0.01157121
 -0.03167822   0.01154542
 -0.03164125   0.01151981
 -0.03160425   0.01149444
 -0.03156709   0.01146915
 -0.03152982   0.01144401
 -0.03149246   0.01141908
 -0.03145504   0.01139436
 -0.03141745   0.01136977
 -0.03137979   0.01134527
 -0.03134204   0.01132103
 -0.03130419   0.01129696
 -0.03126624   0.01127301
 -0.03122820   0.01124926
 -0.03119002   0.01122568
 -0.03115181   0.01120225
 -0.03111347   0.01117899
 -0.03107500   0.01115589
 -0.03103646   0.01113302
 -0.03099786   0.01111028
 -0.03095920   0.01108774
 -0.03092037   0.01106532
 -0.03088151   0.01104314
 -0.03084249   0.01102105
 -0.03080346   0.01099922
 -0.03076431   0.01097749
 -0.03072505   0.01095602
 -0.03068570   0.01093464
 -0.03064631   0.01091343
 -0.03060683   0.01089248
 -0.03056726   0.01087166
 -0.03052755   0.01085101
 -0.03048783   0.01083057
 -0.03044800   0.01081027
 -0.03040806   0.01079014
 -0.03036815   0.01077023
 -0.03032808   0.01075049
 -0.03028788   0.01073087
 -0.03024768   0.01071152
 -0.03020741   0.01069229
 -0.03016699   0.01067326
 -0.03012659   0.01065436
 -0.03008603   0.01063576
 -0.03004550   0.01061718
 -0.03000481   0.01059890
 -0.02996412   0.01058078
 -0.02992331   0.01056283
 -0.02988239   0.01054506
 -0.02984150   0.01052744
 -0.02980045   0.01051006
 -0.02975940   0.01049282
 -0.02971822   0.01047581
 -0.02967704   0.01045896
 -0.02963579   0.01044224
 -0.02959449   0.01042575
 -0.02955301   0.01040946
 -0.02951164   0.01039336
 -0.02947010   0.01037746
 -0.02942849   0.01036168
 -0.02938689   0.01034610
 -0.02934522   0.01033072
 -0.02930345   0.01031556
 -0.02926164   0.01030050
 -0.02921975   0.01028574
 -0.02917788   0.01027110
 -0.02913579   0.01025695
 -0.02909375   0.01024284
 -0.02905163   0.01022872
 -0.02900959   0.01021471
 -0.02896750   0.01020065
 -0.02892537   0.01018667
 -0.02888324   0.01017279
 -0.02884111   0.01015880
 -0.02879898   0.01014492
 -0.02875679   0.01013110
 -0.02871466   0.01011728
 -0.02867243   0.01010352
 -0.02863026   0.01008977
 -0.02858807   0.01007604
 -0.02854584   0.01006235
 -0.02850360   0.01004876
 -0.02846137   0.01003514
 -0.02841911   0.01002155
 -0.02837682   0.01000803
 -0.02833455   0.00999450
 -0.02829222   0.00998104
 -0.02824993   0.00996758
 -0.02820766   0.00995412
 -0.02816530   0.00994076
 -0.02812297   0.00992743
 -0.02808064   0.00991413
 -0.02803821   0.00990084
 -0.02799584   0.00988761
 -0.02795347   0.00987445
 -0.02791104   0.00986128
 -0.02786862   0.00984812
 -0.02782625   0.00983505
 -0.02778382   0.00982195
 -0.02774135   0.00980895
 -0.02769889   0.00979592
 -0.02765642   0.00978291
 -0.02761389   0.00977004
 -0.02757143   0.00975711
 -0.02752890   0.00974424
 -0.02748644   0.00973147
 -0.02744387   0.00971867
 -0.02740134   0.00970589
 -0.02735877   0.00969315
 -0.02731621   0.00968045
 -0.02727364   0.00966781
 -0.02723104   0.00965517
 -0.02718848   0.00964260
 -0.02714585   0.00963002
 -0.02710325   0.00961754
 -0.02706058   0.00960503
 -0.02701792   0.00959256
 -0.02697526   0.00958012
 -0.02693266   0.00956777
 -0.02688999   0.00955542
 -0.02684723   0.00954308
 -0.02680456   0.00953080
 -0.02676186   0.00951855
 -0.02671909   0.00950634
 -0.02667640   0.00949416
 -0.02663363   0.00948201
 -0.02659093   0.00946990
 -0.02654816   0.00945785
 -0.02650537   0.00944579
 -0.02646257   0.00943381
 -0.02641980   0.00942186
 -0.02637700   0.00940988
 -0.02633413   0.00939795
 -0.02629130   0.00938614
 -0.02624850   0.00937432
 -0.02620564   0.00936250
 -0.02616273   0.00935074
 -0.02611990   0.00933899
 -0.02607703   0.00932729
 -0.02603414   0.00931564
 -0.02599120   0.00930401
 -0.02594830   0.00929243
 -0.02590540   0.00928087
 -0.02586240   0.00926934
 -0.02581950   0.00925782
 -0.02577657   0.00924636
 -0.02573357   0.00923499
 -0.02569057   0.00922360
 -0.02564763   0.00921221
 -0.02560460   0.00920091
 -0.02556159   0.00918962
 -0.02551856   0.00917839
 -0.02547556   0.00916715
 -0.02543252   0.00915599
 -0.02538943   0.00914483
 -0.02534639   0.00913373
 -0.02530336   0.00912266
 -0.02526022   0.00911162
 -0.02521718   0.00910063
 -0.02517405   0.00908963
 -0.02513091   0.00907869
 -0.02508781   0.00906782
 -0.02504468   0.00905695
 -0.02500151   0.00904612
 -0.02495837   0.00903531
 -0.02491524   0.00902454
 -0.02487207   0.00901383
 -0.02482887   0.00900309
 -0.02478570   0.00899245
 -0.02474253   0.00898182
 -0.02469929   0.00897128
 -0.02465606   0.00896070
 -0.02461286   0.00895022
 -0.02456962   0.00893972
 -0.02452635   0.00892924
 -0.02448312   0.00891883
 -0.02443984   0.00890849
 -0.02439658   0.00889814
 -0.02435324   0.00888780
 -0.02430997   0.00887755
 -0.02426670   0.00886727
 -0.02422333   0.00885709
 -0.02418006   0.00884691
 -0.02413669   0.00883679
 -0.02409339   0.00882668
 -0.02405002   0.00881663
 -0.02400665   0.00880658
 -0.02396327   0.00879663
 -0.02391987   0.00878665
 -0.02387650   0.00877670
 -0.02383309   0.00876681
 -0.02378973   0.00875699
 -0.02374632   0.00874717
 -0.02370285   0.00873735
 -0.02365945   0.00872760
 -0.02361598   0.00871787
 -0.02357254   0.00870819
 -0.02352906   0.00869853
 -0.02348556   0.00868894
 -0.02344215   0.00867935
 -0.02339865   0.00866983
 -0.02335514   0.00866030
 -0.02331164   0.00865088
 -0.02326813   0.00864141
 -0.02322427   0.00863570
 -0.02318051   0.00863524
 -0.02313735   0.00863966
 -0.02309561   0.00864876
 -0.02305564   0.00866247
 -0.02301802   0.00868048
 -0.02298338   0.00870248
 -0.02295212   0.00872803
 -0.02292457   0.00875673
 -0.02290122   0.00878809
 -0.02288231   0.00882160
 -0.02287284   0.00884995
 -0.02286344   0.00887829
 -0.02285397   0.00890664
 -0.02284449   0.00893505
 -0.02283503   0.00896340
 -0.02282562   0.00899174
 -0.02281615   0.00902009
 -0.02280668   0.00904843
 -0.02279727   0.00907678
 -0.02278781   0.00910512
 -0.02277833   0.00913353
 -0.02276886   0.00916187
 -0.02275946   0.00919022
 -0.02274999   0.00921856
 -0.02274049   0.00924694
 -0.02273108   0.00927529
 -0.02272161   0.00930370
 -0.02271214   0.00933205
 -0.02270267   0.00936039
 -0.02269326   0.00938873
 -0.02268380   0.00941708
 -0.02267433   0.00944543
 -0.02266485   0.00947383
 -0.02265545   0.00950218
 -0.02264598   0.00953053
 -0.02263651   0.00955887
 -0.02262711   0.00958721
 -0.02261764   0.00961556
 -0.02260817   0.00964397
 -0.02259869   0.00967231
 -0.02258929   0.00970066
 -0.02257982   0.00972900
 -0.02257035   0.00975735
 -0.02256095   0.00978570
 -0.02255147   0.00981411
 -0.02254201   0.00984245
 -0.02253253   0.00987079
 -0.02252313   0.00989914
 -0.02251366   0.00992748
 -0.02250419   0.00995583
 -0.02249472   0.00998424
 -0.02248531   0.01001259
 -0.02247585   0.01004097
 -0.02246638   0.01006931
 -0.02245697   0.01009766
 -0.02244750   0.01012600
 -0.02243803   0.01015434
 -0.02242856   0.01018276
 -0.02241916   0.01021110
 -0.02240969   0.01023945
 -0.02240022   0.01026779
 -0.02239081   0.01029614
 -0.02238134   0.01032448
 -0.02237187   0.01035289
 -0.02236240   0.01038124
 -0.02235300   0.01040958
 -0.02234352   0.01043793
 -0.02233405   0.01046627
 -0.02232465   0.01049462
 -0.02231518   0.01052303
 -0.02230571   0.01055137
 -0.02229624   0.01057972
 -0.02228684   0.01060806
 -0.02227737   0.01063641
 -0.02226790   0.01066475
 -0.02225842   0.01069316
 -0.02224902   0.01072151
 -0.02223955   0.01074985
 -0.02223008   0.01077820
 -0.02222068   0.01080658
 -0.02221121   0.01083492
 -0.02220174   0.01086333
 -0.02219226   0.01089168
 -0.02218286   0.01092002
 -0.02217339   0.01094837
 -0.02216392   0.01097671
 -0.02215452   0.01100506
 -0.02214505   0.01103347
 -0.02213557   0.01106181
 -0.02212611   0.01109015
 -0.02211670   0.01111850
 -0.02210723   0.01114684
 -0.02209776   0.01117519
 -0.02208836   0.01120354
 -0.02207888   0.01123195
 -0.02206941   0.01126029
 -0.02205994   0.01128864
 -0.02205054   0.01131698
 -0.02204107   0.01134533
 -0.02203160   0.01137367
 -0.02202213   0.01140208
 -0.02201273   0.01143043
 -0.02200325   0.01145877
 -0.02199378   0.01148711
 -0.02198438   0.01151546
 -0.02197491   0.01154381
 -0.02196544   0.01157222
 -0.02195593   0.01160059
 -0.02194653   0.01162894
 -0.02193706   0.01165729
 -0.02192759   0.01168563
 -0.02191819   0.01171398
 -0.02190871   0.01174238
 -0.02189924   0.01177073
 -0.02188978   0.01179907
 -0.02188037   0.01182742
 -0.02187090   0.01185577
 -0.02186143   0.01188411
 -0.02185196   0.01191252
 -0.02184256   0.01194087
 -0.02183309   0.01196921
 -0.02182362   0.01199756
 -0.02181421   0.01202590
 -0.02180474   0.01205425
 -0.02179527   0.01208265
 -0.02178580   0.01211100
 -0.02177639   0.01213935
 -0.02176693   0.01216769
 -0.02175745   0.01219604
 -0.02174805   0.01222438
 -0.02173858   0.01225272
 -0.02172911   0.01228113
 -0.02171964   0.01230948
 -0.02171023   0.01233783
 -0.02170077   0.01236617
 -0.02169129   0.01239455
 -0.02168189   0.01242290
 -0.02167242   0.01245131
 -0.02166295   0.01247965
 -0.02165348   0.01250799
 -0.02164407   0.01253634
 -0.02163461   0.01256468
 -0.02162514   0.01259303
 -0.02161566   0.01262144
 -0.02160626   0.01264979
 -0.02159679   0.01267813
 -0.02158732   0.01270648
 -0.02157792   0.01273482
 -0.02156844   0.01276317
 -0.02155898   0.01279158
 -0.02154951   0.01281992
 -0.02154010   0.01284826
 -0.02153063   0.01287661
 -0.02152116   0.01290495
 -0.02151176   0.01293330
 -0.02150229   0.01296171
 -0.02149281   0.01299006
 -0.02148335   0.01301840
 -0.02147394   0.01304675
 -0.02146447   0.01307509
 -0.02145500   0.01310344
 -0.02144553   0.01313185
 -0.02143613   0.01316019
 -0.02142665   0.01318857
 -0.02141718   0.01321691
 -0.02140778   0.01324526
 -0.02139831   0.01327361
 -0.02138884   0.01330202
 -0.02137937   0.01333036
 -0.02136996   0.01335871
 -0.02136050   0.01338705
 -0.02135102   0.01341540
 -0.02134162   0.01344374
 -0.02133215   0.01347208
 -0.02132268   0.01350050
 -0.02131321   0.01352884
 -0.02130381   0.01355718
 -0.02129434   0.01358553
 -0.02128487   0.01361388
 -0.02127546   0.01364222
 -0.02126599   0.01367063
 -0.02125652   0.01369898
 -0.02124705   0.01372732
 -0.02123764   0.01375567
 -0.02122818   0.01378401
 -0.02121870   0.01381236
 -0.02120924   0.01384077
 -0.02119983   0.01386911
 -0.02119036   0.01389746
 -0.02118089   0.01392580
 -0.02117145   0.01395418
 -0.02116198   0.01398252
 -0.02115251   0.01401093
 -0.02114304   0.01403928
 -0.02113364   0.01406763
 -0.02112417   0.01409597
 -0.02111469   0.01412432
 -0.02110529   0.01415266
 -0.02109582   0.01418107
 -0.02108635   0.01420942
 -0.02107688   0.01423776
 -0.02106747   0.01426610
 -0.02105800   0.01429445
 -0.02104854   0.01432280
 -0.02103906   0.01435121
 -0.02102966   0.01437955
 -0.02102019   0.01440790
 -0.02101072   0.01443624
 -0.02100132   0.01446458
 -0.02099185   0.01449293
 -0.02098237   0.01452128
 -0.02097291   0.01454969
 -0.02096350   0.01457803
 -0.02095403   0.01460638
 -0.02094456   0.01463472
 -0.02093516   0.01466306
 -0.02092569   0.01469141
 -0.02091622   0.01471982
 -0.02090675   0.01474820
 -0.02089734   0.01477654
 -0.02088787   0.01480489
 -0.02087840   0.01483324
 -0.02086900   0.01486158
 -0.02085953   0.01488999
 -0.02085005   0.01491834
 -0.02084059   0.01494668
 -0.02083118   0.01497502
 -0.02082171   0.01500337
 -0.02081224   0.01503171
 -0.02080277   0.01506012
 -0.02079337   0.01508847
 -0.02078389   0.01511681
 -0.02077442   0.01514516
 -0.02076502   0.01517351
 -0.02075555   0.01520185
 -0.02074608   0.01523026
 -0.02073661   0.01525861
 -0.02072720   0.01528695
 -0.02071774   0.01531530
 -0.02070827   0.01534364
 -0.02069886   0.01537198
 -0.02068939   0.01540040
 -0.02067992   0.01542874
 -0.02067045   0.01545708
 -0.02066104   0.01548543
 -0.02065158   0.01551378
 -0.02064210   0.01554216
 -0.02063270   0.01557050
 -0.02062323   0.01559891
 -0.02061376   0.01562726
 -0.02060429   0.01565560
 -0.02059489   0.01568394
 -0.02058541   0.01571229
 -0.02057594   0.01574064
 -0.02056648   0.01576904
 -0.02055707   0.01579739
 -0.02054760   0.01582574
 -0.02053813   0.01585408
 -0.02052872   0.01588242
 -0.02051926   0.01591077
 -0.02050978   0.01593918
 -0.02050031   0.01596753
 -0.02049091   0.01599587
 -0.02048144   0.01602422
 -0.02047197   0.01605256
 -0.02046256   0.01608091
 -0.02045310   0.01610931
 -0.02044363   0.01613766
 -0.02043415   0.01616601
 -0.02042475   0.01619435
 -0.02041528   0.01622270
 -0.02040581   0.01625104
 -0.02039634   0.01627945
 -0.02038694   0.01630780
 -0.02037743   0.01633618
 -0.02036796   0.01636452
 -0.02035856   0.01639287
 -0.02034908   0.01642121
 -0.02033962   0.01644962
 -0.02033014   0.01647797
 -0.02032074   0.01650631
 -0.02031127   0.01653466
 -0.02030180   0.01656300
 -0.02029240   0.01659135
 -0.02028293   0.01661969
 -0.02027346   0.01664810
 -0.02026398   0.01667644
 -0.02025458   0.01670479
 -0.02024511   0.01673314
 -0.02023564   0.01676148
 -0.02022623   0.01678982
 -0.02021677   0.01681824
 -0.02020730   0.01684658
 -0.02019783   0.01687492
 -0.02018842   0.01690327
 -0.02017895   0.01693162
 -0.02016948   0.01695996
 -0.02016001   0.01698837
 -0.02015060   0.01701671
 -0.02014113   0.01704506
 -0.02013167   0.01707341
 -0.02012226   0.01710179
 -0.02011279   0.01713013
 -0.02010332   0.01715854
 -0.02009385   0.01718688
 -0.02008444   0.01721523
 -0.02007498   0.01724358
 -0.02006551   0.01727192
 -0.02005610   0.01730026
 -0.02004663   0.01732868
 -0.02003716   0.01735702
 -0.02002769   0.01738537
 -0.02001829   0.01741371
 -0.02000882   0.01744206
 -0.01999935   0.01747040
 -0.01998988   0.01749881
 -0.01998047   0.01752716
 -0.01997100   0.01755550
 -0.01996153   0.01758385
 -0.01995213   0.01761219
 -0.01994266   0.01764054
 -0.01993318   0.01766888
 -0.01992372   0.01769729
 -0.01991431   0.01772563
 -0.01990484   0.01775398
 -0.01989537   0.01778232
 -0.01988596   0.01781067
 -0.01987650   0.01783902
 -0.01986702   0.01786742
 -0.01985755   0.01789581
 -0.01984815   0.01792415
 -0.01983868   0.01795249
 -0.01982921   0.01798084
 -0.01981980   0.01800919
 -0.01981033   0.01803760
 -0.01980087   0.01806594
 -0.01979140   0.01809429
 -0.01978199   0.01812263
 -0.01977252   0.01815098
 -0.01976305   0.01817932
 -0.01975358   0.01820773
 -0.01974418   0.01823608
 -0.01973471   0.01826442
 -0.01972524   0.01829277
 -0.01971583   0.01832111
 -0.01970636   0.01834946
 -0.01969689   0.01837787
 -0.01968742   0.01840621
 -0.01967802   0.01843455
 -0.01966854   0.01846290
 -0.01965908   0.01849125
 -0.01964967   0.01851959
 -0.01964020   0.01854800
 -0.01963073   0.01857635
 -0.01962126   0.01860469
 -0.01961185   0.01863303
 -0.01960239   0.01866138
 -0.01959288   0.01868976
 -0.01958347   0.01871810
 -0.01957400   0.01874651
 -0.01956454   0.01877486
 -0.01955506   0.01880321
 -0.01954566   0.01883155
 -0.01953619   0.01885990
 -0.01952672   0.01888824
 -0.01951725   0.01891665
 -0.01950784   0.01894499
 -0.01949837   0.01897334
 -0.01948891   0.01900169
 -0.01947950   0.01903003
 -0.01947003   0.01905837
 -0.01946056   0.01908678
 -0.01945109   0.01911513
 -0.01944169   0.01914348
 -0.01943221   0.01917182
 -0.01942275   0.01920016
 -0.01941334   0.01922851
 -0.01940387   0.01925692
 -0.01939440   0.01928526
 -0.01938493   0.01931361
 -0.01937553   0.01934196
 -0.01936606   0.01937030
 -0.01935658   0.01939865
 -0.01934711   0.01942706
 -0.01933771   0.01945540
 -0.01932824   0.01948378
 -0.01931877   0.01951213
 -0.01930937   0.01954047
 -0.01929990   0.01956881
 -0.01929043   0.01959722
 -0.01928096   0.01962557
 -0.01927155   0.01965391
 -0.01926208   0.01968226
 -0.01925261   0.01971060
 -0.01924320   0.01973895
 -0.01923374   0.01976736
 -0.01922427   0.01979571
 -0.01921480   0.01982405
 -0.01920539   0.01985240
 -0.01919592   0.01988074
 -0.01918645   0.01990909
 -0.01917705   0.01993743
 -0.01916757   0.01996584
 -0.01915810   0.01999419
 -0.01914864   0.02002253
 -0.01913923   0.02005087
 -0.01912976   0.02007922
 -0.01912029   0.02010757
 -0.01911082   0.02013598
 -0.01910142   0.02016432
 -0.01909194   0.02019266
 -0.01908248   0.02022101
 -0.01907307   0.02024939
 -0.01906360   0.02027773
 -0.01905413   0.02030615
 -0.01904466   0.02033449
 -0.01903526   0.02036283
 -0.01902579   0.02039118
 -0.01901631   0.02041953
 -0.01900691   0.02044787
 -0.01899744   0.02047628
 -0.01898797   0.02050463
 -0.01897850   0.02053297
 -0.01896909   0.02056132
 -0.01895963   0.02058966
 -0.01895016   0.02061801
 -0.01894068   0.02064641
 -0.01893128   0.02067476
 -0.01892181   0.02070310
 -0.01891234   0.02073145
 -0.01890294   0.02075980
 -0.01889347   0.02078814
 -0.01888400   0.02081655
 -0.01887453   0.02084489
 -0.01886512   0.02087324
 -0.01885565   0.02090159
 -0.01884618   0.02092993
 -0.01883678   0.02095827
 -0.01882731   0.02098662
 -0.01881784   0.02101503
 -0.01880833   0.02104341
 -0.01879893   0.02107176
 -0.01878946   0.02110010
 -0.01877998   0.02112844
 -0.01877058   0.02115679
 -0.01876111   0.02118520
 -0.01875164   0.02121355
 -0.01874217   0.02124189
 -0.01873276   0.02127023
 -0.01872330   0.02129858
 -0.01871383   0.02132693
 -0.01870435   0.02135534
 -0.01869495   0.02138368
 -0.01868548   0.02141203
 -0.01867601   0.02144037
 -0.01866660   0.02146871
 -0.01865713   0.02149706
 -0.01864767   0.02152547
 -0.01863820   0.02155381
 -0.01862879   0.02158216
 -0.01861932   0.02161050
 -0.01860985   0.02163885
 -0.01860044   0.02166720
 -0.01859098   0.02169561
 -0.01858150   0.02172395
 -0.01857204   0.02175230
 -0.01856263   0.02178064
 -0.01855316   0.02180898
 -0.01854369   0.02183737
 -0.01853422   0.02186578
 -0.01852482   0.02189412
 -0.01851534   0.02192246
 -0.01850588   0.02195081
 -0.01849647   0.02197916
 -0.01848700   0.02200750
 -0.01847753   0.02203585
 -0.01846806   0.02206426
 -0.01845866   0.02209260
 -0.01844919   0.02212094
 -0.01843971   0.02214929
 -0.01843031   0.02217764
 -0.01842084   0.02220598
 -0.01841137   0.02223439
 -0.01840190   0.02226274
 -0.01839250   0.02229108
 -0.01838303   0.02231943
 -0.01837356   0.02234777
 -0.01836415   0.02237611
 -0.01835468   0.02240453
 -0.01834521   0.02243287
 -0.01833574   0.02246122
 -0.01832633   0.02248956
 -0.01831686   0.02251791
 -0.01830740   0.02254625
 -0.01829793   0.02257466
 -0.01828852   0.02260300
 -0.01827905   0.02263139
 -0.01826958   0.02265973
 -0.01826018   0.02268807
 -0.01825070   0.02271642
 -0.01824124   0.02274483
 -0.01823177   0.02277318
 -0.01822236   0.02280152
 -0.01821289   0.02282986
 -0.01820342   0.02285821
 -0.01819402   0.02288655
 -0.01818455   0.02291496
 -0.01817508   0.02294331
 -0.01816561   0.02297166
 -0.01815620   0.02300000
