 -0.03725000   0.02300000
 -0.03723166   0.02292662
 -0.03721331   0.02285332
 -0.03719497   0.02277995
 -0.03717662   0.02270657
 -0.03715828   0.02263327
 -0.03714001   0.02255989
 -0.03712167   0.02248650
 -0.03710332   0.02241322
 -0.03708498   0.02233984
 -0.03706664   0.02226654
 -0.03704829   0.02219316
 -0.03702995   0.02211978
 -0.03701160   0.02204649
 -0.03699326   0.02197311
 -0.03697491   0.02189972
 -0.03695657   0.02182643
 -0.03693830   0.02175305
 -0.03691996   0.02167967
 -0.03690161   0.02160638
 -0.03688327   0.02153300
 -0.03686493   0.02145961
 -0.03684658   0.02138632
 -0.03682824   0.02131294
 -0.03680989   0.02123965
 -0.03679155   0.02116627
 -0.03677320   0.02109288
 -0.03675486   0.02101959
 -0.03673650   0.02094622
 -0.03671825   0.02087283
 -0.03669991   0.02079954
 -0.03668156   0.02072616
 -0.03666322   0.02065277
 -0.03664487   0.02057949
 -0.03662653   0.02050610
 -0.03660818   0.02043272
 -0.03658984   0.02035943
 -0.03657149   0.02028604
 -0.03655314   0.02021267
 -0.03653479   0.02013938
 -0.03651654   0.02006599
 -0.03649820   0.01999270
 -0.03647985   0.01991931
 -0.03646151   0.01984594
 -0.03644316   0.01977265
 -0.03642482   0.01969926
 -0.03640647   0.01962588
 -0.03638813   0.01955259
 -0.03636978   0.01947921
 -0.03635143   0.01940583
 -0.03633309   0.01933253
 -0.03631483   0.01925915
 -0.03629649   0.01918577
 -0.03627814   0.01911248
 -0.03625980   0.01903910
 -0.03624145   0.01896572
 -0.03622311   0.01889242
 -0.03620476   0.01881904
 -0.03618642   0.01874576
 -0.03616807   0.01867237
 -0.03614972   0.01859899
 -0.03613138   0.01852569
 -0.03611303   0.01845231
 -0.03609478   0.01837894
 -0.03607643   0.01830564
 -0.03605809   0.01823226
 -0.03603974   0.01815888
 -0.03602140   0.01808558
 -0.03600305   0.01801221
 -0.03598471   0.01793882
 -0.03596637   0.01786553
 -0.03594801   0.01779215
 -0.03592967   0.01771885
 -0.03591132   0.01764548
 -0.03589307   0.01757210
 -0.03587472   0.01749880
 -0.03585638   0.01742542
 -0.03583803   0.01735203
 -0.03581969   0.01727875
 -0.03580134   0.01720537
 -0.03578300   0.01713198
 -0.03576466   0.01705869
 -0.03574630   0.01698531
 -0.03572796   0.01691193
 -0.03570961   0.01683864
 -0.03569136   0.01676526
 -0.03567301   0.01669187
 -0.03565467   0.01661858
 -0.03563632   0.01654520
 -0.03561798   0.01647191
 -0.03559964   0.01639853
 -0.03558129   0.01632514
 -0.03556294   0.01625185
 -0.03554459   0.01617848
 -0.03552625   0.01610509
 -0.03550790   0.01603180
 -0.03548965   0.01595841
 -0.03547130   0.01588503
 -0.03545296   0.01581175
 -0.03543461   0.01573836
 -0.03541627   0.01566498
 -0.03539793   0.01559169
 -0.03537958   0.01551830
 -0.03536123   0.01544493
 -0.03534288   0.01537163
 -0.03532454   0.01529825
 -0.03530619   0.01522496
 -0.03528785   0.01515157
 -0.03526959   0.01507820
 -0.03525125   0.01500491
 -0.03523291   0.01493152
 -0.03521456   0.01485814
 -0.03519622   0.01478484
 -0.03517787   0.01471147
 -0.03515952   0.01463809
 -0.03514117   0.01456479
 -0.03512283   0.01449141
 -0.03510444   0.01441805
 -0.03508598   0.01434478
 -0.03506753   0.01427145
 -0.03504894   0.01419823
 -0.03502999   0.01412502
 -0.03501071   0.01405192
 -0.03499092   0.01397894
 -0.03497080   0.01390606
 -0.03495024   0.01383330
 -0.03492916   0.01376065
 -0.03490775   0.01368820
 -0.03488591   0.01361578
 -0.03486354   0.01354356
 -0.03484085   0.01347145
 -0.03481773   0.01339954
 -0.03479419   0.01332766
 -0.03477021   0.01325599
 -0.03474582   0.01318442
 -0.03472100   0.01311298
 -0.03469574   0.01304174
 -0.03467008   0.01297062
 -0.03464406   0.01289971
 -0.03461754   0.01282892
 -0.03459068   0.01275824
 -0.03456331   0.01268777
 -0.03453560   0.01261742
 -0.03450747   0.01254729
 -0.03447891   0.01247727
 -0.03445002   0.01240747
 -0.03442062   0.01233788
 -0.03439089   0.01226840
 -0.03436073   0.01219905
 -0.03433015   0.01212991
 -0.03429915   0.01206099
 -0.03426772   0.01199228
 -0.03423597   0.01192369
 -0.03420379   0.01185532
 -0.03417119   0.01178708
 -0.03413817   0.01171913
 -0.03410481   0.01165132
 -0.03407105   0.01158372
 -0.03403685   0.01151634
 -0.03400225   0.01144909
 -0.03396730   0.01138213
 -0.03393194   0.01131531
 -0.03389626   0.01124880
 -0.03386005   0.01118242
 -0.03382361   0.01111627
 -0.03378667   0.01105032
 -0.03374939   0.01098460
 -0.03371170   0.01091910
 -0.03367368   0.01085382
 -0.03363516   0.01078876
 -0.03359639   0.01072402
 -0.03355722   0.01065940
 -0.03351761   0.01059501
 -0.03347769   0.01053093
 -0.03343736   0.01046708
 -0.03339661   0.01040336
 -0.03335553   0.01033995
 -0.03331413   0.01027686
 -0.03327231   0.01021391
 -0.03323017   0.01015127
 -0.03318761   0.01008886
 -0.03314474   0.01002666
 -0.03310145   0.00996479
 -0.03305784   0.00990306
 -0.03301381   0.00984174
 -0.03296946   0.00978055
 -0.03292480   0.00971968
 -0.03287972   0.00965913
 -0.03283432   0.00959871
 -0.03278860   0.00953872
 -0.03274247   0.00947886
 -0.03269602   0.00941931
 -0.03264926   0.00936010
 -0.03260208   0.00930110
 -0.03255458   0.00924243
 -0.03250677   0.00918400
 -0.03245854   0.00912589
 -0.03241009   0.00906800
 -0.03236123   0.00901044
 -0.03231197   0.00895321
 -0.03226248   0.00889620
 -0.03221268   0.00883952
 -0.03216247   0.00878307
 -0.03211194   0.00872695
 -0.03206110   0.00867116
 -0.03200995   0.00861569
 -0.03195847   0.00856054
 -0.03190670   0.00850563
 -0.03185460   0.00845105
 -0.03180210   0.00839679
 -0.03174939   0.00834277
 -0.03169635   0.00828917
 -0.03164292   0.00823580
 -0.03158926   0.00818276
 -0.03153530   0.00813005
 -0.03148093   0.00807767
 -0.03142636   0.00802562
 -0.03137146   0.00797379
 -0.03131626   0.00792240
 -0.03126075   0.00787133
 -0.03120493   0.00782060
 -0.03114890   0.00777010
 -0.03109246   0.00772002
 -0.03103581   0.00767027
 -0.03097886   0.00762077
 -0.03092160   0.00757169
 -0.03086403   0.00752293
 -0.03080625   0.00747451
 -0.03074808   0.00742642
 -0.03068978   0.00737866
 -0.03063109   0.00733133
 -0.03057218   0.00728423
 -0.03051297   0.00723756
 -0.03045347   0.00719122
 -0.03039374   0.00714521
 -0.03033372   0.00709954
 -0.03027349   0.00705420
 -0.03021295   0.00700929
 -0.03015212   0.00696471
 -0.03009107   0.00692046
 -0.03002982   0.00687664
 -0.02996828   0.00683316
 -0.02990644   0.00679001
 -0.02984438   0.00674719
 -0.02978212   0.00670480
 -0.02971956   0.00666283
 -0.02965680   0.00662112
 -0.02959374   0.00657982
 -0.02953047   0.00653887
 -0.02946691   0.00649834
 -0.02940324   0.00645814
 -0.02933928   0.00641838
 -0.02927502   0.00637894
 -0.02921066   0.00633984
 -0.02914599   0.00630119
 -0.02908113   0.00626295
 -0.02901606   0.00622504
 -0.02895071   0.00618748
 -0.02888524   0.00615034
 -0.02881949   0.00611363
 -0.02875353   0.00607726
 -0.02868738   0.00604133
 -0.02862101   0.00600579
 -0.02855446   0.00597061
 -0.02848764   0.00593572
 -0.02842074   0.00590119
 -0.02835364   0.00586704
 -0.02828636   0.00583316
 -0.02821881   0.00579967
 -0.02815117   0.00576653
 -0.02808334   0.00573368
 -0.02801533   0.00570121
 -0.02794715   0.00566901
 -0.02787877   0.00563718
 -0.02781031   0.00560572
 -0.02774157   0.00557463
 -0.02767275   0.00554391
 -0.02760373   0.00551347
 -0.02753454   0.00548341
 -0.02746526   0.00545363
 -0.02739578   0.00542429
 -0.02732614   0.00539525
 -0.02725631   0.00536658
 -0.02718638   0.00533827
 -0.02711627   0.00531025
 -0.02704598   0.00528268
 -0.02697560   0.00525541
 -0.02690513   0.00522849
 -0.02683439   0.00520196
 -0.02676364   0.00517579
 -0.02669262   0.00514989
 -0.02662160   0.00512446
 -0.02655030   0.00509931
 -0.02647900   0.00507454
 -0.02640753   0.00505013
 -0.02633586   0.00502609
 -0.02626420   0.00500243
 -0.02619226   0.00497913
 -0.02612032   0.00495621
 -0.02604820   0.00493356
 -0.02597599   0.00491138
 -0.02590369   0.00488957
 -0.02583121   0.00486803
 -0.02575871   0.00484687
 -0.02568604   0.00482617
 -0.02561320   0.00480574
 -0.02554034   0.00478579
 -0.02546739   0.00476611
 -0.02539427   0.00474680
 -0.02532104   0.00472813
 -0.02524764   0.00470992
 -0.02517424   0.00469181
 -0.02510083   0.00467380
 -0.02502742   0.00465590
 -0.02495401   0.00463800
 -0.02488051   0.00462021
 -0.02480701   0.00460243
 -0.02473350   0.00458475
 -0.02465998   0.00456717
 -0.02458648   0.00454960
 -0.02451296   0.00453213
 -0.02443936   0.00451477
 -0.02436584   0.00449741
 -0.02429223   0.00448017
 -0.02421862   0.00446302
 -0.02414500   0.00444588
 -0.02407130   0.00442884
 -0.02399768   0.00441190
 -0.02392397   0.00439497
 -0.02385027   0.00437814
 -0.02377655   0.00436133
 -0.02370283   0.00434472
 -0.02362912   0.00432801
 -0.02355540   0.00431150
 -0.02348158   0.00429500
 -0.02340778   0.00427860
 -0.02333405   0.00426223
 -0.02326023   0.00424603
 -0.02318633   0.00422975
 -0.02311250   0.00421367
 -0.02303869   0.00419761
 -0.02296477   0.00418164
 -0.02289085   0.00416568
 -0.02281694   0.00414982
 -0.02274302   0.00413407
 -0.02266909   0.00411832
 -0.02259518   0.00410268
 -0.02252116   0.00408714
 -0.02244723   0.00407170
 -0.02237322   0.00405627
 -0.02229920   0.00404086
 -0.02222518   0.00402563
 -0.02215116   0.00401041
 -0.02207704   0.00399522
 -0.02200302   0.00398020
 -0.02192890   0.00396521
 -0.02185478   0.00395022
 -0.02178075   0.00393532
 -0.02170663   0.00392054
 -0.02163241   0.00390586
 -0.02155829   0.00389119
 -0.02148416   0.00387661
 -0.02140994   0.00386215
 -0.02133573   0.00384768
 -0.02126150   0.00383333
 -0.02118729   0.00381898
 -0.02111306   0.00380483
 -0.02103883   0.00379068
 -0.02096461   0.00377656
 -0.02089029   0.00376252
 -0.02081606   0.00374860
 -0.02074174   0.00373476
 -0.02066742   0.00372095
 -0.02059309   0.00370723
 -0.02051877   0.00369353
 -0.02044435   0.00367993
 -0.02037002   0.00366643
 -0.02029561   0.00365303
 -0.02022128   0.00363964
 -0.02014686   0.00362635
 -0.02007244   0.00361308
 -0.01999801   0.00359990
 -0.01992359   0.00358683
 -0.01984916   0.00357378
 -0.01977464   0.00356081
 -0.01970022   0.00354796
 -0.01962570   0.00353520
 -0.01955117   0.00352246
 -0.01947666   0.00350981
 -0.01940213   0.00349718
 -0.01932760   0.00348465
 -0.01925308   0.00347222
 -0.01917855   0.00345980
 -0.01910393   0.00344749
 -0.01902932   0.00343527
 -0.01895479   0.00342307
 -0.01888017   0.00341096
 -0.01880555   0.00339896
 -0.01873092   0.00338697
 -0.01865630   0.00337509
 -0.01858159   0.00336330
 -0.01850696   0.00335161
 -0.01843234   0.00333994
 -0.01835762   0.00332828
 -0.01828289   0.00331681
 -0.01820818   0.00330535
 -0.01813346   0.00329390
 -0.01805873   0.00328265
 -0.01798402   0.00327140
 -0.01790929   0.00326017
 -0.01783457   0.00324912
 -0.01775976   0.00323809
 -0.01768503   0.00322707
 -0.01761022   0.00321624
 -0.01753540   0.00320543
 -0.01746058   0.00319462
 -0.01738577   0.00318401
 -0.01731094   0.00317341
 -0.01723612   0.00316282
 -0.01716131   0.00315242
 -0.01708639   0.00314203
 -0.01701157   0.00313166
 -0.01693666   0.00312148
 -0.01686174   0.00311131
 -0.01678692   0.00310114
 -0.01671201   0.00309116
 -0.01663709   0.00308118
 -0.01656218   0.00307120
 -0.01648717   0.00306140
 -0.01641227   0.00305152
 -0.01633735   0.00304182
 -0.01626234   0.00303212
 -0.01618743   0.00302252
 -0.01611242   0.00301300
 -0.01603741   0.00300350
 -0.01596250   0.00299408
 -0.01588750   0.00298476
 -0.01581250   0.00297543
 -0.01573749   0.00296620
 -0.01566239   0.00295707
 -0.01558739   0.00294794
 -0.01551238   0.00293890
 -0.01543729   0.00292995
 -0.01536228   0.00292101
 -0.01528718   0.00291217
 -0.01521209   0.00290341
 -0.01513708   0.00289466
 -0.01506198   0.00288600
 -0.01498688   0.00287742
 -0.01491178   0.00286886
 -0.01483669   0.00286039
 -0.01476150   0.00285201
 -0.01468641   0.00284364
 -0.01461131   0.00283536
 -0.01453611   0.00282717
 -0.01446102   0.00281897
 -0.01438583   0.00281088
 -0.01431065   0.00280288
 -0.01423554   0.00279489
 -0.01416036   0.00278698
 -0.01408517   0.00277916
 -0.01400998   0.00277136
 -0.01393479   0.00276364
 -0.01385960   0.00275602
 -0.01378442   0.00274839
 -0.01370913   0.00274087
 -0.01363394   0.00273344
 -0.01355867   0.00272601
 -0.01348347   0.00271866
 -0.01340820   0.00271142
 -0.01333300   0.00270418
 -0.01325773   0.00269703
 -0.01318245   0.00268997
 -0.01310717   0.00268292
 -0.01303198   0.00267596
 -0.01295669   0.00266909
 -0.01288142   0.00266223
 -0.01280604   0.00265546
 -0.01273077   0.00264878
 -0.01265548   0.00264210
 -0.01258021   0.00263551
 -0.01250483   0.00262903
 -0.01242954   0.00262254
 -0.01235418   0.00261614
 -0.01227889   0.00260985
 -0.01220353   0.00260354
 -0.01212824   0.00259734
 -0.01205287   0.00259123
 -0.01197750   0.00258521
 -0.01190213   0.00257920
 -0.01182676   0.00257318
 -0.01175139   0.00256735
 -0.01167583   0.00256718
 -0.01160108   0.00257653
 -0.01152841   0.00259590
 -0.01145935   0.00262593
 -0.01139567   0.00266618
 -0.01133870   0.00271569
 -0.01128998   0.00277329
 -0.01125048   0.00283767
 -0.01122121   0.00290727
 -0.01120775   0.00294750
 -0.01119436   0.00298764
 -0.01118098   0.00302788
 -0.01116760   0.00306802
 -0.01115421   0.00310826
 -0.01114084   0.00314840
 -0.01112746   0.00318855
 -0.01111398   0.00322878
 -0.01110060   0.00326892
 -0.01108721   0.00330916
 -0.01107384   0.00334930
 -0.01106046   0.00338954
 -0.01104707   0.00342969
 -0.01103360   0.00346992
 -0.01102022   0.00351007
 -0.01100684   0.00355030
 -0.01099346   0.00359045
 -0.01098008   0.00363059
 -0.01096669   0.00367083
 -0.01095331   0.00371097
 -0.01093984   0.00375120
 -0.01092646   0.00379135
 -0.01091308   0.00383158
 -0.01089969   0.00387173
 -0.01088631   0.00391197
 -0.01087294   0.00395211
 -0.01085955   0.00399226
 -0.01084608   0.00403249
 -0.01083270   0.00407264
 -0.01081931   0.00411287
 -0.01080593   0.00415302
 -0.01079256   0.00419325
 -0.01077917   0.00423339
 -0.01076570   0.00427363
 -0.01075231   0.00431377
 -0.01073893   0.00435401
 -0.01072556   0.00439416
 -0.01071217   0.00443430
 -0.01069879   0.00447454
 -0.01068541   0.00451468
 -0.01067193   0.00455492
 -0.01065856   0.00459506
 -0.01064518   0.00463530
 -0.01063179   0.00467544
 -0.01061841   0.00471567
 -0.01060502   0.00475582
 -0.01059165   0.00479596
 -0.01057818   0.00483620
 -0.01056479   0.00487634
 -0.01055141   0.00491658
 -0.01053803   0.00495673
 -0.01052465   0.00499696
 -0.01051127   0.00503711
 -0.01049780   0.00507734
 -0.01048441   0.00511749
 -0.01047103   0.00515772
 -0.01045766   0.00519786
 -0.01044427   0.00523801
 -0.01043089   0.00527824
 -0.01041750   0.00531839
 -0.01040403   0.00535862
 -0.01039066   0.00539877
 -0.01037727   0.00543901
 -0.01036389   0.00547915
 -0.01035051   0.00551939
 -0.01033712   0.00555953
 -0.01032374   0.00559968
 -0.01031028   0.00563991
 -0.01029689   0.00568005
 -0.01028351   0.00572029
 -0.01027012   0.00576043
 -0.01025674   0.00580067
 -0.01024337   0.00584081
 -0.01022989   0.00588104
 -0.01021651   0.00592120
 -0.01020313   0.00596134
 -0.01018974   0.00600158
 -0.01017637   0.00604172
 -0.01016299   0.00608196
 -0.01014960   0.00612210
 -0.01013613   0.00616233
 -0.01012274   0.00620248
 -0.01010937   0.00624271
 -0.01009599   0.00628286
 -0.01008260   0.00632309
 -0.01006922   0.00636323
 -0.01005584   0.00640339
 -0.01004237   0.00644362
 -0.01002899   0.00648377
 -0.01001561   0.00652400
 -0.01000222   0.00656415
 -0.00998884   0.00660438
 -0.00997547   0.00664452
 -0.00996199   0.00668476
 -0.00994861   0.00672490
 -0.00993522   0.00676505
 -0.00992184   0.00680528
 -0.00990847   0.00684542
 -0.00989508   0.00688567
 -0.00988170   0.00692581
 -0.00986823   0.00696605
 -0.00985484   0.00700619
 -0.00984146   0.00704643
 -0.00982809   0.00708657
 -0.00981470   0.00712680
 -0.00980132   0.00716695
 -0.00978793   0.00720709
 -0.00977446   0.00724733
 -0.00976109   0.00728747
 -0.00974770   0.00732770
 -0.00973432   0.00736786
 -0.00972094   0.00740809
 -0.00970755   0.00744824
 -0.00969409   0.00748847
 -0.00968071   0.00752862
 -0.00966732   0.00756876
 -0.00965394   0.00760899
 -0.00964056   0.00764914
 -0.00962718   0.00768937
 -0.00961380   0.00772952
 -0.00960032   0.00776975
 -0.00958694   0.00780989
 -0.00957356   0.00785013
 -0.00956018   0.00789028
 -0.00954680   0.00793052
 -0.00953342   0.00797066
 -0.00952003   0.00801081
 -0.00950656   0.00805104
 -0.00949319   0.00809118
 -0.00947980   0.00813142
 -0.00946642   0.00817156
 -0.00945303   0.00821180
 -0.00943965   0.00825194
 -0.00942619   0.00829217
 -0.00941280   0.00833232
 -0.00939942   0.00837247
 -0.00938604   0.00841271
 -0.00937265   0.00845285
 -0.00935927   0.00849309
 -0.00934590   0.00853323
 -0.00933242   0.00857346
 -0.00931904   0.00861361
 -0.00930566   0.00865384
 -0.00929227   0.00869399
 -0.00927890   0.00873413
 -0.00926551   0.00877436
 -0.00925213   0.00881451
 -0.00923866   0.00885474
 -0.00922527   0.00889490
 -0.00921190   0.00893513
 -0.00919852   0.00897528
 -0.00918513   0.00901551
 -0.00917175   0.00905565
 -0.00915828   0.00909589
 -0.00914490   0.00913603
 -0.00913152   0.00917618
 -0.00911813   0.00921641
 -0.00910475   0.00925655
 -0.00909137   0.00929679
 -0.00907799   0.00933693
 -0.00906452   0.00937718
 -0.00905114   0.00941732
 -0.00903775   0.00945756
 -0.00902437   0.00949770
 -0.00901100   0.00953784
 -0.00899761   0.00957808
 -0.00898423   0.00961822
 -0.00897076   0.00965846
 -0.00895737   0.00969860
 -0.00894400   0.00973883
 -0.00893061   0.00977898
 -0.00891723   0.00981921
 -0.00890385   0.00985937
 -0.00889037   0.00989960
 -0.00887699   0.00993975
 -0.00886362   0.00997989
 -0.00885023   0.01002012
 -0.00883685   0.01006027
 -0.00882347   0.01010050
 -0.00881008   0.01014065
 -0.00879662   0.01018088
 -0.00878323   0.01022102
 -0.00876985   0.01026126
 -0.00875647   0.01030140
 -0.00874308   0.01034156
 -0.00872971   0.01038179
 -0.00871633   0.01042194
 -0.00870285   0.01046217
 -0.00868947   0.01050231
 -0.00867609   0.01054255
 -0.00866271   0.01058269
 -0.00864933   0.01062293
 -0.00863594   0.01066307
 -0.00862247   0.01070330
 -0.00860909   0.01074345
 -0.00859571   0.01078359
 -0.00858233   0.01082383
 -0.00856895   0.01086398
 -0.00855556   0.01090422
 -0.00854218   0.01094436
 -0.00852872   0.01098459
 -0.00851533   0.01102474
 -0.00850195   0.01106497
 -0.00848857   0.01110512
 -0.00847518   0.01114526
 -0.00846181   0.01118549
 -0.00844842   0.01122564
 -0.00843495   0.01126587
 -0.00842157   0.01130602
 -0.00840818   0.01134626
 -0.00839480   0.01138641
 -0.00838143   0.01142664
 -0.00836804   0.01146678
 -0.00835466   0.01150693
 -0.00834119   0.01154716
 -0.00832780   0.01158731
 -0.00831443   0.01162754
 -0.00830104   0.01166768
 -0.00828766   0.01170792
 -0.00827428   0.01174806
 -0.00826080   0.01178830
 -0.00824743   0.01182844
 -0.00823405   0.01186869
 -0.00822066   0.01190883
 -0.00820728   0.01194897
 -0.00819390   0.01198921
 -0.00818052   0.01202935
 -0.00816705   0.01206959
 -0.00815367   0.01210973
 -0.00814028   0.01214996
 -0.00812690   0.01219011
 -0.00811352   0.01223034
 -0.00810014   0.01227049
 -0.00808676   0.01231063
 -0.00807328   0.01235088
 -0.00805990   0.01239102
 -0.00804653   0.01243125
 -0.00803314   0.01247140
 -0.00801976   0.01251163
 -0.00800638   0.01255178
 -0.00799290   0.01259201
 -0.00797953   0.01263215
 -0.00796614   0.01267239
 -0.00795276   0.01271253
 -0.00793938   0.01275268
 -0.00792599   0.01279291
 -0.00791261   0.01283307
 -0.00789915   0.01287330
 -0.00788576   0.01291344
 -0.00787238   0.01295368
 -0.00785900   0.01299382
 -0.00784561   0.01303406
 -0.00783224   0.01307420
 -0.00781886   0.01311434
 -0.00780538   0.01315458
 -0.00779200   0.01319472
 -0.00777861   0.01323496
 -0.00776524   0.01327510
 -0.00775186   0.01331534
 -0.00773847   0.01335549
 -0.00772500   0.01339572
 -0.00771162   0.01343587
 -0.00769824   0.01347610
 -0.00768486   0.01351625
 -0.00767148   0.01355639
 -0.00765809   0.01359662
 -0.00764471   0.01363677
 -0.00763124   0.01367700
 -0.00761786   0.01371715
 -0.00760448   0.01375738
 -0.00759109   0.01379753
 -0.00757771   0.01383777
 -0.00756434   0.01387791
 -0.00755095   0.01391806
 -0.00753748   0.01395829
 -0.00752410   0.01399844
 -0.00751071   0.01403867
 -0.00749734   0.01407881
 -0.00748396   0.01411905
 -0.00747057   0.01415919
 -0.00745710   0.01419943
 -0.00744371   0.01423957
 -0.00743033   0.01427972
 -0.00741696   0.01431996
 -0.00740357   0.01436010
 -0.00739019   0.01440034
 -0.00737681   0.01444048
 -0.00736333   0.01448072
 -0.00734996   0.01452086
 -0.00733658   0.01456109
 -0.00732319   0.01460124
 -0.00730981   0.01464147
 -0.00729642   0.01468162
 -0.00728305   0.01472176
 -0.00726958   0.01476200
 -0.00725619   0.01480214
 -0.00724281   0.01484238
 -0.00722943   0.01488253
 -0.00721605   0.01492276
 -0.00720267   0.01496291
 -0.00718920   0.01500314
 -0.00717581   0.01504328
 -0.00716243   0.01508343
 -0.00714906   0.01512366
 -0.00713567   0.01516381
 -0.00712229   0.01520404
 -0.00710890   0.01524419
 -0.00709543   0.01528442
 -0.00708206   0.01532457
 -0.00706867   0.01536481
 -0.00705529   0.01540495
 -0.00704191   0.01544519
 -0.00702852   0.01548533
 -0.00701515   0.01552547
 -0.00700168   0.01556571
 -0.00698829   0.01560585
 -0.00697491   0.01564609
 -0.00696152   0.01568623
 -0.00694814   0.01572647
 -0.00693477   0.01576661
 -0.00692129   0.01580684
 -0.00690791   0.01584700
 -0.00689453   0.01588714
 -0.00688114   0.01592738
 -0.00686777   0.01596752
 -0.00685439   0.01600775
 -0.00684100   0.01604790
 -0.00682753   0.01608813
 -0.00681414   0.01612828
 -0.00680077   0.01616851
 -0.00678739   0.01620866
 -0.00677400   0.01624889
 -0.00676062   0.01628903
 -0.00674724   0.01632919
 -0.00673377   0.01636942
 -0.00672039   0.01640957
 -0.00670701   0.01644980
 -0.00669362   0.01648994
 -0.00668024   0.01653018
 -0.00666687   0.01657032
 -0.00665339   0.01661056
 -0.00664001   0.01665070
 -0.00662662   0.01669085
 -0.00661324   0.01673108
 -0.00659987   0.01677122
 -0.00658648   0.01681147
 -0.00657310   0.01685161
 -0.00655963   0.01689185
 -0.00654624   0.01693199
 -0.00653287   0.01697222
 -0.00651949   0.01701237
 -0.00650610   0.01705260
 -0.00649272   0.01709275
 -0.00647933   0.01713289
 -0.00646586   0.01717313
 -0.00645249   0.01721327
 -0.00643910   0.01725350
 -0.00642572   0.01729366
 -0.00641234   0.01733389
 -0.00639895   0.01737404
 -0.00638549   0.01741427
 -0.00637211   0.01745441
 -0.00635872   0.01749456
 -0.00634534   0.01753479
 -0.00633196   0.01757494
 -0.00631858   0.01761517
 -0.00630520   0.01765532
 -0.00629172   0.01769555
 -0.00627834   0.01773569
 -0.00626496   0.01777593
 -0.00625158   0.01781608
 -0.00623820   0.01785623
 -0.00622482   0.01789646
 -0.00621143   0.01793660
 -0.00619796   0.01797684
 -0.00618459   0.01801698
 -0.00617120   0.01805722
 -0.00615782   0.01809736
 -0.00614443   0.01813760
 -0.00613105   0.01817774
 -0.00611759   0.01821797
 -0.00610420   0.01825812
 -0.00609082   0.01829827
 -0.00607744   0.01833851
 -0.00606405   0.01837865
 -0.00605068   0.01841888
 -0.00603730   0.01845903
 -0.00602382   0.01849926
 -0.00601044   0.01853941
 -0.00599706   0.01857964
 -0.00598367   0.01861979
 -0.00597030   0.01865993
 -0.00595691   0.01870016
 -0.00594353   0.01874031
 -0.00593006   0.01878054
 -0.00591667   0.01882070
 -0.00590330   0.01886093
 -0.00588992   0.01890107
 -0.00587653   0.01894131
 -0.00586315   0.01898145
 -0.00584968   0.01902169
 -0.00583630   0.01906183
 -0.00582292   0.01910198
 -0.00580953   0.01914221
 -0.00579615   0.01918235
 -0.00578277   0.01922259
 -0.00576939   0.01926273
 -0.00575592   0.01930298
 -0.00574254   0.01934312
 -0.00572915   0.01938335
 -0.00571577   0.01942350
 -0.00570240   0.01946364
 -0.00568901   0.01950388
 -0.00567563   0.01954402
 -0.00566216   0.01958426
 -0.00564877   0.01962440
 -0.00563540   0.01966463
 -0.00562201   0.01970478
 -0.00560863   0.01974501
 -0.00559525   0.01978517
 -0.00558177   0.01982540
 -0.00556840   0.01986554
 -0.00555502   0.01990569
 -0.00554163   0.01994592
 -0.00552825   0.01998607
 -0.00551487   0.02002630
 -0.00550148   0.02006645
 -0.00548802   0.02010668
 -0.00547463   0.02014682
 -0.00546125   0.02018706
 -0.00544787   0.02022720
 -0.00543448   0.02026736
 -0.00542111   0.02030759
 -0.00540773   0.02034773
 -0.00539425   0.02038797
 -0.00538087   0.02042811
 -0.00536749   0.02046835
 -0.00535411   0.02050849
 -0.00534073   0.02054873
 -0.00532734   0.02058887
 -0.00531396   0.02062901
 -0.00530049   0.02066925
 -0.00528711   0.02070939
 -0.00527373   0.02074963
 -0.00526035   0.02078978
 -0.00524696   0.02083001
 -0.00523358   0.02087016
 -0.00522012   0.02091039
 -0.00520673   0.02095054
 -0.00519335   0.02099077
 -0.00517997   0.02103092
 -0.00516658   0.02107106
 -0.00515321   0.02111129
 -0.00513982   0.02115144
 -0.00512635   0.02119167
 -0.00511297   0.02123182
 -0.00509958   0.02127206
 -0.00508621   0.02131220
 -0.00507283   0.02135244
 -0.00505944   0.02139258
 -0.00504606   0.02143273
 -0.00503259   0.02147296
 -0.00501920   0.02151311
 -0.00500583   0.02155334
 -0.00499244   0.02159348
 -0.00497906   0.02163372
 -0.00496568   0.02167386
 -0.00495220   0.02171410
 -0.00493883   0.02175424
 -0.00492545   0.02179448
 -0.00491206   0.02183463
 -0.00489868   0.02187477
 -0.00488530   0.02191501
 -0.00487192   0.02195515
 -0.00485845   0.02199539
 -0.00484507   0.02203553
 -0.00483168   0.02207576
 -0.00481830   0.02211591
 -0.00480492   0.02215614
 -0.00479154   0.02219629
 -0.00477816   0.02223643
 -0.00476468   0.02227667
 -0.00475130   0.02231682
 -0.00473793   0.02235705
 -0.00472454   0.02239720
 -0.00471116   0.02243743
 -0.00469778   0.02247758
 -0.00468430   0.02251781
 -0.00467093   0.02255795
 -0.00465754   0.02259819
 -0.00464416   0.02263833
 -0.00463078   0.02267848
 -0.00461739   0.02271871
 -0.00460402   0.02275886
 -0.00459055   0.02279910
 -0.00457716   0.02283924
 -0.00456378   0.02287948
 -0.00455040   0.02291962
 -0.00453701   0.02295986
 -0.00452364   0.02300000
