 -0.03674406   0.02300000
 -0.03672738   0.02289649
 -0.03671060   0.02279297
 -0.03669389   0.02268953
 -0.03667714   0.02258601
 -0.03666043   0.02248250
 -0.03664365   0.02237899
 -0.03662697   0.02227547
 -0.03661019   0.02217203
 -0.03659350   0.02206851
 -0.03657679   0.02196500
 -0.03656001   0.02186149
 -0.03654333   0.02175797
 -0.03652655   0.02165453
 -0.03650987   0.02155101
 -0.03649309   0.02144750
 -0.03647638   0.02134399
 -0.03645963   0.02124047
 -0.03644292   0.02113706
 -0.03642617   0.02103355
 -0.03640946   0.02093003
 -0.03639275   0.02082652
 -0.03637600   0.02072300
 -0.03635929   0.02061956
 -0.03634254   0.02051605
 -0.03632582   0.02041253
 -0.03630904   0.02030902
 -0.03629236   0.02020550
 -0.03627558   0.02010206
 -0.03625887   0.01999855
 -0.03624219   0.01989503
 -0.03622541   0.01979152
 -0.03620873   0.01968800
 -0.03619195   0.01958456
 -0.03617524   0.01948105
 -0.03615849   0.01937753
 -0.03614178   0.01927402
 -0.03612503   0.01917050
 -0.03610832   0.01906706
 -0.03609154   0.01896355
 -0.03607486   0.01886003
 -0.03605814   0.01875652
 -0.03604140   0.01865300
 -0.03602468   0.01854956
 -0.03600790   0.01844605
 -0.03599122   0.01834253
 -0.03597444   0.01823902
 -0.03595773   0.01813550
 -0.03594098   0.01803206
 -0.03592427   0.01792855
 -0.03590759   0.01782503
 -0.03589081   0.01772152
 -0.03587410   0.01761804
 -0.03585735   0.01751459
 -0.03584064   0.01741108
 -0.03582376   0.01730756
 -0.03579822   0.01720527
 -0.03577261   0.01710294
 -0.03574707   0.01700069
 -0.03572147   0.01689839
 -0.03569590   0.01679607
 -0.03567036   0.01669377
 -0.03564475   0.01659145
 -0.03561921   0.01648922
 -0.03559360   0.01638690
 -0.03556806   0.01628460
 -0.03554245   0.01618228
 -0.03551691   0.01607995
 -0.03549128   0.01597772
 -0.03546574   0.01587540
 -0.03544020   0.01577310
 -0.03541459   0.01567078
 -0.03538905   0.01556848
 -0.03536344   0.01546623
 -0.03533790   0.01536393
 -0.03531226   0.01526161
 -0.03528672   0.01515928
 -0.03526112   0.01505699
 -0.03523558   0.01495473
 -0.03520997   0.01485243
 -0.03518443   0.01475011
 -0.03515889   0.01464781
 -0.03513325   0.01454549
 -0.03510771   0.01444326
 -0.03508210   0.01434094
 -0.03505656   0.01423861
 -0.03503086   0.01413635
 -0.03500484   0.01403415
 -0.03497837   0.01393212
 -0.03495161   0.01383015
 -0.03492446   0.01372827
 -0.03489683   0.01362652
 -0.03486895   0.01352487
 -0.03484058   0.01342341
 -0.03481190   0.01332202
 -0.03478279   0.01322075
 -0.03475340   0.01311961
 -0.03472352   0.01301860
 -0.03469336   0.01291782
 -0.03466278   0.01281710
 -0.03463188   0.01271654
 -0.03460062   0.01261611
 -0.03456892   0.01251584
 -0.03453696   0.01241579
 -0.03450451   0.01231584
 -0.03447182   0.01221605
 -0.03443867   0.01211642
 -0.03440526   0.01201699
 -0.03437141   0.01191778
 -0.03433726   0.01181869
 -0.03430277   0.01171977
 -0.03426785   0.01162104
 -0.03423268   0.01152250
 -0.03419709   0.01142422
 -0.03416119   0.01132607
 -0.03412492   0.01122811
 -0.03408834   0.01113034
 -0.03405110   0.01103293
 -0.03401306   0.01093579
 -0.03397419   0.01083900
 -0.03393460   0.01074258
 -0.03389411   0.01064641
 -0.03385292   0.01055067
 -0.03381097   0.01045530
 -0.03376823   0.01036024
 -0.03372469   0.01026559
 -0.03368035   0.01017133
 -0.03363528   0.01007742
 -0.03358942   0.00998398
 -0.03354280   0.00989090
 -0.03349544   0.00979821
 -0.03344729   0.00970591
 -0.03339844   0.00961405
 -0.03334883   0.00952267
 -0.03329849   0.00943159
 -0.03324736   0.00934107
 -0.03319549   0.00925094
 -0.03314296   0.00916127
 -0.03308963   0.00907209
 -0.03303564   0.00898331
 -0.03298086   0.00889498
 -0.03292544   0.00880719
 -0.03286926   0.00871985
 -0.03281238   0.00863300
 -0.03275477   0.00854662
 -0.03269650   0.00846076
 -0.03263752   0.00837546
 -0.03257789   0.00829058
 -0.03251749   0.00820620
 -0.03245646   0.00812241
 -0.03239477   0.00803911
 -0.03233237   0.00795630
 -0.03226935   0.00787409
 -0.03220563   0.00779240
 -0.03214128   0.00771128
 -0.03207622   0.00763068
 -0.03201054   0.00755067
 -0.03194426   0.00747118
 -0.03187728   0.00739229
 -0.03180973   0.00731396
 -0.03174149   0.00723618
 -0.03167268   0.00715903
 -0.03160324   0.00708244
 -0.03153310   0.00700647
 -0.03146243   0.00693110
 -0.03139119   0.00685629
 -0.03131929   0.00678213
 -0.03124682   0.00670860
 -0.03117375   0.00663566
 -0.03110015   0.00656328
 -0.03102588   0.00649166
 -0.03095114   0.00642059
 -0.03087577   0.00635012
 -0.03079984   0.00628038
 -0.03072341   0.00621122
 -0.03064637   0.00614279
 -0.03056884   0.00607489
 -0.03049074   0.00600777
 -0.03041214   0.00594129
 -0.03033294   0.00587542
 -0.03025327   0.00581029
 -0.03017310   0.00574577
 -0.03009243   0.00568195
 -0.03001119   0.00561885
 -0.02992949   0.00555645
 -0.02984731   0.00549470
 -0.02976464   0.00543365
 -0.02968150   0.00537332
 -0.02959789   0.00531361
 -0.02951382   0.00525473
 -0.02942927   0.00519655
 -0.02934429   0.00513898
 -0.02925884   0.00508225
 -0.02917293   0.00502613
 -0.02908658   0.00497081
 -0.02899982   0.00491634
 -0.02891264   0.00486260
 -0.02882508   0.00480923
 -0.02873718   0.00475626
 -0.02864898   0.00470380
 -0.02856043   0.00465170
 -0.02847162   0.00460001
 -0.02838240   0.00454873
 -0.02829295   0.00449792
 -0.02820312   0.00444757
 -0.02811299   0.00439764
 -0.02802251   0.00434810
 -0.02793184   0.00429904
 -0.02784072   0.00425035
 -0.02774940   0.00420216
 -0.02765778   0.00415444
 -0.02756582   0.00410713
 -0.02747356   0.00406026
 -0.02738102   0.00401382
 -0.02728818   0.00396789
 -0.02719507   0.00392240
 -0.02710175   0.00387734
 -0.02700806   0.00383269
 -0.02691407   0.00378861
 -0.02681991   0.00374491
 -0.02672544   0.00370174
 -0.02663067   0.00365897
 -0.02653563   0.00361671
 -0.02644038   0.00357489
 -0.02634483   0.00353361
 -0.02624905   0.00349273
 -0.02615302   0.00345233
 -0.02605676   0.00341246
 -0.02596020   0.00337300
 -0.02586346   0.00333407
 -0.02576646   0.00329562
 -0.02566922   0.00325764
 -0.02557174   0.00322010
 -0.02547402   0.00318306
 -0.02537607   0.00314657
 -0.02527791   0.00311054
 -0.02517959   0.00307495
 -0.02508096   0.00303994
 -0.02498219   0.00300540
 -0.02488312   0.00297129
 -0.02478392   0.00293776
 -0.02468451   0.00290467
 -0.02458493   0.00287215
 -0.02448509   0.00284007
 -0.02438510   0.00280849
 -0.02428488   0.00277742
 -0.02418453   0.00274692
 -0.02408397   0.00271686
 -0.02398317   0.00268734
 -0.02388224   0.00265832
 -0.02378117   0.00262975
 -0.02367994   0.00260178
 -0.02357850   0.00257431
 -0.02347693   0.00254729
 -0.02337512   0.00252087
 -0.02327324   0.00249492
 -0.02317116   0.00246948
 -0.02306898   0.00244461
 -0.02296659   0.00242021
 -0.02286414   0.00239629
 -0.02276145   0.00237297
 -0.02265872   0.00235019
 -0.02255570   0.00232830
 -0.02245264   0.00230653
 -0.02234958   0.00228489
 -0.02224655   0.00226342
 -0.02214339   0.00224205
 -0.02204026   0.00222081
 -0.02193710   0.00219978
 -0.02183387   0.00217880
 -0.02173064   0.00215803
 -0.02162738   0.00213739
 -0.02152412   0.00211684
 -0.02142079   0.00209647
 -0.02131746   0.00207622
 -0.02121410   0.00205611
 -0.02111074   0.00203613
 -0.02100731   0.00201628
 -0.02090389   0.00199663
 -0.02080046   0.00197711
 -0.02069693   0.00195766
 -0.02059347   0.00193840
 -0.02048991   0.00191925
 -0.02038631   0.00190026
 -0.02028275   0.00188140
 -0.02017912   0.00186268
 -0.02007549   0.00184416
 -0.01997187   0.00182570
 -0.01986820   0.00180740
 -0.01976451   0.00178927
 -0.01966078   0.00177121
 -0.01955705   0.00175335
 -0.01945322   0.00173558
 -0.01934943   0.00171805
 -0.01924567   0.00170058
 -0.01914177   0.00168325
 -0.01903794   0.00166611
 -0.01893405   0.00164901
 -0.01883012   0.00163213
 -0.01872619   0.00161540
 -0.01862229   0.00159879
 -0.01851830   0.00158228
 -0.01841434   0.00156594
 -0.01831027   0.00154973
 -0.01820628   0.00153371
 -0.01810225   0.00151774
 -0.01799815   0.00150199
 -0.01789405   0.00148637
 -0.01778996   0.00147089
 -0.01768579   0.00145551
 -0.01758170   0.00144029
 -0.01747750   0.00142520
 -0.01737334   0.00141025
 -0.01726914   0.00139546
 -0.01716488   0.00138077
 -0.01706068   0.00136628
 -0.01695642   0.00135192
 -0.01685215   0.00133770
 -0.01674779   0.00132357
 -0.01664352   0.00130948
 -0.01653919   0.00129552
 -0.01643483   0.00128170
 -0.01633050   0.00126788
 -0.01622613   0.00125423
 -0.01612173   0.00124067
 -0.01601730   0.00122719
 -0.01591297   0.00121377
 -0.01580847   0.00120048
 -0.01570407   0.00118723
 -0.01559963   0.00117408
 -0.01549517   0.00116110
 -0.01539067   0.00114821
 -0.01528617   0.00113530
 -0.01518170   0.00112258
 -0.01507713   0.00110994
 -0.01497263   0.00109736
 -0.01486806   0.00108495
 -0.01476350   0.00107254
 -0.01465896   0.00106022
 -0.01455432   0.00104808
 -0.01444976   0.00103601
 -0.01434512   0.00102403
 -0.01424048   0.00101212
 -0.01413585   0.00100028
 -0.01403121   0.00098858
 -0.01392651   0.00097690
 -0.01382187   0.00096543
 -0.01371717   0.00095396
 -0.01361247   0.00094263
 -0.01350776   0.00093139
 -0.01340303   0.00092022
 -0.01329825   0.00090915
 -0.01319355   0.00089819
 -0.01308878   0.00088735
 -0.01298401   0.00087652
 -0.01287920   0.00086586
 -0.01277443   0.00085529
 -0.01266959   0.00084473
 -0.01256479   0.00083433
 -0.01245995   0.00082407
 -0.01235511   0.00081384
 -0.01225024   0.00080368
 -0.01214540   0.00079369
 -0.01204053   0.00078370
 -0.01193562   0.00077387
 -0.01183078   0.00076415
 -0.01172584   0.00075449
 -0.01162093   0.00074490
 -0.01151599   0.00073548
 -0.01141105   0.00072609
 -0.01130615   0.00071684
 -0.01120114   0.00070759
 -0.01109623   0.00069853
 -0.01099122   0.00068952
 -0.01088622   0.00068063
 -0.01078124   0.00067178
 -0.01067623   0.00066313
 -0.01057123   0.00065448
 -0.01046625   0.00064597
 -0.01036118   0.00063749
 -0.01025617   0.00062914
 -0.01015109   0.00062090
 -0.01004605   0.00061275
 -0.00994098   0.00060474
 -0.00983590   0.00059673
 -0.00973082   0.00058889
 -0.00962575   0.00058108
 -0.00952064   0.00057341
 -0.00941556   0.00056583
 -0.00931042   0.00055833
 -0.00920528   0.00055092
 -0.00910013   0.00054365
 -0.00899499   0.00053641
 -0.00888985   0.00052934
 -0.00878470   0.00052227
 -0.00867956   0.00051534
 -0.00857435   0.00050850
 -0.00846921   0.00050177
 -0.00836400   0.00049510
 -0.00825878   0.00048857
 -0.00815364   0.00048207
 -0.00804843   0.00047574
 -0.00794322   0.00046948
 -0.00783801   0.00046331
 -0.00773273   0.00045722
 -0.00762752   0.00045122
 -0.00752231   0.00044530
 -0.00741703   0.00043954
 -0.00731178   0.00043381
 -0.00720650   0.00042822
 -0.00710123   0.00042270
 -0.00699601   0.00041727
 -0.00689074   0.00041195
 -0.00678546   0.00040669
 -0.00668015   0.00040157
 -0.00657487   0.00039652
 -0.00646959   0.00039157
 -0.00636424   0.00038671
 -0.00625896   0.00038196
 -0.00615365   0.00037731
 -0.00604830   0.00037269
 -0.00594296   0.00036828
 -0.00583768   0.00036393
 -0.00573230   0.00035965
 -0.00562695   0.00035540
 -0.00552167   0.00035115
 -0.00541633   0.00034700
 -0.00531095   0.00034289
 -0.00520560   0.00033877
 -0.00510032   0.00033476
 -0.00499494   0.00033074
 -0.00488960   0.00032676
 -0.00478425   0.00032284
 -0.00467887   0.00031889
 -0.00457352   0.00031507
 -0.00446818   0.00031122
 -0.00436290   0.00030744
 -0.00425752   0.00030369
 -0.00415217   0.00029997
 -0.00404679   0.00029631
 -0.00394144   0.00029266
 -0.00383610   0.00028904
 -0.00373072   0.00028545
 -0.00362537   0.00028193
 -0.00352002   0.00027848
 -0.00341465   0.00027503
 -0.00330930   0.00027161
 -0.00320388   0.00026825
 -0.00309850   0.00026486
 -0.00299316   0.00026161
 -0.00288781   0.00025835
 -0.00278243   0.00025510
 -0.00267709   0.00025194
 -0.00257171   0.00024879
 -0.00246629   0.00024566
 -0.00236094   0.00024254
 -0.00225557   0.00023948
 -0.00215022   0.00023643
 -0.00204480   0.00023344
 -0.00193942   0.00023039
 -0.00183408   0.00022740
 -0.00172873   0.00022448
 -0.00162328   0.00022149
 -0.00151794   0.00021857
 -0.00141256   0.00021565
 -0.00130714   0.00021280
 -0.00120180   0.00020995
 -0.00109642   0.00020710
 -0.00099100   0.00020424
 -0.00088566   0.00020146
 -0.00078021   0.00019868
 -0.00067486   0.00019596
 -0.00056951   0.00019318
 -0.00046407   0.00019046
 -0.00035872   0.00018774
 -0.00025327   0.00018510
 -0.00014793   0.00018245
 -0.00004251   0.00017980
  0.00006287   0.00017722
  0.00016828   0.00017457
  0.00027363   0.00017199
  0.00037908   0.00016948
  0.00048449   0.00016690
  0.00058984   0.00016439
  0.00069528   0.00016194
  0.00080063   0.00015943
  0.00090608   0.00015698
  0.00101149   0.00015454
  0.00111684   0.00015216
  0.00122229   0.00014979
  0.00132763   0.00014741
  0.00143305   0.00014503
  0.00153850   0.00014272
  0.00164391   0.00014042
  0.00174926   0.00014143
  0.00185335   0.00015420
  0.00195380   0.00017885
  0.00204852   0.00021436
  0.00213554   0.00025945
  0.00221311   0.00031255
  0.00228006   0.00037176
  0.00229509   0.00041701
  0.00231018   0.00046223
  0.00232528   0.00050752
  0.00234038   0.00055274
  0.00235547   0.00059803
  0.00237050   0.00064328
  0.00238560   0.00068857
  0.00240069   0.00073379
  0.00241579   0.00077901
  0.00243089   0.00082433
  0.00244591   0.00086955
  0.00246104   0.00091484
  0.00247614   0.00096006
  0.00249123   0.00100529
  0.00250633   0.00105061
  0.00252136   0.00109583
  0.00253646   0.00114112
  0.00255155   0.00118634
  0.00256665   0.00123166
  0.00258174   0.00127688
  0.00259677   0.00132210
  0.00261187   0.00136739
  0.00262697   0.00141264
  0.00264206   0.00145793
  0.00265719   0.00150315
  0.00267222   0.00154837
  0.00268731   0.00159366
  0.00270241   0.00163891
  0.00271751   0.00168420
  0.00273260   0.00172942
  0.00274770   0.00177471
  0.00276273   0.00181997
  0.00277782   0.00186519
  0.00279292   0.00191048
  0.00280802   0.00195570
  0.00282311   0.00200099
  0.00283814   0.00204624
  0.00285327   0.00209146
  0.00286837   0.00213675
  0.00288346   0.00218197
  0.00289856   0.00222729
  0.00291359   0.00227251
  0.00292868   0.00231780
  0.00294378   0.00236302
  0.00295888   0.00240824
  0.00297397   0.00245356
  0.00298900   0.00249879
  0.00300410   0.00254407
  0.00301919   0.00258930
  0.00303429   0.00263455
  0.00304939   0.00267984
  0.00306445   0.00272506
  0.00307954   0.00277035
  0.00309464   0.00281557
  0.00310974   0.00286089
  0.00312483   0.00290611
  0.00313986   0.00295133
  0.00315496   0.00299662
  0.00317005   0.00304187
  0.00318515   0.00308716
  0.00320025   0.00313238
  0.00321527   0.00317760
  0.00323037   0.00322292
  0.00324547   0.00326815
  0.00326060   0.00331343
  0.00327569   0.00335866
  0.00329079   0.00340394
  0.00330582   0.00344920
  0.00332091   0.00349442
  0.00333601   0.00353971
  0.00335110   0.00358493
  0.00336620   0.00363025
  0.00338123   0.00367547
  0.00339633   0.00372069
  0.00341142   0.00376598
  0.00342652   0.00381120
  0.00344161   0.00385652
  0.00345668   0.00390174
  0.00347177   0.00394703
  0.00348687   0.00399225
  0.00350196   0.00403751
  0.00351706   0.00408280
  0.00353209   0.00412802
  0.00354719   0.00417330
  0.00356228   0.00421853
  0.00357738   0.00426378
  0.00359247   0.00430907
  0.00360750   0.00435429
  0.00362260   0.00439958
  0.00363770   0.00444483
  0.00365282   0.00449012
  0.00366792   0.00453534
  0.00368295   0.00458056
  0.00369804   0.00462588
  0.00371314   0.00467110
  0.00372824   0.00471639
  0.00374333   0.00476161
  0.00375836   0.00480683
  0.00377346   0.00485216
  0.00378855   0.00489738
  0.00380365   0.00494267
  0.00381875   0.00498789
  0.00383384   0.00503321
  0.00384887   0.00507843
  0.00386400   0.00512365
  0.00387910   0.00516894
  0.00389419   0.00521416
  0.00390929   0.00525948
  0.00392432   0.00530470
  0.00393941   0.00534992
  0.00395451   0.00539521
  0.00396961   0.00544046
  0.00398470   0.00548575
  0.00399973   0.00553097
  0.00401483   0.00557626
  0.00402992   0.00562148
  0.00404502   0.00566674
  0.00406015   0.00571203
  0.00407518   0.00575725
  0.00409027   0.00580254
  0.00410537   0.00584779
  0.00412047   0.00589301
  0.00413556   0.00593830
  0.00415059   0.00598352
  0.00416569   0.00602881
  0.00418078   0.00607406
  0.00419588   0.00611935
  0.00421098   0.00616457
  0.00422600   0.00620979
  0.00424110   0.00625511
  0.00425623   0.00630033
  0.00427132   0.00634562
  0.00428642   0.00639084
  0.00430145   0.00643610
  0.00431655   0.00648139
  0.00433164   0.00652661
  0.00434674   0.00657190
  0.00436183   0.00661712
  0.00437693   0.00666244
  0.00439196   0.00670766
  0.00440706   0.00675288
  0.00442215   0.00679817
  0.00443725   0.00684342
  0.00445234   0.00688871
  0.00446740   0.00693393
  0.00448250   0.00697915
  0.00449760   0.00702444
  0.00451269   0.00706970
  0.00452779   0.00711498
  0.00454282   0.00716020
  0.00455791   0.00720549
  0.00457301   0.00725075
  0.00458811   0.00729597
  0.00460320   0.00734126
  0.00461823   0.00738648
  0.00463333   0.00743177
  0.00464842   0.00747702
  0.00466355   0.00752224
  0.00467865   0.00756753
  0.00469368   0.00761275
  0.00470877   0.00765807
  0.00472387   0.00770329
  0.00473897   0.00774858
  0.00475406   0.00779380
  0.00476909   0.00783906
  0.00478419   0.00788434
  0.00479928   0.00792957
  0.00481438   0.00797485
  0.00482948   0.00802008
  0.00484450   0.00806533
  0.00485963   0.00811062
  0.00487473   0.00815584
  0.00488983   0.00820113
  0.00490492   0.00824638
  0.00492002   0.00829167
  0.00493505   0.00833689
  0.00495014   0.00838211
  0.00496524   0.00842740
  0.00498034   0.00847265
  0.00499543   0.00851794
  0.00501046   0.00856316
  0.00502556   0.00860838
  0.00504065   0.00865370
  0.00505575   0.00869893
  0.00507088   0.00874421
  0.00508591   0.00878944
  0.00510100   0.00883472
  0.00511610   0.00887998
  0.00513120   0.00892520
  0.00514629   0.00897049
  0.00516132   0.00901571
  0.00517642   0.00906103
  0.00519151   0.00910625
  0.00520661   0.00915147
  0.00522170   0.00919676
  0.00523673   0.00924198
  0.00525183   0.00928730
  0.00526696   0.00933252
  0.00528205   0.00937781
  0.00529715   0.00942303
  0.00531218   0.00946829
  0.00532728   0.00951358
  0.00534237   0.00955880
  0.00535747   0.00960409
  0.00537256   0.00964934
  0.00538759   0.00969456
  0.00540269   0.00973985
  0.00541779   0.00978507
  0.00543288   0.00983036
  0.00544798   0.00987561
  0.00546311   0.00992090
  0.00547813   0.00996612
  0.00549323   0.01001134
  0.00550833   0.01005666
  0.00552342   0.01010188
  0.00553852   0.01014717
  0.00555355   0.01019239
  0.00556864   0.01023761
  0.00558374   0.01028294
  0.00559884   0.01032816
  0.00561393   0.01037345
  0.00562896   0.01041867
  0.00564406   0.01046399
  0.00565915   0.01050921
  0.00567428   0.01055443
  0.00568938   0.01059972
  0.00570441   0.01064494
  0.00571950   0.01069026
  0.00573460   0.01073548
  0.00574970   0.01078070
  0.00576479   0.01082599
  0.00577982   0.01087124
  0.00579492   0.01091653
  0.00581001   0.01096175
  0.00582511   0.01100704
  0.00584021   0.01105230
  0.00585523   0.01109752
  0.00587036   0.01114281
  0.00588546   0.01118803
  0.00590056   0.01123332
  0.00591565   0.01127857
  0.00593068   0.01132379
  0.00594578   0.01136908
  0.00596087   0.01141430
  0.00597597   0.01145962
  0.00599107   0.01150484
  0.00600616   0.01155013
  0.00602119   0.01159535
  0.00603629   0.01164057
  0.00605138   0.01168589
  0.00606651   0.01173111
  0.00608161   0.01177640
  0.00609664   0.01182162
  0.00611173   0.01186688
  0.00612683   0.01191217
  0.00614192   0.01195739
  0.00615702   0.01200268
  0.00617205   0.01204790
  0.00618715   0.01209322
  0.00620224   0.01213844
  0.00621734   0.01218366
  0.00623243   0.01222895
  0.00624746   0.01227420
  0.00626256   0.01231949
  0.00627769   0.01236471
  0.00629278   0.01240993
  0.00630788   0.01245522
  0.00632291   0.01250048
  0.00633800   0.01254576
  0.00635310   0.01259099
  0.00636820   0.01263627
  0.00638329   0.01268153
  0.00639832   0.01272675
  0.00641342   0.01277204
  0.00642851   0.01281726
  0.00644361   0.01286258
  0.00645871   0.01290780
  0.00647377   0.01295302
  0.00648886   0.01299831
  0.00650396   0.01304353
  0.00651906   0.01308885
  0.00653415   0.01313407
  0.00654925   0.01317936
  0.00656428   0.01322458
  0.00657937   0.01326984
  0.00659447   0.01331512
  0.00660957   0.01336035
  0.00662466   0.01340563
  0.00663969   0.01345086
  0.00665479   0.01349611
  0.00666992   0.01354140
  0.00668501   0.01358662
  0.00670011   0.01363191
  0.00671514   0.01367716
  0.00673023   0.01372245
  0.00674533   0.01376767
  0.00676043   0.01381289
  0.00677552   0.01385818
  0.00679055   0.01390343
  0.00680565   0.01394872
  0.00682074   0.01399394
  0.00683584   0.01403916
  0.00685094   0.01408449
  0.00686600   0.01412971
  0.00688109   0.01417500
  0.00689619   0.01422022
  0.00691129   0.01426554
  0.00692638   0.01431076
  0.00694141   0.01435598
  0.00695651   0.01440127
  0.00697160   0.01444649
  0.00698670   0.01449181
  0.00700180   0.01453703
  0.00701682   0.01458225
  0.00703192   0.01462754
  0.00704702   0.01467279
  0.00706211   0.01471808
  0.00707724   0.01476330
  0.00709234   0.01480859
  0.00710737   0.01485381
  0.00712246   0.01489907
  0.00713756   0.01494436
  0.00715265   0.01498958
  0.00716775   0.01503487
  0.00718278   0.01508012
  0.00719788   0.01512534
  0.00721297   0.01517063
  0.00722807   0.01521585
  0.00724316   0.01526114
  0.00725819   0.01530639
  0.00727332   0.01535168
  0.00728842   0.01539690
  0.00730351   0.01544212
  0.00731861   0.01548744
  0.00733364   0.01553266
  0.00734873   0.01557795
  0.00736383   0.01562317
  0.00737893   0.01566840
  0.00739402   0.01571372
  0.00740905   0.01575894
  0.00742415   0.01580423
  0.00743924   0.01584945
  0.00745434   0.01589477
  0.00746947   0.01593999
  0.00748450   0.01598521
  0.00749959   0.01603050
  0.00751469   0.01607575
  0.00752979   0.01612104
  0.00754488   0.01616626
  0.00755991   0.01621148
  0.00757501   0.01625677
  0.00759010   0.01630202
  0.00760520   0.01634731
  0.00762030   0.01639253
  0.00763539   0.01643782
  0.00765042   0.01648308
  0.00766552   0.01652830
  0.00768065   0.01657359
  0.00769574   0.01661881
  0.00771084   0.01666410
  0.00772587   0.01670935
  0.00774096   0.01675457
  0.00775606   0.01679986
  0.00777116   0.01684508
  0.00778625   0.01689040
  0.00780128   0.01693562
  0.00781638   0.01698091
  0.00783147   0.01702613
  0.00784657   0.01707135
  0.00786167   0.01711667
  0.00787673   0.01716190
  0.00789182   0.01720718
  0.00790692   0.01725240
  0.00792201   0.01729766
  0.00793711   0.01734295
  0.00795214   0.01738817
  0.00796724   0.01743346
  0.00798233   0.01747871
  0.00799743   0.01752400
  0.00801252   0.01756922
  0.00802755   0.01761444
  0.00804265   0.01765973
  0.00805775   0.01770498
  0.00807287   0.01775027
  0.00808797   0.01779549
  0.00810300   0.01784071
  0.00811810   0.01788603
  0.00813319   0.01793126
  0.00814829   0.01797654
  0.00816338   0.01802177
  0.00817848   0.01806705
  0.00819351   0.01811231
  0.00820860   0.01815753
  0.00822370   0.01820282
  0.00823880   0.01824804
  0.00825389   0.01829336
  0.00826892   0.01833858
  0.00828405   0.01838380
  0.00829915   0.01842909
  0.00831424   0.01847431
  0.00832934   0.01851963
  0.00834437   0.01856485
  0.00835946   0.01861014
  0.00837456   0.01865536
  0.00838966   0.01870062
  0.00840475   0.01874590
  0.00841978   0.01879113
  0.00843488   0.01883641
  0.00844997   0.01888164
  0.00846507   0.01892689
  0.00848020   0.01897218
  0.00849523   0.01901740
  0.00851032   0.01906269
  0.00852542   0.01910794
  0.00854052   0.01915323
  0.00855561   0.01919845
  0.00857064   0.01924367
  0.00858574   0.01928899
  0.00860083   0.01933421
  0.00861593   0.01937950
  0.00863103   0.01942472
  0.00864605   0.01946994
  0.00866115   0.01951527
  0.00867628   0.01956049
  0.00869138   0.01960578
  0.00870647   0.01965100
  0.00872157   0.01969632
  0.00873660   0.01974154
  0.00875169   0.01978676
  0.00876679   0.01983205
  0.00878189   0.01987727
  0.00879698   0.01992259
  0.00881201   0.01996781
  0.00882711   0.02001303
  0.00884220   0.02005832
  0.00885730   0.02010357
  0.00887240   0.02014886
  0.00888746   0.02019408
  0.00890255   0.02023937
  0.00891765   0.02028459
  0.00893274   0.02032985
  0.00894784   0.02037514
  0.00896287   0.02042036
  0.00897797   0.02046565
  0.00899306   0.02051090
  0.00900816   0.02055612
  0.00902325   0.02060141
  0.00903828   0.02064663
  0.00905338   0.02069195
  0.00906848   0.02073717
  0.00908360   0.02078246
  0.00909870   0.02082768
  0.00911373   0.02087290
  0.00912882   0.02091822
  0.00914392   0.02096344
  0.00915902   0.02100873
  0.00917411   0.02105395
  0.00918914   0.02109921
  0.00920424   0.02114450
  0.00921933   0.02118972
  0.00923443   0.02123501
  0.00924953   0.02128023
  0.00926462   0.02132555
  0.00927968   0.02137077
  0.00929478   0.02141599
  0.00930988   0.02146128
  0.00932497   0.02150653
  0.00934007   0.02155182
  0.00935510   0.02159704
  0.00937019   0.02164226
  0.00938529   0.02168755
  0.00940039   0.02173280
  0.00941548   0.02177809
  0.00943051   0.02182331
  0.00944561   0.02186860
  0.00946070   0.02191386
  0.00947580   0.02195908
  0.00949093   0.02200437
  0.00950596   0.02204959
  0.00952105   0.02209488
  0.00953615   0.02214013
  0.00955125   0.02218535
  0.00956634   0.02223064
  0.00958137   0.02227586
  0.00959647   0.02232118
  0.00961156   0.02236640
  0.00962666   0.02241169
  0.00964176   0.02245691
  0.00965678   0.02250217
  0.00967188   0.02254745
  0.00968701   0.02259268
  0.00970210   0.02263796
  0.00971720   0.02268319
  0.00973223   0.02272844
  0.00974733   0.02277373
  0.00976242   0.02281895
  0.00977752   0.02286424
  0.00979261   0.02290949
  0.00980771   0.02295478
  0.00982274   0.02300000
