 -0.03725000   0.02300000
 -0.03723462   0.02293838
 -0.03721915   0.02287678
 -0.03720377   0.02281517
 -0.03718838   0.02275355
 -0.03717300   0.02269187
 -0.03715755   0.02263025
 -0.03714217   0.02256863
 -0.03712678   0.02250703
 -0.03711132   0.02244542
 -0.03709593   0.02238382
 -0.03708055   0.02232220
 -0.03706517   0.02226058
 -0.03704970   0.02219898
 -0.03703432   0.02213728
 -0.03701893   0.02207567
 -0.03700355   0.02201407
 -0.03698810   0.02195245
 -0.03697272   0.02189083
 -0.03695733   0.02182923
 -0.03694187   0.02176762
 -0.03692648   0.02170600
 -0.03691110   0.02164440
 -0.03689572   0.02158270
 -0.03688025   0.02152110
 -0.03686487   0.02145948
 -0.03684948   0.02139787
 -0.03683402   0.02133627
 -0.03681863   0.02127465
 -0.03680327   0.02121303
 -0.03678788   0.02115143
 -0.03677242   0.02108982
 -0.03675703   0.02102812
 -0.03674165   0.02096652
 -0.03672627   0.02090490
 -0.03671080   0.02084328
 -0.03669542   0.02078168
 -0.03668003   0.02072007
 -0.03666457   0.02065845
 -0.03664918   0.02059685
 -0.03663382   0.02053523
 -0.03661843   0.02047355
 -0.03660297   0.02041193
 -0.03658758   0.02035032
 -0.03657220   0.02028872
 -0.03655673   0.02022710
 -0.03654135   0.02016548
 -0.03652597   0.02010388
 -0.03651058   0.02004227
 -0.03649512   0.01998065
 -0.03647973   0.01991897
 -0.03646437   0.01985735
 -0.03644898   0.01979573
 -0.03643352   0.01973413
 -0.03641813   0.01967252
 -0.03640275   0.01961090
 -0.03638728   0.01954930
 -0.03637190   0.01948768
 -0.03635652   0.01942608
 -0.03634113   0.01936438
 -0.03632567   0.01930277
 -0.03631028   0.01924117
 -0.03629490   0.01917955
 -0.03627945   0.01911793
 -0.03626407   0.01905633
 -0.03624868   0.01899472
 -0.03623330   0.01893310
 -0.03621783   0.01887150
 -0.03620245   0.01880980
 -0.03618707   0.01874818
 -0.03617168   0.01868658
 -0.03615622   0.01862497
 -0.03614083   0.01856337
 -0.03612545   0.01850175
 -0.03611000   0.01844013
 -0.03609462   0.01837853
 -0.03607923   0.01831683
 -0.03606385   0.01825522
 -0.03604838   0.01819362
 -0.03603300   0.01813200
 -0.03601762   0.01807038
 -0.03600215   0.01800878
 -0.03598677   0.01794717
 -0.03597138   0.01788555
 -0.03595600   0.01782395
 -0.03594055   0.01776225
 -0.03592517   0.01770063
 -0.03590978   0.01763903
 -0.03589440   0.01757742
 -0.03587893   0.01751582
 -0.03586355   0.01745420
 -0.03584817   0.01739258
 -0.03583270   0.01733098
 -0.03581732   0.01726937
 -0.03580193   0.01720767
 -0.03578655   0.01714607
 -0.03577110   0.01708445
 -0.03575572   0.01702283
 -0.03574033   0.01696123
 -0.03572487   0.01689962
 -0.03570948   0.01683800
 -0.03569410   0.01677640
 -0.03567872   0.01671478
 -0.03566325   0.01665308
 -0.03564787   0.01659148
 -0.03563248   0.01652987
 -0.03561710   0.01646827
 -0.03560163   0.01640665
 -0.03558627   0.01634503
 -0.03557088   0.01628343
 -0.03555542   0.01622182
 -0.03554003   0.01616020
 -0.03552465   0.01609852
 -0.03550927   0.01603690
 -0.03549380   0.01597528
 -0.03547842   0.01591368
 -0.03546303   0.01585207
 -0.03544757   0.01579045
 -0.03543218   0.01572885
 -0.03541682   0.01566723
 -0.03540143   0.01560563
 -0.03538592   0.01554395
 -0.03537043   0.01548237
 -0.03535487   0.01542080
 -0.03533925   0.01535925
 -0.03532348   0.01529772
 -0.03530772   0.01523620
 -0.03529173   0.01517472
 -0.03527543   0.01511332
 -0.03525888   0.01505203
 -0.03524203   0.01499077
 -0.03522487   0.01492970
 -0.03520738   0.01486863
 -0.03518958   0.01480760
 -0.03517147   0.01474675
 -0.03515312   0.01468592
 -0.03513445   0.01462528
 -0.03511547   0.01456467
 -0.03509618   0.01450417
 -0.03507665   0.01444377
 -0.03505682   0.01438338
 -0.03503665   0.01432320
 -0.03501618   0.01426303
 -0.03499540   0.01420307
 -0.03497438   0.01414312
 -0.03495307   0.01408328
 -0.03493142   0.01402365
 -0.03490947   0.01396403
 -0.03488728   0.01390452
 -0.03486478   0.01384512
 -0.03484197   0.01378583
 -0.03481892   0.01372675
 -0.03479548   0.01366768
 -0.03477182   0.01360873
 -0.03474792   0.01354997
 -0.03472362   0.01349125
 -0.03469910   0.01343272
 -0.03467435   0.01337422
 -0.03464920   0.01331592
 -0.03462382   0.01325772
 -0.03459813   0.01319965
 -0.03457222   0.01314168
 -0.03454592   0.01308385
 -0.03451937   0.01302620
 -0.03449262   0.01296867
 -0.03446553   0.01291125
 -0.03443815   0.01285395
 -0.03441045   0.01279677
 -0.03438253   0.01273978
 -0.03435437   0.01268283
 -0.03432583   0.01262618
 -0.03429707   0.01256955
 -0.03426807   0.01251312
 -0.03423868   0.01245682
 -0.03420915   0.01240063
 -0.03417922   0.01234455
 -0.03414907   0.01228868
 -0.03411870   0.01223303
 -0.03408793   0.01217740
 -0.03405703   0.01212198
 -0.03402573   0.01206677
 -0.03399430   0.01201167
 -0.03396247   0.01195670
 -0.03393042   0.01190192
 -0.03389813   0.01184728
 -0.03386555   0.01179275
 -0.03383267   0.01173843
 -0.03379955   0.01168433
 -0.03376622   0.01163033
 -0.03373258   0.01157648
 -0.03369863   0.01152282
 -0.03366447   0.01146928
 -0.03363008   0.01141597
 -0.03359538   0.01136285
 -0.03356038   0.01130987
 -0.03352517   0.01125708
 -0.03348972   0.01120443
 -0.03345398   0.01115198
 -0.03341802   0.01109967
 -0.03338173   0.01104757
 -0.03334525   0.01099567
 -0.03330855   0.01094390
 -0.03327153   0.01089233
 -0.03323430   0.01084098
 -0.03319677   0.01078977
 -0.03315902   0.01073877
 -0.03312097   0.01068798
 -0.03308278   0.01063732
 -0.03304422   0.01058687
 -0.03300550   0.01053663
 -0.03296650   0.01048652
 -0.03292728   0.01043672
 -0.03288775   0.01038703
 -0.03284810   0.01033757
 -0.03280815   0.01028823
 -0.03276788   0.01023920
 -0.03272742   0.01019030
 -0.03268673   0.01014160
 -0.03264583   0.01009305
 -0.03260472   0.01004480
 -0.03256330   0.00999677
 -0.03252168   0.00994885
 -0.03247983   0.00990117
 -0.03243770   0.00985370
 -0.03239535   0.00980643
 -0.03235278   0.00975940
 -0.03231000   0.00971258
 -0.03226702   0.00966598
 -0.03222372   0.00961952
 -0.03218032   0.00957335
 -0.03213660   0.00952733
 -0.03209268   0.00948160
 -0.03204855   0.00943602
 -0.03200412   0.00939073
 -0.03195957   0.00934558
 -0.03191472   0.00930065
 -0.03186975   0.00925602
 -0.03182448   0.00921153
 -0.03177900   0.00916735
 -0.03173332   0.00912330
 -0.03168743   0.00907957
 -0.03164133   0.00903597
 -0.03159502   0.00899267
 -0.03154850   0.00894958
 -0.03150178   0.00890673
 -0.03145485   0.00886412
 -0.03140763   0.00882170
 -0.03136028   0.00877952
 -0.03131273   0.00873755
 -0.03126497   0.00869590
 -0.03121702   0.00865438
 -0.03116877   0.00861318
 -0.03112038   0.00857220
 -0.03107182   0.00853143
 -0.03102303   0.00849090
 -0.03097413   0.00845068
 -0.03092495   0.00841068
 -0.03087555   0.00837082
 -0.03082605   0.00833127
 -0.03077625   0.00829203
 -0.03072633   0.00825293
 -0.03067622   0.00821415
 -0.03062590   0.00817558
 -0.03057538   0.00813733
 -0.03052465   0.00809922
 -0.03047382   0.00806142
 -0.03042270   0.00802385
 -0.03037147   0.00798658
 -0.03032002   0.00794947
 -0.03026847   0.00791267
 -0.03021663   0.00787617
 -0.03016468   0.00783990
 -0.03011253   0.00780385
 -0.03006027   0.00776803
 -0.03000773   0.00773253
 -0.02995507   0.00769727
 -0.02990222   0.00766223
 -0.02984925   0.00762750
 -0.02979608   0.00759308
 -0.02974273   0.00755880
 -0.02968927   0.00752485
 -0.02963560   0.00749120
 -0.02958173   0.00745778
 -0.02952777   0.00742460
 -0.02947360   0.00739172
 -0.02941932   0.00735908
 -0.02936477   0.00732675
 -0.02931020   0.00729465
 -0.02925542   0.00726278
 -0.02920047   0.00723123
 -0.02914538   0.00719998
 -0.02909013   0.00716898
 -0.02903475   0.00713820
 -0.02897920   0.00710773
 -0.02892353   0.00707758
 -0.02886767   0.00704767
 -0.02881172   0.00701798
 -0.02875555   0.00698862
 -0.02869930   0.00695957
 -0.02864293   0.00693073
 -0.02858638   0.00690223
 -0.02852965   0.00687397
 -0.02847288   0.00684600
 -0.02841595   0.00681827
 -0.02835882   0.00679087
 -0.02830157   0.00676377
 -0.02824423   0.00673692
 -0.02818680   0.00671037
 -0.02812917   0.00668405
 -0.02807143   0.00665810
 -0.02801350   0.00663240
 -0.02795557   0.00660705
 -0.02789747   0.00658180
 -0.02783928   0.00655690
 -0.02778093   0.00653217
 -0.02772257   0.00650762
 -0.02766403   0.00648340
 -0.02760542   0.00645937
 -0.02754663   0.00643552
 -0.02748785   0.00641200
 -0.02742890   0.00638867
 -0.02736985   0.00636552
 -0.02731082   0.00634270
 -0.02725160   0.00632007
 -0.02719222   0.00629762
 -0.02713283   0.00627550
 -0.02707335   0.00625357
 -0.02701372   0.00623190
 -0.02695407   0.00621040
 -0.02689425   0.00618925
 -0.02683443   0.00616818
 -0.02677445   0.00614748
 -0.02671447   0.00612702
 -0.02665432   0.00610675
 -0.02659407   0.00608673
 -0.02653382   0.00606690
 -0.02647342   0.00604740
 -0.02641300   0.00602810
 -0.02635240   0.00600903
 -0.02629182   0.00599025
 -0.02623115   0.00597163
 -0.02617038   0.00595328
 -0.02610945   0.00593518
 -0.02604860   0.00591735
 -0.02598758   0.00589978
 -0.02592648   0.00588238
 -0.02586538   0.00586525
 -0.02580418   0.00584838
 -0.02574292   0.00583178
 -0.02568155   0.00581535
 -0.02562010   0.00579925
 -0.02555865   0.00578335
 -0.02549695   0.00576812
 -0.02543532   0.00575288
 -0.02537362   0.00573768
 -0.02531198   0.00572257
 -0.02525027   0.00570745
 -0.02518857   0.00569243
 -0.02512685   0.00567752
 -0.02506512   0.00566253
 -0.02500340   0.00564763
 -0.02494160   0.00563283
 -0.02487987   0.00561805
 -0.02481805   0.00560335
 -0.02475632   0.00558867
 -0.02469450   0.00557398
 -0.02463268   0.00555942
 -0.02457087   0.00554493
 -0.02450905   0.00553045
 -0.02444722   0.00551598
 -0.02438532   0.00550162
 -0.02432348   0.00548727
 -0.02426157   0.00547300
 -0.02419965   0.00545875
 -0.02413782   0.00544450
 -0.02407588   0.00543035
 -0.02401397   0.00541630
 -0.02395203   0.00540227
 -0.02389003   0.00538823
 -0.02382810   0.00537430
 -0.02376617   0.00536045
 -0.02370415   0.00534662
 -0.02364213   0.00533280
 -0.02358020   0.00531907
 -0.02351817   0.00530535
 -0.02345615   0.00529173
 -0.02339412   0.00527813
 -0.02333208   0.00526453
 -0.02326997   0.00525112
 -0.02320793   0.00523762
 -0.02314582   0.00522422
 -0.02308378   0.00521092
 -0.02302167   0.00519762
 -0.02295953   0.00518433
 -0.02289740   0.00517115
 -0.02283528   0.00515797
 -0.02277315   0.00514488
 -0.02271102   0.00513182
 -0.02264888   0.00511883
 -0.02258667   0.00510587
 -0.02252452   0.00509300
 -0.02246230   0.00508015
 -0.02240008   0.00506730
 -0.02233785   0.00505453
 -0.02227570   0.00504188
 -0.02221347   0.00502923
 -0.02215115   0.00501658
 -0.02208892   0.00500405
 -0.02202668   0.00499152
 -0.02196437   0.00497907
 -0.02190213   0.00496665
 -0.02183980   0.00495432
 -0.02177757   0.00494198
 -0.02171523   0.00492977
 -0.02165290   0.00491755
 -0.02159057   0.00490542
 -0.02152823   0.00489332
 -0.02146590   0.00488122
 -0.02140348   0.00486920
 -0.02134115   0.00485730
 -0.02127880   0.00484540
 -0.02121638   0.00483350
 -0.02115395   0.00482172
 -0.02109160   0.00480993
 -0.02102918   0.00479823
 -0.02096675   0.00478657
 -0.02090432   0.00477498
 -0.02084188   0.00476340
 -0.02077943   0.00475193
 -0.02071692   0.00474045
 -0.02065448   0.00472900
 -0.02059203   0.00471763
 -0.02052952   0.00470637
 -0.02046698   0.00469512
 -0.02040453   0.00468387
 -0.02034202   0.00467272
 -0.02027948   0.00466158
 -0.02021695   0.00465053
 -0.02015442   0.00463950
 -0.02009187   0.00462857
 -0.02002925   0.00461763
 -0.01996672   0.00460680
 -0.01990417   0.00459598
 -0.01984155   0.00458525
 -0.01977900   0.00457453
 -0.01971637   0.00456383
 -0.01965375   0.00455322
 -0.01959112   0.00454270
 -0.01952848   0.00453220
 -0.01946585   0.00452170
 -0.01940322   0.00451130
 -0.01934057   0.00450092
 -0.01927793   0.00449062
 -0.01921522   0.00448033
 -0.01915257   0.00447015
 -0.01908993   0.00445997
 -0.01902720   0.00444988
 -0.01896447   0.00443982
 -0.01890183   0.00442983
 -0.01883910   0.00441987
 -0.01877637   0.00440992
 -0.01871363   0.00440005
 -0.01865090   0.00439028
 -0.01858817   0.00438053
 -0.01852535   0.00437078
 -0.01846260   0.00436113
 -0.01839987   0.00435150
 -0.01833703   0.00434195
 -0.01827430   0.00433242
 -0.01821147   0.00432298
 -0.01814873   0.00431355
 -0.01808590   0.00430422
 -0.01802307   0.00429490
 -0.01796023   0.00428567
 -0.01789742   0.00427645
 -0.01783458   0.00426725
 -0.01777175   0.00425813
 -0.01770890   0.00424912
 -0.01764607   0.00424012
 -0.01758315   0.00423112
 -0.01752032   0.00422222
 -0.01745738   0.00421333
 -0.01739455   0.00420453
 -0.01733162   0.00419575
 -0.01726870   0.00418707
 -0.01720585   0.00417838
 -0.01714293   0.00416980
 -0.01708000   0.00416123
 -0.01701707   0.00415277
 -0.01695413   0.00414430
 -0.01689078   0.00414058
 -0.01682752   0.00414365
 -0.01676505   0.00415402
 -0.01670448   0.00417215
 -0.01664663   0.00419797
 -0.01659242   0.00423093
 -0.01654293   0.00427055
 -0.01649887   0.00431617
 -0.01646087   0.00436702
 -0.01642973   0.00442232
 -0.01640587   0.00448117
 -0.01639348   0.00451820
 -0.01638120   0.00455522
 -0.01636883   0.00459225
 -0.01635647   0.00462935
 -0.01634410   0.00466638
 -0.01633182   0.00470340
 -0.01631945   0.00474042
 -0.01630707   0.00477745
 -0.01629478   0.00481447
 -0.01628242   0.00485150
 -0.01627005   0.00488860
 -0.01625768   0.00492563
 -0.01624540   0.00496265
 -0.01623302   0.00499968
 -0.01622065   0.00503670
 -0.01620837   0.00507373
 -0.01619600   0.00511083
 -0.01618363   0.00514785
 -0.01617127   0.00518488
 -0.01615898   0.00522190
 -0.01614660   0.00525893
 -0.01613423   0.00529595
 -0.01612187   0.00533307
 -0.01610958   0.00537008
 -0.01609722   0.00540712
 -0.01608485   0.00544413
 -0.01607257   0.00548115
 -0.01606018   0.00551818
 -0.01604782   0.00555528
 -0.01603545   0.00559232
 -0.01602317   0.00562933
 -0.01601080   0.00566637
 -0.01599843   0.00570338
 -0.01598613   0.00574042
 -0.01597377   0.00577752
 -0.01596140   0.00581455
 -0.01594903   0.00585157
 -0.01593675   0.00588858
 -0.01592438   0.00592562
 -0.01591202   0.00596263
 -0.01589963   0.00599975
 -0.01588735   0.00603677
 -0.01587498   0.00607380
 -0.01586262   0.00611082
 -0.01585033   0.00614785
 -0.01583797   0.00618487
 -0.01582560   0.00622188
 -0.01581322   0.00625900
 -0.01580093   0.00629602
 -0.01578857   0.00633305
 -0.01577620   0.00637007
 -0.01576392   0.00640710
 -0.01575155   0.00644412
 -0.01573917   0.00648123
 -0.01572680   0.00651825
 -0.01571452   0.00655528
 -0.01570215   0.00659230
 -0.01568978   0.00662932
 -0.01567750   0.00666635
 -0.01566513   0.00670345
 -0.01565275   0.00674048
 -0.01564038   0.00677750
 -0.01562810   0.00681453
 -0.01561573   0.00685155
 -0.01560337   0.00688858
 -0.01559100   0.00692568
 -0.01557872   0.00696270
 -0.01556633   0.00699973
 -0.01555397   0.00703675
 -0.01554168   0.00707378
 -0.01552932   0.00711080
 -0.01551695   0.00714792
 -0.01550458   0.00718493
 -0.01549228   0.00722197
 -0.01547992   0.00725898
 -0.01546755   0.00729600
 -0.01545527   0.00733303
 -0.01544290   0.00737013
 -0.01543053   0.00740717
 -0.01541817   0.00744418
 -0.01540587   0.00748122
 -0.01539350   0.00751823
 -0.01538113   0.00755527
 -0.01536885   0.00759228
 -0.01535648   0.00762940
 -0.01534412   0.00766642
 -0.01533175   0.00770343
 -0.01531945   0.00774047
 -0.01530708   0.00777748
 -0.01529472   0.00781452
 -0.01528235   0.00785162
 -0.01527007   0.00788865
 -0.01525770   0.00792567
 -0.01524532   0.00796270
 -0.01523303   0.00799972
 -0.01522067   0.00803673
 -0.01520830   0.00807385
 -0.01519593   0.00811087
 -0.01518365   0.00814790
 -0.01517128   0.00818492
 -0.01515890   0.00822195
 -0.01514662   0.00825897
 -0.01513425   0.00829608
 -0.01512188   0.00833310
 -0.01510952   0.00837013
 -0.01509723   0.00840715
 -0.01508487   0.00844417
 -0.01507248   0.00848120
 -0.01506012   0.00851830
 -0.01504783   0.00855533
 -0.01503547   0.00859235
 -0.01502310   0.00862938
 -0.01501082   0.00866640
 -0.01499843   0.00870343
 -0.01498607   0.00874053
 -0.01497370   0.00877755
 -0.01496142   0.00881458
 -0.01494905   0.00885160
 -0.01493668   0.00888863
 -0.01492440   0.00892565
 -0.01491202   0.00896268
 -0.01489965   0.00899978
 -0.01488728   0.00903682
 -0.01487500   0.00907383
 -0.01486263   0.00911087
 -0.01485027   0.00914788
 -0.01483798   0.00918490
 -0.01482560   0.00922202
 -0.01481323   0.00925903
 -0.01480087   0.00929607
 -0.01478858   0.00933308
 -0.01477622   0.00937012
 -0.01476385   0.00940713
 -0.01475147   0.00944425
 -0.01473918   0.00948127
 -0.01472682   0.00951828
 -0.01471445   0.00955532
 -0.01470217   0.00959233
 -0.01468980   0.00962937
 -0.01467743   0.00966647
 -0.01466505   0.00970350
 -0.01465277   0.00974052
 -0.01464040   0.00977755
 -0.01462803   0.00981457
 -0.01461575   0.00985158
 -0.01460338   0.00988870
 -0.01459102   0.00992572
 -0.01457863   0.00996275
 -0.01456635   0.00999977
 -0.01455398   0.01003680
 -0.01454162   0.01007382
 -0.01452925   0.01011093
 -0.01451697   0.01014795
 -0.01450458   0.01018498
 -0.01449222   0.01022200
 -0.01447993   0.01025902
 -0.01446757   0.01029605
 -0.01445520   0.01033315
 -0.01444283   0.01037018
 -0.01443055   0.01040720
 -0.01441817   0.01044423
 -0.01440580   0.01048125
 -0.01439352   0.01051828
 -0.01438115   0.01055530
 -0.01436878   0.01059240
 -0.01435642   0.01062943
 -0.01434413   0.01066645
 -0.01433175   0.01070348
 -0.01431938   0.01074050
 -0.01430710   0.01077753
 -0.01429473   0.01081463
 -0.01428237   0.01085167
 -0.01427000   0.01088868
 -0.01425770   0.01092572
 -0.01424533   0.01096273
 -0.01423297   0.01099975
 -0.01422060   0.01103687
 -0.01420832   0.01107388
 -0.01419595   0.01111092
 -0.01418358   0.01114793
 -0.01417128   0.01118497
 -0.01415892   0.01122198
 -0.01414655   0.01125910
 -0.01413418   0.01129612
 -0.01412190   0.01133313
 -0.01410953   0.01137017
 -0.01409717   0.01140718
 -0.01408487   0.01144422
 -0.01407250   0.01148132
 -0.01406013   0.01151835
 -0.01404777   0.01155537
 -0.01403548   0.01159240
 -0.01402312   0.01162942
 -0.01401073   0.01166645
 -0.01399837   0.01170355
 -0.01398608   0.01174057
 -0.01397372   0.01177760
 -0.01396135   0.01181462
 -0.01394907   0.01185165
 -0.01393670   0.01188867
 -0.01392432   0.01192570
 -0.01391195   0.01196280
 -0.01389967   0.01199983
 -0.01388730   0.01203685
 -0.01387493   0.01207387
 -0.01386265   0.01211090
 -0.01385028   0.01214792
 -0.01383790   0.01218503
 -0.01382553   0.01222205
 -0.01381325   0.01225908
 -0.01380088   0.01229610
 -0.01378852   0.01233313
 -0.01377623   0.01237015
 -0.01376387   0.01240725
 -0.01375148   0.01244428
 -0.01373912   0.01248130
 -0.01372683   0.01251833
 -0.01371447   0.01255535
 -0.01370210   0.01259238
 -0.01368973   0.01262948
 -0.01367743   0.01266652
 -0.01366507   0.01270353
 -0.01365270   0.01274057
 -0.01364042   0.01277758
 -0.01362805   0.01281460
 -0.01361568   0.01285172
 -0.01360332   0.01288873
 -0.01359102   0.01292577
 -0.01357865   0.01296278
 -0.01356628   0.01299982
 -0.01355400   0.01303683
 -0.01354163   0.01307395
 -0.01352927   0.01311097
 -0.01351690   0.01314798
 -0.01350460   0.01318502
 -0.01349223   0.01322203
 -0.01347987   0.01325907
 -0.01346758   0.01329608
 -0.01345522   0.01333320
 -0.01344285   0.01337022
 -0.01343047   0.01340725
 -0.01341818   0.01344427
 -0.01340582   0.01348130
 -0.01339345   0.01351832
 -0.01338108   0.01355542
 -0.01336880   0.01359245
 -0.01335643   0.01362947
 -0.01334405   0.01366650
 -0.01333177   0.01370352
 -0.01331940   0.01374055
 -0.01330703   0.01377765
 -0.01329467   0.01381468
 -0.01328238   0.01385170
 -0.01327002   0.01388872
 -0.01325763   0.01392575
 -0.01324535   0.01396277
 -0.01323298   0.01399988
 -0.01322062   0.01403690
 -0.01320825   0.01407393
 -0.01319597   0.01411095
 -0.01318358   0.01414798
 -0.01317122   0.01418500
 -0.01315885   0.01422212
 -0.01314657   0.01425913
 -0.01313420   0.01429615
 -0.01312183   0.01433318
 -0.01310955   0.01437020
 -0.01309717   0.01440723
 -0.01308480   0.01444433
 -0.01307243   0.01448137
 -0.01306015   0.01451838
 -0.01304778   0.01455542
 -0.01303542   0.01459243
 -0.01302313   0.01462945
 -0.01301075   0.01466648
 -0.01299838   0.01470358
 -0.01298602   0.01474062
 -0.01297373   0.01477763
 -0.01296137   0.01481467
 -0.01294900   0.01485168
 -0.01293670   0.01488872
 -0.01292433   0.01492582
 -0.01291197   0.01496283
 -0.01289960   0.01499987
 -0.01288732   0.01503688
 -0.01287495   0.01507392
 -0.01286258   0.01511093
 -0.01285020   0.01514805
 -0.01283792   0.01518507
 -0.01282555   0.01522210
 -0.01281318   0.01525912
 -0.01280090   0.01529615
 -0.01278853   0.01533317
 -0.01277617   0.01537027
 -0.01276378   0.01540730
 -0.01275150   0.01544432
 -0.01273913   0.01548135
 -0.01272677   0.01551837
 -0.01271448   0.01555540
 -0.01270212   0.01559250
 -0.01268973   0.01562953
 -0.01267737   0.01566655
 -0.01266508   0.01570357
 -0.01265272   0.01574060
 -0.01264035   0.01577762
 -0.01262798   0.01581473
 -0.01261570   0.01585175
 -0.01260332   0.01588878
 -0.01259095   0.01592580
 -0.01257867   0.01596283
 -0.01256630   0.01599985
 -0.01255393   0.01603688
 -0.01254157   0.01607398
 -0.01252928   0.01611100
 -0.01251690   0.01614803
 -0.01250453   0.01618505
 -0.01249225   0.01622208
 -0.01247988   0.01625910
 -0.01246752   0.01629622
 -0.01245515   0.01633323
 -0.01244285   0.01637027
 -0.01243048   0.01640728
 -0.01241812   0.01644430
 -0.01240583   0.01648133
 -0.01239347   0.01651843
 -0.01238110   0.01655547
 -0.01236873   0.01659248
 -0.01235643   0.01662952
 -0.01234407   0.01666653
 -0.01233170   0.01670357
 -0.01231933   0.01674067
 -0.01230705   0.01677770
 -0.01229468   0.01681472
 -0.01228232   0.01685173
 -0.01227002   0.01688877
 -0.01225765   0.01692578
 -0.01224528   0.01696290
 -0.01223292   0.01699992
 -0.01222063   0.01703695
 -0.01220827   0.01707397
 -0.01219588   0.01711100
 -0.01218360   0.01714802
 -0.01217123   0.01718512
 -0.01215887   0.01722215
 -0.01214650   0.01725917
 -0.01213422   0.01729620
 -0.01212185   0.01733322
 -0.01210947   0.01737025
 -0.01209718   0.01740727
 -0.01208482   0.01744438
 -0.01207245   0.01748140
 -0.01206008   0.01751843
 -0.01204780   0.01755545
 -0.01203543   0.01759247
 -0.01202305   0.01762950
 -0.01201068   0.01766660
 -0.01199840   0.01770363
 -0.01198603   0.01774065
 -0.01197367   0.01777768
 -0.01196138   0.01781470
 -0.01194900   0.01785173
 -0.01193663   0.01788883
 -0.01192427   0.01792585
 -0.01191198   0.01796288
 -0.01189962   0.01799990
 -0.01188725   0.01803693
 -0.01187497   0.01807395
 -0.01186258   0.01811107
 -0.01185022   0.01814808
 -0.01183785   0.01818512
 -0.01182557   0.01822213
 -0.01181320   0.01825915
 -0.01180083   0.01829618
 -0.01178847   0.01833328
 -0.01177617   0.01837032
 -0.01176380   0.01840733
 -0.01175143   0.01844437
 -0.01173915   0.01848138
 -0.01172678   0.01851842
 -0.01171442   0.01855552
 -0.01170203   0.01859255
 -0.01168975   0.01862957
 -0.01167738   0.01866658
 -0.01166502   0.01870362
 -0.01165273   0.01874063
 -0.01164037   0.01877775
 -0.01162800   0.01881477
 -0.01161562   0.01885180
 -0.01160333   0.01888882
 -0.01159097   0.01892585
 -0.01157860   0.01896287
 -0.01156632   0.01899988
 -0.01155395   0.01903700
 -0.01154158   0.01907402
 -0.01152920   0.01911105
 -0.01151692   0.01914807
 -0.01150455   0.01918510
 -0.01149218   0.01922212
 -0.01147982   0.01925923
 -0.01146753   0.01929625
 -0.01145515   0.01933328
 -0.01144278   0.01937030
 -0.01143050   0.01940732
 -0.01141813   0.01944435
 -0.01140577   0.01948145
 -0.01139340   0.01951848
 -0.01138112   0.01955550
 -0.01136873   0.01959253
 -0.01135637   0.01962955
 -0.01134408   0.01966658
 -0.01133172   0.01970368
 -0.01131935   0.01974070
 -0.01130698   0.01977773
 -0.01129470   0.01981475
 -0.01128232   0.01985178
 -0.01126995   0.01988880
 -0.01125758   0.01992592
 -0.01124530   0.01996293
 -0.01123293   0.01999997
 -0.01122057   0.02003698
 -0.01120827   0.02007402
 -0.01119590   0.02011103
 -0.01118353   0.02014813
 -0.01117117   0.02018517
 -0.01115888   0.02022218
 -0.01114652   0.02025922
 -0.01113415   0.02029623
 -0.01112185   0.02033327
 -0.01110948   0.02037028
 -0.01109712   0.02040740
 -0.01108475   0.02044442
 -0.01107247   0.02048143
 -0.01106010   0.02051847
 -0.01104773   0.02055548
 -0.01103543   0.02059252
 -0.01102307   0.02062962
 -0.01101070   0.02066665
 -0.01099833   0.02070367
 -0.01098605   0.02074070
 -0.01097368   0.02077772
 -0.01096132   0.02081473
 -0.01094893   0.02085185
 -0.01093665   0.02088887
 -0.01092428   0.02092590
 -0.01091192   0.02096292
 -0.01089963   0.02099995
 -0.01088727   0.02103697
 -0.01087488   0.02107408
 -0.01086252   0.02111110
 -0.01085023   0.02114813
 -0.01083787   0.02118515
 -0.01082550   0.02122217
 -0.01081322   0.02125920
 -0.01080085   0.02129630
 -0.01078847   0.02133333
 -0.01077610   0.02137035
 -0.01076382   0.02140738
 -0.01075145   0.02144440
 -0.01073908   0.02148143
 -0.01072672   0.02151853
 -0.01071443   0.02155555
 -0.01070205   0.02159258
 -0.01068968   0.02162960
 -0.01067740   0.02166663
 -0.01066503   0.02170365
 -0.01065267   0.02174068
 -0.01064030   0.02177778
 -0.01062800   0.02181482
 -0.01061563   0.02185183
 -0.01060327   0.02188887
 -0.01059098   0.02192588
 -0.01057862   0.02196290
 -0.01056625   0.02200002
 -0.01055388   0.02203703
 -0.01054158   0.02207407
 -0.01052922   0.02211108
 -0.01051685   0.02214812
 -0.01050457   0.02218513
 -0.01049220   0.02222225
 -0.01047983   0.02225927
 -0.01046747   0.02229628
 -0.01045517   0.02233332
 -0.01044280   0.02237033
 -0.01043043   0.02240737
 -0.01041807   0.02244447
 -0.01040578   0.02248150
 -0.01039342   0.02251852
 -0.01038103   0.02255555
 -0.01036875   0.02259257
 -0.01035638   0.02262960
 -0.01034402   0.02266670
 -0.01033165   0.02270372
 -0.01031937   0.02274075
 -0.01030700   0.02277777
 -0.01029462   0.02281480
 -0.01028233   0.02285182
 -0.01026997   0.02288893
 -0.01025760   0.02292595
 -0.01024523   0.02296298
 -0.01023295   0.02300000
