  0.01445192   0.02300000
  0.01445502   0.02289020
  0.01445822   0.02278040
  0.01446132   0.02267060
  0.01446452   0.02256080
  0.01446762   0.02245100
  0.01447072   0.02234130
  0.01447392   0.02223150
  0.01447702   0.02212170
  0.01448012   0.02201190
  0.01448332   0.02190210
  0.01448642   0.02179230
  0.01448962   0.02168250
  0.01449272   0.02157270
  0.01449582   0.02146290
  0.01449902   0.02135310
  0.01450212   0.02124330
  0.01450522   0.02113360
  0.01450842   0.02102380
  0.01451152   0.02091400
  0.01451472   0.02080420
  0.01451782   0.02069440
  0.01452092   0.02058460
  0.01452412   0.02047480
  0.01452722   0.02036500
  0.01453032   0.02025520
  0.01453352   0.02014540
  0.01453662   0.02003560
  0.01453972   0.01992590
  0.01454292   0.01981610
  0.01454602   0.01970630
  0.01454922   0.01959650
  0.01455232   0.01948670
  0.01455542   0.01937690
  0.01455862   0.01926710
  0.01456172   0.01915730
  0.01456482   0.01904750
  0.01456802   0.01893770
  0.01457112   0.01882790
  0.01457432   0.01871820
  0.01457742   0.01860840
  0.01458052   0.01849860
  0.01458372   0.01838880
  0.01458682   0.01827900
  0.01458992   0.01816920
  0.01459312   0.01805940
  0.01459622   0.01794960
  0.01459932   0.01783980
  0.01460252   0.01773000
  0.01460562   0.01762020
  0.01460882   0.01751050
  0.01461192   0.01740070
  0.01461502   0.01729090
  0.01461822   0.01718110
  0.01462132   0.01707130
  0.01462442   0.01696150
  0.01462762   0.01685170
  0.01463072   0.01674190
  0.01463392   0.01663210
  0.01463702   0.01652230
  0.01464012   0.01641250
  0.01464332   0.01630280
  0.01464642   0.01619300
  0.01464952   0.01608320
  0.01465272   0.01597340
  0.01465582   0.01586360
  0.01465892   0.01575380
  0.01466212   0.01564400
  0.01466522   0.01553420
  0.01466842   0.01542440
  0.01467152   0.01531460
  0.01467462   0.01520480
  0.01467782   0.01509510
  0.01468092   0.01498530
  0.01468402   0.01487550
  0.01468722   0.01476570
  0.01469032   0.01465590
  0.01469352   0.01454610
  0.01469662   0.01443630
  0.01469972   0.01432650
  0.01470292   0.01421670
  0.01470602   0.01410690
  0.01470912   0.01399710
  0.01471232   0.01388740
  0.01471542   0.01377760
  0.01471852   0.01366780
  0.01472172   0.01355800
  0.01472482   0.01344820
  0.01472802   0.01333840
  0.01473112   0.01322860
  0.01473422   0.01311880
  0.01473742   0.01300900
  0.01474052   0.01289920
  0.01474362   0.01278940
  0.01474682   0.01267970
  0.01474992   0.01256990
  0.01475312   0.01246010
  0.01475622   0.01235030
  0.01475932   0.01224050
  0.01476252   0.01213070
  0.01476562   0.01202090
  0.01476872   0.01191110
  0.01477192   0.01180130
  0.01477502   0.01169150
  0.01477812   0.01158170
  0.01478132   0.01147190
  0.01478442   0.01136220
  0.01478762   0.01125240
  0.01479072   0.01114260
  0.01479382   0.01103280
  0.01479702   0.01092300
  0.01480012   0.01081320
  0.01480322   0.01070340
  0.01480642   0.01059360
  0.01480952   0.01048380
  0.01481272   0.01037400
  0.01481582   0.01026420
  0.01481892   0.01015450
  0.01482212   0.01004470
  0.01482522   0.00993490
  0.01482832   0.00982510
  0.01483152   0.00971530
  0.01483522   0.00960550
  0.01484012   0.00949580
  0.01484632   0.00938610
  0.01485362   0.00927650
  0.01486222   0.00916700
  0.01487192   0.00905760
  0.01488292   0.00894840
  0.01489502   0.00883920
  0.01490842   0.00873020
  0.01492292   0.00862130
  0.01493872   0.00851260
  0.01495562   0.00840410
  0.01497372   0.00829580
  0.01499302   0.00818760
  0.01501352   0.00807970
  0.01503522   0.00797200
  0.01505812   0.00786460
  0.01508212   0.00775740
  0.01510732   0.00765050
  0.01513372   0.00754390
  0.01516132   0.00743760
  0.01519002   0.00733160
  0.01521992   0.00722590
  0.01525102   0.00712060
  0.01528322   0.00701550
  0.01531652   0.00691090
  0.01535102   0.00680660
  0.01538672   0.00670270
  0.01542342   0.00659920
  0.01546142   0.00649620
  0.01550042   0.00639350
  0.01554062   0.00629130
  0.01558192   0.00618950
  0.01562432   0.00608820
  0.01566782   0.00598730
  0.01571242   0.00588700
  0.01575822   0.00578710
  0.01580502   0.00568770
  0.01585292   0.00558890
  0.01590192   0.00549060
  0.01595192   0.00539280
  0.01600312   0.00529560
  0.01605532   0.00519900
  0.01610852   0.00510290
  0.01616292   0.00500750
  0.01621822   0.00491260
  0.01627462   0.00481840
  0.01633202   0.00472470
  0.01639052   0.00463170
  0.01645002   0.00453940
  0.01651042   0.00444770
  0.01657192   0.00435670
  0.01663442   0.00426640
  0.01669792   0.00417670
  0.01676232   0.00408780
  0.01682772   0.00399960
  0.01689412   0.00391210
  0.01696152   0.00382530
  0.01702982   0.00373930
  0.01709902   0.00365400
  0.01716922   0.00356950
  0.01724032   0.00348580
  0.01731232   0.00340280
  0.01738522   0.00332070
  0.01745902   0.00323940
  0.01753372   0.00315880
  0.01760932   0.00307910
  0.01768572   0.00300030
  0.01776302   0.00292230
  0.01784122   0.00284510
  0.01792022   0.00276880
  0.01800002   0.00269340
  0.01808072   0.00261880
  0.01816462   0.00254790
  0.01825342   0.00248340
  0.01834672   0.00242550
  0.01844402   0.00237450
  0.01854472   0.00233090
  0.01864842   0.00229470
  0.01875452   0.00226620
  0.01886172   0.00224240
  0.01896902   0.00221880
  0.01907632   0.00219540
  0.01918362   0.00217210
  0.01929102   0.00214900
  0.01939842   0.00212600
  0.01950582   0.00210320
  0.01961332   0.00208050
  0.01972082   0.00205790
  0.01982832   0.00203550
  0.01993592   0.00201330
  0.02004352   0.00199120
  0.02015112   0.00196920
  0.02025872   0.00194740
  0.02036642   0.00192580
  0.02047412   0.00190420
  0.02058192   0.00188290
  0.02068962   0.00186170
  0.02079742   0.00184060
  0.02090522   0.00181970
  0.02101312   0.00179890
  0.02112102   0.00177830
  0.02122892   0.00175780
  0.02133682   0.00173750
  0.02144482   0.00171730
  0.02155282   0.00169730
  0.02166082   0.00167740
  0.02176892   0.00165760
  0.02187692   0.00163810
  0.02198502   0.00161860
  0.02209322   0.00159930
  0.02220132   0.00158020
  0.02230952   0.00156120
  0.02241772   0.00154230
  0.02252592   0.00152370
  0.02263422   0.00150510
  0.02274252   0.00148670
  0.02285082   0.00146850
  0.02295912   0.00145040
  0.02306752   0.00143240
  0.02317592   0.00141460
  0.02328432   0.00139690
  0.02339272   0.00137940
  0.02350122   0.00136210
  0.02360962   0.00134490
  0.02371812   0.00132780
  0.02382672   0.00131090
  0.02393522   0.00129410
  0.02404382   0.00127750
  0.02415242   0.00126110
  0.02426102   0.00124480
  0.02436962   0.00122860
  0.02447832   0.00121260
  0.02458702   0.00119670
  0.02469572   0.00118100
  0.02480442   0.00116540
  0.02491322   0.00115000
  0.02502192   0.00113470
  0.02513072   0.00111960
  0.02523952   0.00110460
  0.02534842   0.00108980
  0.02545722   0.00107520
  0.02556612   0.00106060
  0.02567502   0.00104630
  0.02578392   0.00103200
  0.02589282   0.00101800
  0.02600182   0.00100400
  0.02611072   0.00099030
  0.02621972   0.00097660
  0.02632872   0.00096320
  0.02643782   0.00094980
  0.02654682   0.00093670
  0.02665592   0.00092360
  0.02676492   0.00091080
  0.02687402   0.00089800
  0.02698322   0.00088550
  0.02709232   0.00087300
  0.02720142   0.00086080
  0.02731062   0.00084860
  0.02741982   0.00083670
  0.02752902   0.00082480
  0.02763822   0.00081310
  0.02774742   0.00080160
  0.02785672   0.00079020
  0.02796592   0.00077900
  0.02807522   0.00076790
  0.02818452   0.00075700
  0.02829382   0.00074620
  0.02840312   0.00073560
  0.02851242   0.00072510
  0.02862182   0.00071480
  0.02873122   0.00070460
  0.02884052   0.00069460
  0.02894992   0.00068470
  0.02905932   0.00067500
  0.02916872   0.00066540
  0.02927822   0.00065600
  0.02938762   0.00064670
  0.02949712   0.00063760
  0.02960652   0.00062860
  0.02971602   0.00061980
  0.02982552   0.00061110
  0.02993502   0.00060260
  0.03004452   0.00059420
  0.03015412   0.00058600
  0.03026362   0.00057790
  0.03037322   0.00057000
  0.03048272   0.00056220
  0.03059232   0.00055460
  0.03070192   0.00054710
  0.03081152   0.00053980
  0.03092112   0.00053260
  0.03103072   0.00052560
  0.03114032   0.00051880
  0.03124992   0.00051200
  0.03135962   0.00050550
  0.03146922   0.00049900
  0.03157892   0.00049260
  0.03168852   0.00048630
  0.03179822   0.00047990
  0.03190782   0.00047360
  0.03201752   0.00046740
  0.03212712   0.00046120
  0.03223682   0.00045500
  0.03234652   0.00044880
  0.03245612   0.00044280
  0.03256582   0.00043670
  0.03267552   0.00043070
  0.03278512   0.00042470
  0.03289482   0.00041880
  0.03300452   0.00041290
  0.03311422   0.00040700
  0.03322392   0.00040120
  0.03333352   0.00039550
  0.03344322   0.00038970
  0.03355292   0.00038400
  0.03366262   0.00037840
  0.03377232   0.00037280
  0.03388202   0.00036720
  0.03399172   0.00036170
  0.03410142   0.00035620
  0.03421112   0.00035070
  0.03432082   0.00034530
  0.03443052   0.00033990
  0.03454022   0.00033460
  0.03464992   0.00032930
  0.03475962   0.00032410
  0.03486932   0.00031890
  0.03497902   0.00031370
  0.03508882   0.00030860
  0.03519852   0.00030350
  0.03530822   0.00029840
  0.03541792   0.00029340
  0.03552762   0.00028840
  0.03563742   0.00028350
  0.03574712   0.00027860
  0.03585682   0.00027380
  0.03596662   0.00026900
  0.03607632   0.00026420
  0.03618602   0.00025950
  0.03629582   0.00025480
  0.03640552   0.00025010
  0.03651522   0.00024550
  0.03662502   0.00024100
  0.03673472   0.00023640
  0.03684452   0.00023200
  0.03695422   0.00022750
  0.03706402   0.00022310
  0.03717372   0.00021870
  0.03728352   0.00021440
  0.03739322   0.00021010
  0.03750302   0.00020590
  0.03761272   0.00020170
  0.03772252   0.00019750
  0.03783222   0.00019340
  0.03794202   0.00018930
  0.03805172   0.00018530
  0.03816152   0.00018120
  0.03827132   0.00017730
  0.03838102   0.00017340
  0.03849082   0.00016950
  0.03860062   0.00016560
  0.03871032   0.00016180
  0.03882012   0.00015810
  0.03892992   0.00015430
  0.03903972   0.00015070
  0.03914942   0.00014700
  0.03925922   0.00014340
  0.03936902   0.00013990
  0.03947882   0.00013630
  0.03958862   0.00013280
  0.03969832   0.00012940
  0.03980812   0.00012600
  0.03991792   0.00012260
  0.04002772   0.00011930
  0.04013752   0.00011600
  0.04024732   0.00011280
  0.04035712   0.00010960
  0.04046682   0.00010640
  0.04057662   0.00010330
  0.04068642   0.00010020
  0.04079622   0.00009720
  0.04090602   0.00009420
  0.04101582   0.00009120
  0.04112562   0.00008830
  0.04123542   0.00008540
  0.04134522   0.00008260
  0.04145502   0.00007980
  0.04156482   0.00007710
  0.04167462   0.00007450
  0.04178442   0.00007190
  0.04189422   0.00006930
  0.04200402   0.00006680
  0.04211382   0.00006430
  0.04222362   0.00006180
  0.04233352   0.00005940
  0.04244332   0.00005710
  0.04255312   0.00005480
  0.04266292   0.00005250
  0.04277272   0.00005020
  0.04288252   0.00004800
  0.04299232   0.00004590
  0.04310212   0.00004370
  0.04321202   0.00004160
  0.04332182   0.00003960
  0.04343162   0.00003760
  0.04354142   0.00003560
  0.04365122   0.00003370
  0.04376112   0.00003180
  0.04387092   0.00003000
  0.04398072   0.00002820
  0.04409052   0.00002640
  0.04420032   0.00002470
  0.04431022   0.00002300
  0.04442002   0.00002140
  0.04452982   0.00001980
  0.04463962   0.00001820
  0.04474952   0.00001670
  0.04485932   0.00001520
  0.04496912   0.00001380
  0.04507892   0.00001240
  0.04518882   0.00001100
  0.04529862   0.00000970
  0.04540842   0.00000840
  0.04551822   0.00000720
  0.04562812   0.00000600
  0.04573792   0.00000480
  0.04584772   0.00000370
  0.04595762   0.00000260
  0.04606742   0.00000160
  0.04617722   0.00000060
  0.04628712  -0.00000040
  0.04639692  -0.00000130
  0.04650672  -0.00000220
  0.04661662  -0.00000300
  0.04672642  -0.00000380
  0.04683622  -0.00000450
  0.04694612  -0.00000530
  0.04705592  -0.00000590
  0.04716572  -0.00000660
  0.04727562  -0.00000720
  0.04738542  -0.00000770
  0.04749522  -0.00000820
  0.04760512  -0.00000870
  0.04771492  -0.00000910
  0.04782472  -0.00000950
  0.04793462  -0.00000990
  0.04804442  -0.00001020
  0.04815422  -0.00001050
  0.04826412  -0.00001070
  0.04837392  -0.00001090
  0.04848372  -0.00001110
  0.04859362  -0.00001120
  0.04870342  -0.00001120
  0.04881332  -0.00001130
  0.04892312  -0.00001130
  0.04903292  -0.00001120
  0.04914282  -0.00001110
  0.04925262  -0.00001100
  0.04936242  -0.00001080
  0.04947232  -0.00001060
  0.04958212  -0.00001040
  0.04969192  -0.00001010
  0.04980182  -0.00000980
  0.04991162  -0.00000940
  0.05002142  -0.00000900
  0.05013132  -0.00000850
  0.05024112  -0.00000800
  0.05035092  -0.00000750
  0.05046082  -0.00000690
  0.05057062  -0.00000630
  0.05068042  -0.00000570
  0.05079032  -0.00000500
  0.05090012  -0.00000430
  0.05100992  -0.00000350
  0.05111982  -0.00000270
  0.05122962  -0.00000180
  0.05133942  -0.00000090
  0.05144932  -0.00000000
  0.05160152  -0.00000000
  0.05175362  -0.00000000
  0.05190582  -0.00000000
  0.05205802  -0.00000000
  0.05221022  -0.00000000
  0.05236242  -0.00000000
  0.05251462  -0.00000000
  0.05266682  -0.00000000
  0.05281892  -0.00000000
  0.05297112  -0.00000000
  0.05312332  -0.00000000
  0.05327552  -0.00000000
  0.05342772  -0.00000000
  0.05357992  -0.00000000
  0.05373202  -0.00000000
  0.05388422  -0.00000000
  0.05403642  -0.00000000
  0.05418862  -0.00000000
  0.05434082  -0.00000000
  0.05449302  -0.00000000
  0.05464512  -0.00000000
  0.05479732  -0.00000000
  0.05494952  -0.00000000
  0.05510172  -0.00000000
  0.05525392  -0.00000000
  0.05540612  -0.00000000
  0.05555822  -0.00000000
  0.05571042  -0.00000000
  0.05586262  -0.00000000
  0.05601482  -0.00000000
  0.05616702  -0.00000000
  0.05631922  -0.00000000
  0.05647142  -0.00000000
  0.05662352  -0.00000000
  0.05677572  -0.00000000
  0.05692792  -0.00000000
  0.05708012  -0.00000000
  0.05723232  -0.00000000
  0.05738452  -0.00000000
  0.05753662  -0.00000000
  0.05768882  -0.00000000
  0.05784102  -0.00000000
  0.05799322  -0.00000000
  0.05814542  -0.00000000
  0.05829762  -0.00000000
  0.05844972  -0.00000000
  0.05860192  -0.00000000
  0.05875412  -0.00000000
  0.05890632  -0.00000000
  0.05905852  -0.00000000
  0.05921072  -0.00000000
  0.05936292  -0.00000000
  0.05951502  -0.00000000
  0.05966722  -0.00000000
  0.05981942  -0.00000000
  0.05997162  -0.00000000
  0.06012382  -0.00000000
  0.06027602  -0.00000000
  0.06042812  -0.00000000
  0.06058032  -0.00000000
  0.06073252  -0.00000000
  0.06088472  -0.00000000
  0.06103692  -0.00000000
  0.06118912  -0.00000000
  0.06134122  -0.00000000
  0.06149342  -0.00000000
  0.06164562  -0.00000000
  0.06179782  -0.00000000
  0.06195002  -0.00000000
  0.06210222  -0.00000000
  0.06225442  -0.00000000
  0.06240652  -0.00000000
  0.06255872  -0.00000000
  0.06271092  -0.00000000
  0.06286312  -0.00000000
  0.06301532  -0.00000000
  0.06316752  -0.00000000
  0.06331962  -0.00000000
  0.06347182  -0.00000000
  0.06362402  -0.00000000
  0.06377622  -0.00000000
  0.06392842  -0.00000000
  0.06408062  -0.00000000
  0.06423272  -0.00000000
  0.06438492  -0.00000000
  0.06453712  -0.00000000
  0.06468932  -0.00000000
  0.06484152  -0.00000000
  0.06499372  -0.00000000
  0.06514582  -0.00000000
  0.06529802  -0.00000000
  0.06545022  -0.00000000
  0.06560242  -0.00000000
  0.06575462  -0.00000000
  0.06590682  -0.00000000
  0.06605902  -0.00000000
  0.06621112  -0.00000000
  0.06636332  -0.00000000
  0.06651552  -0.00000000
  0.06666772  -0.00000000
  0.06681992  -0.00000000
  0.06697212  -0.00000000
  0.06712422  -0.00000000
  0.06727642  -0.00000000
  0.06742862  -0.00000000
  0.06758082  -0.00000000
  0.06773302  -0.00000000
  0.06788522  -0.00000000
  0.06803732  -0.00000000
  0.06818952  -0.00000000
  0.06834172  -0.00000000
  0.06849392  -0.00000000
  0.06864612  -0.00000000
  0.06879832  -0.00000000
  0.06895052  -0.00000000
  0.06910262  -0.00000000
  0.06925482  -0.00000000
  0.06940702  -0.00000000
  0.06955922  -0.00000000
  0.06971142  -0.00000000
  0.06986362  -0.00000000
  0.07001572  -0.00000000
  0.07016792  -0.00000000
  0.07032012  -0.00000000
  0.07047232  -0.00000000
  0.07062452  -0.00000000
  0.07077672  -0.00000000
  0.07092882  -0.00000000
  0.07108102  -0.00000000
  0.07123322  -0.00000000
  0.07138542  -0.00000000
  0.07153762  -0.00000000
  0.07168982  -0.00000000
  0.07184192  -0.00000000
  0.07199412  -0.00000000
  0.07214632  -0.00000000
  0.07229852  -0.00000000
  0.07245072  -0.00000000
  0.07260292  -0.00000000
  0.07275512  -0.00000000
  0.07290722  -0.00000000
  0.07305942  -0.00000000
  0.07321162  -0.00000000
  0.07336382  -0.00000000
  0.07351602  -0.00000000
  0.07366822  -0.00000000
  0.07382032  -0.00000000
  0.07397252  -0.00000000
  0.07412472  -0.00000000
  0.07427692  -0.00000000
  0.07442912  -0.00000000
  0.07458132  -0.00000000
  0.07473342  -0.00000000
  0.07488562  -0.00000000
  0.07503782  -0.00000000
  0.07519002  -0.00000000
  0.07534222  -0.00000000
  0.07549442  -0.00000000
  0.07564662  -0.00000000
  0.07579872  -0.00000000
  0.07595092  -0.00000000
  0.07610312  -0.00000000
  0.07625532  -0.00000000
  0.07640752  -0.00000000
  0.07655972  -0.00000000
  0.07671182  -0.00000000
  0.07686402  -0.00000000
  0.07701622  -0.00000000
  0.07716842  -0.00000000
  0.07732062  -0.00000000
  0.07747282  -0.00000000
  0.07762492  -0.00000000
  0.07777712  -0.00000000
  0.07792932  -0.00000000
  0.07808152  -0.00000000
  0.07823372  -0.00000000
  0.07838592  -0.00000000
  0.07853802  -0.00000000
  0.07869022  -0.00000000
  0.07884242  -0.00000000
  0.07899462  -0.00000000
  0.07914682  -0.00000000
  0.07929902  -0.00000000
  0.07945122  -0.00000000
  0.07960332  -0.00000000
  0.07975552  -0.00000000
  0.07990772  -0.00000000
  0.08005992  -0.00000000
  0.08021212  -0.00000000
  0.08036432  -0.00000000
  0.08051642  -0.00000000
  0.08066862  -0.00000000
  0.08082082  -0.00000000
  0.08097302  -0.00000000
  0.08112522  -0.00000000
  0.08127742  -0.00000000
  0.08142952  -0.00000000
  0.08158172  -0.00000000
  0.08173392  -0.00000000
  0.08188612  -0.00000000
  0.08205652   0.00000010
  0.08222692   0.00000030
  0.08239732   0.00000060
  0.08256782   0.00000100
  0.08273822   0.00000150
  0.08290862   0.00000210
  0.08307902   0.00000280
  0.08324942   0.00000360
  0.08341982   0.00000450
  0.08359022   0.00000540
  0.08376062   0.00000650
  0.08393102   0.00000770
  0.08410142   0.00000900
  0.08427192   0.00001030
  0.08444232   0.00001180
  0.08461272   0.00001330
  0.08478312   0.00001500
  0.08495352   0.00001670
  0.08512392   0.00001860
  0.08529432   0.00002050
  0.08546472   0.00002260
  0.08563512   0.00002470
  0.08580552   0.00002690
  0.08597592   0.00002920
  0.08614632   0.00003170
  0.08631672   0.00003420
  0.08648712   0.00003680
  0.08665752   0.00003950
  0.08682782   0.00004230
  0.08699822   0.00004520
  0.08716862   0.00004820
  0.08733902   0.00005130
  0.08750942   0.00005450
  0.08767982   0.00005780
  0.08785022   0.00006120
  0.08802052   0.00006470
  0.08819092   0.00006830
  0.08836132   0.00007190
  0.08853172   0.00007570
  0.08870202   0.00007960
  0.08887242   0.00008350
  0.08904282   0.00008760
  0.08921312   0.00009180
  0.08938352   0.00009600
  0.08955382   0.00010040
  0.08972422   0.00010480
  0.08989452   0.00010940
  0.09006492   0.00011400
  0.09023522   0.00011870
  0.09040562   0.00012360
  0.09057592   0.00012850
  0.09074632   0.00013350
  0.09091662   0.00013860
  0.09108692   0.00014380
  0.09125732   0.00014920
  0.09142762   0.00015460
  0.09159792   0.00016010
  0.09176822   0.00016570
  0.09193862   0.00017140
  0.09210892   0.00017740
  0.09227922   0.00018380
  0.09244942   0.00019060
  0.09261972   0.00019770
  0.09278992   0.00020520
  0.09296022   0.00021310
  0.09313042   0.00022130
  0.09330062   0.00022980
  0.09347082   0.00023880
  0.09364092   0.00024810
  0.09381112   0.00025770
  0.09398122   0.00026780
  0.09415132   0.00027810
  0.09432142   0.00028890
  0.09449142   0.00030000
  0.09466142   0.00031150
  0.09483142   0.00032330
  0.09500142   0.00033550
  0.09517142   0.00034810
  0.09534132   0.00036100
  0.09551122   0.00037430
  0.09568102   0.00038790
  0.09585092   0.00040190
  0.09602072   0.00041630
  0.09619052   0.00043100
  0.09636022   0.00044610
  0.09652992   0.00046160
  0.09669962   0.00047740
  0.09686922   0.00049360
  0.09703882   0.00051010
  0.09720842   0.00052700
  0.09737802   0.00054430
  0.09754752   0.00056190
  0.09771692   0.00057990
  0.09788632   0.00059820
  0.09805572   0.00061690
  0.09822512   0.00063600
  0.09839442   0.00065540
  0.09856362   0.00067520
  0.09873292   0.00069530
  0.09890202   0.00071580
  0.09907122   0.00073670
  0.09924022   0.00075790
  0.09940932   0.00077950
  0.09957832   0.00080150
  0.09974722   0.00082380
  0.09991612   0.00084650
  0.10008502   0.00086950
  0.10025382   0.00089290
  0.10042252   0.00091660
  0.10059122   0.00094070
  0.10075992   0.00096520
  0.10092852   0.00099000
  0.10109702   0.00101520
  0.10126552   0.00104070
  0.10143392   0.00106660
  0.10160232   0.00109290
  0.10177062   0.00111950
  0.10193892   0.00114650
  0.10210712   0.00117380
  0.10227522   0.00120150
  0.10244332   0.00122960
  0.10261142   0.00125800
  0.10277932   0.00128680
  0.10294722   0.00131590
  0.10311512   0.00134540
  0.10328292   0.00137520
  0.10345062   0.00140540
  0.10361822   0.00143600
  0.10378582   0.00146690
  0.10395332   0.00149810
  0.10412082   0.00152980
  0.10428822   0.00156180
  0.10445552   0.00159410
  0.10462272   0.00162680
  0.10478992   0.00165980
  0.10495702   0.00169320
  0.10512412   0.00172700
  0.10529102   0.00176110
  0.10545792   0.00179560
  0.10562472   0.00183040
  0.10579152   0.00186560
  0.10595812   0.00190120
  0.10612472   0.00193710
  0.10629122   0.00197330
  0.10645772   0.00200990
  0.10662402   0.00204690
  0.10679032   0.00208420
  0.10695652   0.00212190
  0.10712262   0.00215990
  0.10728862   0.00219840
  0.10745422   0.00223870
  0.10761922   0.00228120
  0.10778372   0.00232580
  0.10794762   0.00237260
  0.10811082   0.00242160
  0.10827342   0.00247260
  0.10843532   0.00252580
  0.10859642   0.00258120
  0.10875692   0.00263860
  0.10891662   0.00269810
  0.10907542   0.00275970
  0.10923352   0.00282340
  0.10939072   0.00288920
  0.10954712   0.00295700
  0.10970252   0.00302680
  0.10985702   0.00309870
  0.11001062   0.00317260
  0.11016312   0.00324860
  0.11031472   0.00332650
  0.11046522   0.00340630
  0.11061472   0.00348820
  0.11076312   0.00357200
  0.11091032   0.00365780
  0.11105652   0.00374540
  0.11120142   0.00383500
  0.11134522   0.00392650
  0.11148782   0.00401980
  0.11162912   0.00411500
  0.11176922   0.00421210
  0.11190802   0.00431090
  0.11204552   0.00441160
  0.11218162   0.00451410
  0.11231642   0.00461840
  0.11244992   0.00472440
  0.11258192   0.00483210
  0.11271252   0.00494160
  0.11284162   0.00505280
  0.11296932   0.00516570
  0.11309552   0.00528020
  0.11322022   0.00539640
  0.11334332   0.00551420
  0.11346492   0.00563360
  0.11358492   0.00575450
  0.11370332   0.00587710
  0.11382012   0.00600120
  0.11393532   0.00612680
  0.11404882   0.00625390
  0.11416062   0.00638250
  0.11427082   0.00651250
  0.11437922   0.00664400
  0.11448592   0.00677690
  0.11459082   0.00691110
  0.11469402   0.00704680
  0.11479542   0.00718370
  0.11489502   0.00732200
  0.11499272   0.00746160
  0.11508862   0.00760250
  0.11518272   0.00774460
  0.11527492   0.00788790
  0.11536522   0.00803240
  0.11545362   0.00817810
  0.11554012   0.00832490
  0.11562472   0.00847290
  0.11570732   0.00862190
  0.11578792   0.00877200
  0.11586662   0.00892320
  0.11594332   0.00907540
  0.11601802   0.00922860
  0.11609062   0.00938270
  0.11616132   0.00953780
  0.11622992   0.00969380
  0.11629642   0.00985070
  0.11636092   0.01000840
  0.11642332   0.01016700
  0.11648372   0.01032630
  0.11654192   0.01048650
  0.11659812   0.01064740
  0.11665212   0.01080900
  0.11670402   0.01097130
  0.11675372   0.01113430
  0.11680142   0.01129790
  0.11684682   0.01146220
  0.11689022   0.01162700
  0.11693132   0.01179230
  0.11697032   0.01195820
  0.11700712   0.01212460
  0.11704172   0.01229150
  0.11707422   0.01245880
  0.11710442   0.01262650
  0.11713242   0.01279460
  0.11715832   0.01296300
  0.11718192   0.01313180
  0.11720332   0.01330090
  0.11722252   0.01347020
  0.11723942   0.01363970
  0.11725422   0.01380950
  0.11726672   0.01397950
  0.11727702   0.01414960
  0.11728562   0.01431980
  0.11729412   0.01449000
  0.11730262   0.01466020
  0.11731112   0.01483040
  0.11731962   0.01500060
  0.11732812   0.01517080
  0.11733662   0.01534100
  0.11734522   0.01551120
  0.11735372   0.01568140
  0.11736222   0.01585160
  0.11737072   0.01602180
  0.11737922   0.01619200
  0.11738772   0.01636220
  0.11739622   0.01653240
  0.11740472   0.01670260
  0.11741322   0.01687280
  0.11742172   0.01704300
  0.11743032   0.01721320
  0.11743882   0.01738340
  0.11744732   0.01755360
  0.11745582   0.01772380
  0.11746432   0.01789400
  0.11747282   0.01806420
  0.11748132   0.01823440
  0.11748982   0.01840460
  0.11749832   0.01857480
  0.11750682   0.01874500
  0.11751542   0.01891520
  0.11752392   0.01908540
  0.11753242   0.01925560
  0.11754092   0.01942580
  0.11754942   0.01959600
  0.11755792   0.01976620
  0.11756642   0.01993640
  0.11757492   0.02010660
  0.11758342   0.02027680
  0.11759192   0.02044700
  0.11760052   0.02061720
  0.11760902   0.02078740
  0.11761752   0.02095760
  0.11762602   0.02112780
  0.11763452   0.02129800
  0.11764302   0.02146820
  0.11765152   0.02163840
  0.11766002   0.02180860
  0.11766852   0.02197880
  0.11767702   0.02214900
  0.11768562   0.02231920
  0.11769412   0.02248940
  0.11770262   0.02265960
  0.11771112   0.02282980
  0.11771962   0.02300000
