 -0.00089290   0.02300000
 -0.00088980   0.02289020
 -0.00088660   0.02278040
 -0.00088350   0.02267060
 -0.00088030   0.02256080
 -0.00087720   0.02245100
 -0.00087410   0.02234130
 -0.00087090   0.02223150
 -0.00086780   0.02212170
 -0.00086470   0.02201190
 -0.00086150   0.02190210
 -0.00085840   0.02179230
 -0.00085520   0.02168250
 -0.00085210   0.02157270
 -0.00084900   0.02146290
 -0.00084580   0.02135310
 -0.00084270   0.02124330
 -0.00083960   0.02113360
 -0.00083640   0.02102380
 -0.00083330   0.02091400
 -0.00083010   0.02080420
 -0.00082700   0.02069440
 -0.00082390   0.02058460
 -0.00082070   0.02047480
 -0.00081760   0.02036500
 -0.00081450   0.02025520
 -0.00081130   0.02014540
 -0.00080820   0.02003560
 -0.00080510   0.01992590
 -0.00080190   0.01981610
 -0.00079880   0.01970630
 -0.00079560   0.01959650
 -0.00079250   0.01948670
 -0.00078940   0.01937690
 -0.00078620   0.01926710
 -0.00078310   0.01915730
 -0.00078000   0.01904750
 -0.00077680   0.01893770
 -0.00077370   0.01882790
 -0.00077050   0.01871820
 -0.00076740   0.01860840
 -0.00076430   0.01849860
 -0.00076110   0.01838880
 -0.00075800   0.01827900
 -0.00075490   0.01816920
 -0.00075170   0.01805940
 -0.00074860   0.01794960
 -0.00074550   0.01783980
 -0.00074230   0.01773000
 -0.00073920   0.01762020
 -0.00073600   0.01751050
 -0.00073290   0.01740070
 -0.00072980   0.01729090
 -0.00072660   0.01718110
 -0.00072350   0.01707130
 -0.00072040   0.01696150
 -0.00071720   0.01685170
 -0.00071410   0.01674190
 -0.00071090   0.01663210
 -0.00070780   0.01652230
 -0.00070470   0.01641250
 -0.00070150   0.01630280
 -0.00069840   0.01619300
 -0.00069530   0.01608320
 -0.00069210   0.01597340
 -0.00068900   0.01586360
 -0.00068590   0.01575380
 -0.00068270   0.01564400
 -0.00067960   0.01553420
 -0.00067640   0.01542440
 -0.00067330   0.01531460
 -0.00067020   0.01520480
 -0.00066700   0.01509510
 -0.00066390   0.01498530
 -0.00066080   0.01487550
 -0.00065760   0.01476570
 -0.00065450   0.01465590
 -0.00065130   0.01454610
 -0.00064820   0.01443630
 -0.00064510   0.01432650
 -0.00064190   0.01421670
 -0.00063880   0.01410690
 -0.00063570   0.01399710
 -0.00063250   0.01388740
 -0.00062940   0.01377760
 -0.00062630   0.01366780
 -0.00062310   0.01355800
 -0.00062000   0.01344820
 -0.00061680   0.01333840
 -0.00061370   0.01322860
 -0.00061060   0.01311880
 -0.00060740   0.01300900
 -0.00060430   0.01289920
 -0.00060120   0.01278940
 -0.00059800   0.01267970
 -0.00059490   0.01256990
 -0.00059170   0.01246010
 -0.00058860   0.01235030
 -0.00058550   0.01224050
 -0.00058230   0.01213070
 -0.00057920   0.01202090
 -0.00057610   0.01191110
 -0.00057290   0.01180130
 -0.00056980   0.01169150
 -0.00056670   0.01158170
 -0.00056350   0.01147190
 -0.00056040   0.01136220
 -0.00055720   0.01125240
 -0.00055410   0.01114260
 -0.00055100   0.01103280
 -0.00054780   0.01092300
 -0.00054470   0.01081320
 -0.00054160   0.01070340
 -0.00053840   0.01059360
 -0.00053530   0.01048380
 -0.00053210   0.01037400
 -0.00052900   0.01026420
 -0.00052590   0.01015450
 -0.00052270   0.01004470
 -0.00051960   0.00993490
 -0.00051650   0.00982510
 -0.00051330   0.00971530
 -0.00050960   0.00960550
 -0.00050470   0.00949580
 -0.00049850   0.00938610
 -0.00049120   0.00927650
 -0.00048260   0.00916700
 -0.00047290   0.00905760
 -0.00046190   0.00894840
 -0.00044980   0.00883920
 -0.00043640   0.00873020
 -0.00042190   0.00862130
 -0.00040610   0.00851260
 -0.00038920   0.00840410
 -0.00037110   0.00829580
 -0.00035180   0.00818760
 -0.00033130   0.00807970
 -0.00030960   0.00797200
 -0.00028670   0.00786460
 -0.00026270   0.00775740
 -0.00023750   0.00765050
 -0.00021110   0.00754390
 -0.00018350   0.00743760
 -0.00015480   0.00733160
 -0.00012490   0.00722590
 -0.00009380   0.00712060
 -0.00006160   0.00701550
 -0.00002830   0.00691090
  0.00000620   0.00680660
  0.00004190   0.00670270
  0.00007860   0.00659920
  0.00011660   0.00649620
  0.00015560   0.00639350
  0.00019580   0.00629130
  0.00023710   0.00618950
  0.00027950   0.00608820
  0.00032300   0.00598730
  0.00036760   0.00588700
  0.00041340   0.00578710
  0.00046020   0.00568770
  0.00050810   0.00558890
  0.00055710   0.00549060
  0.00060710   0.00539280
  0.00065830   0.00529560
  0.00071050   0.00519900
  0.00076370   0.00510290
  0.00081810   0.00500750
  0.00087340   0.00491260
  0.00092980   0.00481840
  0.00098720   0.00472470
  0.00104570   0.00463170
  0.00110520   0.00453940
  0.00116560   0.00444770
  0.00122710   0.00435670
  0.00128960   0.00426640
  0.00135310   0.00417670
  0.00141750   0.00408780
  0.00148290   0.00399960
  0.00154930   0.00391210
  0.00161670   0.00382530
  0.00168500   0.00373930
  0.00175420   0.00365400
  0.00182440   0.00356950
  0.00189550   0.00348580
  0.00196750   0.00340280
  0.00204040   0.00332070
  0.00211420   0.00323940
  0.00218890   0.00315880
  0.00226450   0.00307910
  0.00234090   0.00300030
  0.00241820   0.00292230
  0.00249640   0.00284510
  0.00257540   0.00276880
  0.00265520   0.00269340
  0.00273590   0.00261880
  0.00281980   0.00254790
  0.00290860   0.00248340
  0.00300190   0.00242550
  0.00309920   0.00237450
  0.00319990   0.00233090
  0.00330360   0.00229470
  0.00340970   0.00226620
  0.00351690   0.00224240
  0.00362420   0.00221880
  0.00373150   0.00219540
  0.00383880   0.00217210
  0.00394620   0.00214900
  0.00405360   0.00212600
  0.00416100   0.00210320
  0.00426850   0.00208050
  0.00437600   0.00205790
  0.00448350   0.00203550
  0.00459110   0.00201330
  0.00469870   0.00199120
  0.00480630   0.00196920
  0.00491390   0.00194740
  0.00502160   0.00192580
  0.00512930   0.00190420
  0.00523710   0.00188290
  0.00534480   0.00186170
  0.00545260   0.00184060
  0.00556040   0.00181970
  0.00566830   0.00179890
  0.00577620   0.00177830
  0.00588410   0.00175780
  0.00599200   0.00173750
  0.00610000   0.00171730
  0.00620800   0.00169730
  0.00631600   0.00167740
  0.00642410   0.00165760
  0.00653210   0.00163810
  0.00664020   0.00161860
  0.00674840   0.00159930
  0.00685650   0.00158020
  0.00696470   0.00156120
  0.00707290   0.00154230
  0.00718110   0.00152370
  0.00728940   0.00150510
  0.00739770   0.00148670
  0.00750600   0.00146850
  0.00761430   0.00145040
  0.00772270   0.00143240
  0.00783110   0.00141460
  0.00793950   0.00139690
  0.00804790   0.00137940
  0.00815640   0.00136210
  0.00826480   0.00134490
  0.00837330   0.00132780
  0.00848190   0.00131090
  0.00859040   0.00129410
  0.00869900   0.00127750
  0.00880760   0.00126110
  0.00891620   0.00124480
  0.00902480   0.00122860
  0.00913350   0.00121260
  0.00924220   0.00119670
  0.00935090   0.00118100
  0.00945960   0.00116540
  0.00956840   0.00115000
  0.00967710   0.00113470
  0.00978590   0.00111960
  0.00989470   0.00110460
  0.01000360   0.00108980
  0.01011240   0.00107520
  0.01022130   0.00106060
  0.01033020   0.00104630
  0.01043910   0.00103200
  0.01054800   0.00101800
  0.01065700   0.00100400
  0.01076590   0.00099030
  0.01087490   0.00097660
  0.01098390   0.00096320
  0.01109300   0.00094980
  0.01120200   0.00093670
  0.01131110   0.00092360
  0.01142010   0.00091080
  0.01152920   0.00089800
  0.01163840   0.00088550
  0.01174750   0.00087300
  0.01185660   0.00086080
  0.01196580   0.00084860
  0.01207500   0.00083670
  0.01218420   0.00082480
  0.01229340   0.00081310
  0.01240260   0.00080160
  0.01251190   0.00079020
  0.01262110   0.00077900
  0.01273040   0.00076790
  0.01283970   0.00075700
  0.01294900   0.00074620
  0.01305830   0.00073560
  0.01316760   0.00072510
  0.01327700   0.00071480
  0.01338640   0.00070460
  0.01349570   0.00069460
  0.01360510   0.00068470
  0.01371450   0.00067500
  0.01382390   0.00066540
  0.01393340   0.00065600
  0.01404280   0.00064670
  0.01415230   0.00063760
  0.01426170   0.00062860
  0.01437120   0.00061980
  0.01448070   0.00061110
  0.01459020   0.00060260
  0.01469970   0.00059420
  0.01480930   0.00058600
  0.01491880   0.00057790
  0.01502840   0.00057000
  0.01513790   0.00056220
  0.01524750   0.00055460
  0.01535710   0.00054710
  0.01546670   0.00053980
  0.01557630   0.00053260
  0.01568590   0.00052560
  0.01579550   0.00051880
  0.01590510   0.00051200
  0.01601480   0.00050550
  0.01612440   0.00049900
  0.01623410   0.00049260
  0.01634370   0.00048630
  0.01645340   0.00047990
  0.01656300   0.00047360
  0.01667270   0.00046740
  0.01678230   0.00046120
  0.01689200   0.00045500
  0.01700170   0.00044880
  0.01711130   0.00044280
  0.01722100   0.00043670
  0.01733070   0.00043070
  0.01744030   0.00042470
  0.01755000   0.00041880
  0.01765970   0.00041290
  0.01776940   0.00040700
  0.01787910   0.00040120
  0.01798870   0.00039550
  0.01809840   0.00038970
  0.01820810   0.00038400
  0.01831780   0.00037840
  0.01842750   0.00037280
  0.01853720   0.00036720
  0.01864690   0.00036170
  0.01875660   0.00035620
  0.01886630   0.00035070
  0.01897600   0.00034530
  0.01908570   0.00033990
  0.01919540   0.00033460
  0.01930510   0.00032930
  0.01941480   0.00032410
  0.01952450   0.00031890
  0.01963420   0.00031370
  0.01974400   0.00030860
  0.01985370   0.00030350
  0.01996340   0.00029840
  0.02007310   0.00029340
  0.02018280   0.00028840
  0.02029260   0.00028350
  0.02040230   0.00027860
  0.02051200   0.00027380
  0.02062180   0.00026900
  0.02073150   0.00026420
  0.02084120   0.00025950
  0.02095100   0.00025480
  0.02106070   0.00025010
  0.02117040   0.00024550
  0.02128020   0.00024100
  0.02138990   0.00023640
  0.02149970   0.00023200
  0.02160940   0.00022750
  0.02171920   0.00022310
  0.02182890   0.00021870
  0.02193870   0.00021440
  0.02204840   0.00021010
  0.02215820   0.00020590
  0.02226790   0.00020170
  0.02237770   0.00019750
  0.02248740   0.00019340
  0.02259720   0.00018930
  0.02270690   0.00018530
  0.02281670   0.00018120
  0.02292650   0.00017730
  0.02303620   0.00017340
  0.02314600   0.00016950
  0.02325580   0.00016560
  0.02336550   0.00016180
  0.02347530   0.00015810
  0.02358510   0.00015430
  0.02369490   0.00015070
  0.02380460   0.00014700
  0.02391440   0.00014340
  0.02402420   0.00013990
  0.02413400   0.00013630
  0.02424380   0.00013280
  0.02435350   0.00012940
  0.02446330   0.00012600
  0.02457310   0.00012260
  0.02468290   0.00011930
  0.02479270   0.00011600
  0.02490250   0.00011280
  0.02501230   0.00010960
  0.02512200   0.00010640
  0.02523180   0.00010330
  0.02534160   0.00010020
  0.02545140   0.00009720
  0.02556120   0.00009420
  0.02567100   0.00009120
  0.02578080   0.00008830
  0.02589060   0.00008540
  0.02600040   0.00008260
  0.02611020   0.00007980
  0.02622000   0.00007710
  0.02632980   0.00007450
  0.02643960   0.00007190
  0.02654940   0.00006930
  0.02665920   0.00006680
  0.02676900   0.00006430
  0.02687880   0.00006180
  0.02698870   0.00005940
  0.02709850   0.00005710
  0.02720830   0.00005480
  0.02731810   0.00005250
  0.02742790   0.00005020
  0.02753770   0.00004800
  0.02764750   0.00004590
  0.02775730   0.00004370
  0.02786720   0.00004160
  0.02797700   0.00003960
  0.02808680   0.00003760
  0.02819660   0.00003560
  0.02830640   0.00003370
  0.02841630   0.00003180
  0.02852610   0.00003000
  0.02863590   0.00002820
  0.02874570   0.00002640
  0.02885550   0.00002470
  0.02896540   0.00002300
  0.02907520   0.00002140
  0.02918500   0.00001980
  0.02929480   0.00001820
  0.02940470   0.00001670
  0.02951450   0.00001520
  0.02962430   0.00001380
  0.02973410   0.00001240
  0.02984400   0.00001100
  0.02995380   0.00000970
  0.03006360   0.00000840
  0.03017340   0.00000720
  0.03028330   0.00000600
  0.03039310   0.00000480
  0.03050290   0.00000370
  0.03061280   0.00000260
  0.03072260   0.00000160
  0.03083240   0.00000060
  0.03094230  -0.00000040
  0.03105210  -0.00000130
  0.03116190  -0.00000220
  0.03127180  -0.00000300
  0.03138160  -0.00000380
  0.03149140  -0.00000450
  0.03160130  -0.00000530
  0.03171110  -0.00000590
  0.03182090  -0.00000660
  0.03193080  -0.00000720
  0.03204060  -0.00000770
  0.03215040  -0.00000820
  0.03226030  -0.00000870
  0.03237010  -0.00000910
  0.03247990  -0.00000950
  0.03258980  -0.00000990
  0.03269960  -0.00001020
  0.03280940  -0.00001050
  0.03291930  -0.00001070
  0.03302910  -0.00001090
  0.03313890  -0.00001110
  0.03324880  -0.00001120
  0.03335860  -0.00001120
  0.03346850  -0.00001130
  0.03357830  -0.00001130
  0.03368810  -0.00001120
  0.03379800  -0.00001110
  0.03390780  -0.00001100
  0.03401760  -0.00001080
  0.03412750  -0.00001060
  0.03423730  -0.00001040
  0.03434710  -0.00001010
  0.03445700  -0.00000980
  0.03456680  -0.00000940
  0.03467660  -0.00000900
  0.03478650  -0.00000850
  0.03489630  -0.00000800
  0.03500610  -0.00000750
  0.03511600  -0.00000690
  0.03522580  -0.00000630
  0.03533560  -0.00000570
  0.03544550  -0.00000500
  0.03555530  -0.00000430
  0.03566510  -0.00000350
  0.03577500  -0.00000270
  0.03588480  -0.00000180
  0.03599460  -0.00000090
  0.03610450  -0.00000000
  0.03625670  -0.00000000
  0.03640880  -0.00000000
  0.03656100  -0.00000000
  0.03671320  -0.00000000
  0.03686540  -0.00000000
  0.03701760  -0.00000000
  0.03716980  -0.00000000
  0.03732200  -0.00000000
  0.03747410  -0.00000000
  0.03762630  -0.00000000
  0.03777850  -0.00000000
  0.03793070  -0.00000000
  0.03808290  -0.00000000
  0.03823510  -0.00000000
  0.03838720  -0.00000000
  0.03853940  -0.00000000
  0.03869160  -0.00000000
  0.03884380  -0.00000000
  0.03899600  -0.00000000
  0.03914820  -0.00000000
  0.03930030  -0.00000000
  0.03945250  -0.00000000
  0.03960470  -0.00000000
  0.03975690  -0.00000000
  0.03990910  -0.00000000
  0.04006130  -0.00000000
  0.04021340  -0.00000000
  0.04036560  -0.00000000
  0.04051780  -0.00000000
  0.04067000  -0.00000000
  0.04082220  -0.00000000
  0.04097440  -0.00000000
  0.04112660  -0.00000000
  0.04127870  -0.00000000
  0.04143090  -0.00000000
  0.04158310  -0.00000000
  0.04173530  -0.00000000
  0.04188750  -0.00000000
  0.04203970  -0.00000000
  0.04219180  -0.00000000
  0.04234400  -0.00000000
  0.04249620  -0.00000000
  0.04264840  -0.00000000
  0.04280060  -0.00000000
  0.04295280  -0.00000000
  0.04310490  -0.00000000
  0.04325710  -0.00000000
  0.04340930  -0.00000000
  0.04356150  -0.00000000
  0.04371370  -0.00000000
  0.04386590  -0.00000000
  0.04401810  -0.00000000
  0.04417020  -0.00000000
  0.04432240  -0.00000000
  0.04447460  -0.00000000
  0.04462680  -0.00000000
  0.04477900  -0.00000000
  0.04493120  -0.00000000
  0.04508330  -0.00000000
  0.04523550  -0.00000000
  0.04538770  -0.00000000
  0.04553990  -0.00000000
  0.04569210  -0.00000000
  0.04584430  -0.00000000
  0.04599640  -0.00000000
  0.04614860  -0.00000000
  0.04630080  -0.00000000
  0.04645300  -0.00000000
  0.04660520  -0.00000000
  0.04675740  -0.00000000
  0.04690960  -0.00000000
  0.04706170  -0.00000000
  0.04721390  -0.00000000
  0.04736610  -0.00000000
  0.04751830  -0.00000000
  0.04767050  -0.00000000
  0.04782270  -0.00000000
  0.04797480  -0.00000000
  0.04812700  -0.00000000
  0.04827920  -0.00000000
  0.04843140  -0.00000000
  0.04858360  -0.00000000
  0.04873580  -0.00000000
  0.04888790  -0.00000000
  0.04904010  -0.00000000
  0.04919230  -0.00000000
  0.04934450  -0.00000000
  0.04949670  -0.00000000
  0.04964890  -0.00000000
  0.04980100  -0.00000000
  0.04995320  -0.00000000
  0.05010540  -0.00000000
  0.05025760  -0.00000000
  0.05040980  -0.00000000
  0.05056200  -0.00000000
  0.05071420  -0.00000000
  0.05086630  -0.00000000
  0.05101850  -0.00000000
  0.05117070  -0.00000000
  0.05132290  -0.00000000
  0.05147510  -0.00000000
  0.05162730  -0.00000000
  0.05177940  -0.00000000
  0.05193160  -0.00000000
  0.05208380  -0.00000000
  0.05223600  -0.00000000
  0.05238820  -0.00000000
  0.05254040  -0.00000000
  0.05269250  -0.00000000
  0.05284470  -0.00000000
  0.05299690  -0.00000000
  0.05314910  -0.00000000
  0.05330130  -0.00000000
  0.05345350  -0.00000000
  0.05360570  -0.00000000
  0.05375780  -0.00000000
  0.05391000  -0.00000000
  0.05406220  -0.00000000
  0.05421440  -0.00000000
  0.05436660  -0.00000000
  0.05451880  -0.00000000
  0.05467090  -0.00000000
  0.05482310  -0.00000000
  0.05497530  -0.00000000
  0.05512750  -0.00000000
  0.05527970  -0.00000000
  0.05543190  -0.00000000
  0.05558400  -0.00000000
  0.05573620  -0.00000000
  0.05588840  -0.00000000
  0.05604060  -0.00000000
  0.05619280  -0.00000000
  0.05634500  -0.00000000
  0.05649710  -0.00000000
  0.05664930  -0.00000000
  0.05680150  -0.00000000
  0.05695370  -0.00000000
  0.05710590  -0.00000000
  0.05725810  -0.00000000
  0.05741030  -0.00000000
  0.05756240  -0.00000000
  0.05771460  -0.00000000
  0.05786680  -0.00000000
  0.05801900  -0.00000000
  0.05817120  -0.00000000
  0.05832340  -0.00000000
  0.05847550  -0.00000000
  0.05862770  -0.00000000
  0.05877990  -0.00000000
  0.05893210  -0.00000000
  0.05908430  -0.00000000
  0.05923650  -0.00000000
  0.05938860  -0.00000000
  0.05954080  -0.00000000
  0.05969300  -0.00000000
  0.05984520  -0.00000000
  0.05999740  -0.00000000
  0.06014960  -0.00000000
  0.06030180  -0.00000000
  0.06045390  -0.00000000
  0.06060610  -0.00000000
  0.06075830  -0.00000000
  0.06091050  -0.00000000
  0.06106270  -0.00000000
  0.06121490  -0.00000000
  0.06136700  -0.00000000
  0.06151920  -0.00000000
  0.06167140  -0.00000000
  0.06182360  -0.00000000
  0.06197580  -0.00000000
  0.06212800  -0.00000000
  0.06228010  -0.00000000
  0.06243230  -0.00000000
  0.06258450  -0.00000000
  0.06273670  -0.00000000
  0.06288890  -0.00000000
  0.06304110  -0.00000000
  0.06319320  -0.00000000
  0.06334540  -0.00000000
  0.06349760  -0.00000000
  0.06364980  -0.00000000
  0.06380200  -0.00000000
  0.06395420  -0.00000000
  0.06410640  -0.00000000
  0.06425850  -0.00000000
  0.06441070  -0.00000000
  0.06456290  -0.00000000
  0.06471510  -0.00000000
  0.06486730  -0.00000000
  0.06501950  -0.00000000
  0.06517160  -0.00000000
  0.06532380  -0.00000000
  0.06547600  -0.00000000
  0.06562820  -0.00000000
  0.06578040  -0.00000000
  0.06593260  -0.00000000
  0.06608470  -0.00000000
  0.06623690  -0.00000000
  0.06638910  -0.00000000
  0.06654130  -0.00000000
  0.06671170   0.00000010
  0.06688210   0.00000030
  0.06705250   0.00000060
  0.06722300   0.00000100
  0.06739340   0.00000150
  0.06756380   0.00000210
  0.06773420   0.00000280
  0.06790460   0.00000360
  0.06807500   0.00000450
  0.06824540   0.00000540
  0.06841580   0.00000650
  0.06858620   0.00000770
  0.06875660   0.00000900
  0.06892710   0.00001030
  0.06909750   0.00001180
  0.06926790   0.00001330
  0.06943830   0.00001500
  0.06960870   0.00001670
  0.06977910   0.00001860
  0.06994950   0.00002050
  0.07011990   0.00002260
  0.07029030   0.00002470
  0.07046070   0.00002690
  0.07063110   0.00002920
  0.07080150   0.00003170
  0.07097190   0.00003420
  0.07114230   0.00003680
  0.07131270   0.00003950
  0.07148300   0.00004230
  0.07165340   0.00004520
  0.07182380   0.00004820
  0.07199420   0.00005130
  0.07216460   0.00005450
  0.07233500   0.00005780
  0.07250540   0.00006120
  0.07267570   0.00006470
  0.07284610   0.00006830
  0.07301650   0.00007190
  0.07318690   0.00007570
  0.07335720   0.00007960
  0.07352760   0.00008350
  0.07369800   0.00008760
  0.07386830   0.00009180
  0.07403870   0.00009600
  0.07420900   0.00010040
  0.07437940   0.00010480
  0.07454970   0.00010940
  0.07472010   0.00011400
  0.07489040   0.00011870
  0.07506080   0.00012360
  0.07523110   0.00012850
  0.07540150   0.00013350
  0.07557180   0.00013860
  0.07574210   0.00014380
  0.07591250   0.00014920
  0.07608280   0.00015460
  0.07625310   0.00016010
  0.07642340   0.00016570
  0.07659380   0.00017140
  0.07676410   0.00017740
  0.07693440   0.00018380
  0.07710460   0.00019060
  0.07727490   0.00019770
  0.07744510   0.00020520
  0.07761540   0.00021310
  0.07778560   0.00022130
  0.07795580   0.00022980
  0.07812600   0.00023880
  0.07829610   0.00024810
  0.07846630   0.00025770
  0.07863640   0.00026780
  0.07880650   0.00027810
  0.07897660   0.00028890
  0.07914660   0.00030000
  0.07931660   0.00031150
  0.07948660   0.00032330
  0.07965660   0.00033550
  0.07982660   0.00034810
  0.07999650   0.00036100
  0.08016640   0.00037430
  0.08033620   0.00038790
  0.08050610   0.00040190
  0.08067590   0.00041630
  0.08084570   0.00043100
  0.08101540   0.00044610
  0.08118510   0.00046160
  0.08135480   0.00047740
  0.08152440   0.00049360
  0.08169400   0.00051010
  0.08186360   0.00052700
  0.08203320   0.00054430
  0.08220270   0.00056190
  0.08237210   0.00057990
  0.08254150   0.00059820
  0.08271090   0.00061690
  0.08288030   0.00063600
  0.08304960   0.00065540
  0.08321880   0.00067520
  0.08338810   0.00069530
  0.08355720   0.00071580
  0.08372640   0.00073670
  0.08389540   0.00075790
  0.08406450   0.00077950
  0.08423350   0.00080150
  0.08440240   0.00082380
  0.08457130   0.00084650
  0.08474020   0.00086950
  0.08490900   0.00089290
  0.08507770   0.00091660
  0.08524640   0.00094070
  0.08541510   0.00096520
  0.08558370   0.00099000
  0.08575220   0.00101520
  0.08592070   0.00104070
  0.08608910   0.00106660
  0.08625750   0.00109290
  0.08642580   0.00111950
  0.08659410   0.00114650
  0.08676230   0.00117380
  0.08693040   0.00120150
  0.08709850   0.00122960
  0.08726660   0.00125800
  0.08743450   0.00128680
  0.08760240   0.00131590
  0.08777030   0.00134540
  0.08793810   0.00137520
  0.08810580   0.00140540
  0.08827340   0.00143600
  0.08844100   0.00146690
  0.08860850   0.00149810
  0.08877600   0.00152980
  0.08894340   0.00156180
  0.08911070   0.00159410
  0.08927790   0.00162680
  0.08944510   0.00165980
  0.08961220   0.00169320
  0.08977930   0.00172700
  0.08994620   0.00176110
  0.09011310   0.00179560
  0.09027990   0.00183040
  0.09044670   0.00186560
  0.09061330   0.00190120
  0.09077990   0.00193710
  0.09094640   0.00197330
  0.09111290   0.00200990
  0.09127920   0.00204690
  0.09144550   0.00208420
  0.09161170   0.00212190
  0.09177780   0.00215990
  0.09194380   0.00219840
  0.09210940   0.00223870
  0.09227440   0.00228120
  0.09243890   0.00232580
  0.09260280   0.00237260
  0.09276600   0.00242160
  0.09292860   0.00247260
  0.09309050   0.00252580
  0.09325160   0.00258120
  0.09341210   0.00263860
  0.09357180   0.00269810
  0.09373060   0.00275970
  0.09388870   0.00282340
  0.09404590   0.00288920
  0.09420230   0.00295700
  0.09435770   0.00302680
  0.09451220   0.00309870
  0.09466580   0.00317260
  0.09481830   0.00324860
  0.09496990   0.00332650
  0.09512040   0.00340630
  0.09526990   0.00348820
  0.09541830   0.00357200
  0.09556550   0.00365780
  0.09571170   0.00374540
  0.09585660   0.00383500
  0.09600040   0.00392650
  0.09614300   0.00401980
  0.09628430   0.00411500
  0.09642440   0.00421210
  0.09656320   0.00431090
  0.09670070   0.00441160
  0.09683680   0.00451410
  0.09697160   0.00461840
  0.09710510   0.00472440
  0.09723710   0.00483210
  0.09736770   0.00494160
  0.09749680   0.00505280
  0.09762450   0.00516570
  0.09775070   0.00528020
  0.09787540   0.00539640
  0.09799850   0.00551420
  0.09812010   0.00563360
  0.09824010   0.00575450
  0.09835850   0.00587710
  0.09847530   0.00600120
  0.09859050   0.00612680
  0.09870400   0.00625390
  0.09881580   0.00638250
  0.09892600   0.00651250
  0.09903440   0.00664400
  0.09914110   0.00677690
  0.09924600   0.00691110
  0.09934920   0.00704680
  0.09945060   0.00718370
  0.09955020   0.00732200
  0.09964790   0.00746160
  0.09974380   0.00760250
  0.09983790   0.00774460
  0.09993010   0.00788790
  0.10002040   0.00803240
  0.10010880   0.00817810
  0.10019530   0.00832490
  0.10027990   0.00847290
  0.10036250   0.00862190
  0.10044310   0.00877200
  0.10052180   0.00892320
  0.10059850   0.00907540
  0.10067320   0.00922860
  0.10074580   0.00938270
  0.10081650   0.00953780
  0.10088510   0.00969380
  0.10095160   0.00985070
  0.10101610   0.01000840
  0.10107850   0.01016700
  0.10113890   0.01032630
  0.10119710   0.01048650
  0.10125330   0.01064740
  0.10130730   0.01080900
  0.10135920   0.01097130
  0.10140890   0.01113430
  0.10145660   0.01129790
  0.10150200   0.01146220
  0.10154540   0.01162700
  0.10158650   0.01179230
  0.10162550   0.01195820
  0.10166230   0.01212460
  0.10169690   0.01229150
  0.10172940   0.01245880
  0.10175960   0.01262650
  0.10178760   0.01279460
  0.10181350   0.01296300
  0.10183710   0.01313180
  0.10185850   0.01330090
  0.10187770   0.01347020
  0.10189460   0.01363970
  0.10190940   0.01380950
  0.10192190   0.01397950
  0.10193220   0.01414960
  0.10194080   0.01431980
  0.10194930   0.01449000
  0.10195780   0.01466020
  0.10196630   0.01483040
  0.10197480   0.01500060
  0.10198330   0.01517080
  0.10199180   0.01534100
  0.10200040   0.01551120
  0.10200890   0.01568140
  0.10201740   0.01585160
  0.10202590   0.01602180
  0.10203440   0.01619200
  0.10204290   0.01636220
  0.10205140   0.01653240
  0.10205990   0.01670260
  0.10206840   0.01687280
  0.10207690   0.01704300
  0.10208550   0.01721320
  0.10209400   0.01738340
  0.10210250   0.01755360
  0.10211100   0.01772380
  0.10211950   0.01789400
  0.10212800   0.01806420
  0.10213650   0.01823440
  0.10214500   0.01840460
  0.10215350   0.01857480
  0.10216200   0.01874500
  0.10217060   0.01891520
  0.10217910   0.01908540
  0.10218760   0.01925560
  0.10219610   0.01942580
  0.10220460   0.01959600
  0.10221310   0.01976620
  0.10222160   0.01993640
  0.10223010   0.02010660
  0.10223860   0.02027680
  0.10224710   0.02044700
  0.10225570   0.02061720
  0.10226420   0.02078740
  0.10227270   0.02095760
  0.10228120   0.02112780
  0.10228970   0.02129800
  0.10229820   0.02146820
  0.10230670   0.02163840
  0.10231520   0.02180860
  0.10232370   0.02197880
  0.10233220   0.02214900
  0.10234080   0.02231920
  0.10234930   0.02248940
  0.10235780   0.02265960
  0.10236630   0.02282980
  0.10237480   0.02300000
