 -0.00954790   0.02300000
 -0.00954480   0.02289020
 -0.00954160   0.02278040
 -0.00953850   0.02267060
 -0.00953530   0.02256080
 -0.00953220   0.02245100
 -0.00952910   0.02234130
 -0.00952590   0.02223150
 -0.00952280   0.02212170
 -0.00951970   0.02201190
 -0.00951650   0.02190210
 -0.00951340   0.02179230
 -0.00951020   0.02168250
 -0.00950710   0.02157270
 -0.00950400   0.02146290
 -0.00950080   0.02135310
 -0.00949770   0.02124330
 -0.00949460   0.02113360
 -0.00949140   0.02102380
 -0.00948830   0.02091400
 -0.00948510   0.02080420
 -0.00948200   0.02069440
 -0.00947890   0.02058460
 -0.00947570   0.02047480
 -0.00947260   0.02036500
 -0.00946950   0.02025520
 -0.00946630   0.02014540
 -0.00946320   0.02003560
 -0.00946010   0.01992590
 -0.00945690   0.01981610
 -0.00945380   0.01970630
 -0.00945060   0.01959650
 -0.00944750   0.01948670
 -0.00944440   0.01937690
 -0.00944120   0.01926710
 -0.00943810   0.01915730
 -0.00943500   0.01904750
 -0.00943180   0.01893770
 -0.00942870   0.01882790
 -0.00942550   0.01871820
 -0.00942240   0.01860840
 -0.00941930   0.01849860
 -0.00941610   0.01838880
 -0.00941300   0.01827900
 -0.00940990   0.01816920
 -0.00940670   0.01805940
 -0.00940360   0.01794960
 -0.00940050   0.01783980
 -0.00939730   0.01773000
 -0.00939420   0.01762020
 -0.00939100   0.01751050
 -0.00938790   0.01740070
 -0.00938480   0.01729090
 -0.00938160   0.01718110
 -0.00937850   0.01707130
 -0.00937540   0.01696150
 -0.00937220   0.01685170
 -0.00936910   0.01674190
 -0.00936590   0.01663210
 -0.00936280   0.01652230
 -0.00935970   0.01641250
 -0.00935650   0.01630280
 -0.00935340   0.01619300
 -0.00935030   0.01608320
 -0.00934710   0.01597340
 -0.00934400   0.01586360
 -0.00934090   0.01575380
 -0.00933770   0.01564400
 -0.00933460   0.01553420
 -0.00933140   0.01542440
 -0.00932830   0.01531460
 -0.00932520   0.01520480
 -0.00932200   0.01509510
 -0.00931890   0.01498530
 -0.00931580   0.01487550
 -0.00931260   0.01476570
 -0.00930950   0.01465590
 -0.00930630   0.01454610
 -0.00930320   0.01443630
 -0.00930010   0.01432650
 -0.00929690   0.01421670
 -0.00929380   0.01410690
 -0.00929070   0.01399710
 -0.00928750   0.01388740
 -0.00928440   0.01377760
 -0.00928130   0.01366780
 -0.00927810   0.01355800
 -0.00927500   0.01344820
 -0.00927180   0.01333840
 -0.00926870   0.01322860
 -0.00926560   0.01311880
 -0.00926240   0.01300900
 -0.00925930   0.01289920
 -0.00925620   0.01278940
 -0.00925300   0.01267970
 -0.00924990   0.01256990
 -0.00924670   0.01246010
 -0.00924360   0.01235030
 -0.00924050   0.01224050
 -0.00923730   0.01213070
 -0.00923420   0.01202090
 -0.00923110   0.01191110
 -0.00922790   0.01180130
 -0.00922480   0.01169150
 -0.00922170   0.01158170
 -0.00921850   0.01147190
 -0.00921540   0.01136220
 -0.00921220   0.01125240
 -0.00920910   0.01114260
 -0.00920600   0.01103280
 -0.00920280   0.01092300
 -0.00919970   0.01081320
 -0.00919660   0.01070340
 -0.00919340   0.01059360
 -0.00919030   0.01048380
 -0.00918710   0.01037400
 -0.00918400   0.01026420
 -0.00918090   0.01015450
 -0.00917770   0.01004470
 -0.00917460   0.00993490
 -0.00917150   0.00982510
 -0.00916830   0.00971530
 -0.00916460   0.00960550
 -0.00915970   0.00949580
 -0.00915350   0.00938610
 -0.00914620   0.00927650
 -0.00913760   0.00916700
 -0.00912790   0.00905760
 -0.00911690   0.00894840
 -0.00910480   0.00883920
 -0.00909140   0.00873020
 -0.00907690   0.00862130
 -0.00906110   0.00851260
 -0.00904420   0.00840410
 -0.00902610   0.00829580
 -0.00900680   0.00818760
 -0.00898630   0.00807970
 -0.00896460   0.00797200
 -0.00894170   0.00786460
 -0.00891770   0.00775740
 -0.00889250   0.00765050
 -0.00886610   0.00754390
 -0.00883850   0.00743760
 -0.00880980   0.00733160
 -0.00877990   0.00722590
 -0.00874880   0.00712060
 -0.00871660   0.00701550
 -0.00868330   0.00691090
 -0.00864880   0.00680660
 -0.00861310   0.00670270
 -0.00857640   0.00659920
 -0.00853840   0.00649620
 -0.00849940   0.00639350
 -0.00845920   0.00629130
 -0.00841790   0.00618950
 -0.00837550   0.00608820
 -0.00833200   0.00598730
 -0.00828740   0.00588700
 -0.00824160   0.00578710
 -0.00819480   0.00568770
 -0.00814690   0.00558890
 -0.00809790   0.00549060
 -0.00804790   0.00539280
 -0.00799670   0.00529560
 -0.00794450   0.00519900
 -0.00789130   0.00510290
 -0.00783690   0.00500750
 -0.00778160   0.00491260
 -0.00772520   0.00481840
 -0.00766780   0.00472470
 -0.00760930   0.00463170
 -0.00754980   0.00453940
 -0.00748940   0.00444770
 -0.00742790   0.00435670
 -0.00736540   0.00426640
 -0.00730190   0.00417670
 -0.00723750   0.00408780
 -0.00717210   0.00399960
 -0.00710570   0.00391210
 -0.00703830   0.00382530
 -0.00697000   0.00373930
 -0.00690080   0.00365400
 -0.00683060   0.00356950
 -0.00675950   0.00348580
 -0.00668750   0.00340280
 -0.00661460   0.00332070
 -0.00654080   0.00323940
 -0.00646610   0.00315880
 -0.00639050   0.00307910
 -0.00631410   0.00300030
 -0.00623680   0.00292230
 -0.00615860   0.00284510
 -0.00607960   0.00276880
 -0.00599980   0.00269340
 -0.00591910   0.00261880
 -0.00583520   0.00254790
 -0.00574640   0.00248340
 -0.00565310   0.00242550
 -0.00555580   0.00237450
 -0.00545510   0.00233090
 -0.00535140   0.00229470
 -0.00524530   0.00226620
 -0.00513810   0.00224240
 -0.00503080   0.00221880
 -0.00492350   0.00219540
 -0.00481620   0.00217210
 -0.00470880   0.00214900
 -0.00460140   0.00212600
 -0.00449400   0.00210320
 -0.00438650   0.00208050
 -0.00427900   0.00205790
 -0.00417150   0.00203550
 -0.00406390   0.00201330
 -0.00395630   0.00199120
 -0.00384870   0.00196920
 -0.00374110   0.00194740
 -0.00363340   0.00192580
 -0.00352570   0.00190420
 -0.00341790   0.00188290
 -0.00331020   0.00186170
 -0.00320240   0.00184060
 -0.00309460   0.00181970
 -0.00298670   0.00179890
 -0.00287880   0.00177830
 -0.00277090   0.00175780
 -0.00266300   0.00173750
 -0.00255500   0.00171730
 -0.00244700   0.00169730
 -0.00233900   0.00167740
 -0.00223090   0.00165760
 -0.00212290   0.00163810
 -0.00201480   0.00161860
 -0.00190660   0.00159930
 -0.00179850   0.00158020
 -0.00169030   0.00156120
 -0.00158210   0.00154230
 -0.00147390   0.00152370
 -0.00136560   0.00150510
 -0.00125730   0.00148670
 -0.00114900   0.00146850
 -0.00104070   0.00145040
 -0.00093230   0.00143240
 -0.00082390   0.00141460
 -0.00071550   0.00139690
 -0.00060710   0.00137940
 -0.00049860   0.00136210
 -0.00039020   0.00134490
 -0.00028170   0.00132780
 -0.00017310   0.00131090
 -0.00006460   0.00129410
  0.00004400   0.00127750
  0.00015260   0.00126110
  0.00026120   0.00124480
  0.00036980   0.00122860
  0.00047850   0.00121260
  0.00058720   0.00119670
  0.00069590   0.00118100
  0.00080460   0.00116540
  0.00091340   0.00115000
  0.00102210   0.00113470
  0.00113090   0.00111960
  0.00123970   0.00110460
  0.00134860   0.00108980
  0.00145740   0.00107520
  0.00156630   0.00106060
  0.00167520   0.00104630
  0.00178410   0.00103200
  0.00189300   0.00101800
  0.00200200   0.00100400
  0.00211090   0.00099030
  0.00221990   0.00097660
  0.00232890   0.00096320
  0.00243800   0.00094980
  0.00254700   0.00093670
  0.00265610   0.00092360
  0.00276510   0.00091080
  0.00287420   0.00089800
  0.00298340   0.00088550
  0.00309250   0.00087300
  0.00320160   0.00086080
  0.00331080   0.00084860
  0.00342000   0.00083670
  0.00352920   0.00082480
  0.00363840   0.00081310
  0.00374760   0.00080160
  0.00385690   0.00079020
  0.00396610   0.00077900
  0.00407540   0.00076790
  0.00418470   0.00075700
  0.00429400   0.00074620
  0.00440330   0.00073560
  0.00451260   0.00072510
  0.00462200   0.00071480
  0.00473140   0.00070460
  0.00484070   0.00069460
  0.00495010   0.00068470
  0.00505950   0.00067500
  0.00516890   0.00066540
  0.00527840   0.00065600
  0.00538780   0.00064670
  0.00549730   0.00063760
  0.00560670   0.00062860
  0.00571620   0.00061980
  0.00582570   0.00061110
  0.00593520   0.00060260
  0.00604470   0.00059420
  0.00615430   0.00058600
  0.00626380   0.00057790
  0.00637340   0.00057000
  0.00648290   0.00056220
  0.00659250   0.00055460
  0.00670210   0.00054710
  0.00681170   0.00053980
  0.00692130   0.00053260
  0.00703090   0.00052560
  0.00714050   0.00051880
  0.00725010   0.00051200
  0.00735980   0.00050550
  0.00746940   0.00049900
  0.00757910   0.00049260
  0.00768870   0.00048630
  0.00779840   0.00047990
  0.00790800   0.00047360
  0.00801770   0.00046740
  0.00812730   0.00046120
  0.00823700   0.00045500
  0.00834670   0.00044880
  0.00845630   0.00044280
  0.00856600   0.00043670
  0.00867570   0.00043070
  0.00878530   0.00042470
  0.00889500   0.00041880
  0.00900470   0.00041290
  0.00911440   0.00040700
  0.00922410   0.00040120
  0.00933370   0.00039550
  0.00944340   0.00038970
  0.00955310   0.00038400
  0.00966280   0.00037840
  0.00977250   0.00037280
  0.00988220   0.00036720
  0.00999190   0.00036170
  0.01010160   0.00035620
  0.01021130   0.00035070
  0.01032100   0.00034530
  0.01043070   0.00033990
  0.01054040   0.00033460
  0.01065010   0.00032930
  0.01075980   0.00032410
  0.01086950   0.00031890
  0.01097920   0.00031370
  0.01108900   0.00030860
  0.01119870   0.00030350
  0.01130840   0.00029840
  0.01141810   0.00029340
  0.01152780   0.00028840
  0.01163760   0.00028350
  0.01174730   0.00027860
  0.01185700   0.00027380
  0.01196680   0.00026900
  0.01207650   0.00026420
  0.01218620   0.00025950
  0.01229600   0.00025480
  0.01240570   0.00025010
  0.01251540   0.00024550
  0.01262520   0.00024100
  0.01273490   0.00023640
  0.01284470   0.00023200
  0.01295440   0.00022750
  0.01306420   0.00022310
  0.01317390   0.00021870
  0.01328370   0.00021440
  0.01339340   0.00021010
  0.01350320   0.00020590
  0.01361290   0.00020170
  0.01372270   0.00019750
  0.01383240   0.00019340
  0.01394220   0.00018930
  0.01405190   0.00018530
  0.01416170   0.00018120
  0.01427150   0.00017730
  0.01438120   0.00017340
  0.01449100   0.00016950
  0.01460080   0.00016560
  0.01471050   0.00016180
  0.01482030   0.00015810
  0.01493010   0.00015430
  0.01503990   0.00015070
  0.01514960   0.00014700
  0.01525940   0.00014340
  0.01536920   0.00013990
  0.01547900   0.00013630
  0.01558880   0.00013280
  0.01569850   0.00012940
  0.01580830   0.00012600
  0.01591810   0.00012260
  0.01602790   0.00011930
  0.01613770   0.00011600
  0.01624750   0.00011280
  0.01635730   0.00010960
  0.01646700   0.00010640
  0.01657680   0.00010330
  0.01668660   0.00010020
  0.01679640   0.00009720
  0.01690620   0.00009420
  0.01701600   0.00009120
  0.01712580   0.00008830
  0.01723560   0.00008540
  0.01734540   0.00008260
  0.01745520   0.00007980
  0.01756500   0.00007710
  0.01767480   0.00007450
  0.01778460   0.00007190
  0.01789440   0.00006930
  0.01800420   0.00006680
  0.01811400   0.00006430
  0.01822380   0.00006180
  0.01833370   0.00005940
  0.01844350   0.00005710
  0.01855330   0.00005480
  0.01866310   0.00005250
  0.01877290   0.00005020
  0.01888270   0.00004800
  0.01899250   0.00004590
  0.01910230   0.00004370
  0.01921220   0.00004160
  0.01932200   0.00003960
  0.01943180   0.00003760
  0.01954160   0.00003560
  0.01965140   0.00003370
  0.01976130   0.00003180
  0.01987110   0.00003000
  0.01998090   0.00002820
  0.02009070   0.00002640
  0.02020050   0.00002470
  0.02031040   0.00002300
  0.02042020   0.00002140
  0.02053000   0.00001980
  0.02063980   0.00001820
  0.02074970   0.00001670
  0.02085950   0.00001520
  0.02096930   0.00001380
  0.02107910   0.00001240
  0.02118900   0.00001100
  0.02129880   0.00000970
  0.02140860   0.00000840
  0.02151840   0.00000720
  0.02162830   0.00000600
  0.02173810   0.00000480
  0.02184790   0.00000370
  0.02195780   0.00000260
  0.02206760   0.00000160
  0.02217740   0.00000060
  0.02228730  -0.00000040
  0.02239710  -0.00000130
  0.02250690  -0.00000220
  0.02261680  -0.00000300
  0.02272660  -0.00000380
  0.02283640  -0.00000450
  0.02294630  -0.00000530
  0.02305610  -0.00000590
  0.02316590  -0.00000660
  0.02327580  -0.00000720
  0.02338560  -0.00000770
  0.02349540  -0.00000820
  0.02360530  -0.00000870
  0.02371510  -0.00000910
  0.02382490  -0.00000950
  0.02393480  -0.00000990
  0.02404460  -0.00001020
  0.02415440  -0.00001050
  0.02426430  -0.00001070
  0.02437410  -0.00001090
  0.02448390  -0.00001110
  0.02459380  -0.00001120
  0.02470360  -0.00001120
  0.02481350  -0.00001130
  0.02492330  -0.00001130
  0.02503310  -0.00001120
  0.02514300  -0.00001110
  0.02525280  -0.00001100
  0.02536260  -0.00001080
  0.02547250  -0.00001060
  0.02558230  -0.00001040
  0.02569210  -0.00001010
  0.02580200  -0.00000980
  0.02591180  -0.00000940
  0.02602160  -0.00000900
  0.02613150  -0.00000850
  0.02624130  -0.00000800
  0.02635110  -0.00000750
  0.02646100  -0.00000690
  0.02657080  -0.00000630
  0.02668060  -0.00000570
  0.02679050  -0.00000500
  0.02690030  -0.00000430
  0.02701010  -0.00000350
  0.02712000  -0.00000270
  0.02722980  -0.00000180
  0.02733960  -0.00000090
  0.02744950  -0.00000000
  0.02760170  -0.00000000
  0.02775380  -0.00000000
  0.02790600  -0.00000000
  0.02805820  -0.00000000
  0.02821040  -0.00000000
  0.02836260  -0.00000000
  0.02851480  -0.00000000
  0.02866700  -0.00000000
  0.02881910  -0.00000000
  0.02897130  -0.00000000
  0.02912350  -0.00000000
  0.02927570  -0.00000000
  0.02942790  -0.00000000
  0.02958010  -0.00000000
  0.02973220  -0.00000000
  0.02988440  -0.00000000
  0.03003660  -0.00000000
  0.03018880  -0.00000000
  0.03034100  -0.00000000
  0.03049320  -0.00000000
  0.03064530  -0.00000000
  0.03079750  -0.00000000
  0.03094970  -0.00000000
  0.03110190  -0.00000000
  0.03125410  -0.00000000
  0.03140630  -0.00000000
  0.03155840  -0.00000000
  0.03171060  -0.00000000
  0.03186280  -0.00000000
  0.03201500  -0.00000000
  0.03216720  -0.00000000
  0.03231940  -0.00000000
  0.03247160  -0.00000000
  0.03262370  -0.00000000
  0.03277590  -0.00000000
  0.03292810  -0.00000000
  0.03308030  -0.00000000
  0.03323250  -0.00000000
  0.03338470  -0.00000000
  0.03353680  -0.00000000
  0.03368900  -0.00000000
  0.03384120  -0.00000000
  0.03399340  -0.00000000
  0.03414560  -0.00000000
  0.03429780  -0.00000000
  0.03444990  -0.00000000
  0.03460210  -0.00000000
  0.03475430  -0.00000000
  0.03490650  -0.00000000
  0.03505870  -0.00000000
  0.03521090  -0.00000000
  0.03536310  -0.00000000
  0.03551520  -0.00000000
  0.03566740  -0.00000000
  0.03581960  -0.00000000
  0.03597180  -0.00000000
  0.03612400  -0.00000000
  0.03627620  -0.00000000
  0.03642830  -0.00000000
  0.03658050  -0.00000000
  0.03673270  -0.00000000
  0.03688490  -0.00000000
  0.03703710  -0.00000000
  0.03718930  -0.00000000
  0.03734140  -0.00000000
  0.03749360  -0.00000000
  0.03764580  -0.00000000
  0.03779800  -0.00000000
  0.03795020  -0.00000000
  0.03810240  -0.00000000
  0.03825460  -0.00000000
  0.03840670  -0.00000000
  0.03855890  -0.00000000
  0.03871110  -0.00000000
  0.03886330  -0.00000000
  0.03901550  -0.00000000
  0.03916770  -0.00000000
  0.03931980  -0.00000000
  0.03947200  -0.00000000
  0.03962420  -0.00000000
  0.03977640  -0.00000000
  0.03992860  -0.00000000
  0.04008080  -0.00000000
  0.04023290  -0.00000000
  0.04038510  -0.00000000
  0.04053730  -0.00000000
  0.04068950  -0.00000000
  0.04084170  -0.00000000
  0.04099390  -0.00000000
  0.04114600  -0.00000000
  0.04129820  -0.00000000
  0.04145040  -0.00000000
  0.04160260  -0.00000000
  0.04175480  -0.00000000
  0.04190700  -0.00000000
  0.04205920  -0.00000000
  0.04221130  -0.00000000
  0.04236350  -0.00000000
  0.04251570  -0.00000000
  0.04266790  -0.00000000
  0.04282010  -0.00000000
  0.04297230  -0.00000000
  0.04312440  -0.00000000
  0.04327660  -0.00000000
  0.04342880  -0.00000000
  0.04358100  -0.00000000
  0.04373320  -0.00000000
  0.04388540  -0.00000000
  0.04403750  -0.00000000
  0.04418970  -0.00000000
  0.04434190  -0.00000000
  0.04449410  -0.00000000
  0.04464630  -0.00000000
  0.04479850  -0.00000000
  0.04495070  -0.00000000
  0.04510280  -0.00000000
  0.04525500  -0.00000000
  0.04540720  -0.00000000
  0.04555940  -0.00000000
  0.04571160  -0.00000000
  0.04586380  -0.00000000
  0.04601590  -0.00000000
  0.04616810  -0.00000000
  0.04632030  -0.00000000
  0.04647250  -0.00000000
  0.04662470  -0.00000000
  0.04677690  -0.00000000
  0.04692900  -0.00000000
  0.04708120  -0.00000000
  0.04723340  -0.00000000
  0.04738560  -0.00000000
  0.04753780  -0.00000000
  0.04769000  -0.00000000
  0.04784210  -0.00000000
  0.04799430  -0.00000000
  0.04814650  -0.00000000
  0.04829870  -0.00000000
  0.04845090  -0.00000000
  0.04860310  -0.00000000
  0.04875530  -0.00000000
  0.04890740  -0.00000000
  0.04905960  -0.00000000
  0.04921180  -0.00000000
  0.04936400  -0.00000000
  0.04951620  -0.00000000
  0.04966840  -0.00000000
  0.04982050  -0.00000000
  0.04997270  -0.00000000
  0.05012490  -0.00000000
  0.05027710  -0.00000000
  0.05042930  -0.00000000
  0.05058150  -0.00000000
  0.05073360  -0.00000000
  0.05088580  -0.00000000
  0.05103800  -0.00000000
  0.05119020  -0.00000000
  0.05134240  -0.00000000
  0.05149460  -0.00000000
  0.05164680  -0.00000000
  0.05179890  -0.00000000
  0.05195110  -0.00000000
  0.05210330  -0.00000000
  0.05225550  -0.00000000
  0.05240770  -0.00000000
  0.05255990  -0.00000000
  0.05271200  -0.00000000
  0.05286420  -0.00000000
  0.05301640  -0.00000000
  0.05316860  -0.00000000
  0.05332080  -0.00000000
  0.05347300  -0.00000000
  0.05362510  -0.00000000
  0.05377730  -0.00000000
  0.05392950  -0.00000000
  0.05408170  -0.00000000
  0.05423390  -0.00000000
  0.05438610  -0.00000000
  0.05453820  -0.00000000
  0.05469040  -0.00000000
  0.05484260  -0.00000000
  0.05499480  -0.00000000
  0.05514700  -0.00000000
  0.05529920  -0.00000000
  0.05545140  -0.00000000
  0.05560350  -0.00000000
  0.05575570  -0.00000000
  0.05590790  -0.00000000
  0.05606010  -0.00000000
  0.05621230  -0.00000000
  0.05636450  -0.00000000
  0.05651660  -0.00000000
  0.05666880  -0.00000000
  0.05682100  -0.00000000
  0.05697320  -0.00000000
  0.05712540  -0.00000000
  0.05727760  -0.00000000
  0.05742970  -0.00000000
  0.05758190  -0.00000000
  0.05773410  -0.00000000
  0.05788630  -0.00000000
  0.05805670   0.00000010
  0.05822710   0.00000030
  0.05839750   0.00000060
  0.05856800   0.00000100
  0.05873840   0.00000150
  0.05890880   0.00000210
  0.05907920   0.00000280
  0.05924960   0.00000360
  0.05942000   0.00000450
  0.05959040   0.00000540
  0.05976080   0.00000650
  0.05993120   0.00000770
  0.06010160   0.00000900
  0.06027210   0.00001030
  0.06044250   0.00001180
  0.06061290   0.00001330
  0.06078330   0.00001500
  0.06095370   0.00001670
  0.06112410   0.00001860
  0.06129450   0.00002050
  0.06146490   0.00002260
  0.06163530   0.00002470
  0.06180570   0.00002690
  0.06197610   0.00002920
  0.06214650   0.00003170
  0.06231690   0.00003420
  0.06248730   0.00003680
  0.06265770   0.00003950
  0.06282800   0.00004230
  0.06299840   0.00004520
  0.06316880   0.00004820
  0.06333920   0.00005130
  0.06350960   0.00005450
  0.06368000   0.00005780
  0.06385040   0.00006120
  0.06402070   0.00006470
  0.06419110   0.00006830
  0.06436150   0.00007190
  0.06453190   0.00007570
  0.06470220   0.00007960
  0.06487260   0.00008350
  0.06504300   0.00008760
  0.06521330   0.00009180
  0.06538370   0.00009600
  0.06555400   0.00010040
  0.06572440   0.00010480
  0.06589470   0.00010940
  0.06606510   0.00011400
  0.06623540   0.00011870
  0.06640580   0.00012360
  0.06657610   0.00012850
  0.06674650   0.00013350
  0.06691680   0.00013860
  0.06708710   0.00014380
  0.06725750   0.00014920
  0.06742780   0.00015460
  0.06759810   0.00016010
  0.06776840   0.00016570
  0.06793880   0.00017140
  0.06810910   0.00017740
  0.06827940   0.00018380
  0.06844960   0.00019060
  0.06861990   0.00019770
  0.06879010   0.00020520
  0.06896040   0.00021310
  0.06913060   0.00022130
  0.06930080   0.00022980
  0.06947100   0.00023880
  0.06964110   0.00024810
  0.06981130   0.00025770
  0.06998140   0.00026780
  0.07015150   0.00027810
  0.07032160   0.00028890
  0.07049160   0.00030000
  0.07066160   0.00031150
  0.07083160   0.00032330
  0.07100160   0.00033550
  0.07117160   0.00034810
  0.07134150   0.00036100
  0.07151140   0.00037430
  0.07168120   0.00038790
  0.07185110   0.00040190
  0.07202090   0.00041630
  0.07219070   0.00043100
  0.07236040   0.00044610
  0.07253010   0.00046160
  0.07269980   0.00047740
  0.07286940   0.00049360
  0.07303900   0.00051010
  0.07320860   0.00052700
  0.07337820   0.00054430
  0.07354770   0.00056190
  0.07371710   0.00057990
  0.07388650   0.00059820
  0.07405590   0.00061690
  0.07422530   0.00063600
  0.07439460   0.00065540
  0.07456380   0.00067520
  0.07473310   0.00069530
  0.07490220   0.00071580
  0.07507140   0.00073670
  0.07524040   0.00075790
  0.07540950   0.00077950
  0.07557850   0.00080150
  0.07574740   0.00082380
  0.07591630   0.00084650
  0.07608520   0.00086950
  0.07625400   0.00089290
  0.07642270   0.00091660
  0.07659140   0.00094070
  0.07676010   0.00096520
  0.07692870   0.00099000
  0.07709720   0.00101520
  0.07726570   0.00104070
  0.07743410   0.00106660
  0.07760250   0.00109290
  0.07777080   0.00111950
  0.07793910   0.00114650
  0.07810730   0.00117380
  0.07827540   0.00120150
  0.07844350   0.00122960
  0.07861160   0.00125800
  0.07877950   0.00128680
  0.07894740   0.00131590
  0.07911530   0.00134540
  0.07928310   0.00137520
  0.07945080   0.00140540
  0.07961840   0.00143600
  0.07978600   0.00146690
  0.07995350   0.00149810
  0.08012100   0.00152980
  0.08028840   0.00156180
  0.08045570   0.00159410
  0.08062290   0.00162680
  0.08079010   0.00165980
  0.08095720   0.00169320
  0.08112430   0.00172700
  0.08129120   0.00176110
  0.08145810   0.00179560
  0.08162490   0.00183040
  0.08179170   0.00186560
  0.08195830   0.00190120
  0.08212490   0.00193710
  0.08229140   0.00197330
  0.08245790   0.00200990
  0.08262420   0.00204690
  0.08279050   0.00208420
  0.08295670   0.00212190
  0.08312280   0.00215990
  0.08328880   0.00219840
  0.08345440   0.00223870
  0.08361940   0.00228120
  0.08378390   0.00232580
  0.08394780   0.00237260
  0.08411100   0.00242160
  0.08427360   0.00247260
  0.08443550   0.00252580
  0.08459660   0.00258120
  0.08475710   0.00263860
  0.08491680   0.00269810
  0.08507560   0.00275970
  0.08523370   0.00282340
  0.08539090   0.00288920
  0.08554730   0.00295700
  0.08570270   0.00302680
  0.08585720   0.00309870
  0.08601080   0.00317260
  0.08616330   0.00324860
  0.08631490   0.00332650
  0.08646540   0.00340630
  0.08661490   0.00348820
  0.08676330   0.00357200
  0.08691050   0.00365780
  0.08705670   0.00374540
  0.08720160   0.00383500
  0.08734540   0.00392650
  0.08748800   0.00401980
  0.08762930   0.00411500
  0.08776940   0.00421210
  0.08790820   0.00431090
  0.08804570   0.00441160
  0.08818180   0.00451410
  0.08831660   0.00461840
  0.08845010   0.00472440
  0.08858210   0.00483210
  0.08871270   0.00494160
  0.08884180   0.00505280
  0.08896950   0.00516570
  0.08909570   0.00528020
  0.08922040   0.00539640
  0.08934350   0.00551420
  0.08946510   0.00563360
  0.08958510   0.00575450
  0.08970350   0.00587710
  0.08982030   0.00600120
  0.08993550   0.00612680
  0.09004900   0.00625390
  0.09016080   0.00638250
  0.09027100   0.00651250
  0.09037940   0.00664400
  0.09048610   0.00677690
  0.09059100   0.00691110
  0.09069420   0.00704680
  0.09079560   0.00718370
  0.09089520   0.00732200
  0.09099290   0.00746160
  0.09108880   0.00760250
  0.09118290   0.00774460
  0.09127510   0.00788790
  0.09136540   0.00803240
  0.09145380   0.00817810
  0.09154030   0.00832490
  0.09162490   0.00847290
  0.09170750   0.00862190
  0.09178810   0.00877200
  0.09186680   0.00892320
  0.09194350   0.00907540
  0.09201820   0.00922860
  0.09209080   0.00938270
  0.09216150   0.00953780
  0.09223010   0.00969380
  0.09229660   0.00985070
  0.09236110   0.01000840
  0.09242350   0.01016700
  0.09248390   0.01032630
  0.09254210   0.01048650
  0.09259830   0.01064740
  0.09265230   0.01080900
  0.09270420   0.01097130
  0.09275390   0.01113430
  0.09280160   0.01129790
  0.09284700   0.01146220
  0.09289040   0.01162700
  0.09293150   0.01179230
  0.09297050   0.01195820
  0.09300730   0.01212460
  0.09304190   0.01229150
  0.09307440   0.01245880
  0.09310460   0.01262650
  0.09313260   0.01279460
  0.09315850   0.01296300
  0.09318210   0.01313180
  0.09320350   0.01330090
  0.09322270   0.01347020
  0.09323960   0.01363970
  0.09325440   0.01380950
  0.09326690   0.01397950
  0.09327720   0.01414960
  0.09328580   0.01431980
  0.09329430   0.01449000
  0.09330280   0.01466020
  0.09331130   0.01483040
  0.09331980   0.01500060
  0.09332830   0.01517080
  0.09333680   0.01534100
  0.09334540   0.01551120
  0.09335390   0.01568140
  0.09336240   0.01585160
  0.09337090   0.01602180
  0.09337940   0.01619200
  0.09338790   0.01636220
  0.09339640   0.01653240
  0.09340490   0.01670260
  0.09341340   0.01687280
  0.09342190   0.01704300
  0.09343050   0.01721320
  0.09343900   0.01738340
  0.09344750   0.01755360
  0.09345600   0.01772380
  0.09346450   0.01789400
  0.09347300   0.01806420
  0.09348150   0.01823440
  0.09349000   0.01840460
  0.09349850   0.01857480
  0.09350700   0.01874500
  0.09351560   0.01891520
  0.09352410   0.01908540
  0.09353260   0.01925560
  0.09354110   0.01942580
  0.09354960   0.01959600
  0.09355810   0.01976620
  0.09356660   0.01993640
  0.09357510   0.02010660
  0.09358360   0.02027680
  0.09359210   0.02044700
  0.09360070   0.02061720
  0.09360920   0.02078740
  0.09361770   0.02095760
  0.09362620   0.02112780
  0.09363470   0.02129800
  0.09364320   0.02146820
  0.09365170   0.02163840
  0.09366020   0.02180860
  0.09366870   0.02197880
  0.09367720   0.02214900
  0.09368580   0.02231920
  0.09369430   0.02248940
  0.09370280   0.02265960
  0.09371130   0.02282980
  0.09371980   0.02300000
