 -0.02554778   0.02300000
 -0.02554468   0.02289020
 -0.02554148   0.02278040
 -0.02553838   0.02267060
 -0.02553518   0.02256080
 -0.02553208   0.02245100
 -0.02552898   0.02234130
 -0.02552578   0.02223150
 -0.02552268   0.02212170
 -0.02551958   0.02201190
 -0.02551638   0.02190210
 -0.02551328   0.02179230
 -0.02551008   0.02168250
 -0.02550698   0.02157270
 -0.02550388   0.02146290
 -0.02550068   0.02135310
 -0.02549758   0.02124330
 -0.02549448   0.02113360
 -0.02549128   0.02102380
 -0.02548818   0.02091400
 -0.02548498   0.02080420
 -0.02548188   0.02069440
 -0.02547878   0.02058460
 -0.02547558   0.02047480
 -0.02547248   0.02036500
 -0.02546938   0.02025520
 -0.02546618   0.02014540
 -0.02546308   0.02003560
 -0.02545998   0.01992590
 -0.02545678   0.01981610
 -0.02545368   0.01970630
 -0.02545048   0.01959650
 -0.02544738   0.01948670
 -0.02544428   0.01937690
 -0.02544108   0.01926710
 -0.02543798   0.01915730
 -0.02543488   0.01904750
 -0.02543168   0.01893770
 -0.02542858   0.01882790
 -0.02542538   0.01871820
 -0.02542228   0.01860840
 -0.02541918   0.01849860
 -0.02541598   0.01838880
 -0.02541288   0.01827900
 -0.02540978   0.01816920
 -0.02540658   0.01805940
 -0.02540348   0.01794960
 -0.02540038   0.01783980
 -0.02539718   0.01773000
 -0.02539408   0.01762020
 -0.02539088   0.01751050
 -0.02538778   0.01740070
 -0.02538468   0.01729090
 -0.02538148   0.01718110
 -0.02537838   0.01707130
 -0.02537528   0.01696150
 -0.02537208   0.01685170
 -0.02536898   0.01674190
 -0.02536578   0.01663210
 -0.02536268   0.01652230
 -0.02535958   0.01641250
 -0.02535638   0.01630280
 -0.02535328   0.01619300
 -0.02535018   0.01608320
 -0.02534698   0.01597340
 -0.02534388   0.01586360
 -0.02534078   0.01575380
 -0.02533758   0.01564400
 -0.02533448   0.01553420
 -0.02533128   0.01542440
 -0.02532818   0.01531460
 -0.02532508   0.01520480
 -0.02532188   0.01509510
 -0.02531878   0.01498530
 -0.02531568   0.01487550
 -0.02531248   0.01476570
 -0.02530938   0.01465590
 -0.02530618   0.01454610
 -0.02530308   0.01443630
 -0.02529998   0.01432650
 -0.02529678   0.01421670
 -0.02529368   0.01410690
 -0.02529058   0.01399710
 -0.02528738   0.01388740
 -0.02528428   0.01377760
 -0.02528118   0.01366780
 -0.02527798   0.01355800
 -0.02527488   0.01344820
 -0.02527168   0.01333840
 -0.02526858   0.01322860
 -0.02526548   0.01311880
 -0.02526228   0.01300900
 -0.02525918   0.01289920
 -0.02525608   0.01278940
 -0.02525288   0.01267970
 -0.02524978   0.01256990
 -0.02524658   0.01246010
 -0.02524348   0.01235030
 -0.02524038   0.01224050
 -0.02523718   0.01213070
 -0.02523408   0.01202090
 -0.02523098   0.01191110
 -0.02522778   0.01180130
 -0.02522468   0.01169150
 -0.02522158   0.01158170
 -0.02521838   0.01147190
 -0.02521528   0.01136220
 -0.02521208   0.01125240
 -0.02520898   0.01114260
 -0.02520588   0.01103280
 -0.02520268   0.01092300
 -0.02519958   0.01081320
 -0.02519648   0.01070340
 -0.02519328   0.01059360
 -0.02519018   0.01048380
 -0.02518698   0.01037400
 -0.02518388   0.01026420
 -0.02518078   0.01015450
 -0.02517758   0.01004470
 -0.02517448   0.00993490
 -0.02517138   0.00982510
 -0.02516818   0.00971530
 -0.02516448   0.00960550
 -0.02515958   0.00949580
 -0.02515338   0.00938610
 -0.02514608   0.00927650
 -0.02513748   0.00916700
 -0.02512778   0.00905760
 -0.02511678   0.00894840
 -0.02510468   0.00883920
 -0.02509128   0.00873020
 -0.02507678   0.00862130
 -0.02506098   0.00851260
 -0.02504408   0.00840410
 -0.02502598   0.00829580
 -0.02500668   0.00818760
 -0.02498618   0.00807970
 -0.02496448   0.00797200
 -0.02494158   0.00786460
 -0.02491758   0.00775740
 -0.02489238   0.00765050
 -0.02486598   0.00754390
 -0.02483838   0.00743760
 -0.02480968   0.00733160
 -0.02477978   0.00722590
 -0.02474868   0.00712060
 -0.02471648   0.00701550
 -0.02468318   0.00691090
 -0.02464868   0.00680660
 -0.02461298   0.00670270
 -0.02457628   0.00659920
 -0.02453828   0.00649620
 -0.02449928   0.00639350
 -0.02445908   0.00629130
 -0.02441778   0.00618950
 -0.02437538   0.00608820
 -0.02433188   0.00598730
 -0.02428728   0.00588700
 -0.02424148   0.00578710
 -0.02419468   0.00568770
 -0.02414678   0.00558890
 -0.02409778   0.00549060
 -0.02404778   0.00539280
 -0.02399658   0.00529560
 -0.02394438   0.00519900
 -0.02389118   0.00510290
 -0.02383678   0.00500750
 -0.02378148   0.00491260
 -0.02372508   0.00481840
 -0.02366768   0.00472470
 -0.02360918   0.00463170
 -0.02354968   0.00453940
 -0.02348928   0.00444770
 -0.02342778   0.00435670
 -0.02336528   0.00426640
 -0.02330178   0.00417670
 -0.02323738   0.00408780
 -0.02317198   0.00399960
 -0.02310558   0.00391210
 -0.02303818   0.00382530
 -0.02296988   0.00373930
 -0.02290068   0.00365400
 -0.02283048   0.00356950
 -0.02275938   0.00348580
 -0.02268738   0.00340280
 -0.02261448   0.00332070
 -0.02254068   0.00323940
 -0.02246598   0.00315880
 -0.02239038   0.00307910
 -0.02231398   0.00300030
 -0.02223668   0.00292230
 -0.02215848   0.00284510
 -0.02207948   0.00276880
 -0.02199968   0.00269340
 -0.02191898   0.00261880
 -0.02183508   0.00254790
 -0.02174628   0.00248340
 -0.02165298   0.00242550
 -0.02155568   0.00237450
 -0.02145498   0.00233090
 -0.02135128   0.00229470
 -0.02124518   0.00226620
 -0.02113798   0.00224240
 -0.02103068   0.00221880
 -0.02092338   0.00219540
 -0.02081608   0.00217210
 -0.02070868   0.00214900
 -0.02060128   0.00212600
 -0.02049388   0.00210320
 -0.02038638   0.00208050
 -0.02027888   0.00205790
 -0.02017138   0.00203550
 -0.02006378   0.00201330
 -0.01995618   0.00199120
 -0.01984858   0.00196920
 -0.01974098   0.00194740
 -0.01963328   0.00192580
 -0.01952558   0.00190420
 -0.01941778   0.00188290
 -0.01931008   0.00186170
 -0.01920228   0.00184060
 -0.01909448   0.00181970
 -0.01898658   0.00179890
 -0.01887868   0.00177830
 -0.01877078   0.00175780
 -0.01866288   0.00173750
 -0.01855488   0.00171730
 -0.01844688   0.00169730
 -0.01833888   0.00167740
 -0.01823078   0.00165760
 -0.01812278   0.00163810
 -0.01801468   0.00161860
 -0.01790648   0.00159930
 -0.01779838   0.00158020
 -0.01769018   0.00156120
 -0.01758198   0.00154230
 -0.01747378   0.00152370
 -0.01736548   0.00150510
 -0.01725718   0.00148670
 -0.01714888   0.00146850
 -0.01704058   0.00145040
 -0.01693218   0.00143240
 -0.01682378   0.00141460
 -0.01671538   0.00139690
 -0.01660698   0.00137940
 -0.01649848   0.00136210
 -0.01639008   0.00134490
 -0.01628158   0.00132780
 -0.01617298   0.00131090
 -0.01606448   0.00129410
 -0.01595588   0.00127750
 -0.01584728   0.00126110
 -0.01573868   0.00124480
 -0.01563008   0.00122860
 -0.01552138   0.00121260
 -0.01541268   0.00119670
 -0.01530398   0.00118100
 -0.01519528   0.00116540
 -0.01508648   0.00115000
 -0.01497778   0.00113470
 -0.01486898   0.00111960
 -0.01476018   0.00110460
 -0.01465128   0.00108980
 -0.01454248   0.00107520
 -0.01443358   0.00106060
 -0.01432468   0.00104630
 -0.01421578   0.00103200
 -0.01410688   0.00101800
 -0.01399788   0.00100400
 -0.01388898   0.00099030
 -0.01377998   0.00097660
 -0.01367098   0.00096320
 -0.01356188   0.00094980
 -0.01345288   0.00093670
 -0.01334378   0.00092360
 -0.01323478   0.00091080
 -0.01312568   0.00089800
 -0.01301648   0.00088550
 -0.01290738   0.00087300
 -0.01279828   0.00086080
 -0.01268908   0.00084860
 -0.01257988   0.00083670
 -0.01247068   0.00082480
 -0.01236148   0.00081310
 -0.01225228   0.00080160
 -0.01214298   0.00079020
 -0.01203378   0.00077900
 -0.01192448   0.00076790
 -0.01181518   0.00075700
 -0.01170588   0.00074620
 -0.01159658   0.00073560
 -0.01148728   0.00072510
 -0.01137788   0.00071480
 -0.01126848   0.00070460
 -0.01115918   0.00069460
 -0.01104978   0.00068470
 -0.01094038   0.00067500
 -0.01083098   0.00066540
 -0.01072148   0.00065600
 -0.01061208   0.00064670
 -0.01050258   0.00063760
 -0.01039318   0.00062860
 -0.01028368   0.00061980
 -0.01017418   0.00061110
 -0.01006468   0.00060260
 -0.00995518   0.00059420
 -0.00984558   0.00058600
 -0.00973608   0.00057790
 -0.00962648   0.00057000
 -0.00951698   0.00056220
 -0.00940738   0.00055460
 -0.00929778   0.00054710
 -0.00918818   0.00053980
 -0.00907858   0.00053260
 -0.00896898   0.00052560
 -0.00885938   0.00051880
 -0.00874978   0.00051200
 -0.00864008   0.00050550
 -0.00853048   0.00049900
 -0.00842078   0.00049260
 -0.00831118   0.00048630
 -0.00820148   0.00047990
 -0.00809188   0.00047360
 -0.00798218   0.00046740
 -0.00787258   0.00046120
 -0.00776288   0.00045500
 -0.00765318   0.00044880
 -0.00754358   0.00044280
 -0.00743388   0.00043670
 -0.00732418   0.00043070
 -0.00721458   0.00042470
 -0.00710488   0.00041880
 -0.00699518   0.00041290
 -0.00688548   0.00040700
 -0.00677578   0.00040120
 -0.00666618   0.00039550
 -0.00655648   0.00038970
 -0.00644678   0.00038400
 -0.00633708   0.00037840
 -0.00622738   0.00037280
 -0.00611768   0.00036720
 -0.00600798   0.00036170
 -0.00589828   0.00035620
 -0.00578858   0.00035070
 -0.00567888   0.00034530
 -0.00556918   0.00033990
 -0.00545948   0.00033460
 -0.00534978   0.00032930
 -0.00524008   0.00032410
 -0.00513038   0.00031890
 -0.00502068   0.00031370
 -0.00491088   0.00030860
 -0.00480118   0.00030350
 -0.00469148   0.00029840
 -0.00458178   0.00029340
 -0.00447208   0.00028840
 -0.00436228   0.00028350
 -0.00425258   0.00027860
 -0.00414288   0.00027380
 -0.00403308   0.00026900
 -0.00392338   0.00026420
 -0.00381368   0.00025950
 -0.00370388   0.00025480
 -0.00359418   0.00025010
 -0.00348448   0.00024550
 -0.00337468   0.00024100
 -0.00326498   0.00023640
 -0.00315518   0.00023200
 -0.00304548   0.00022750
 -0.00293568   0.00022310
 -0.00282598   0.00021870
 -0.00271618   0.00021440
 -0.00260648   0.00021010
 -0.00249668   0.00020590
 -0.00238698   0.00020170
 -0.00227718   0.00019750
 -0.00216748   0.00019340
 -0.00205768   0.00018930
 -0.00194798   0.00018530
 -0.00183818   0.00018120
 -0.00172838   0.00017730
 -0.00161868   0.00017340
 -0.00150888   0.00016950
 -0.00139908   0.00016560
 -0.00128938   0.00016180
 -0.00117958   0.00015810
 -0.00106978   0.00015430
 -0.00095998   0.00015070
 -0.00085028   0.00014700
 -0.00074048   0.00014340
 -0.00063068   0.00013990
 -0.00052088   0.00013630
 -0.00041108   0.00013280
 -0.00030138   0.00012940
 -0.00019158   0.00012600
 -0.00008178   0.00012260
  0.00002802   0.00011930
  0.00013782   0.00011600
  0.00024762   0.00011280
  0.00035742   0.00010960
  0.00046712   0.00010640
  0.00057692   0.00010330
  0.00068672   0.00010020
  0.00079652   0.00009720
  0.00090632   0.00009420
  0.00101612   0.00009120
  0.00112592   0.00008830
  0.00123572   0.00008540
  0.00134552   0.00008260
  0.00145532   0.00007980
  0.00156512   0.00007710
  0.00167492   0.00007450
  0.00178472   0.00007190
  0.00189452   0.00006930
  0.00200432   0.00006680
  0.00211412   0.00006430
  0.00222392   0.00006180
  0.00233382   0.00005940
  0.00244362   0.00005710
  0.00255342   0.00005480
  0.00266322   0.00005250
  0.00277302   0.00005020
  0.00288282   0.00004800
  0.00299262   0.00004590
  0.00310242   0.00004370
  0.00321232   0.00004160
  0.00332212   0.00003960
  0.00343192   0.00003760
  0.00354172   0.00003560
  0.00365152   0.00003370
  0.00376142   0.00003180
  0.00387122   0.00003000
  0.00398102   0.00002820
  0.00409082   0.00002640
  0.00420062   0.00002470
  0.00431052   0.00002300
  0.00442032   0.00002140
  0.00453012   0.00001980
  0.00463992   0.00001820
  0.00474982   0.00001670
  0.00485962   0.00001520
  0.00496942   0.00001380
  0.00507922   0.00001240
  0.00518912   0.00001100
  0.00529892   0.00000970
  0.00540872   0.00000840
  0.00551852   0.00000720
  0.00562842   0.00000600
  0.00573822   0.00000480
  0.00584802   0.00000370
  0.00595792   0.00000260
  0.00606772   0.00000160
  0.00617752   0.00000060
  0.00628742  -0.00000040
  0.00639722  -0.00000130
  0.00650702  -0.00000220
  0.00661692  -0.00000300
  0.00672672  -0.00000380
  0.00683652  -0.00000450
  0.00694642  -0.00000530
  0.00705622  -0.00000590
  0.00716602  -0.00000660
  0.00727592  -0.00000720
  0.00738572  -0.00000770
  0.00749552  -0.00000820
  0.00760542  -0.00000870
  0.00771522  -0.00000910
  0.00782502  -0.00000950
  0.00793492  -0.00000990
  0.00804472  -0.00001020
  0.00815452  -0.00001050
  0.00826442  -0.00001070
  0.00837422  -0.00001090
  0.00848402  -0.00001110
  0.00859392  -0.00001120
  0.00870372  -0.00001120
  0.00881362  -0.00001130
  0.00892342  -0.00001130
  0.00903322  -0.00001120
  0.00914312  -0.00001110
  0.00925292  -0.00001100
  0.00936272  -0.00001080
  0.00947262  -0.00001060
  0.00958242  -0.00001040
  0.00969222  -0.00001010
  0.00980212  -0.00000980
  0.00991192  -0.00000940
  0.01002172  -0.00000900
  0.01013162  -0.00000850
  0.01024142  -0.00000800
  0.01035122  -0.00000750
  0.01046112  -0.00000690
  0.01057092  -0.00000630
  0.01068072  -0.00000570
  0.01079062  -0.00000500
  0.01090042  -0.00000430
  0.01101022  -0.00000350
  0.01112012  -0.00000270
  0.01122992  -0.00000180
  0.01133972  -0.00000090
  0.01144962  -0.00000000
  0.01154357  -0.00000000
  0.01163753  -0.00000000
  0.01173150  -0.00000000
  0.01182546  -0.00000000
  0.01191941  -0.00000000
  0.01201337  -0.00000000
  0.01210734  -0.00000000
  0.01220130  -0.00000000
  0.01229525  -0.00000000
  0.01238923  -0.00000000
  0.01248319  -0.00000000
  0.01257714  -0.00000000
  0.01267110  -0.00000000
  0.01276507  -0.00000000
  0.01285903  -0.00000000
  0.01295298  -0.00000000
  0.01304696  -0.00000000
  0.01314091  -0.00000000
  0.01323487  -0.00000000
  0.01332882  -0.00000000
  0.01342280  -0.00000000
  0.01351675  -0.00000000
  0.01361071  -0.00000000
  0.01370468  -0.00000000
  0.01379864  -0.00000000
  0.01389259  -0.00000000
  0.01398655  -0.00000000
  0.01408052  -0.00000000
  0.01417448  -0.00000000
  0.01426843  -0.00000000
  0.01436241  -0.00000000
  0.01445636  -0.00000000
  0.01455032  -0.00000000
  0.01464427  -0.00000000
  0.01473825  -0.00000000
  0.01483221  -0.00000000
  0.01492616  -0.00000000
  0.01502014  -0.00000000
  0.01511409  -0.00000000
  0.01520805  -0.00000000
  0.01530200  -0.00000000
  0.01539598  -0.00000000
  0.01548993  -0.00000000
  0.01558389  -0.00000000
  0.01567786  -0.00000000
  0.01577182  -0.00000000
  0.01586577  -0.00000000
  0.01595973  -0.00000000
  0.01605370  -0.00000000
  0.01614766  -0.00000000
  0.01624161  -0.00000000
  0.01633559  -0.00000000
  0.01642954  -0.00000000
  0.01652350  -0.00000000
  0.01661745  -0.00000000
  0.01671143  -0.00000000
  0.01680538  -0.00000000
  0.01689934  -0.00000000
  0.01699330  -0.00000000
  0.01708727  -0.00000000
  0.01718123  -0.00000000
  0.01727518  -0.00000000
  0.01736916  -0.00000000
  0.01746311  -0.00000000
  0.01755707  -0.00000000
  0.01765102  -0.00000000
  0.01774500  -0.00000000
  0.01783895  -0.00000000
  0.01793291  -0.00000000
  0.01802688  -0.00000000
  0.01812084  -0.00000000
  0.01821479  -0.00000000
  0.01830875  -0.00000000
  0.01840272  -0.00000000
  0.01849668  -0.00000000
  0.01859063  -0.00000000
  0.01868461  -0.00000000
  0.01877856  -0.00000000
  0.01887252  -0.00000000
  0.01896647  -0.00000000
  0.01906045  -0.00000000
  0.01915440  -0.00000000
  0.01924836  -0.00000000
  0.01934234  -0.00000000
  0.01943629  -0.00000000
  0.01953025  -0.00000000
  0.01962420  -0.00000000
  0.01971818  -0.00000000
  0.01981213  -0.00000000
  0.01990609  -0.00000000
  0.02000006  -0.00000000
  0.02009402  -0.00000000
  0.02018797  -0.00000000
  0.02028193  -0.00000000
  0.02037590  -0.00000000
  0.02046986  -0.00000000
  0.02056381  -0.00000000
  0.02065779  -0.00000000
  0.02075174  -0.00000000
  0.02084570  -0.00000000
  0.02093965  -0.00000000
  0.02103363  -0.00000000
  0.02112758  -0.00000000
  0.02122154  -0.00000000
  0.02131551  -0.00000000
  0.02140947  -0.00000000
  0.02150342  -0.00000000
  0.02159738  -0.00000000
  0.02169136  -0.00000000
  0.02178531  -0.00000000
  0.02187927  -0.00000000
  0.02197322  -0.00000000
  0.02206720  -0.00000000
  0.02216115  -0.00000000
  0.02225511  -0.00000000
  0.02234908  -0.00000000
  0.02244304  -0.00000000
  0.02253699  -0.00000000
  0.02263095  -0.00000000
  0.02272492  -0.00000000
  0.02281888  -0.00000000
  0.02291283  -0.00000000
  0.02300681  -0.00000000
  0.02310076  -0.00000000
  0.02319472  -0.00000000
  0.02328867  -0.00000000
  0.02338265  -0.00000000
  0.02347660  -0.00000000
  0.02357056  -0.00000000
  0.02366461  -0.00000000
  0.02375857  -0.00000000
  0.02385252  -0.00000000
  0.02394648  -0.00000000
  0.02404046  -0.00000000
  0.02413441  -0.00000000
  0.02422837  -0.00000000
  0.02432234  -0.00000000
  0.02441630  -0.00000000
  0.02451025  -0.00000000
  0.02460421  -0.00000000
  0.02469818  -0.00000000
  0.02479214  -0.00000000
  0.02488609  -0.00000000
  0.02498007  -0.00000000
  0.02507402  -0.00000000
  0.02516798  -0.00000000
  0.02526193  -0.00000000
  0.02535591  -0.00000000
  0.02544986  -0.00000000
  0.02554382  -0.00000000
  0.02563779  -0.00000000
  0.02573175  -0.00000000
  0.02582570  -0.00000000
  0.02591966  -0.00000000
  0.02601363  -0.00000000
  0.02610759  -0.00000000
  0.02620154  -0.00000000
  0.02629552  -0.00000000
  0.02638948  -0.00000000
  0.02648343  -0.00000000
  0.02657739  -0.00000000
  0.02667136  -0.00000000
  0.02676532  -0.00000000
  0.02685927  -0.00000000
  0.02695325  -0.00000000
  0.02704720  -0.00000000
  0.02714116  -0.00000000
  0.02723511  -0.00000000
  0.02732909  -0.00000000
  0.02742304  -0.00000000
  0.02751700  -0.00000000
  0.02761095  -0.00000000
  0.02770493  -0.00000000
  0.02779888  -0.00000000
  0.02789284  -0.00000000
  0.02798681  -0.00000000
  0.02808077  -0.00000000
  0.02817472  -0.00000000
  0.02826868  -0.00000000
  0.02836265  -0.00000000
  0.02845661  -0.00000000
  0.02855056  -0.00000000
  0.02864454  -0.00000000
  0.02873850  -0.00000000
  0.02883245  -0.00000000
  0.02892641  -0.00000000
  0.02902038  -0.00000000
  0.02911434  -0.00000000
  0.02920829  -0.00000000
  0.02930227  -0.00000000
  0.02939622  -0.00000000
  0.02949018  -0.00000000
  0.02958413  -0.00000000
  0.02967811  -0.00000000
  0.02977206  -0.00000000
  0.02986602  -0.00000000
  0.02995999  -0.00000000
  0.03005395  -0.00000000
  0.03014790  -0.00000000
  0.03024186  -0.00000000
  0.03048052   0.00001647
  0.03071569   0.00006064
  0.03094819   0.00011816
  0.03118061   0.00017626
  0.03141295   0.00023434
  0.03164529   0.00029242
  0.03187771   0.00035050
  0.03211005   0.00040860
  0.03234240   0.00046676
  0.03257482   0.00052484
  0.03280716   0.00058292
  0.03303950   0.00064102
  0.03327192   0.00069910
  0.03350426   0.00075718
  0.03373660   0.00081526
  0.03396902   0.00087336
  0.03420136   0.00093144
  0.03443370   0.00098952
  0.03466612   0.00104760
  0.03489846   0.00110570
  0.03513081   0.00116386
  0.03536323   0.00122194
  0.03559557   0.00128002
  0.03582791   0.00133813
  0.03606033   0.00139621
  0.03629267   0.00145429
  0.03652501   0.00151239
  0.03675743   0.00157047
  0.03698977   0.00162855
  0.03722211   0.00168663
  0.03745453   0.00174473
  0.03768687   0.00180281
  0.03791921   0.00186097
  0.03815164   0.00191905
  0.03838398   0.00197715
  0.03861632   0.00203523
  0.03884874   0.00209331
  0.03908108   0.00215139
  0.03931342   0.00220949
  0.03954584   0.00226757
  0.03977818   0.00232565
  0.04001052   0.00238373
  0.04024294   0.00244183
  0.04047528   0.00249991
  0.04070762   0.00255807
  0.04094004   0.00261615
  0.04117239   0.00267425
  0.04140473   0.00273233
  0.04163707   0.00279041
  0.04186949   0.00284849
  0.04210183   0.00290659
  0.04233417   0.00296467
  0.04256661   0.00302275
  0.04279895   0.00308083
  0.04303129   0.00313893
  0.04326371   0.00319701
  0.04349605   0.00325517
  0.04372839   0.00331325
  0.04396082   0.00337135
  0.04419316   0.00342943
  0.04442550   0.00348751
  0.04465792   0.00354559
  0.04489026   0.00360369
  0.04512260   0.00366177
  0.04535502   0.00371985
  0.04558736   0.00377793
  0.04581970   0.00383603
  0.04605212   0.00389411
  0.04628446   0.00395227
  0.04651680   0.00401035
  0.04674922   0.00406845
  0.04698157   0.00412653
  0.04721391   0.00418461
  0.04744633   0.00424270
  0.04767867   0.00430080
  0.04791101   0.00435888
  0.04814343   0.00441696
  0.04837577   0.00447506
  0.04860811   0.00453314
  0.04884053   0.00459122
  0.04907287   0.00464938
  0.04930521   0.00470748
  0.04953763   0.00476556
  0.04976997   0.00482364
  0.05000232   0.00488172
  0.05023474   0.00493982
  0.05046708   0.00499790
  0.05069942   0.00505598
  0.05093184   0.00511406
  0.05116418   0.00517216
  0.05139652   0.00523024
  0.05162894   0.00528832
  0.05186128   0.00534648
  0.05209362   0.00540458
  0.05232604   0.00546266
  0.05255838   0.00552074
  0.05279073   0.00557882
  0.05302315   0.00563692
  0.05325549   0.00569500
  0.05348783   0.00575308
  0.05372025   0.00581116
  0.05395259   0.00586926
  0.05418493   0.00592734
  0.05441737   0.00598542
  0.05464971   0.00604350
  0.05488205   0.00610168
  0.05511447   0.00615976
  0.05534681   0.00621784
  0.05557915   0.00627592
  0.05581158   0.00633402
  0.05604392   0.00639210
  0.05627626   0.00645018
  0.05650868   0.00650826
  0.05674102   0.00656636
  0.05697336   0.00662444
  0.05720578   0.00668252
  0.05743812   0.00674060
  0.05767046   0.00679878
  0.05790288   0.00685686
  0.05813522   0.00691494
  0.05836756   0.00697302
  0.05859998   0.00703112
  0.05883233   0.00708920
  0.05906467   0.00714729
  0.05929709   0.00720537
  0.05952943   0.00726347
  0.05976177   0.00732155
  0.05999419   0.00737963
  0.06022653   0.00743771
  0.06045887   0.00749589
  0.06069129   0.00755397
  0.06092363   0.00761205
  0.06115597   0.00767015
  0.06138839   0.00772823
  0.06162073   0.00778631
  0.06185308   0.00784439
  0.06208550   0.00790249
  0.06231784   0.00796057
  0.06255018   0.00801865
  0.06278260   0.00807673
  0.06301494   0.00813483
  0.06324728   0.00819299
  0.06347970   0.00825107
  0.06371204   0.00830915
  0.06394438   0.00836725
  0.06417680   0.00842533
  0.06440914   0.00848341
  0.06464149   0.00854149
  0.06487391   0.00859959
  0.06510625   0.00865767
  0.06533859   0.00871575
  0.06557101   0.00877383
  0.06580335   0.00883193
  0.06603569   0.00889009
  0.06626805   0.00894817
  0.06650047   0.00900625
  0.06673281   0.00906435
  0.06696515   0.00912243
  0.06719757   0.00918051
  0.06742992   0.00923859
  0.06766226   0.00929669
  0.06789468   0.00935477
  0.06812702   0.00941285
  0.06835936   0.00947093
  0.06859178   0.00952903
  0.06882412   0.00958719
  0.06905646   0.00964527
  0.06928888   0.00970335
  0.06952122   0.00976145
  0.06975356   0.00981953
  0.06998598   0.00987761
  0.07021832   0.00993569
  0.07045067   0.00999379
  0.07068309   0.01005188
  0.07091543   0.01010996
  0.07114777   0.01016804
  0.07138019   0.01022614
  0.07161253   0.01028430
  0.07184487   0.01034238
  0.07207729   0.01040046
  0.07230963   0.01045856
  0.07254197   0.01051664
  0.07277439   0.01057472
  0.07300673   0.01063282
  0.07323907   0.01069090
  0.07347150   0.01074898
  0.07370384   0.01080706
  0.07393618   0.01086516
  0.07416860   0.01092324
  0.07440094   0.01098140
  0.07463328   0.01103948
  0.07486570   0.01109758
  0.07509804   0.01115566
  0.07533038   0.01121374
  0.07556280   0.01127182
  0.07579514   0.01132992
  0.07602748   0.01138800
  0.07625990   0.01144608
  0.07649225   0.01150416
  0.07672459   0.01156226
  0.07675783   0.01167196
  0.07679013   0.01178196
  0.07682145   0.01189230
  0.07685191   0.01200288
  0.07688149   0.01211370
  0.07691013   0.01222492
  0.07693778   0.01233629
  0.07696458   0.01244798
  0.07699043   0.01255984
  0.07701530   0.01267201
  0.07703932   0.01278441
  0.07706230   0.01289698
  0.07708438   0.01300979
  0.07710561   0.01312284
  0.07712581   0.01323602
  0.07714505   0.01334939
  0.07716339   0.01346291
  0.07718080   0.01357667
  0.07719726   0.01369051
  0.07721266   0.01380451
  0.07722720   0.01391867
  0.07724079   0.01403299
  0.07725341   0.01414739
  0.07726509   0.01426195
  0.07727581   0.01437651
  0.07728556   0.01449123
  0.07729437   0.01460602
  0.07730223   0.01472088
  0.07730914   0.01483583
  0.07731507   0.01495079
  0.07732085   0.01506575
  0.07732656   0.01518078
  0.07733233   0.01529574
  0.07733804   0.01541077
  0.07734383   0.01552573
  0.07734952   0.01564069
  0.07735531   0.01575572
  0.07736110   0.01587068
  0.07736681   0.01598571
  0.07737258   0.01610067
  0.07737829   0.01621568
  0.07738408   0.01633064
  0.07738977   0.01644560
  0.07739556   0.01656063
  0.07740135   0.01667559
  0.07740704   0.01679062
  0.07741283   0.01690558
  0.07741854   0.01702062
  0.07742431   0.01713557
  0.07743002   0.01725053
  0.07743581   0.01736556
  0.07744160   0.01748052
  0.07744729   0.01759556
  0.07745308   0.01771049
  0.07745879   0.01782553
  0.07746456   0.01794048
  0.07747027   0.01805544
  0.07747606   0.01817047
  0.07748183   0.01828543
  0.07748754   0.01840047
  0.07749333   0.01851542
  0.07749904   0.01863046
  0.07750481   0.01874541
  0.07751052   0.01886045
  0.07751631   0.01897541
  0.07752208   0.01909036
  0.07752779   0.01920540
  0.07753358   0.01932033
  0.07753927   0.01943537
  0.07754506   0.01955032
  0.07755077   0.01966536
  0.07755656   0.01978032
  0.07756233   0.01989527
  0.07756804   0.02001031
  0.07757383   0.02012526
  0.07757952   0.02024030
  0.07758531   0.02035526
  0.07759102   0.02047029
  0.07759678   0.02058525
  0.07760257   0.02070020
  0.07760828   0.02081522
  0.07761405   0.02093017
  0.07761976   0.02104521
  0.07762555   0.02116017
  0.07763126   0.02127520
  0.07763703   0.02139016
  0.07764282   0.02150511
  0.07764853   0.02162015
  0.07765430   0.02173511
  0.07766001   0.02185014
  0.07766580   0.02196510
  0.07767149   0.02208013
  0.07767728   0.02219509
  0.07768307   0.02231002
  0.07768878   0.02242506
  0.07769455   0.02254002
  0.07770026   0.02265505
  0.07770605   0.02277001
  0.07771174   0.02288504
  0.07771753   0.02300000
