 -0.01454773   0.02300000
 -0.01454463   0.02289020
 -0.01454143   0.02278040
 -0.01453833   0.02267060
 -0.01453513   0.02256080
 -0.01453203   0.02245100
 -0.01452893   0.02234130
 -0.01452573   0.02223150
 -0.01452263   0.02212170
 -0.01451953   0.02201190
 -0.01451633   0.02190210
 -0.01451323   0.02179230
 -0.01451003   0.02168250
 -0.01450693   0.02157270
 -0.01450383   0.02146290
 -0.01450063   0.02135310
 -0.01449753   0.02124330
 -0.01449443   0.02113360
 -0.01449123   0.02102380
 -0.01448813   0.02091400
 -0.01448493   0.02080420
 -0.01448183   0.02069440
 -0.01447873   0.02058460
 -0.01447553   0.02047480
 -0.01447243   0.02036500
 -0.01446933   0.02025520
 -0.01446613   0.02014540
 -0.01446303   0.02003560
 -0.01445993   0.01992590
 -0.01445673   0.01981610
 -0.01445363   0.01970630
 -0.01445043   0.01959650
 -0.01444733   0.01948670
 -0.01444423   0.01937690
 -0.01444103   0.01926710
 -0.01443793   0.01915730
 -0.01443483   0.01904750
 -0.01443163   0.01893770
 -0.01442853   0.01882790
 -0.01442533   0.01871820
 -0.01442223   0.01860840
 -0.01441913   0.01849860
 -0.01441593   0.01838880
 -0.01441283   0.01827900
 -0.01440973   0.01816920
 -0.01440653   0.01805940
 -0.01440343   0.01794960
 -0.01440033   0.01783980
 -0.01439713   0.01773000
 -0.01439403   0.01762020
 -0.01439083   0.01751050
 -0.01438773   0.01740070
 -0.01438463   0.01729090
 -0.01438143   0.01718110
 -0.01437833   0.01707130
 -0.01437523   0.01696150
 -0.01437203   0.01685170
 -0.01436893   0.01674190
 -0.01436573   0.01663210
 -0.01436263   0.01652230
 -0.01435953   0.01641250
 -0.01435633   0.01630280
 -0.01435323   0.01619300
 -0.01435013   0.01608320
 -0.01434693   0.01597340
 -0.01434383   0.01586360
 -0.01434073   0.01575380
 -0.01433753   0.01564400
 -0.01433443   0.01553420
 -0.01433123   0.01542440
 -0.01432813   0.01531460
 -0.01432503   0.01520480
 -0.01432183   0.01509510
 -0.01431873   0.01498530
 -0.01431563   0.01487550
 -0.01431243   0.01476570
 -0.01430933   0.01465590
 -0.01430613   0.01454610
 -0.01430303   0.01443630
 -0.01429993   0.01432650
 -0.01429673   0.01421670
 -0.01429363   0.01410690
 -0.01429053   0.01399710
 -0.01428733   0.01388740
 -0.01428423   0.01377760
 -0.01428113   0.01366780
 -0.01427793   0.01355800
 -0.01427483   0.01344820
 -0.01427163   0.01333840
 -0.01426853   0.01322860
 -0.01426543   0.01311880
 -0.01426223   0.01300900
 -0.01425913   0.01289920
 -0.01425603   0.01278940
 -0.01425283   0.01267970
 -0.01424973   0.01256990
 -0.01424653   0.01246010
 -0.01424343   0.01235030
 -0.01424033   0.01224050
 -0.01423713   0.01213070
 -0.01423403   0.01202090
 -0.01423093   0.01191110
 -0.01422773   0.01180130
 -0.01422463   0.01169150
 -0.01422153   0.01158170
 -0.01421833   0.01147190
 -0.01421523   0.01136220
 -0.01421203   0.01125240
 -0.01420893   0.01114260
 -0.01420583   0.01103280
 -0.01420263   0.01092300
 -0.01419953   0.01081320
 -0.01419643   0.01070340
 -0.01419323   0.01059360
 -0.01419013   0.01048380
 -0.01418693   0.01037400
 -0.01418383   0.01026420
 -0.01418073   0.01015450
 -0.01417753   0.01004470
 -0.01417443   0.00993490
 -0.01417133   0.00982510
 -0.01416813   0.00971530
 -0.01416443   0.00960550
 -0.01415953   0.00949580
 -0.01415333   0.00938610
 -0.01414603   0.00927650
 -0.01413743   0.00916700
 -0.01412773   0.00905760
 -0.01411673   0.00894840
 -0.01410463   0.00883920
 -0.01409123   0.00873020
 -0.01407673   0.00862130
 -0.01406093   0.00851260
 -0.01404403   0.00840410
 -0.01402593   0.00829580
 -0.01400663   0.00818760
 -0.01398613   0.00807970
 -0.01396443   0.00797200
 -0.01394153   0.00786460
 -0.01391753   0.00775740
 -0.01389233   0.00765050
 -0.01386593   0.00754390
 -0.01383833   0.00743760
 -0.01380963   0.00733160
 -0.01377973   0.00722590
 -0.01374863   0.00712060
 -0.01371643   0.00701550
 -0.01368313   0.00691090
 -0.01364863   0.00680660
 -0.01361293   0.00670270
 -0.01357623   0.00659920
 -0.01353823   0.00649620
 -0.01349923   0.00639350
 -0.01345903   0.00629130
 -0.01341773   0.00618950
 -0.01337533   0.00608820
 -0.01333183   0.00598730
 -0.01328723   0.00588700
 -0.01324143   0.00578710
 -0.01319463   0.00568770
 -0.01314673   0.00558890
 -0.01309773   0.00549060
 -0.01304773   0.00539280
 -0.01299653   0.00529560
 -0.01294433   0.00519900
 -0.01289113   0.00510290
 -0.01283673   0.00500750
 -0.01278143   0.00491260
 -0.01272503   0.00481840
 -0.01266763   0.00472470
 -0.01260913   0.00463170
 -0.01254963   0.00453940
 -0.01248923   0.00444770
 -0.01242773   0.00435670
 -0.01236523   0.00426640
 -0.01230173   0.00417670
 -0.01223733   0.00408780
 -0.01217193   0.00399960
 -0.01210553   0.00391210
 -0.01203813   0.00382530
 -0.01196983   0.00373930
 -0.01190063   0.00365400
 -0.01183043   0.00356950
 -0.01175933   0.00348580
 -0.01168733   0.00340280
 -0.01161443   0.00332070
 -0.01154063   0.00323940
 -0.01146593   0.00315880
 -0.01139033   0.00307910
 -0.01131393   0.00300030
 -0.01123663   0.00292230
 -0.01115843   0.00284510
 -0.01107943   0.00276880
 -0.01099963   0.00269340
 -0.01091893   0.00261880
 -0.01083503   0.00254790
 -0.01074623   0.00248340
 -0.01065293   0.00242550
 -0.01055563   0.00237450
 -0.01045493   0.00233090
 -0.01035123   0.00229470
 -0.01024513   0.00226620
 -0.01013793   0.00224240
 -0.01003063   0.00221880
 -0.00992333   0.00219540
 -0.00981603   0.00217210
 -0.00970863   0.00214900
 -0.00960123   0.00212600
 -0.00949383   0.00210320
 -0.00938633   0.00208050
 -0.00927883   0.00205790
 -0.00917133   0.00203550
 -0.00906373   0.00201330
 -0.00895613   0.00199120
 -0.00884853   0.00196920
 -0.00874093   0.00194740
 -0.00863323   0.00192580
 -0.00852553   0.00190420
 -0.00841773   0.00188290
 -0.00831003   0.00186170
 -0.00820223   0.00184060
 -0.00809443   0.00181970
 -0.00798653   0.00179890
 -0.00787863   0.00177830
 -0.00777073   0.00175780
 -0.00766283   0.00173750
 -0.00755483   0.00171730
 -0.00744683   0.00169730
 -0.00733883   0.00167740
 -0.00723073   0.00165760
 -0.00712273   0.00163810
 -0.00701463   0.00161860
 -0.00690643   0.00159930
 -0.00679833   0.00158020
 -0.00669013   0.00156120
 -0.00658193   0.00154230
 -0.00647373   0.00152370
 -0.00636543   0.00150510
 -0.00625713   0.00148670
 -0.00614883   0.00146850
 -0.00604053   0.00145040
 -0.00593213   0.00143240
 -0.00582373   0.00141460
 -0.00571533   0.00139690
 -0.00560693   0.00137940
 -0.00549843   0.00136210
 -0.00539003   0.00134490
 -0.00528153   0.00132780
 -0.00517293   0.00131090
 -0.00506443   0.00129410
 -0.00495583   0.00127750
 -0.00484723   0.00126110
 -0.00473863   0.00124480
 -0.00463003   0.00122860
 -0.00452133   0.00121260
 -0.00441263   0.00119670
 -0.00430393   0.00118100
 -0.00419523   0.00116540
 -0.00408643   0.00115000
 -0.00397773   0.00113470
 -0.00386893   0.00111960
 -0.00376013   0.00110460
 -0.00365123   0.00108980
 -0.00354243   0.00107520
 -0.00343353   0.00106060
 -0.00332463   0.00104630
 -0.00321573   0.00103200
 -0.00310683   0.00101800
 -0.00299783   0.00100400
 -0.00288893   0.00099030
 -0.00277993   0.00097660
 -0.00267093   0.00096320
 -0.00256183   0.00094980
 -0.00245283   0.00093670
 -0.00234373   0.00092360
 -0.00223473   0.00091080
 -0.00212563   0.00089800
 -0.00201643   0.00088550
 -0.00190733   0.00087300
 -0.00179823   0.00086080
 -0.00168903   0.00084860
 -0.00157983   0.00083670
 -0.00147063   0.00082480
 -0.00136143   0.00081310
 -0.00125223   0.00080160
 -0.00114293   0.00079020
 -0.00103373   0.00077900
 -0.00092443   0.00076790
 -0.00081513   0.00075700
 -0.00070583   0.00074620
 -0.00059653   0.00073560
 -0.00048723   0.00072510
 -0.00037783   0.00071480
 -0.00026843   0.00070460
 -0.00015913   0.00069460
 -0.00004973   0.00068470
  0.00005967   0.00067500
  0.00016907   0.00066540
  0.00027857   0.00065600
  0.00038797   0.00064670
  0.00049747   0.00063760
  0.00060687   0.00062860
  0.00071637   0.00061980
  0.00082587   0.00061110
  0.00093537   0.00060260
  0.00104487   0.00059420
  0.00115447   0.00058600
  0.00126397   0.00057790
  0.00137357   0.00057000
  0.00148307   0.00056220
  0.00159267   0.00055460
  0.00170227   0.00054710
  0.00181187   0.00053980
  0.00192147   0.00053260
  0.00203107   0.00052560
  0.00214067   0.00051880
  0.00225027   0.00051200
  0.00235997   0.00050550
  0.00246957   0.00049900
  0.00257927   0.00049260
  0.00268887   0.00048630
  0.00279857   0.00047990
  0.00290817   0.00047360
  0.00301787   0.00046740
  0.00312747   0.00046120
  0.00323717   0.00045500
  0.00334687   0.00044880
  0.00345647   0.00044280
  0.00356617   0.00043670
  0.00367587   0.00043070
  0.00378547   0.00042470
  0.00389517   0.00041880
  0.00400487   0.00041290
  0.00411457   0.00040700
  0.00422427   0.00040120
  0.00433387   0.00039550
  0.00444357   0.00038970
  0.00455327   0.00038400
  0.00466297   0.00037840
  0.00477267   0.00037280
  0.00488237   0.00036720
  0.00499207   0.00036170
  0.00510177   0.00035620
  0.00521147   0.00035070
  0.00532117   0.00034530
  0.00543087   0.00033990
  0.00554057   0.00033460
  0.00565027   0.00032930
  0.00575997   0.00032410
  0.00586967   0.00031890
  0.00597937   0.00031370
  0.00608917   0.00030860
  0.00619887   0.00030350
  0.00630857   0.00029840
  0.00641827   0.00029340
  0.00652797   0.00028840
  0.00663777   0.00028350
  0.00674747   0.00027860
  0.00685717   0.00027380
  0.00696697   0.00026900
  0.00707667   0.00026420
  0.00718637   0.00025950
  0.00729617   0.00025480
  0.00740587   0.00025010
  0.00751557   0.00024550
  0.00762537   0.00024100
  0.00773507   0.00023640
  0.00784487   0.00023200
  0.00795457   0.00022750
  0.00806437   0.00022310
  0.00817407   0.00021870
  0.00828387   0.00021440
  0.00839357   0.00021010
  0.00850337   0.00020590
  0.00861307   0.00020170
  0.00872287   0.00019750
  0.00883257   0.00019340
  0.00894237   0.00018930
  0.00905207   0.00018530
  0.00916187   0.00018120
  0.00927167   0.00017730
  0.00938137   0.00017340
  0.00949117   0.00016950
  0.00960097   0.00016560
  0.00971067   0.00016180
  0.00982047   0.00015810
  0.00993027   0.00015430
  0.01004007   0.00015070
  0.01014977   0.00014700
  0.01025957   0.00014340
  0.01036937   0.00013990
  0.01047917   0.00013630
  0.01058897   0.00013280
  0.01069867   0.00012940
  0.01080847   0.00012600
  0.01091827   0.00012260
  0.01102807   0.00011930
  0.01113787   0.00011600
  0.01124767   0.00011280
  0.01135747   0.00010960
  0.01146717   0.00010640
  0.01157697   0.00010330
  0.01168677   0.00010020
  0.01179657   0.00009720
  0.01190637   0.00009420
  0.01201617   0.00009120
  0.01212597   0.00008830
  0.01223577   0.00008540
  0.01234557   0.00008260
  0.01245537   0.00007980
  0.01256517   0.00007710
  0.01267497   0.00007450
  0.01278477   0.00007190
  0.01289457   0.00006930
  0.01300437   0.00006680
  0.01311417   0.00006430
  0.01322397   0.00006180
  0.01333387   0.00005940
  0.01344367   0.00005710
  0.01355347   0.00005480
  0.01366327   0.00005250
  0.01377307   0.00005020
  0.01388287   0.00004800
  0.01399267   0.00004590
  0.01410247   0.00004370
  0.01421237   0.00004160
  0.01432217   0.00003960
  0.01443197   0.00003760
  0.01454177   0.00003560
  0.01465157   0.00003370
  0.01476147   0.00003180
  0.01487127   0.00003000
  0.01498107   0.00002820
  0.01509087   0.00002640
  0.01520067   0.00002470
  0.01531057   0.00002300
  0.01542037   0.00002140
  0.01553017   0.00001980
  0.01563997   0.00001820
  0.01574987   0.00001670
  0.01585967   0.00001520
  0.01596947   0.00001380
  0.01607927   0.00001240
  0.01618917   0.00001100
  0.01629897   0.00000970
  0.01640877   0.00000840
  0.01651857   0.00000720
  0.01662847   0.00000600
  0.01673827   0.00000480
  0.01684807   0.00000370
  0.01695797   0.00000260
  0.01706777   0.00000160
  0.01717757   0.00000060
  0.01728747  -0.00000040
  0.01739727  -0.00000130
  0.01750707  -0.00000220
  0.01761697  -0.00000300
  0.01772677  -0.00000380
  0.01783657  -0.00000450
  0.01794647  -0.00000530
  0.01805627  -0.00000590
  0.01816607  -0.00000660
  0.01827597  -0.00000720
  0.01838577  -0.00000770
  0.01849557  -0.00000820
  0.01860547  -0.00000870
  0.01871527  -0.00000910
  0.01882507  -0.00000950
  0.01893497  -0.00000990
  0.01904477  -0.00001020
  0.01915457  -0.00001050
  0.01926447  -0.00001070
  0.01937427  -0.00001090
  0.01948407  -0.00001110
  0.01959397  -0.00001120
  0.01970377  -0.00001120
  0.01981367  -0.00001130
  0.01992347  -0.00001130
  0.02003327  -0.00001120
  0.02014317  -0.00001110
  0.02025297  -0.00001100
  0.02036277  -0.00001080
  0.02047267  -0.00001060
  0.02058247  -0.00001040
  0.02069227  -0.00001010
  0.02080217  -0.00000980
  0.02091197  -0.00000940
  0.02102177  -0.00000900
  0.02113167  -0.00000850
  0.02124147  -0.00000800
  0.02135127  -0.00000750
  0.02146117  -0.00000690
  0.02157097  -0.00000630
  0.02168077  -0.00000570
  0.02179067  -0.00000500
  0.02190047  -0.00000430
  0.02201027  -0.00000350
  0.02212017  -0.00000270
  0.02222997  -0.00000180
  0.02229331  -0.00000040
  0.02238831  -0.00000050
  0.02264032  -0.00000000
  0.02283102  -0.00000000
  0.02302167  -0.00000000
  0.02321238  -0.00000000
  0.02340303  -0.00000000
  0.02359374  -0.00000000
  0.02378439  -0.00000000
  0.02397514  -0.00000000
  0.02416585  -0.00000000
  0.02435650  -0.00000000
  0.02454720  -0.00000000
  0.02473785  -0.00000000
  0.02492856  -0.00000000
  0.02511921  -0.00000000
  0.02530992  -0.00000000
  0.02550057  -0.00000000
  0.02569128  -0.00000000
  0.02588197  -0.00000000
  0.02607268  -0.00000000
  0.02626333  -0.00000000
  0.02645403  -0.00000000
  0.02664468  -0.00000000
  0.02683539  -0.00000000
  0.02702610  -0.00000000
  0.02721675  -0.00000000
  0.02740746  -0.00000000
  0.02759811  -0.00000000
  0.02778886  -0.00000000
  0.02797951  -0.00000000
  0.02817021  -0.00000000
  0.02836087  -0.00000000
  0.02855157  -0.00000000
  0.02874222  -0.00000000
  0.02893293  -0.00000000
  0.02912358  -0.00000000
  0.02931429  -0.00000000
  0.02950494  -0.00000000
  0.02969569  -0.00000000
  0.02988634  -0.00000000
  0.03007705  -0.00000000
  0.03026775  -0.00000000
  0.03045840  -0.00000000
  0.03064911  -0.00000000
  0.03083976  -0.00000000
  0.03103047  -0.00000000
  0.03122112  -0.00000000
  0.03141182  -0.00000000
  0.03160252  -0.00000000
  0.03179323  -0.00000000
  0.03198388  -0.00000000
  0.03217458  -0.00000000
  0.03236523  -0.00000000
  0.03255594  -0.00000000
  0.03274659  -0.00000000
  0.03293730  -0.00000000
  0.03312795  -0.00000000
  0.03331866  -0.00000000
  0.03350941  -0.00000000
  0.03370006  -0.00000000
  0.03389076  -0.00000000
  0.03408142  -0.00000000
  0.03427212  -0.00000000
  0.03446277  -0.00000000
  0.03465348  -0.00000000
  0.03484413  -0.00000000
  0.03503484  -0.00000000
  0.03522549  -0.00000000
  0.03541619  -0.00000000
  0.03560689  -0.00000000
  0.03579760  -0.00000000
  0.03598825  -0.00000000
  0.03617895  -0.00000000
  0.03636966  -0.00000000
  0.03656031  -0.00000000
  0.03675102  -0.00000000
  0.03694167  -0.00000000
  0.03713237  -0.00000000
  0.03732303  -0.00000000
  0.03751378  -0.00000000
  0.03770443  -0.00000000
  0.03789513  -0.00000000
  0.03808578  -0.00000000
  0.03827649  -0.00000000
  0.03846714  -0.00000000
  0.03865785  -0.00000000
  0.03884850  -0.00000000
  0.03903921  -0.00000000
  0.03922986  -0.00000000
  0.03942061  -0.00000000
  0.03961131  -0.00000000
  0.03980196  -0.00000000
  0.03999267  -0.00000000
  0.04018332  -0.00000000
  0.04037403  -0.00000000
  0.04056468  -0.00000000
  0.04075539  -0.00000000
  0.04094604  -0.00000000
  0.04113674  -0.00000000
  0.04132744  -0.00000000
  0.04151815  -0.00000000
  0.04170880  -0.00000000
  0.04189950  -0.00000000
  0.04209015  -0.00000000
  0.04228086  -0.00000000
  0.04247151  -0.00000000
  0.04266222  -0.00000000
  0.04285292  -0.00000000
  0.04304358  -0.00000000
  0.04323433  -0.00000000
  0.04342498  -0.00000000
  0.04361568  -0.00000000
  0.04380633  -0.00000000
  0.04399704  -0.00000000
  0.04418769  -0.00000000
  0.04437840  -0.00000000
  0.04456905  -0.00000000
  0.04475976  -0.00000000
  0.04495041  -0.00000000
  0.04514116  -0.00000000
  0.04533181  -0.00000000
  0.04552251  -0.00000000
  0.04571322  -0.00000000
  0.04590387  -0.00000000
  0.04609458  -0.00000000
  0.04628523  -0.00000000
  0.04647594  -0.00000000
  0.04666659   0.00000004
  0.04685729   0.00000018
  0.04704794   0.00000040
  0.04723870   0.00000071
  0.04742935   0.00000110
  0.04762005   0.00000159
  0.04781070   0.00000216
  0.04800141   0.00000278
  0.04819206   0.00000353
  0.04838277   0.00000433
  0.04857342   0.00000526
  0.04876412   0.00000623
  0.04895483   0.00000729
  0.04914548   0.00000848
  0.04933619   0.00000972
  0.04952684   0.00001104
  0.04971755   0.00001246
  0.04990815   0.00001396
  0.05009886   0.00001555
  0.05028951   0.00001718
  0.05048022   0.00001895
  0.05067087   0.00002080
  0.05086153   0.00002270
  0.05105218   0.00002473
  0.05124289   0.00002681
  0.05143349   0.00002902
  0.05162420   0.00003127
  0.05181481   0.00003361
  0.05200551   0.00003604
  0.05219618   0.00003856
  0.05238683   0.00004116
  0.05257749   0.00004386
  0.05276810   0.00004664
  0.05295876   0.00004947
  0.05314941   0.00005243
  0.05334007   0.00005547
  0.05353068   0.00005857
  0.05372134   0.00006179
  0.05391195   0.00006506
  0.05410261   0.00006842
  0.05429317   0.00007186
  0.05448384   0.00007544
  0.05467444   0.00007924
  0.05486506   0.00008334
  0.05505568   0.00008776
  0.05524624   0.00009253
  0.05543682   0.00009757
  0.05562733   0.00010295
  0.05581791   0.00010870
  0.05600838   0.00011470
  0.05619891   0.00012106
  0.05638934   0.00012773
  0.05657983   0.00013471
  0.05677021   0.00014204
  0.05696065   0.00014968
  0.05715104   0.00015763
  0.05734139   0.00016589
  0.05753174   0.00017446
  0.05772204   0.00018338
  0.05791230   0.00019261
  0.05810261   0.00020215
  0.05829283   0.00021200
  0.05848304   0.00022221
  0.05867321   0.00023272
  0.05886329   0.00024354
  0.05905342   0.00025467
  0.05924345   0.00026615
  0.05943354   0.00027790
  0.05962349   0.00029000
  0.05981349   0.00030242
  0.06000339   0.00031518
  0.06019325   0.00032821
  0.06038311   0.00034159
  0.06057293   0.00035528
  0.06069565   0.00036319
  0.06081760   0.00038040
  0.06093792   0.00040657
  0.06105745   0.00043607
  0.06117698   0.00046598
  0.06129642   0.00049584
  0.06141596   0.00052565
  0.06153540   0.00055556
  0.06165493   0.00058542
  0.06177437   0.00061533
  0.06189391   0.00064519
  0.06201335   0.00067505
  0.06213288   0.00070496
  0.06225232   0.00073481
  0.06237186   0.00076463
  0.06249130   0.00079454
  0.06261083   0.00082439
  0.06273027   0.00085431
  0.06284981   0.00088416
  0.06296924   0.00091402
  0.06308874   0.00094393
  0.06320822   0.00097374
  0.06332771   0.00100360
  0.06344719   0.00103351
  0.06356669   0.00106337
  0.06368617   0.00109328
  0.06380566   0.00112314
  0.06392514   0.00115299
  0.06404464   0.00118291
  0.06416412   0.00121272
  0.06428361   0.00124258
  0.06440309   0.00127249
  0.06452259   0.00130234
  0.06464207   0.00133226
  0.06476156   0.00136211
  0.06488104   0.00139197
  0.06500053   0.00142188
  0.06512002   0.00145169
  0.06523951   0.00148155
  0.06535895   0.00151146
  0.06547848   0.00154132
  0.06559792   0.00157123
  0.06571740   0.00160109
  0.06583690   0.00163094
  0.06595638   0.00166081
  0.06607587   0.00169067
  0.06619535   0.00172052
  0.06631485   0.00175044
  0.06643433   0.00178029
  0.06655382   0.00181015
  0.06667330   0.00184006
  0.06679279   0.00186992
  0.06691228   0.00189979
  0.06703177   0.00192964
  0.06715125   0.00195950
  0.06727074   0.00198941
  0.06739023   0.00201927
  0.06750972   0.00204912
  0.06762920   0.00207904
  0.06774869   0.00210889
  0.06786813   0.00213876
  0.06798767   0.00216862
  0.06810711   0.00219847
  0.06822664   0.00222839
  0.06834608   0.00225824
  0.06846562   0.00228810
  0.06858505   0.00231801
  0.06870459   0.00234782
  0.06882403   0.00237774
  0.06894357   0.00240759
  0.06906300   0.00243745
  0.06918254   0.00246736
  0.06930198   0.00249722
  0.06942152   0.00252707
  0.06954095   0.00255699
  0.06966049   0.00258680
  0.06977993   0.00261671
  0.06989947   0.00264657
  0.07001890   0.00267642
  0.07013840   0.00270634
  0.07025788   0.00273619
  0.07037737   0.00276605
  0.07049685   0.00279592
  0.07061635   0.00282577
  0.07073583   0.00285569
  0.07085532   0.00288554
  0.07097480   0.00291540
  0.07109429   0.00294531
  0.07121378   0.00297517
  0.07133327   0.00300502
  0.07145275   0.00303489
  0.07157224   0.00306475
  0.07169173   0.00309466
  0.07181122   0.00312452
  0.07193070   0.00315437
  0.07205019   0.00318429
  0.07216967   0.00321414
  0.07228917   0.00324400
  0.07240860   0.00327387
  0.07252814   0.00330372
  0.07264758   0.00333363
  0.07276712   0.00336349
  0.07288655   0.00339335
  0.07300609   0.00342326
  0.07312553   0.00345312
  0.07324507   0.00348293
  0.07336450   0.00351284
  0.07348404   0.00354270
  0.07360348   0.00357261
  0.07372296   0.00360247
  0.07384245   0.00363232
  0.07396193   0.00366223
  0.07408143   0.00369209
  0.07420091   0.00372190
  0.07432040   0.00375182
  0.07443988   0.00378167
  0.07455938   0.00381153
  0.07467886   0.00384144
  0.07479835   0.00387130
  0.07491779   0.00390121
  0.07503733   0.00393102
  0.07515676   0.00396088
  0.07527630   0.00399079
  0.07539574   0.00402065
  0.07551528   0.00405050
  0.07563471   0.00408042
  0.07575425   0.00411027
  0.07587369   0.00414018
  0.07599322   0.00417000
  0.07611266   0.00419985
  0.07623220   0.00422976
  0.07635164   0.00425962
  0.07647117   0.00428948
  0.07659061   0.00431939
  0.07671015   0.00434925
  0.07682959   0.00437916
  0.07694912   0.00440897
  0.07706856   0.00443883
  0.07718805   0.00446874
  0.07730754   0.00449860
  0.07742703   0.00452845
  0.07754651   0.00455836
  0.07766600   0.00458822
  0.07778548   0.00461809
  0.07790498   0.00464795
  0.07802446   0.00467780
  0.07814395   0.00470771
  0.07826343   0.00473757
  0.07838293   0.00476743
  0.07850241   0.00479734
  0.07862190   0.00482720
  0.07874138   0.00485706
  0.07886088   0.00488692
  0.07898036   0.00491678
  0.07909985   0.00494669
  0.07921933   0.00497654
  0.07933883   0.00500640
  0.07945831   0.00503631
  0.07957780   0.00506617
  0.07969724   0.00509604
  0.07981678   0.00512589
  0.07993621   0.00515575
  0.08005575   0.00518566
  0.08017519   0.00521552
  0.08029472   0.00524538
  0.08041416   0.00527529
  0.08053370   0.00530510
  0.08065314   0.00533501
  0.08077267   0.00536487
  0.08089211   0.00539473
  0.08101165   0.00542464
  0.08113109   0.00545449
  0.08125062   0.00548435
  0.08137006   0.00551426
  0.08148960   0.00554408
  0.08160903   0.00557399
  0.08172852   0.00560384
  0.08184801   0.00563370
  0.08196745   0.00566361
  0.08208698   0.00569347
  0.08220642   0.00572333
  0.08232596   0.00575319
  0.08244540   0.00578305
  0.08256493   0.00581291
  0.08268437   0.00584282
  0.08280391   0.00587267
  0.08292335   0.00590259
  0.08304288   0.00593244
  0.08316232   0.00596230
  0.08328186   0.00599217
  0.08340129   0.00602202
  0.08352083   0.00605188
  0.08364027   0.00608179
  0.08375981   0.00611165
  0.08387924   0.00614156
  0.08399878   0.00617142
  0.08411822   0.00620127
  0.08423776   0.00623114
  0.08435719   0.00626100
  0.08447669   0.00629086
  0.08460022   0.00641209
  0.08472210   0.00653518
  0.08484223   0.00666004
  0.08496075   0.00678672
  0.08507745   0.00691522
  0.08519238   0.00704538
  0.08530550   0.00717732
  0.08541685   0.00731093
  0.08552629   0.00744616
  0.08563388   0.00758311
  0.08573961   0.00772159
  0.08584338   0.00786174
  0.08594515   0.00800342
  0.08604498   0.00814664
  0.08614285   0.00829133
  0.08623864   0.00843755
  0.08633243   0.00858511
  0.08642418   0.00873419
  0.08651380   0.00888457
  0.08660132   0.00903638
  0.08668667   0.00918949
  0.08676993   0.00934388
  0.08685096   0.00949952
  0.08692980   0.00965640
  0.08700653   0.00981452
  0.08708088   0.00997374
  0.08715310   0.01013412
  0.08722296   0.01029559
  0.08729065   0.01045812
  0.08735597   0.01062170
  0.08741898   0.01078628
  0.08747966   0.01095184
  0.08753804   0.01111829
  0.08759401   0.01128566
  0.08764762   0.01145389
  0.08769886   0.01162295
  0.08774771   0.01179277
  0.08779404   0.01196341
  0.08783802   0.01213472
  0.08787960   0.01230671
  0.08791874   0.01247943
  0.08795609   0.01265262
  0.08799189   0.01282640
  0.08802620   0.01300070
  0.08805895   0.01317554
  0.08809015   0.01335081
  0.08811977   0.01352653
  0.08814794   0.01370265
  0.08817447   0.01387911
  0.08819940   0.01405597
  0.08822284   0.01423319
  0.08824464   0.01441072
  0.08826485   0.01458852
  0.08828353   0.01476658
  0.08830055   0.01494486
  0.08831599   0.01512330
  0.08832984   0.01530198
  0.08834211   0.01548079
  0.08835274   0.01565974
  0.08836190   0.01583877
  0.08837086   0.01601780
  0.08837981   0.01619683
  0.08838875   0.01637581
  0.08839770   0.01655484
  0.08840665   0.01673391
  0.08841560   0.01691295
  0.08842455   0.01709198
  0.08843355   0.01727101
  0.08844245   0.01745004
  0.08845140   0.01762906
  0.08846040   0.01780809
  0.08846934   0.01798712
  0.08847829   0.01816615
  0.08848719   0.01834518
  0.08849619   0.01852422
  0.08850514   0.01870329
  0.08851408   0.01888227
  0.08852304   0.01906130
  0.08853199   0.01924033
  0.08854093   0.01941936
  0.08854988   0.01959844
  0.08855884   0.01977747
  0.08856778   0.01995644
  0.08857673   0.02013548
  0.08858573   0.02031451
  0.08859463   0.02049354
  0.08860358   0.02067261
  0.08861252   0.02085165
  0.08862153   0.02103068
  0.08863043   0.02120965
  0.08863937   0.02138868
  0.08864837   0.02156776
  0.08865732   0.02174679
  0.08866622   0.02192582
  0.08867522   0.02210485
  0.08868417   0.02228389
  0.08869312   0.02246286
  0.08870202   0.02264194
  0.08871102   0.02282097
  0.08871997   0.02300000
