-11.447           -2.6119
-13.0389           -1.482
-6.35           -23
-37.25           -23
-11.4343           -2.6629
-11.4215           -2.7139
-11.4088           -2.7649
-11.396           -2.8158
-11.3833           -2.8668
-11.3706           -2.9178
-11.3578           -2.9687
-11.3451           -3.0197
-11.3323           -3.0707
-11.3196           -3.1216
-11.3068           -3.1726
-11.2941           -3.2236
-11.2814           -3.2746
-11.2686           -3.3255
-11.2559           -3.3765
-11.2431           -3.4275
-11.2304           -3.4784
-11.2176           -3.5294
-11.2049           -3.5804
-11.1922           -3.6314
-11.1794           -3.6823
-11.1667           -3.7333
-11.1539           -3.7843
-11.1412           -3.8352
-11.1284           -3.8862
-11.1157           -3.9372
-11.103           -3.9881
-11.0902           -4.0391
-11.0775           -4.0901
-11.0647           -4.1411
-11.052           -4.192
-11.0393           -4.243
-11.0265           -4.294
-11.0138           -4.3449
-11.001           -4.3959
-10.9883           -4.4469
-10.9755           -4.4978
-10.9628           -4.5488
-10.9501           -4.5998
-10.9373           -4.6508
-10.9246           -4.7017
-10.9118           -4.7527
-10.8991           -4.8037
-10.8863           -4.8546
-10.8736           -4.9056
-10.8609           -4.9566
-10.8481           -5.0075
-10.8354           -5.0585
-10.8226           -5.1095
-10.8099           -5.1605
-10.7971           -5.2114
-10.7844           -5.2624
-10.7717           -5.3134
-10.7589           -5.3643
-10.7462           -5.4153
-10.7334           -5.4663
-10.7207           -5.5172
-10.7079           -5.5682
-10.6952           -5.6192
-10.6825           -5.6702
-10.6697           -5.7211
-10.657           -5.7721
-10.6442           -5.8231
-10.6315           -5.874
-10.6187           -5.925
-10.606           -5.976
-10.5933           -6.0269
-10.5805           -6.0779
-10.5678           -6.1289
-10.555           -6.1799
-10.5423           -6.2308
-10.5296           -6.2818
-10.5168           -6.3328
-10.5041           -6.3837
-10.4913           -6.4347
-10.4786           -6.4857
-10.4658           -6.5366
-10.4531           -6.5876
-10.4404           -6.6386
-10.4276           -6.6896
-10.4149           -6.7405
-10.4021           -6.7915
-10.3894           -6.8425
-10.3766           -6.8934
-10.3639           -6.9444
-10.3512           -6.9954
-10.3384           -7.0463
-10.3257           -7.0973
-10.3129           -7.1483
-10.3002           -7.1993
-10.2874           -7.2502
-10.2747           -7.3012
-10.262           -7.3522
-10.2492           -7.4031
-10.2365           -7.4541
-10.2237           -7.5051
-10.211           -7.5561
-10.1982           -7.607
-10.1855           -7.658
-10.1728           -7.709
-10.16           -7.7599
-10.1473           -7.8109
-10.1345           -7.8619
-10.1218           -7.9128
-10.109           -7.9638
-10.0963           -8.0148
-10.0836           -8.0658
-10.0708           -8.1167
-10.0581           -8.1677
-10.0453           -8.2187
-10.0326           -8.2696
-10.0198           -8.3206
-10.0071           -8.3716
-9.9944           -8.4225
-9.9816           -8.4735
-9.9689           -8.5245
-9.9561           -8.5755
-9.9434           -8.6264
-9.9307           -8.6774
-9.9179           -8.7284
-9.9052           -8.7793
-9.8924           -8.8303
-9.8797           -8.8813
-9.8669           -8.9322
-9.8542           -8.9832
-9.8415           -9.0342
-9.8287           -9.0852
-9.816           -9.1361
-9.8032           -9.1871
-9.7905           -9.2381
-9.7777           -9.289
-9.765           -9.34
-9.7523           -9.391
-9.7395           -9.4419
-9.7268           -9.4929
-9.714           -9.5439
-9.7013           -9.5949
-9.6885           -9.6458
-9.6758           -9.6968
-9.6631           -9.7478
-9.6503           -9.7987
-9.6376           -9.8497
-9.6248           -9.9007
-9.6121           -9.9516
-9.5993           -10.0026
-9.5866           -10.0536
-9.5739           -10.1046
-9.5611           -10.1555
-9.5484           -10.2065
-9.5356           -10.2575
-9.5229           -10.3084
-9.5101           -10.3594
-9.4974           -10.4104
-9.4847           -10.4613
-9.4719           -10.5123
-9.4592           -10.5633
-9.4464           -10.6143
-9.4337           -10.6652
-9.421           -10.7162
-9.4082           -10.7672
-9.3955           -10.8181
-9.3827           -10.8691
-9.37           -10.9201
-9.3572           -10.971
-9.3445           -11.022
-9.3318           -11.073
-9.319           -11.124
-9.3063           -11.1749
-9.2935           -11.2259
-9.2808           -11.2769
-9.268           -11.3278
-9.2553           -11.3788
-9.2426           -11.4298
-9.2298           -11.4808
-9.2171           -11.5317
-9.2043           -11.5827
-9.1916           -11.6337
-9.1788           -11.6846
-9.1661           -11.7356
-9.1534           -11.7866
-9.1406           -11.8375
-9.1279           -11.8885
-9.1151           -11.9395
-9.1024           -11.9905
-9.0896           -12.0414
-9.0769           -12.0924
-9.0642           -12.1434
-9.0514           -12.1943
-9.0387           -12.2453
-9.0259           -12.2963
-9.0132           -12.3472
-9.0004           -12.3982
-8.9877           -12.4492
-8.975           -12.5002
-8.9622           -12.5511
-8.9495           -12.6021
-8.9367           -12.6531
-8.924           -12.704
-8.9112           -12.755
-8.8985           -12.806
-8.8858           -12.8569
-8.873           -12.9079
-8.8603           -12.9589
-8.8475           -13.0099
-8.8348           -13.0608
-8.8221           -13.1118
-8.8093           -13.1628
-8.7966           -13.2137
-8.7838           -13.2647
-8.7711           -13.3157
-8.7583           -13.3666
-8.7456           -13.4176
-8.7329           -13.4686
-8.7201           -13.5196
-8.7074           -13.5705
-8.6946           -13.6215
-8.6819           -13.6725
-8.6691           -13.7234
-8.6564           -13.7744
-8.6437           -13.8254
-8.6309           -13.8763
-8.6182           -13.9273
-8.6054           -13.9783
-8.5927           -14.0293
-8.5799           -14.0802
-8.5672           -14.1312
-8.5545           -14.1822
-8.5417           -14.2331
-8.529           -14.2841
-8.5162           -14.3351
-8.5035           -14.386
-8.4907           -14.437
-8.478           -14.488
-8.4653           -14.539
-8.4525           -14.5899
-8.4398           -14.6409
-8.427           -14.6919
-8.4143           -14.7428
-8.4015           -14.7938
-8.3888           -14.8448
-8.3761           -14.8957
-8.3633           -14.9467
-8.3506           -14.9977
-8.3378           -15.0487
-8.3251           -15.0996
-8.3124           -15.1506
-8.2996           -15.2016
-8.2869           -15.2525
-8.2741           -15.3035
-8.2614           -15.3545
-8.2486           -15.4055
-8.2359           -15.4564
-8.2232           -15.5074
-8.2104           -15.5584
-8.1977           -15.6093
-8.1849           -15.6603
-8.1722           -15.7113
-8.1594           -15.7622
-8.1467           -15.8132
-8.134           -15.8642
-8.1212           -15.9152
-8.1085           -15.9661
-8.0957           -16.0171
-8.083           -16.0681
-8.0702           -16.119
-8.0575           -16.17
-8.0448           -16.221
-8.032           -16.2719
-8.0193           -16.3229
-8.0065           -16.3739
-7.9938           -16.4249
-7.981           -16.4758
-7.9683           -16.5268
-7.9556           -16.5778
-7.9428           -16.6287
-7.9301           -16.6797
-7.9173           -16.7307
-7.9046           -16.7816
-7.8918           -16.8326
-7.8791           -16.8836
-7.8664           -16.9346
-7.8536           -16.9855
-7.8409           -17.0365
-7.8281           -17.0875
-7.8154           -17.1384
-7.8026           -17.1894
-7.7899           -17.2404
-7.7772           -17.2913
-7.7644           -17.3423
-7.7517           -17.3933
-7.7389           -17.4443
-7.7262           -17.4952
-7.7135           -17.5462
-7.7007           -17.5972
-7.688           -17.6481
-7.6752           -17.6991
-7.6625           -17.7501
-7.6497           -17.801
-7.637           -17.852
-7.6243           -17.903
-7.6115           -17.954
-7.5988           -18.0049
-7.586           -18.0559
-7.5733           -18.1069
-7.5605           -18.1578
-7.5478           -18.2088
-7.5351           -18.2598
-7.5223           -18.3107
-7.5096           -18.3617
-7.4968           -18.4127
-7.4841           -18.4637
-7.4713           -18.5146
-7.4586           -18.5656
-7.4459           -18.6166
-7.4331           -18.6675
-7.4204           -18.7185
-7.4076           -18.7695
-7.3949           -18.8204
-7.3821           -18.8714
-7.3694           -18.9224
-7.3567           -18.9734
-7.3439           -19.0243
-7.3312           -19.0753
-7.3184           -19.1263
-7.3057           -19.1772
-7.2929           -19.2282
-7.2802           -19.2792
-7.2675           -19.3302
-7.2547           -19.3811
-7.242           -19.4321
-7.2292           -19.4831
-7.2165           -19.534
-7.2037           -19.585
-7.191           -19.636
-7.1783           -19.6869
-7.1655           -19.7379
-7.1528           -19.7889
-7.14           -19.8399
-7.1273           -19.8908
-7.1146           -19.9418
-7.1018           -19.9928
-7.0891           -20.0437
-7.0763           -20.0947
-7.0636           -20.1457
-7.0508           -20.1966
-7.0381           -20.2476
-7.0254           -20.2986
-7.0126           -20.3496
-6.9999           -20.4005
-6.9871           -20.4515
-6.9744           -20.5025
-6.9616           -20.5534
-6.9489           -20.6044
-6.9362           -20.6554
-6.9234           -20.7063
-6.9107           -20.7573
-6.8979           -20.8083
-6.8852           -20.8593
-6.8724           -20.9102
-6.8597           -20.9612
-6.847           -21.0122
-6.8342           -21.0631
-6.8215           -21.1141
-6.8087           -21.1651
-6.796           -21.216
-6.7832           -21.267
-6.7705           -21.318
-6.7578           -21.369
-6.745           -21.4199
-6.7323           -21.4709
-6.7195           -21.5219
-6.7068           -21.5728
-6.694           -21.6238
-6.6813           -21.6748
-6.6686           -21.7257
-6.6558           -21.7767
-6.6431           -21.8277
-6.6303           -21.8787
-6.6176           -21.9296
-6.6049           -21.9806
-6.5921           -22.0316
-6.5794           -22.0825
-6.5666           -22.1335
-6.5539           -22.1845
-6.5411           -22.2354
-6.5284           -22.2864
-6.5157           -22.3374
-6.5029           -22.3884
-6.4902           -22.4393
-6.4774           -22.4903
-6.4647           -22.5413
-6.4519           -22.5922
-6.4392           -22.6432
-6.4265           -22.6942
-6.4137           -22.7451
-6.401           -22.7961
-6.3882           -22.8471
-6.3755           -22.8981
-6.3627           -22.949
-13.0178           -1.4802
-12.9966           -1.4787
-12.9753           -1.4775
-12.9541           -1.4766
-12.9328           -1.4761
-12.9116           -1.4758
-12.8903           -1.4758
-12.8691           -1.4761
-12.8478           -1.4767
-12.8266           -1.4777
-12.8054           -1.4789
-12.7842           -1.4804
-12.763           -1.4822
-12.7418           -1.4843
-12.7207           -1.4868
-12.6996           -1.4895
-12.6786           -1.4925
-12.6576           -1.4958
-12.6367           -1.4994
-12.6158           -1.5034
-12.5949           -1.5076
-12.5742           -1.5121
-12.5535           -1.5169
-12.5328           -1.522
-12.5123           -1.5273
-12.4918           -1.533
-12.4714           -1.539
-12.451           -1.5452
-12.4308           -1.5518
-12.4107           -1.5586
-12.3907           -1.5657
-12.3707           -1.5731
-12.3509           -1.5807
-12.3312           -1.5887
-12.3116           -1.5969
-12.2921           -1.6054
-12.2728           -1.6142
-12.2535           -1.6233
-12.2344           -1.6326
-12.2155           -1.6422
-12.1966           -1.6521
-12.1779           -1.6622
-12.1594           -1.6726
-12.141           -1.6833
-12.1228           -1.6942
-12.1047           -1.7053
-12.0868           -1.7168
-12.069           -1.7285
-12.0514           -1.7404
-12.034           -1.7526
-12.0168           -1.765
-11.9997           -1.7777
-11.9828           -1.7906
-11.9661           -1.8037
-11.9496           -1.8171
-11.9333           -1.8307
-11.9171           -1.8446
-11.9012           -1.8586
-11.8855           -1.8729
-11.8699           -1.8874
-11.8546           -1.9022
-11.8395           -1.9171
-11.8246           -1.9323
-11.81           -1.9477
-11.7955           -1.9633
-11.7813           -1.979
-11.7672           -1.995
-11.7535           -2.0112
-11.7399           -2.0276
-11.7266           -2.0442
-11.7135           -2.0609
-11.7007           -2.0778
-11.6881           -2.095
-11.6757           -2.1122
-11.6636           -2.1297
-11.6517           -2.1474
-11.6401           -2.1652
-11.6288           -2.1831
-11.6176           -2.2012
-11.6068           -2.2195
-11.5962           -2.238
-11.5859           -2.2565
-11.5758           -2.2753
-11.566           -2.2941
-11.5565           -2.3131
-11.5473           -2.3323
-11.5383           -2.3515
-11.5296           -2.3709
-11.5211           -2.3904
-11.513           -2.4101
-11.5051           -2.4298
-11.4975           -2.4497
-11.4902           -2.4696
-11.4832           -2.4897
-11.4764           -2.5098
-11.47           -2.5301
-11.4638           -2.5504
-11.4579           -2.5709
-11.4523           -2.5914
-37.2322           -22.9286
-37.2143           -22.8573
-37.1965           -22.7859
-37.1786           -22.7146
-37.1608           -22.6432
-37.143           -22.5719
-37.1251           -22.5005
-37.1073           -22.4292
-37.0895           -22.3578
-37.0716           -22.2865
-37.0538           -22.2151
-37.0359           -22.1438
-37.0181           -22.0724
-37.0003           -22.0011
-36.9824           -21.9297
-36.9646           -21.8584
-36.9468           -21.787
-36.9289           -21.7157
-36.9111           -21.6443
-36.8932           -21.5729
-36.8754           -21.5016
-36.8576           -21.4302
-36.8397           -21.3589
-36.8219           -21.2875
-36.804           -21.2162
-36.7862           -21.1448
-36.7684           -21.0735
-36.7505           -21.0021
-36.7327           -20.9308
-36.7149           -20.8594
-36.697           -20.7881
-36.6792           -20.7167
-36.6613           -20.6454
-36.6435           -20.574
-36.6257           -20.5027
-36.6078           -20.4313
-36.59           -20.36
-36.5722           -20.2886
-36.5543           -20.2172
-36.5365           -20.1459
-36.5186           -20.0745
-36.5008           -20.0032
-36.483           -19.9318
-36.4651           -19.8605
-36.4473           -19.7891
-36.4294           -19.7178
-36.4116           -19.6464
-36.3938           -19.5751
-36.3759           -19.5037
-36.3581           -19.4324
-36.3403           -19.361
-36.3224           -19.2897
-36.3046           -19.2183
-36.2867           -19.147
-36.2689           -19.0756
-36.2511           -19.0043
-36.2332           -18.9329
-36.2154           -18.8616
-36.1975           -18.7902
-36.1797           -18.7188
-36.1619           -18.6475
-36.144           -18.5761
-36.1262           -18.5048
-36.1084           -18.4334
-36.0905           -18.3621
-36.0727           -18.2907
-36.0548           -18.2194
-36.037           -18.148
-36.0192           -18.0767
-36.0013           -18.0053
-35.9835           -17.934
-35.9657           -17.8626
-35.9478           -17.7913
-35.93           -17.7199
-35.9121           -17.6486
-35.8943           -17.5772
-35.8765           -17.5059
-35.8586           -17.4345
-35.8408           -17.3631
-35.8229           -17.2918
-35.8051           -17.2204
-35.7873           -17.1491
-35.7694           -17.0777
-35.7516           -17.0064
-35.7338           -16.935
-35.7159           -16.8637
-35.6981           -16.7923
-35.6802           -16.721
-35.6624           -16.6496
-35.6446           -16.5783
-35.6267           -16.5069
-35.6089           -16.4356
-35.5911           -16.3642
-35.5732           -16.2929
-35.5554           -16.2215
-35.5375           -16.1502
-35.5197           -16.0788
-35.5019           -16.0074
-35.484           -15.9361
-35.4662           -15.8647
-35.4483           -15.7934
-35.4305           -15.722
-35.4127           -15.6507
-35.3948           -15.5793
-35.377           -15.508
-35.3592           -15.4366
-35.3413           -15.3653
-35.3235           -15.2939
-35.3056           -15.2226
-35.2878           -15.1512
-35.27           -15.0799
-35.2521           -15.0085
-35.2343           -14.9372
-35.2165           -14.8658
-35.1986           -14.7945
-35.1808           -14.7231
-35.1629           -14.6517
-35.1451           -14.5804
-35.1273           -14.509
-35.1094           -14.4377
-35.0916           -14.3663
-35.0737           -14.295
-35.0559           -14.2236
-35.0381           -14.1523
-35.0202           -14.0809
-35.0024           -14.0096
-34.9846           -13.9382
-34.9667           -13.8669
-34.9489           -13.7955
-34.931           -13.7242
-34.9132           -13.6528
-34.8954           -13.5815
-34.8775           -13.5101
-34.8597           -13.4388
-34.8419           -13.3674
-34.824           -13.2961
-34.8062           -13.2247
-34.7883           -13.1533
-34.7705           -13.082
-34.7526           -13.0106
-34.7345           -12.9394
-34.7159           -12.8682
-34.6969           -12.7972
-34.6775           -12.7262
-34.6578           -12.6554
-34.6376           -12.5846
-34.617           -12.514
-34.596           -12.4435
-34.5746           -12.3732
-34.5529           -12.3029
-34.5307           -12.2328
-34.5081           -12.1628
-34.4852           -12.0929
-34.4618           -12.0232
-34.438           -11.9536
-34.4139           -11.8841
-34.3894           -11.8148
-34.3644           -11.7456
-34.3391           -11.6765
-34.3134           -11.6076
-34.2873           -11.5388
-34.2608           -11.4702
-34.2339           -11.4018
-34.2067           -11.3335
-34.179           -11.2653
-34.151           -11.1973
-34.1225           -11.1295
-34.0937           -11.0618
-34.0646           -10.9943
-34.035           -10.927
-34.005           -10.8598
-33.9747           -10.7928
-33.944           -10.7259
-33.9129           -10.6593
-33.8815           -10.5928
-33.8496           -10.5265
-33.8174           -10.4604
-33.7848           -10.3945
-33.7519           -10.3287
-33.7185           -10.2631
-33.6848           -10.1978
-33.6508           -10.1326
-33.6163           -10.0676
-33.5815           -10.0028
-33.5464           -9.9382
-33.5108           -9.8738
-33.4749           -9.8096
-33.4387           -9.7456
-33.402           -9.6819
-33.3651           -9.6183
-33.3277           -9.5549
-33.29           -9.4918
-33.252           -9.4288
-33.2135           -9.3661
-33.1748           -9.3036
-33.1357           -9.2413
-33.0962           -9.1793
-33.0564           -9.1174
-33.0162           -9.0558
-32.9757           -8.9944
-32.9348           -8.9333
-32.8936           -8.8724
-32.852           -8.8117
-32.8102           -8.7512
-32.7679           -8.691
-32.7253           -8.6311
-32.6824           -8.5713
-32.6392           -8.5118
-32.5956           -8.4526
-32.5516           -8.3936
-32.5074           -8.3349
-32.4628           -8.2764
-32.4179           -8.2181
-32.3726           -8.1602
-32.3271           -8.1024
-32.2812           -8.045
-32.2349           -7.9878
-32.1884           -7.9308
-32.1415           -7.8741
-32.0943           -7.8177
-32.0468           -7.7616
-31.999           -7.7057
-31.9509           -7.6501
-31.9024           -7.5948
-31.8536           -7.5397
-31.8046           -7.4849
-31.7552           -7.4304
-31.7055           -7.3762
-31.6555           -7.3223
-31.6052           -7.2686
-31.5546           -7.2152
-31.5037           -7.1622
-31.4524           -7.1094
-31.4009           -7.0569
-31.3491           -7.0047
-31.297           -6.9527
-31.2447           -6.9011
-31.192           -6.8498
-31.139           -6.7988
-31.0857           -6.748
-31.0322           -6.6976
-30.9784           -6.6475
-30.9243           -6.5977
-30.8699           -6.5482
-30.8152           -6.499
-30.7602           -6.4501
-30.705           -6.4015
-30.6495           -6.3533
-30.5938           -6.3053
-30.5377           -6.2577
-30.4814           -6.2104
-30.4248           -6.1634
-30.368           -6.1167
-30.3109           -6.0703
-30.2535           -6.0243
-30.1959           -5.9786
-30.138           -5.9332
-30.0799           -5.8882
-30.0215           -5.8435
-29.9628           -5.7991
-29.9039           -5.755
-29.8448           -5.7113
-29.7854           -5.6679
-29.7258           -5.6249
-29.6659           -5.5822
-29.6058           -5.5398
-29.5454           -5.4978
-29.4848           -5.4561
-29.424           -5.4147
-29.3629           -5.3737
-29.3016           -5.3331
-29.2401           -5.2928
-29.1784           -5.2528
-29.1164           -5.2132
-29.0542           -5.174
-28.9918           -5.1351
-28.9292           -5.0965
-28.8663           -5.0583
-28.8032           -5.0205
-28.74           -4.983
-28.6765           -4.9459
-28.6128           -4.9091
-28.5489           -4.8727
-28.4847           -4.8367
-28.4204           -4.801
-28.3559           -4.7657
-28.2912           -4.7307
-28.2263           -4.6961
-28.1612           -4.6619
-28.0959           -4.6281
-28.0304           -4.5946
-27.9647           -4.5615
-27.8988           -4.5288
-27.8328           -4.4964
-27.7666           -4.4644
-27.7001           -4.4328
-27.6336           -4.4016
-27.5668           -4.3708
-27.4999           -4.3403
-27.4328           -4.3102
-27.3655           -4.2805
-27.298           -4.2511
-27.2304           -4.2222
-27.1626           -4.1936
-27.0947           -4.1654
-27.0266           -4.1376
-26.9584           -4.1102
-26.89           -4.0832
-26.8214           -4.0565
-26.7527           -4.0303
-26.6839           -4.0044
-26.6149           -3.9789
-26.5457           -3.9539
-26.4765           -3.9292
-26.407           -3.9049
-26.3375           -3.881
-26.2678           -3.8574
-26.198           -3.8343
-26.128           -3.8116
-26.0579           -3.7893
-25.9877           -3.7673
-25.9174           -3.7458
-25.847           -3.7247
-25.7764           -3.7039
-25.7057           -3.6836
-25.6349           -3.6637
-25.564           -3.6441
-25.493           -3.625
-25.4219           -3.6063
-25.3507           -3.5879
-25.2793           -3.5699
-25.208           -3.552
-25.1367           -3.5342
-25.0653           -3.5164
-24.9939           -3.4986
-24.9225           -3.481
-24.8511           -3.4634
-24.7797           -3.4458
-24.7082           -3.4284
-24.6368           -3.411
-24.5653           -3.3937
-24.4938           -3.3764
-24.4223           -3.3592
-24.3508           -3.342
-24.2792           -3.325
-24.2077           -3.308
-24.1361           -3.291
-24.0645           -3.2742
-23.9929           -3.2574
-23.9213           -3.2406
-23.8497           -3.2239
-23.778           -3.2073
-23.7063           -3.1908
-23.6347           -3.1743
-23.563           -3.1579
-23.4913           -3.1416
-23.4195           -3.1253
-23.3478           -3.1091
-23.276           -3.0929
-23.2043           -3.0768
-23.1325           -3.0608
-23.0607           -3.0449
-22.9889           -3.029
-22.9171           -3.0132
-22.8452           -2.9974
-22.7734           -2.9817
-22.7015           -2.9661
-22.6296           -2.9506
-22.5577           -2.9351
-22.4858           -2.9196
-22.4139           -2.9043
-22.3419           -2.889
-22.27           -2.8738
-22.198           -2.8586
-22.126           -2.8435
-22.054           -2.8285
-21.982           -2.8135
-21.91           -2.7987
-21.8379           -2.7838
-21.7659           -2.7691
-21.6938           -2.7544
-21.6217           -2.7398
-21.5496           -2.7252
-21.4775           -2.7107
-21.4054           -2.6963
-21.3333           -2.6819
-21.2611           -2.6676
-21.189           -2.6534
-21.1168           -2.6392
-21.0446           -2.6251
-20.9724           -2.6111
-20.9002           -2.5971
-20.828           -2.5832
-20.7558           -2.5694
-20.6835           -2.5556
-20.6112           -2.5419
-20.539           -2.5283
-20.4667           -2.5147
-20.3944           -2.5012
-20.3221           -2.4878
-20.2498           -2.4744
-20.1774           -2.4611
-20.1051           -2.4479
-20.0327           -2.4347
-19.9603           -2.4216
-19.8879           -2.4086
-19.8156           -2.3956
-19.7431           -2.3827
-19.6707           -2.3699
-19.5983           -2.3571
-19.5258           -2.3444
-19.4534           -2.3318
-19.3809           -2.3192
-19.3084           -2.3067
-19.236           -2.2943
-19.1635           -2.2819
-19.0909           -2.2696
-19.0184           -2.2574
-18.9459           -2.2452
-18.8733           -2.2331
-18.8008           -2.2211
-18.7282           -2.2091
-18.6556           -2.1972
-18.583           -2.1854
-18.5104           -2.1736
-18.4378           -2.1619
-18.3652           -2.1503
-18.2926           -2.1387
-18.2199           -2.1272
-18.1473           -2.1158
-18.0746           -2.1044
-18.0019           -2.0931
-17.9292           -2.0819
-17.8566           -2.0707
-17.7838           -2.0596
-17.7111           -2.0486
-17.6384           -2.0376
-17.5657           -2.0268
-17.4929           -2.0159
-17.4202           -2.0052
-17.3474           -1.9945
-17.2746           -1.9838
-17.2018           -1.9733
-17.129           -1.9628
-17.0562           -1.9523
-16.9834           -1.942
-16.9106           -1.9317
-16.8378           -1.9214
-16.7649           -1.9113
-16.6921           -1.9012
-16.6192           -1.8912
-16.5463           -1.8812
-16.4735           -1.8713
-16.4006           -1.8615
-16.3277           -1.8517
-16.2548           -1.842
-16.1818           -1.8324
-16.1089           -1.8228
-16.036           -1.8133
-15.963           -1.8039
-15.8901           -1.7946
-15.8171           -1.7853
-15.7442           -1.7761
-15.6712           -1.7669
-15.5982           -1.7578
-15.5252           -1.7488
-15.4522           -1.7398
-15.3792           -1.7309
-15.3062           -1.7221
-15.2332           -1.7134
-15.1601           -1.7047
-15.0871           -1.6961
-15.014           -1.6875
-14.941           -1.679
-14.8679           -1.6706
-14.7948           -1.6622
-14.7218           -1.654
-14.6487           -1.6457
-14.5756           -1.6376
-14.5025           -1.6295
-14.4294           -1.6215
-14.3562           -1.6136
-14.2831           -1.6057
-14.21           -1.5979
-14.1368           -1.5901
-14.0637           -1.5824
-13.9905           -1.5748
-13.9174           -1.5673
-13.8442           -1.5598
-13.771           -1.5524
-13.6979           -1.545
-13.6247           -1.5378
-13.5515           -1.5306
-13.4783           -1.5234
-13.4051           -1.5164
-13.3319           -1.5093
-13.2586           -1.5024
-13.1854           -1.4955
-13.1122           -1.4887
