 -0.03637580   0.02300000
 -0.03636300   0.02297870
 -0.03635950   0.02295740
 -0.03635590   0.02293620
 -0.03635230   0.02291490
 -0.03634870   0.02289360
 -0.03634500   0.02287240
 -0.03634130   0.02285110
 -0.03633760   0.02282990
 -0.03633380   0.02280860
 -0.03633000   0.02278740
 -0.03632610   0.02276620
 -0.03632220   0.02274500
 -0.03631830   0.02272380
 -0.03631440   0.02270260
 -0.03631040   0.02268140
 -0.03630640   0.02266020
 -0.03630230   0.02263900
 -0.03629820   0.02261780
 -0.03629410   0.02259660
 -0.03628990   0.02257550
 -0.03628570   0.02255430
 -0.03628150   0.02253320
 -0.03627720   0.02251200
 -0.03627290   0.02249090
 -0.03626860   0.02246980
 -0.03626420   0.02244860
 -0.03625980   0.02242750
 -0.03625530   0.02240640
 -0.03625080   0.02238530
 -0.03624630   0.02236420
 -0.03624180   0.02234310
 -0.03623720   0.02232210
 -0.03623260   0.02230100
 -0.03622790   0.02227990
 -0.03622320   0.02225890
 -0.03621850   0.02223780
 -0.03621370   0.02221680
 -0.03620890   0.02219580
 -0.03620410   0.02217470
 -0.03619920   0.02215370
 -0.03619430   0.02213270
 -0.03618940   0.02211170
 -0.03618440   0.02209070
 -0.03617940   0.02206970
 -0.03617440   0.02204880
 -0.03616930   0.02202780
 -0.03616420   0.02200680
 -0.03615910   0.02198590
 -0.03615390   0.02196500
 -0.03614870   0.02194400
 -0.03614340   0.02192310
 -0.03613810   0.02190220
 -0.03613280   0.02188130
 -0.03612750   0.02186040
 -0.03612210   0.02183950
 -0.03611670   0.02181860
 -0.03611120   0.02179780
 -0.03610570   0.02177690
 -0.03610020   0.02175600
 -0.03609460   0.02173520
 -0.03608900   0.02171440
 -0.03608340   0.02169350
 -0.03607770   0.02167270
 -0.03607210   0.02165190
 -0.03606630   0.02163110
 -0.03606060   0.02161040
 -0.03605480   0.02158960
 -0.03604890   0.02156880
 -0.03604300   0.02154810
 -0.03603710   0.02152730
 -0.03603120   0.02150660
 -0.03602520   0.02148580
 -0.03601920   0.02146510
 -0.03601320   0.02144440
 -0.03600710   0.02142370
 -0.03600100   0.02140300
 -0.03599480   0.02138240
 -0.03598870   0.02136170
 -0.03598250   0.02134100
 -0.03597620   0.02132040
 -0.03596990   0.02129980
 -0.03596360   0.02127910
 -0.03595730   0.02125850
 -0.03595090   0.02123790
 -0.03594440   0.02121730
 -0.03593800   0.02119670
 -0.03593150   0.02117620
 -0.03592500   0.02115560
 -0.03591840   0.02113510
 -0.03591180   0.02111450
 -0.03590520   0.02109400
 -0.03589860   0.02107350
 -0.03589190   0.02105300
 -0.03588510   0.02103250
 -0.03587840   0.02101200
 -0.03587160   0.02099150
 -0.03586480   0.02097110
 -0.03585790   0.02095060
 -0.03585100   0.02093020
 -0.03584410   0.02090970
 -0.03583710   0.02088930
 -0.03583010   0.02086890
 -0.03582310   0.02084850
 -0.03581600   0.02082810
 -0.03580890   0.02080780
 -0.03580180   0.02078740
 -0.03579460   0.02076710
 -0.03578740   0.02074670
 -0.03578020   0.02072640
 -0.03577290   0.02070610
 -0.03576560   0.02068580
 -0.03575830   0.02066550
 -0.03575090   0.02064530
 -0.03574350   0.02062500
 -0.03573610   0.02060470
 -0.03572860   0.02058450
 -0.03572110   0.02056430
 -0.03571360   0.02054410
 -0.03570600   0.02052390
 -0.03569840   0.02050370
 -0.03569070   0.02048350
 -0.03568310   0.02046340
 -0.03567540   0.02044320
 -0.03566760   0.02042310
 -0.03565990   0.02040300
 -0.03565210   0.02038280
 -0.03564420   0.02036280
 -0.03563640   0.02034270
 -0.03562840   0.02032260
 -0.03562050   0.02030250
 -0.03561250   0.02028250
 -0.03560450   0.02026250
 -0.03559650   0.02024250
 -0.03558840   0.02022240
 -0.03558030   0.02020250
 -0.03557220   0.02018250
 -0.03556400   0.02016250
 -0.03555580   0.02014260
 -0.03554760   0.02012260
 -0.03553930   0.02010270
 -0.03553100   0.02008280
 -0.03552270   0.02006290
 -0.03551430   0.02004300
 -0.03550590   0.02002320
 -0.03549750   0.02000330
 -0.03548900   0.01998350
 -0.03548050   0.01996360
 -0.03547200   0.01994380
 -0.03546340   0.01992400
 -0.03545480   0.01990420
 -0.03544620   0.01988450
 -0.03543750   0.01986470
 -0.03542880   0.01984500
 -0.03542010   0.01982530
 -0.03541130   0.01980560
 -0.03540250   0.01978590
 -0.03539370   0.01976620
 -0.03538480   0.01974650
 -0.03537590   0.01972690
 -0.03536700   0.01970720
 -0.03535810   0.01968760
 -0.03534910   0.01966800
 -0.03534000   0.01964840
 -0.03533100   0.01962880
 -0.03532190   0.01960930
 -0.03531280   0.01958970
 -0.03530360   0.01957020
 -0.03529440   0.01955070
 -0.03528520   0.01953120
 -0.03527600   0.01951170
 -0.03526670   0.01949220
 -0.03525740   0.01947270
 -0.03524800   0.01945330
 -0.03523860   0.01943390
 -0.03522920   0.01941450
 -0.03521980   0.01939510
 -0.03521030   0.01937570
 -0.03520080   0.01935630
 -0.03519130   0.01933700
 -0.03518170   0.01931770
 -0.03517210   0.01929840
 -0.03516250   0.01927910
 -0.03515280   0.01925980
 -0.03514310   0.01924050
 -0.03513340   0.01922130
 -0.03512360   0.01920200
 -0.03511380   0.01918280
 -0.03510400   0.01916360
 -0.03509410   0.01914440
 -0.03508420   0.01912520
 -0.03507430   0.01910610
 -0.03506430   0.01908700
 -0.03505430   0.01906780
 -0.03504430   0.01904870
 -0.03503430   0.01902970
 -0.03502420   0.01901060
 -0.03501410   0.01899150
 -0.03500390   0.01897250
 -0.03499380   0.01895350
 -0.03498360   0.01893450
 -0.03497330   0.01891550
 -0.03496300   0.01889650
 -0.03495270   0.01887760
 -0.03494240   0.01885860
 -0.03493200   0.01883970
 -0.03492160   0.01882080
 -0.03491120   0.01880190
 -0.03490080   0.01878310
 -0.03489030   0.01876420
 -0.03487970   0.01874540
 -0.03486920   0.01872660
 -0.03485860   0.01870780
 -0.03484800   0.01868900
 -0.03483730   0.01867030
 -0.03482670   0.01865150
 -0.03481600   0.01863280
 -0.03480520   0.01861410
 -0.03479440   0.01859540
 -0.03478360   0.01857670
 -0.03477280   0.01855810
 -0.03476190   0.01853940
 -0.03475100   0.01852080
 -0.03474010   0.01850220
 -0.03472920   0.01848360
 -0.03471820   0.01846510
 -0.03470720   0.01844650
 -0.03469610   0.01842800
 -0.03468500   0.01840950
 -0.03467390   0.01839100
 -0.03466280   0.01837250
 -0.03465160   0.01835410
 -0.03464040   0.01833570
 -0.03462920   0.01831720
 -0.03461790   0.01829880
 -0.03460660   0.01828050
 -0.03459530   0.01826210
 -0.03458390   0.01824380
 -0.03457250   0.01822550
 -0.03456110   0.01820710
 -0.03454970   0.01818890
 -0.03453820   0.01817060
 -0.03452670   0.01815240
 -0.03451520   0.01813410
 -0.03450360   0.01811590
 -0.03449200   0.01809770
 -0.03448040   0.01807960
 -0.03446870   0.01806140
 -0.03445700   0.01804330
 -0.03444530   0.01802520
 -0.03443360   0.01800710
 -0.03442180   0.01798900
 -0.03441000   0.01797100
 -0.03439810   0.01795290
 -0.03438630   0.01793490
 -0.03437440   0.01791690
 -0.03436240   0.01789900
 -0.03435050   0.01788100
 -0.03433850   0.01786310
 -0.03432650   0.01784520
 -0.03431440   0.01782730
 -0.03430240   0.01780940
 -0.03429030   0.01779150
 -0.03427810   0.01777370
 -0.03426600   0.01775590
 -0.03425380   0.01773810
 -0.03424150   0.01772030
 -0.03422930   0.01770260
 -0.03421700   0.01768480
 -0.03420470   0.01766710
 -0.03419230   0.01764940
 -0.03418000   0.01763180
 -0.03416760   0.01761410
 -0.03415510   0.01759650
 -0.03414270   0.01757890
 -0.03413020   0.01756130
 -0.03411770   0.01754370
 -0.03410510   0.01752620
 -0.03409260   0.01750870
 -0.03408000   0.01749120
 -0.03406730   0.01747370
 -0.03405470   0.01745620
 -0.03404200   0.01743880
 -0.03402920   0.01742130
 -0.03401650   0.01740390
 -0.03400370   0.01738660
 -0.03399090   0.01736920
 -0.03397810   0.01735190
 -0.03396520   0.01733460
 -0.03395230   0.01731730
 -0.03393940   0.01730000
 -0.03392640   0.01728270
 -0.03391350   0.01726550
 -0.03390050   0.01724830
 -0.03388740   0.01723110
 -0.03387440   0.01721400
 -0.03386130   0.01719680
 -0.03384810   0.01717970
 -0.03383500   0.01716260
 -0.03382180   0.01714550
 -0.03380860   0.01712850
 -0.03379540   0.01711140
 -0.03378210   0.01709440
 -0.03376880   0.01707740
 -0.03375550   0.01706050
 -0.03374220   0.01704350
 -0.03372880   0.01702660
 -0.03371540   0.01700970
 -0.03370190   0.01699280
 -0.03368850   0.01697600
 -0.03367500   0.01695910
 -0.03366150   0.01694230
 -0.03364790   0.01692550
 -0.03363440   0.01690880
 -0.03362080   0.01689200
 -0.03360710   0.01687530
 -0.03359350   0.01685860
 -0.03357980   0.01684190
 -0.03356610   0.01682530
 -0.03355240   0.01680870
 -0.03353860   0.01679200
 -0.03352480   0.01677550
 -0.03351100   0.01675890
 -0.03349710   0.01674240
 -0.03348330   0.01672580
 -0.03346940   0.01670940
 -0.03345540   0.01669290
 -0.03344150   0.01667640
 -0.03342750   0.01666000
 -0.03341350   0.01664360
 -0.03339940   0.01662720
 -0.03338540   0.01661090
 -0.03337130   0.01659460
 -0.03335710   0.01657820
 -0.03334300   0.01656200
 -0.03332880   0.01654570
 -0.03331460   0.01652950
 -0.03330040   0.01651330
 -0.03328610   0.01649710
 -0.03327190   0.01648090
 -0.03325760   0.01646480
 -0.03324320   0.01644860
 -0.03322890   0.01643250
 -0.03321450   0.01641650
 -0.03320010   0.01640040
 -0.03318560   0.01638440
 -0.03317110   0.01636840
 -0.03315660   0.01635240
 -0.03314210   0.01633650
 -0.03312760   0.01632060
 -0.03311300   0.01630470
 -0.03309840   0.01628880
 -0.03308380   0.01627290
 -0.03306910   0.01625710
 -0.03305440   0.01624130
 -0.03303970   0.01622550
 -0.03302500   0.01620980
 -0.03301020   0.01619400
 -0.03299550   0.01617830
 -0.03298060   0.01616260
 -0.03296580   0.01614700
 -0.03295100   0.01613130
 -0.03293610   0.01611570
 -0.03292110   0.01610020
 -0.03290620   0.01608460
 -0.03289120   0.01606910
 -0.03287630   0.01605360
 -0.03286120   0.01603810
 -0.03284620   0.01602260
 -0.03283110   0.01600720
 -0.03281600   0.01599180
 -0.03280090   0.01597640
 -0.03278580   0.01596100
 -0.03277060   0.01594570
 -0.03275540   0.01593040
 -0.03274020   0.01591510
 -0.03272490   0.01589980
 -0.03270970   0.01588460
 -0.03269440   0.01586940
 -0.03267900   0.01585420
 -0.03266370   0.01583910
 -0.03264830   0.01582390
 -0.03263290   0.01580880
 -0.03261750   0.01579370
 -0.03260200   0.01577870
 -0.03258660   0.01576370
 -0.03257110   0.01574870
 -0.03255560   0.01573370
 -0.03254000   0.01571870
 -0.03252440   0.01570380
 -0.03250880   0.01568890
 -0.03249320   0.01567400
 -0.03247760   0.01565920
 -0.03246190   0.01564440
 -0.03244620   0.01562960
 -0.03243050   0.01561480
 -0.03241470   0.01560000
 -0.03239900   0.01558530
 -0.03238320   0.01557060
 -0.03236740   0.01555600
 -0.03235150   0.01554130
 -0.03233560   0.01552670
 -0.03231980   0.01551210
 -0.03230380   0.01549760
 -0.03228790   0.01548300
 -0.03227190   0.01546850
 -0.03225600   0.01545400
 -0.03223990   0.01543960
 -0.03222390   0.01542520
 -0.03220780   0.01541080
 -0.03219180   0.01539640
 -0.03217570   0.01538200
 -0.03215950   0.01536770
 -0.03214340   0.01535340
 -0.03212720   0.01533920
 -0.03211100   0.01532490
 -0.03209480   0.01531070
 -0.03207850   0.01529650
 -0.03206220   0.01528240
 -0.03204600   0.01526820
 -0.03202960   0.01525410
 -0.03201330   0.01524000
 -0.03199690   0.01522600
 -0.03198050   0.01521200
 -0.03196410   0.01519800
 -0.03194770   0.01518400
 -0.03193120   0.01517010
 -0.03191470   0.01515610
 -0.03189820   0.01514230
 -0.03188170   0.01512840
 -0.03186520   0.01511460
 -0.03184860   0.01510080
 -0.03183200   0.01508700
 -0.03181540   0.01507320
 -0.03179870   0.01505950
 -0.03178210   0.01504580
 -0.03176540   0.01503210
 -0.03174870   0.01501850
 -0.03173190   0.01500490
 -0.03171520   0.01499130
 -0.03169840   0.01497780
 -0.03168160   0.01496420
 -0.03166480   0.01495070
 -0.03164790   0.01493720
 -0.03163110   0.01492380
 -0.03161420   0.01491040
 -0.03159730   0.01489700
 -0.03158030   0.01488360
 -0.03156340   0.01487030
 -0.03154640   0.01485700
 -0.03152940   0.01484370
 -0.03151240   0.01483050
 -0.03149530   0.01481730
 -0.03147830   0.01480410
 -0.03146120   0.01479090
 -0.03144410   0.01477780
 -0.03142690   0.01476470
 -0.03140980   0.01475160
 -0.03139260   0.01473850
 -0.03137540   0.01472550
 -0.03135820   0.01471250
 -0.03134090   0.01469960
 -0.03132370   0.01468660
 -0.03130640   0.01467370
 -0.03128910   0.01466080
 -0.03127180   0.01464800
 -0.03125440   0.01463520
 -0.03123710   0.01462240
 -0.03121970   0.01460960
 -0.03120230   0.01459690
 -0.03118480   0.01458420
 -0.03116740   0.01457150
 -0.03114990   0.01455890
 -0.03113240   0.01454620
 -0.03111490   0.01453360
 -0.03109730   0.01452110
 -0.03103760   0.01447940
 -0.03097680   0.01443930
 -0.03091510   0.01440060
 -0.03085250   0.01436340
 -0.03078900   0.01432780
 -0.03072460   0.01429370
 -0.03065940   0.01426110
 -0.03059350   0.01423020
 -0.03052680   0.01420090
 -0.03045940   0.01417320
 -0.03039140   0.01414710
 -0.03032280   0.01412270
 -0.03025360   0.01410000
 -0.03018380   0.01407900
 -0.03011360   0.01405970
 -0.03004290   0.01404200
 -0.02997180   0.01402610
 -0.02990040   0.01401200
 -0.02982860   0.01399950
 -0.02975660   0.01398890
 -0.02968430   0.01397990
 -0.02961180   0.01397280
 -0.02953920   0.01396730
 -0.02946640   0.01396370
 -0.02939360   0.01396180
 -0.02932080   0.01396170
 -0.02924790   0.01396340
 -0.02917520   0.01396680
 -0.02910250   0.01397200
 -0.02903000   0.01397890
 -0.02895770   0.01398760
 -0.02888560   0.01399810
 -0.02881380   0.01401030
 -0.02874230   0.01402430
 -0.02867120   0.01403990
 -0.02860050   0.01405730
 -0.02853020   0.01407650
 -0.02846040   0.01409730
 -0.02839110   0.01411980
 -0.02832240   0.01414400
 -0.02825430   0.01416980
 -0.02818680   0.01419730
 -0.02812010   0.01422640
 -0.02805400   0.01425710
 -0.02798880   0.01428950
 -0.02792430   0.01432340
 -0.02786070   0.01435880
 -0.02779790   0.01439580
 -0.02773610   0.01443430
 -0.02767520   0.01447430
 -0.02765700   0.01448660
 -0.02763880   0.01449890
 -0.02762060   0.01451130
 -0.02760240   0.01452370
 -0.02758430   0.01453610
 -0.02756620   0.01454860
 -0.02754810   0.01456110
 -0.02753000   0.01457360
 -0.02751200   0.01458620
 -0.02749400   0.01459880
 -0.02747600   0.01461140
 -0.02745800   0.01462400
 -0.02744000   0.01463670
 -0.02742210   0.01464940
 -0.02740410   0.01466210
 -0.02738620   0.01467490
 -0.02736840   0.01468770
 -0.02735050   0.01470050
 -0.02733270   0.01471340
 -0.02731490   0.01472630
 -0.02729710   0.01473920
 -0.02727930   0.01475210
 -0.02726160   0.01476510
 -0.02724380   0.01477810
 -0.02722610   0.01479110
 -0.02720840   0.01480420
 -0.02719080   0.01481730
 -0.02717310   0.01483040
 -0.02715550   0.01484360
 -0.02713790   0.01485680
 -0.02712040   0.01487000
 -0.02710280   0.01488320
 -0.02708530   0.01489650
 -0.02706780   0.01490980
 -0.02705030   0.01492320
 -0.02703290   0.01493650
 -0.02701540   0.01494990
 -0.02699800   0.01496330
 -0.02698060   0.01497680
 -0.02696330   0.01499030
 -0.02694590   0.01500380
 -0.02692860   0.01501730
 -0.02691130   0.01503090
 -0.02689400   0.01504450
 -0.02687680   0.01505810
 -0.02685950   0.01507180
 -0.02684230   0.01508550
 -0.02682510   0.01509920
 -0.02680800   0.01511290
 -0.02679080   0.01512670
 -0.02677370   0.01514050
 -0.02675660   0.01515430
 -0.02673960   0.01516820
 -0.02672250   0.01518210
 -0.02670550   0.01519600
 -0.02668850   0.01521000
 -0.02667150   0.01522390
 -0.02665460   0.01523790
 -0.02663770   0.01525200
 -0.02662080   0.01526600
 -0.02660390   0.01528010
 -0.02658700   0.01529420
 -0.02657020   0.01530840
 -0.02655340   0.01532260
 -0.02653660   0.01533680
 -0.02651990   0.01535100
 -0.02650310   0.01536530
 -0.02648640   0.01537960
 -0.02646970   0.01539390
 -0.02645310   0.01540820
 -0.02643640   0.01542260
 -0.02641980   0.01543700
 -0.02640320   0.01545140
 -0.02638670   0.01546590
 -0.02637010   0.01548040
 -0.02635360   0.01549490
 -0.02633710   0.01550940
 -0.02632070   0.01552400
 -0.02630420   0.01553860
 -0.02628780   0.01555320
 -0.02627140   0.01556790
 -0.02625510   0.01558250
 -0.02623870   0.01559730
 -0.02622240   0.01561200
 -0.02620610   0.01562680
 -0.02618980   0.01564150
 -0.02617360   0.01565640
 -0.02615740   0.01567120
 -0.02614120   0.01568610
 -0.02612500   0.01570100
 -0.02610890   0.01571590
 -0.02609280   0.01573090
 -0.02607670   0.01574590
 -0.02606060   0.01576090
 -0.02604460   0.01577590
 -0.02602860   0.01579100
 -0.02601260   0.01580610
 -0.02599660   0.01582120
 -0.02598070   0.01583630
 -0.02596480   0.01585150
 -0.02594890   0.01586670
 -0.02593300   0.01588190
 -0.02591720   0.01589720
 -0.02590140   0.01591240
 -0.02588560   0.01592780
 -0.02586980   0.01594310
 -0.02585410   0.01595840
 -0.02583840   0.01597380
 -0.02582270   0.01598920
 -0.02580710   0.01600470
 -0.02579140   0.01602010
 -0.02577580   0.01603560
 -0.02576030   0.01605120
 -0.02574470   0.01606670
 -0.02572920   0.01608230
 -0.02571370   0.01609790
 -0.02569820   0.01611350
 -0.02568280   0.01612910
 -0.02566740   0.01614480
 -0.02565200   0.01616050
 -0.02563660   0.01617620
 -0.02562130   0.01619200
 -0.02560600   0.01620780
 -0.02559070   0.01622360
 -0.02557540   0.01623940
 -0.02556020   0.01625530
 -0.02554500   0.01627120
 -0.02552980   0.01628710
 -0.02551470   0.01630300
 -0.02549960   0.01631900
 -0.02548450   0.01633490
 -0.02546940   0.01635100
 -0.02545440   0.01636700
 -0.02543930   0.01638310
 -0.02542440   0.01639910
 -0.02540940   0.01641530
 -0.02539450   0.01643140
 -0.02537960   0.01644760
 -0.02536470   0.01646370
 -0.02534980   0.01648000
 -0.02533500   0.01649620
 -0.02532020   0.01651250
 -0.02530540   0.01652870
 -0.02529070   0.01654510
 -0.02527600   0.01656140
 -0.02526130   0.01657780
 -0.02524670   0.01659410
 -0.02523200   0.01661060
 -0.02521740   0.01662700
 -0.02520290   0.01664350
 -0.02518830   0.01665990
 -0.02517380   0.01667650
 -0.02515930   0.01669300
 -0.02514480   0.01670950
 -0.02513040   0.01672610
 -0.02511600   0.01674270
 -0.02510160   0.01675940
 -0.02508730   0.01677600
 -0.02507300   0.01679270
 -0.02505870   0.01680940
 -0.02504440   0.01682610
 -0.02503020   0.01684290
 -0.02501590   0.01685970
 -0.02500180   0.01687650
 -0.02498760   0.01689330
 -0.02497350   0.01691020
 -0.02495940   0.01692700
 -0.02494530   0.01694390
 -0.02493130   0.01696090
 -0.02491730   0.01697780
 -0.02490330   0.01699480
 -0.02488940   0.01701180
 -0.02487540   0.01702880
 -0.02486150   0.01704580
 -0.02484770   0.01706290
 -0.02483380   0.01708000
 -0.02482000   0.01709710
 -0.02480630   0.01711420
 -0.02479250   0.01713140
 -0.02477880   0.01714850
 -0.02476510   0.01716570
 -0.02475140   0.01718300
 -0.02473780   0.01720020
 -0.02472420   0.01721750
 -0.02471060   0.01723480
 -0.02469710   0.01725210
 -0.02468360   0.01726940
 -0.02467010   0.01728680
 -0.02465660   0.01730420
 -0.02464320   0.01732160
 -0.02462980   0.01733900
 -0.02461640   0.01735650
 -0.02460310   0.01737400
 -0.02458980   0.01739150
 -0.02457650   0.01740900
 -0.02456330   0.01742650
 -0.02455000   0.01744410
 -0.02453680   0.01746170
 -0.02452370   0.01747930
 -0.02451060   0.01749690
 -0.02449740   0.01751460
 -0.02448440   0.01753230
 -0.02447130   0.01755000
 -0.02445830   0.01756770
 -0.02444530   0.01758540
 -0.02443240   0.01760320
 -0.02441950   0.01762100
 -0.02440660   0.01763880
 -0.02439370   0.01765660
 -0.02438090   0.01767450
 -0.02436810   0.01769240
 -0.02435530   0.01771030
 -0.02434260   0.01772820
 -0.02432990   0.01774610
 -0.02431720   0.01776410
 -0.02430450   0.01778210
 -0.02429190   0.01780010
 -0.02427930   0.01781810
 -0.02426680   0.01783610
 -0.02425420   0.01785420
 -0.02424170   0.01787230
 -0.02422930   0.01789040
 -0.02421680   0.01790850
 -0.02420440   0.01792670
 -0.02419210   0.01794490
 -0.02417970   0.01796310
 -0.02416740   0.01798130
 -0.02415510   0.01799950
 -0.02414290   0.01801780
 -0.02413070   0.01803600
 -0.02411850   0.01805430
 -0.02410630   0.01807270
 -0.02409420   0.01809100
 -0.02408210   0.01810940
 -0.02407000   0.01812770
 -0.02405800   0.01814610
 -0.02404600   0.01816460
 -0.02403400   0.01818300
 -0.02402210   0.01820150
 -0.02401020   0.01821990
 -0.02399830   0.01823840
 -0.02398640   0.01825700
 -0.02397460   0.01827550
 -0.02396280   0.01829410
 -0.02395110   0.01831260
 -0.02393940   0.01833120
 -0.02392770   0.01834990
 -0.02391600   0.01836850
 -0.02390440   0.01838720
 -0.02389280   0.01840580
 -0.02388120   0.01842450
 -0.02386970   0.01844330
 -0.02385820   0.01846200
 -0.02384670   0.01848080
 -0.02383530   0.01849950
 -0.02382390   0.01851830
 -0.02381250   0.01853710
 -0.02380120   0.01855600
 -0.02378990   0.01857480
 -0.02377860   0.01859370
 -0.02376740   0.01861260
 -0.02375610   0.01863150
 -0.02374500   0.01865040
 -0.02373380   0.01866940
 -0.02372270   0.01868840
 -0.02371160   0.01870740
 -0.02370060   0.01872640
 -0.02368950   0.01874540
 -0.02367850   0.01876440
 -0.02366760   0.01878350
 -0.02365670   0.01880260
 -0.02364580   0.01882170
 -0.02363490   0.01884080
 -0.02362410   0.01885990
 -0.02361330   0.01887910
 -0.02360250   0.01889820
 -0.02359180   0.01891740
 -0.02358110   0.01893660
 -0.02357040   0.01895590
 -0.02355980   0.01897510
 -0.02354920   0.01899440
 -0.02353860   0.01901360
 -0.02352810   0.01903290
 -0.02351760   0.01905230
 -0.02350710   0.01907160
 -0.02349670   0.01909090
 -0.02348630   0.01911030
 -0.02347590   0.01912970
 -0.02346560   0.01914910
 -0.02345530   0.01916850
 -0.02344500   0.01918800
 -0.02343480   0.01920740
 -0.02342460   0.01922690
 -0.02341440   0.01924640
 -0.02340420   0.01926590
 -0.02339410   0.01928540
 -0.02338410   0.01930500
 -0.02337400   0.01932450
 -0.02336400   0.01934410
 -0.02335400   0.01936370
 -0.02334410   0.01938330
 -0.02333420   0.01940290
 -0.02332430   0.01942260
 -0.02331450   0.01944220
 -0.02330470   0.01946190
 -0.02329490   0.01948160
 -0.02328510   0.01950130
 -0.02327540   0.01952100
 -0.02326580   0.01954080
 -0.02325610   0.01956050
 -0.02324650   0.01958030
 -0.02323690   0.01960010
 -0.02322740   0.01961990
 -0.02321790   0.01963970
 -0.02320840   0.01965960
 -0.02319900   0.01967940
 -0.02318950   0.01969930
 -0.02318020   0.01971920
 -0.02317080   0.01973910
 -0.02316150   0.01975900
 -0.02315220   0.01977890
 -0.02314300   0.01979890
 -0.02313380   0.01981880
 -0.02312460   0.01983880
 -0.02311550   0.01985880
 -0.02310640   0.01987880
 -0.02309730   0.01989890
 -0.02308830   0.01991890
 -0.02307930   0.01993900
 -0.02307030   0.01995900
 -0.02306140   0.01997910
 -0.02305250   0.01999920
 -0.02304360   0.02001930
 -0.02303480   0.02003950
 -0.02302600   0.02005960
 -0.02301720   0.02007980
 -0.02300850   0.02010000
 -0.02299980   0.02012020
 -0.02299110   0.02014040
 -0.02298250   0.02016060
 -0.02297390   0.02018080
 -0.02296530   0.02020110
 -0.02295680   0.02022130
 -0.02294830   0.02024160
 -0.02293990   0.02026190
 -0.02293140   0.02028220
 -0.02292300   0.02030250
 -0.02291470   0.02032290
 -0.02290640   0.02034320
 -0.02289810   0.02036360
 -0.02288980   0.02038400
 -0.02288160   0.02040440
 -0.02287340   0.02042480
 -0.02286530   0.02044520
 -0.02285720   0.02046560
 -0.02284910   0.02048610
 -0.02284110   0.02050650
 -0.02283310   0.02052700
 -0.02282510   0.02054750
 -0.02281710   0.02056800
 -0.02280920   0.02058850
 -0.02280140   0.02060900
 -0.02279350   0.02062960
 -0.02278570   0.02065010
 -0.02277800   0.02067070
 -0.02277020   0.02069130
 -0.02276250   0.02071190
 -0.02275490   0.02073250
 -0.02274720   0.02075310
 -0.02273970   0.02077380
 -0.02273210   0.02079440
 -0.02272460   0.02081510
 -0.02271710   0.02083570
 -0.02270960   0.02085640
 -0.02270220   0.02087710
 -0.02269480   0.02089780
 -0.02268750   0.02091850
 -0.02268020   0.02093930
 -0.02267290   0.02096000
 -0.02266570   0.02098080
 -0.02265850   0.02100160
 -0.02265130   0.02102230
 -0.02264410   0.02104310
 -0.02263700   0.02106390
 -0.02263000   0.02108480
 -0.02262290   0.02110560
 -0.02261600   0.02112640
 -0.02260900   0.02114730
 -0.02260210   0.02116820
 -0.02259520   0.02118900
 -0.02258830   0.02120990
 -0.02258150   0.02123080
 -0.02257470   0.02125170
 -0.02256800   0.02127270
 -0.02256130   0.02129360
 -0.02255460   0.02131450
 -0.02254790   0.02133550
 -0.02254130   0.02135650
 -0.02253480   0.02137750
 -0.02252820   0.02139840
 -0.02252170   0.02141950
 -0.02251530   0.02144050
 -0.02250880   0.02146150
 -0.02250240   0.02148250
 -0.02249610   0.02150360
 -0.02248980   0.02152460
 -0.02248350   0.02154570
 -0.02247720   0.02156680
 -0.02247100   0.02158790
 -0.02246480   0.02160900
 -0.02245870   0.02163010
 -0.02245260   0.02165120
 -0.02244650   0.02167230
 -0.02244050   0.02169350
 -0.02243450   0.02171460
 -0.02242850   0.02173580
 -0.02242260   0.02175690
 -0.02241670   0.02177810
 -0.02241080   0.02179930
 -0.02240500   0.02182050
 -0.02239920   0.02184170
 -0.02239350   0.02186300
 -0.02238770   0.02188420
 -0.02238210   0.02190540
 -0.02237640   0.02192670
 -0.02237080   0.02194790
 -0.02236520   0.02196920
 -0.02235970   0.02199050
 -0.02235420   0.02201180
 -0.02234880   0.02203310
 -0.02234330   0.02205440
 -0.02233790   0.02207570
 -0.02233260   0.02209700
 -0.02232730   0.02211830
 -0.02232200   0.02213970
 -0.02231670   0.02216100
 -0.02231150   0.02218240
 -0.02230640   0.02220380
 -0.02230120   0.02222510
 -0.02229610   0.02224650
 -0.02229100   0.02226790
 -0.02228600   0.02228930
 -0.02228100   0.02231070
 -0.02227610   0.02233210
 -0.02227110   0.02235360
 -0.02226630   0.02237500
 -0.02226140   0.02239650
 -0.02225660   0.02241790
 -0.02225180   0.02243940
 -0.02224710   0.02246080
 -0.02224240   0.02248230
 -0.02223770   0.02250380
 -0.02223310   0.02252530
 -0.02222850   0.02254680
 -0.02222390   0.02256830
 -0.02221940   0.02258980
 -0.02221490   0.02261130
 -0.02221050   0.02263290
 -0.02220610   0.02265440
 -0.02220170   0.02267600
 -0.02219740   0.02269750
 -0.02219310   0.02271910
 -0.02218880   0.02274060
 -0.02218460   0.02276220
 -0.02218040   0.02278380
 -0.02217620   0.02280540
 -0.02217210   0.02282700
 -0.02216800   0.02284860
 -0.02216400   0.02287020
 -0.02215990   0.02289180
 -0.02215600   0.02291340
 -0.02215200   0.02293510
 -0.02214810   0.02295670
 -0.02214430   0.02297830
 -0.02214040   0.02300000
