 -0.03621068   0.02300000
 -0.03620211   0.02291137
 -0.03619344   0.02282263
 -0.03618487   0.02273400
 -0.03617628   0.02264536
 -0.03616771   0.02255670
 -0.03615904   0.02246799
 -0.03615047   0.02237933
 -0.03614191   0.02229070
 -0.03613324   0.02220206
 -0.03612467   0.02211333
 -0.03611607   0.02202469
 -0.03610751   0.02193606
 -0.03609884   0.02184732
 -0.03609027   0.02175869
 -0.03608168   0.02167003
 -0.03607303   0.02158140
 -0.03606446   0.02149269
 -0.03605587   0.02140403
 -0.03604730   0.02131539
 -0.03603863   0.02122676
 -0.03603006   0.02113802
 -0.03602147   0.02104939
 -0.03601282   0.02096073
 -0.03600425   0.02087202
 -0.03599566   0.02078338
 -0.03598709   0.02069473
 -0.03597842   0.02060609
 -0.03596985   0.02051738
 -0.03596126   0.02042872
 -0.03595262   0.02034009
 -0.03594405   0.02025135
 -0.03593545   0.02016272
 -0.03592689   0.02007408
 -0.03591822   0.01998542
 -0.03590965   0.01989671
 -0.03590106   0.01980808
 -0.03589241   0.01971942
 -0.03588382   0.01963079
 -0.03587525   0.01954205
 -0.03586668   0.01945342
 -0.03585801   0.01936478
 -0.03584944   0.01927605
 -0.03584085   0.01918741
 -0.03583220   0.01909878
 -0.03582361   0.01901012
 -0.03581504   0.01892141
 -0.03580647   0.01883275
 -0.03579780   0.01874412
 -0.03578923   0.01865548
 -0.03578064   0.01856675
 -0.03577200   0.01847811
 -0.03576340   0.01838948
 -0.03575484   0.01830074
 -0.03574627   0.01821211
 -0.03573760   0.01812345
 -0.03572903   0.01803481
 -0.03572044   0.01794610
 -0.03571187   0.01785744
 -0.03570320   0.01776881
 -0.03569463   0.01768017
 -0.03568606   0.01759144
 -0.03567739   0.01750281
 -0.03566882   0.01741415
 -0.03566023   0.01732544
 -0.03565166   0.01723680
 -0.03564299   0.01714814
 -0.03563442   0.01705951
 -0.03562583   0.01697080
 -0.03561718   0.01688214
 -0.03560862   0.01679350
 -0.03560002   0.01670479
 -0.03559145   0.01661613
 -0.03558278   0.01652750
 -0.03557422   0.01643884
 -0.03556558   0.01635013
 -0.03555667   0.01626150
 -0.03554763   0.01617286
 -0.03553841   0.01608425
 -0.03552897   0.01599556
 -0.03551924   0.01590697
 -0.03550941   0.01581839
 -0.03549936   0.01572975
 -0.03548905   0.01564120
 -0.03547860   0.01555269
 -0.03546797   0.01546417
 -0.03545712   0.01537562
 -0.03544599   0.01528715
 -0.03543474   0.01519873
 -0.03542331   0.01511033
 -0.03541159   0.01502188
 -0.03539973   0.01493352
 -0.03538769   0.01484522
 -0.03537543   0.01475686
 -0.03536292   0.01466862
 -0.03535029   0.01458041
 -0.03533744   0.01449224
 -0.03532432   0.01440403
 -0.03531110   0.01431595
 -0.03529765   0.01422791
 -0.03528403   0.01413991
 -0.03527013   0.01405190
 -0.03525611   0.01396399
 -0.03524189   0.01387615
 -0.03522740   0.01378827
 -0.03521279   0.01370052
 -0.03519798   0.01361283
 -0.03518298   0.01352520
 -0.03516771   0.01343755
 -0.03515234   0.01335004
 -0.03513677   0.01326258
 -0.03512092   0.01317511
 -0.03510496   0.01308779
 -0.03508881   0.01300052
 -0.03507247   0.01291334
 -0.03505586   0.01282613
 -0.03503907   0.01273907
 -0.03502171   0.01265218
 -0.03500368   0.01256533
 -0.03498510   0.01247866
 -0.03496588   0.01239213
 -0.03494616   0.01230567
 -0.03492571   0.01221946
 -0.03490478   0.01213332
 -0.03488319   0.01204743
 -0.03486104   0.01196161
 -0.03483826   0.01187596
 -0.03481491   0.01179055
 -0.03479099   0.01170522
 -0.03476643   0.01162015
 -0.03474131   0.01153516
 -0.03471563   0.01145041
 -0.03468932   0.01136584
 -0.03466252   0.01128151
 -0.03463500   0.01119730
 -0.03460700   0.01111331
 -0.03457836   0.01102959
 -0.03454918   0.01094597
 -0.03451944   0.01086269
 -0.03448913   0.01077951
 -0.03445821   0.01069657
 -0.03442671   0.01061393
 -0.03439468   0.01053143
 -0.03436209   0.01044923
 -0.03432895   0.01036720
 -0.03429516   0.01028544
 -0.03426085   0.01020395
 -0.03422599   0.01012265
 -0.03419056   0.01004160
 -0.03415461   0.00996085
 -0.03411811   0.00988036
 -0.03408097   0.00980015
 -0.03404338   0.00972013
 -0.03400518   0.00964048
 -0.03396642   0.00956102
 -0.03392713   0.00948184
 -0.03388735   0.00940300
 -0.03384700   0.00932438
 -0.03380609   0.00924612
 -0.03376464   0.00916807
 -0.03372265   0.00909038
 -0.03368015   0.00901299
 -0.03363708   0.00893587
 -0.03359351   0.00885911
 -0.03354947   0.00878265
 -0.03350483   0.00870649
 -0.03345967   0.00863060
 -0.03341404   0.00855510
 -0.03336788   0.00847989
 -0.03332115   0.00840505
 -0.03327395   0.00833051
 -0.03322630   0.00825627
 -0.03317807   0.00818241
 -0.03312930   0.00810893
 -0.03308010   0.00803574
 -0.03303038   0.00796292
 -0.03298014   0.00789049
 -0.03292947   0.00781839
 -0.03287828   0.00774665
 -0.03282657   0.00767520
 -0.03277435   0.00760423
 -0.03272169   0.00753358
 -0.03266853   0.00746331
 -0.03261495   0.00739342
 -0.03256079   0.00732392
 -0.03250625   0.00725482
 -0.03245122   0.00718611
 -0.03239569   0.00711772
 -0.03233966   0.00704977
 -0.03228326   0.00698224
 -0.03222630   0.00691511
 -0.03216900   0.00684835
 -0.03211115   0.00678200
 -0.03205292   0.00671605
 -0.03199422   0.00665051
 -0.03193502   0.00658542
 -0.03187539   0.00652075
 -0.03181537   0.00645648
 -0.03175494   0.00639269
 -0.03169402   0.00632920
 -0.03163267   0.00626631
 -0.03157094   0.00620371
 -0.03150872   0.00614162
 -0.03144609   0.00607991
 -0.03138307   0.00601871
 -0.03131962   0.00595799
 -0.03125579   0.00589765
 -0.03119157   0.00583774
 -0.03112686   0.00577832
 -0.03106184   0.00571932
 -0.03099636   0.00566086
 -0.03093048   0.00560282
 -0.03086428   0.00554520
 -0.03079763   0.00548807
 -0.03073065   0.00543141
 -0.03066319   0.00537527
 -0.03059546   0.00531961
 -0.03052725   0.00526438
 -0.03045874   0.00520962
 -0.03038986   0.00515538
 -0.03032058   0.00510161
 -0.03025101   0.00504835
 -0.03018105   0.00499549
 -0.03011066   0.00494323
 -0.03004005   0.00489146
 -0.02996898   0.00484008
 -0.02989761   0.00478932
 -0.02982589   0.00473903
 -0.02975387   0.00468916
 -0.02968150   0.00463988
 -0.02960875   0.00459110
 -0.02953572   0.00454281
 -0.02946242   0.00449511
 -0.02938874   0.00444783
 -0.02931483   0.00440100
 -0.02924060   0.00435453
 -0.02916605   0.00430839
 -0.02909133   0.00426257
 -0.02901630   0.00421719
 -0.02894105   0.00417216
 -0.02886546   0.00412751
 -0.02878964   0.00408313
 -0.02871360   0.00403925
 -0.02863730   0.00399563
 -0.02856077   0.00395242
 -0.02848401   0.00390955
 -0.02840693   0.00386710
 -0.02832961   0.00382506
 -0.02825214   0.00378335
 -0.02817434   0.00374199
 -0.02809631   0.00370103
 -0.02801805   0.00366043
 -0.02793962   0.00362024
 -0.02786088   0.00358045
 -0.02778198   0.00354099
 -0.02770286   0.00350196
 -0.02762348   0.00346337
 -0.02754385   0.00342507
 -0.02746401   0.00338721
 -0.02738400   0.00334978
 -0.02730376   0.00331267
 -0.02722329   0.00327597
 -0.02714264   0.00323968
 -0.02706176   0.00320382
 -0.02698073   0.00316829
 -0.02689945   0.00313318
 -0.02681793   0.00309849
 -0.02673627   0.00306419
 -0.02665442   0.00303033
 -0.02657237   0.00299688
 -0.02649012   0.00296375
 -0.02640774   0.00293113
 -0.02632511   0.00289884
 -0.02624233   0.00286698
 -0.02615931   0.00283560
 -0.02607622   0.00280455
 -0.02599288   0.00277394
 -0.02590938   0.00274372
 -0.02582573   0.00271392
 -0.02574190   0.00268454
 -0.02565785   0.00265565
 -0.02557371   0.00262708
 -0.02548943   0.00259895
 -0.02540497   0.00257129
 -0.02532035   0.00254399
 -0.02523558   0.00251718
 -0.02515064   0.00249077
 -0.02506556   0.00246471
 -0.02498039   0.00243913
 -0.02489496   0.00241399
 -0.02480948   0.00238932
 -0.02472390   0.00236499
 -0.02463809   0.00234116
 -0.02455220   0.00231767
 -0.02446624   0.00229465
 -0.02438002   0.00227214
 -0.02429381   0.00224996
 -0.02420744   0.00222827
 -0.02412089   0.00220700
 -0.02403429   0.00218614
 -0.02394759   0.00216571
 -0.02386074   0.00214553
 -0.02377394   0.00212545
 -0.02368716   0.00210542
 -0.02360029   0.00208556
 -0.02351341   0.00206576
 -0.02342654   0.00204605
 -0.02333956   0.00202644
 -0.02325266   0.00200695
 -0.02316569   0.00198749
 -0.02307871   0.00196821
 -0.02299174   0.00194897
 -0.02290466   0.00192991
 -0.02281769   0.00191090
 -0.02273061   0.00189198
 -0.02264351   0.00187317
 -0.02255636   0.00185440
 -0.02246926   0.00183581
 -0.02238211   0.00181727
 -0.02229493   0.00179890
 -0.02220773   0.00178056
 -0.02212056   0.00176234
 -0.02203328   0.00174422
 -0.02194611   0.00172612
 -0.02185883   0.00170822
 -0.02177155   0.00169035
 -0.02168418   0.00167268
 -0.02159690   0.00165503
 -0.02150953   0.00163748
 -0.02142215   0.00162005
 -0.02133478   0.00160265
 -0.02124740   0.00158542
 -0.02115993   0.00156824
 -0.02107255   0.00155126
 -0.02098507   0.00153428
 -0.02089760   0.00151743
 -0.02081005   0.00150069
 -0.02072257   0.00148406
 -0.02063500   0.00146745
 -0.02054744   0.00145102
 -0.02045987   0.00143464
 -0.02037229   0.00141845
 -0.02028472   0.00140229
 -0.02019706   0.00138623
 -0.02010947   0.00137019
 -0.02002181   0.00135435
 -0.01993414   0.00133863
 -0.01984639   0.00132294
 -0.01975871   0.00130735
 -0.01967096   0.00129194
 -0.01958321   0.00127657
 -0.01949543   0.00126130
 -0.01940768   0.00124608
 -0.01931990   0.00123103
 -0.01923205   0.00121604
 -0.01914428   0.00120122
 -0.01905642   0.00118642
 -0.01896857   0.00117172
 -0.01888072   0.00115717
 -0.01879277   0.00114270
 -0.01870491   0.00112834
 -0.01861696   0.00111402
 -0.01852901   0.00109981
 -0.01844106   0.00108579
 -0.01835311   0.00107178
 -0.01826508   0.00105790
 -0.01817713   0.00104412
 -0.01808907   0.00103047
 -0.01800104   0.00101683
 -0.01791299   0.00100338
 -0.01782494   0.00098997
 -0.01773691   0.00097666
 -0.01764878   0.00096355
 -0.01756073   0.00095046
 -0.01747258   0.00093740
 -0.01738445   0.00092453
 -0.01729632   0.00091177
 -0.01720817   0.00089903
 -0.01711996   0.00088642
 -0.01703181   0.00087400
 -0.01694361   0.00086158
 -0.01685538   0.00084929
 -0.01676715   0.00083710
 -0.01667892   0.00082493
 -0.01659069   0.00081289
 -0.01650239   0.00080087
 -0.01641418   0.00078901
 -0.01632588   0.00077717
 -0.01623757   0.00076541
 -0.01614927   0.00075375
 -0.01606096   0.00074206
 -0.01597266   0.00073057
 -0.01588427   0.00071914
 -0.01579597   0.00070773
 -0.01570759   0.00069640
 -0.01561918   0.00068524
 -0.01553080   0.00067408
 -0.01544242   0.00066295
 -0.01535404   0.00065195
 -0.01526566   0.00064107
 -0.01517720   0.00063016
 -0.01508872   0.00061943
 -0.01500033   0.00060871
 -0.01491188   0.00059808
 -0.01482342   0.00058753
 -0.01473494   0.00057705
 -0.01464640   0.00056668
 -0.01455794   0.00055638
 -0.01446938   0.00054611
 -0.01438093   0.00053591
 -0.01429239   0.00052587
 -0.01420383   0.00051585
 -0.01411530   0.00050590
 -0.01402674   0.00049603
 -0.01393821   0.00048626
 -0.01384957   0.00047650
 -0.01376104   0.00046688
 -0.01367240   0.00045729
 -0.01358387   0.00044778
 -0.01349523   0.00043844
 -0.01340662   0.00042910
 -0.01331799   0.00041984
 -0.01322938   0.00041060
 -0.01314066   0.00040151
 -0.01305203   0.00039245
 -0.01296334   0.00038354
 -0.01287471   0.00037463
 -0.01278600   0.00036580
 -0.01269731   0.00035707
 -0.01260860   0.00034844
 -0.01251988   0.00033986
 -0.01243117   0.00033140
 -0.01234249   0.00032292
 -0.01225377   0.00031462
 -0.01216499   0.00030632
 -0.01207628   0.00029811
 -0.01198749   0.00028999
 -0.01189880   0.00028194
 -0.01181001   0.00027399
 -0.01172122   0.00026611
 -0.01163244   0.00025824
 -0.01154365   0.00025054
 -0.01145486   0.00024285
 -0.01136600   0.00023525
 -0.01127721   0.00022781
 -0.01118834   0.00022029
 -0.01109956   0.00021294
 -0.01101069   0.00020568
 -0.01092190   0.00019848
 -0.01083304   0.00019132
 -0.01074418   0.00018430
 -0.01065531   0.00017729
 -0.01056645   0.00017038
 -0.01047758   0.00016356
 -0.01038864   0.00015680
 -0.01029978   0.00015014
 -0.01021091   0.00014350
 -0.01012197   0.00013702
 -0.01003311   0.00013053
 -0.00994417   0.00012412
 -0.00985520   0.00011789
 -0.00976634   0.00011166
 -0.00967740   0.00010553
 -0.00958846   0.00009940
 -0.00949952   0.00009342
 -0.00941055   0.00008754
 -0.00932161   0.00008166
 -0.00923267   0.00007588
 -0.00914365   0.00007026
 -0.00905469   0.00006463
 -0.00896575   0.00005911
 -0.00887673   0.00005366
 -0.00878779   0.00004821
 -0.00869875   0.00004294
 -0.00860973   0.00003774
 -0.00852079   0.00003255
 -0.00849378   0.00003090
 -0.00846687   0.00002938
 -0.00843988   0.00002789
 -0.00841297   0.00002647
 -0.00838599   0.00002513
 -0.00835898   0.00002388
 -0.00833207   0.00002264
 -0.00830508   0.00002148
 -0.00827810   0.00002039
 -0.00825109   0.00001938
 -0.00822410   0.00001846
 -0.00819719   0.00001763
 -0.00817018   0.00001679
 -0.00814319   0.00001603
 -0.00811621   0.00001545
 -0.00808922   0.00001479
 -0.00806221   0.00001429
 -0.00803522   0.00001386
 -0.00800824   0.00001345
 -0.00798123   0.00001310
 -0.00795424   0.00001284
 -0.00792726   0.00001269
 -0.00790019   0.00001259
 -0.00787318   0.00001251
 -0.00784620   0.00001257
 -0.00781921   0.00001267
 -0.00779220   0.00001282
 -0.00776521   0.00001300
 -0.00773823   0.00001330
 -0.00771124   0.00001363
 -0.00768423   0.00001414
 -0.00765724   0.00001462
 -0.00763026   0.00001520
 -0.00760325   0.00001579
 -0.00757626   0.00001652
 -0.00754928   0.00001726
 -0.00752229   0.00001817
 -0.00749528   0.00001908
 -0.00746837   0.00001999
 -0.00744138   0.00002106
 -0.00741437   0.00002223
 -0.00738739   0.00002339
 -0.00736048   0.00002463
 -0.00733349   0.00002595
 -0.00730648   0.00002735
 -0.00727957   0.00002876
 -0.00725258   0.00003034
 -0.00722567   0.00003191
 -0.00719876   0.00003358
 -0.00717175   0.00003530
 -0.00708345   0.00004073
 -0.00699507   0.00004623
 -0.00690676   0.00005181
 -0.00681846   0.00005746
 -0.00673015   0.00006322
 -0.00664175   0.00006900
 -0.00655344   0.00007490
 -0.00646514   0.00008086
 -0.00637683   0.00008687
 -0.00628860   0.00009298
 -0.00620030   0.00009916
 -0.00611199   0.00010544
 -0.00602369   0.00011181
 -0.00593546   0.00011817
 -0.00584715   0.00012463
 -0.00575893   0.00013124
 -0.00567070   0.00013786
 -0.00558239   0.00014457
 -0.00549416   0.00015128
 -0.00540593   0.00015817
 -0.00531771   0.00016514
 -0.00522948   0.00017211
 -0.00514125   0.00017915
 -0.00505310   0.00018632
 -0.00496487   0.00019354
 -0.00487664   0.00020086
 -0.00478849   0.00020826
 -0.00470028   0.00021565
 -0.00461213   0.00022323
 -0.00452398   0.00023082
 -0.00443583   0.00023847
 -0.00434767   0.00024622
 -0.00425954   0.00025407
 -0.00417139   0.00026198
 -0.00408324   0.00026990
 -0.00399509   0.00027800
 -0.00390704   0.00028611
 -0.00381888   0.00029429
 -0.00373081   0.00030257
 -0.00364273   0.00031092
 -0.00355468   0.00031935
 -0.00346653   0.00032789
 -0.00337845   0.00033642
 -0.00329048   0.00034510
 -0.00320240   0.00035381
 -0.00311435   0.00036260
 -0.00302635   0.00037148
 -0.00293828   0.00038045
 -0.00285030   0.00038941
 -0.00276230   0.00039855
 -0.00267425   0.00040768
 -0.00258625   0.00041692
 -0.00249835   0.00042622
 -0.00241035   0.00043563
 -0.00232238   0.00044510
 -0.00223448   0.00045467
 -0.00214648   0.00046423
 -0.00205858   0.00047398
 -0.00197066   0.00048372
 -0.00188268   0.00049357
 -0.00179478   0.00050347
 -0.00170694   0.00051349
 -0.00161904   0.00052356
 -0.00153114   0.00053366
 -0.00144331   0.00054383
 -0.00135539   0.00055418
 -0.00126757   0.00056453
 -0.00117975   0.00057496
 -0.00109192   0.00058549
 -0.00100408   0.00059602
 -0.00091626   0.00060672
 -0.00082851   0.00061742
 -0.00074069   0.00062828
 -0.00065294   0.00063914
 -0.00056520   0.00065009
 -0.00047745   0.00066107
 -0.00038970   0.00067221
 -0.00030196   0.00068342
 -0.00021421   0.00069463
 -0.00012647   0.00070594
 -0.00003880   0.00071732
  0.00004887   0.00072881
  0.00013654   0.00074037
  0.00022421   0.00075201
  0.00031188   0.00076368
  0.00039955   0.00077549
  0.00048720   0.00078731
  0.00057479   0.00079922
  0.00066238   0.00081122
  0.00075005   0.00082331
  0.00083765   0.00083548
  0.00092514   0.00084765
  0.00101273   0.00085999
  0.00110032   0.00087234
  0.00118782   0.00088478
  0.00127533   0.00089733
  0.00136290   0.00090997
  0.00145042   0.00092267
  0.00153784   0.00093554
  0.00162533   0.00094845
  0.00171282   0.00096147
  0.00180024   0.00097458
  0.00188766   0.00098782
  0.00197507   0.00100116
  0.00206249   0.00101462
  0.00214988   0.00102811
  0.00223722   0.00104170
  0.00232461   0.00105548
  0.00241193   0.00106929
  0.00249927   0.00108315
  0.00258659   0.00109718
  0.00267390   0.00111132
  0.00276120   0.00112550
  0.00284844   0.00113978
  0.00293568   0.00115423
  0.00302289   0.00116874
  0.00311013   0.00118329
  0.00319735   0.00119799
  0.00328457   0.00121282
  0.00337171   0.00122769
  0.00345885   0.00124267
  0.00354596   0.00125774
  0.00363310   0.00127292
  0.00372022   0.00128821
  0.00380736   0.00130364
  0.00389440   0.00131908
  0.00398144   0.00133470
  0.00406848   0.00135035
  0.00415549   0.00136611
  0.00424253   0.00138198
  0.00432947   0.00139790
  0.00441651   0.00141399
  0.00450345   0.00143013
  0.00459039   0.00144644
  0.00467726   0.00146278
  0.00476417   0.00147924
  0.00485104   0.00149573
  0.00493795   0.00151239
  0.00502479   0.00152918
  0.00511163   0.00154598
  0.00519840   0.00156292
  0.00528524   0.00157995
  0.00537198   0.00159708
  0.00545872   0.00161434
  0.00554548   0.00163162
  0.00563222   0.00164907
  0.00571886   0.00166658
  0.00580552   0.00168418
  0.00589216   0.00170190
  0.00597883   0.00171973
  0.00606547   0.00173768
  0.00615203   0.00175563
  0.00623865   0.00177373
  0.00632521   0.00179198
  0.00641175   0.00181027
  0.00649821   0.00182859
  0.00658475   0.00184711
  0.00667122   0.00186573
  0.00675766   0.00188440
  0.00684412   0.00190317
  0.00693056   0.00192204
  0.00701690   0.00194100
  0.00710334   0.00196009
  0.00718970   0.00197931
  0.00727604   0.00199855
  0.00736231   0.00201788
  0.00744865   0.00203740
  0.00753488   0.00205688
  0.00762115   0.00207654
  0.00770739   0.00209633
  0.00779355   0.00211613
  0.00787972   0.00213612
  0.00796585   0.00215630
  0.00805184   0.00217697
  0.00813775   0.00219807
  0.00822351   0.00221949
  0.00830919   0.00224140
  0.00839469   0.00226382
  0.00848012   0.00228656
  0.00856540   0.00230971
  0.00865059   0.00233337
  0.00873562   0.00235736
  0.00882048   0.00238185
  0.00890528   0.00240667
  0.00898992   0.00243198
  0.00907438   0.00245769
  0.00915869   0.00248383
  0.00924292   0.00251032
  0.00932692   0.00253730
  0.00941083   0.00256468
  0.00949458   0.00259247
  0.00957817   0.00262061
  0.00966162   0.00264923
  0.00974489   0.00267829
  0.00982800   0.00270767
  0.00991089   0.00273753
  0.00999369   0.00276775
  0.01007625   0.00279838
  0.01015873   0.00282943
  0.01024098   0.00286089
  0.01032305   0.00289276
  0.01040489   0.00292503
  0.01048666   0.00295766
  0.01056820   0.00299071
  0.01064948   0.00302415
  0.01073061   0.00305802
  0.01081159   0.00309232
  0.01089239   0.00312692
  0.01097289   0.00316198
  0.01105331   0.00319742
  0.01113350   0.00323321
  0.01121343   0.00326941
  0.01129314   0.00330603
  0.01137269   0.00334299
  0.01145207   0.00338035
  0.01153114   0.00341815
  0.01161006   0.00345627
  0.01168875   0.00349480
  0.01176726   0.00353368
  0.01184544   0.00357297
  0.01192349   0.00361258
  0.01200129   0.00365263
  0.01207886   0.00369301
  0.01215620   0.00373381
  0.01223329   0.00377495
  0.01231015   0.00381649
  0.01238678   0.00385839
  0.01246315   0.00390069
  0.01253930   0.00394324
  0.01261519   0.00398630
  0.01269087   0.00402961
  0.01276631   0.00407333
  0.01284141   0.00411741
  0.01291631   0.00416181
  0.01299095   0.00420664
  0.01306535   0.00425178
  0.01313943   0.00429729
  0.01321336   0.00434311
  0.01328691   0.00438928
  0.01336029   0.00443586
  0.01343335   0.00448272
  0.01350614   0.00453012
  0.01357858   0.00457802
  0.01365072   0.00462643
  0.01372250   0.00467532
  0.01379394   0.00472472
  0.01386514   0.00477454
  0.01393590   0.00482495
  0.01400638   0.00487584
  0.01407655   0.00492724
  0.01414630   0.00497905
  0.01421573   0.00503144
  0.01428488   0.00508423
  0.01435357   0.00513753
  0.01442195   0.00519132
  0.01448997   0.00524563
  0.01455758   0.00530034
  0.01462490   0.00535551
  0.01469185   0.00541121
  0.01475831   0.00546739
  0.01482448   0.00552400
  0.01489027   0.00558107
  0.01495566   0.00563859
  0.01502065   0.00569657
  0.01508526   0.00575505
  0.01514947   0.00581393
  0.01521329   0.00587324
  0.01527670   0.00593303
  0.01533974   0.00599328
  0.01540235   0.00605395
  0.01546456   0.00611504
  0.01552630   0.00617653
  0.01558771   0.00623851
  0.01564865   0.00630095
  0.01570916   0.00636374
  0.01576930   0.00642700
  0.01582891   0.00649068
  0.01588820   0.00655483
  0.01594702   0.00661929
  0.01600533   0.00668423
  0.01606329   0.00674950
  0.01612078   0.00681523
  0.01617785   0.00688137
  0.01623442   0.00694790
  0.01629056   0.00701483
  0.01634620   0.00708215
  0.01640145   0.00714987
  0.01645624   0.00721798
  0.01651054   0.00728640
  0.01656433   0.00735530
  0.01661768   0.00742449
  0.01667063   0.00749418
  0.01672306   0.00756416
  0.01677498   0.00763451
  0.01682646   0.00770520
  0.01687741   0.00777626
  0.01692797   0.00784769
  0.01697798   0.00791952
  0.01702748   0.00799166
  0.01707655   0.00806407
  0.01712511   0.00813698
  0.01717312   0.00821008
  0.01722071   0.00828365
  0.01726770   0.00835744
  0.01731425   0.00843160
  0.01736032   0.00850615
  0.01740582   0.00858098
  0.01745087   0.00865612
  0.01749537   0.00873153
  0.01753935   0.00880731
  0.01758283   0.00888341
  0.01762574   0.00895978
  0.01766822   0.00903649
  0.01771006   0.00911345
  0.01775148   0.00919076
  0.01779234   0.00926835
  0.01783259   0.00934617
  0.01787239   0.00942431
  0.01791166   0.00950277
  0.01795036   0.00958149
  0.01798854   0.00966041
  0.01802618   0.00973968
  0.01806326   0.00981917
  0.01809983   0.00989900
  0.01813582   0.00997902
  0.01817129   0.01005924
  0.01820621   0.01013981
  0.01824056   0.01022057
  0.01827439   0.01030160
  0.01830757   0.01038290
  0.01834031   0.01046437
  0.01837239   0.01054614
  0.01840401   0.01062808
  0.01843500   0.01071026
  0.01846543   0.01079264
  0.01849530   0.01087521
  0.01852463   0.01095810
  0.01855341   0.01104109
  0.01858155   0.01112435
  0.01860919   0.01120778
  0.01863621   0.01129138
  0.01866268   0.01137525
  0.01868858   0.01145926
  0.01871383   0.01154345
  0.01873862   0.01162783
  0.01876275   0.01171236
  0.01878632   0.01179706
  0.01880934   0.01188200
  0.01883171   0.01196702
  0.01885351   0.01205221
  0.01887474   0.01213764
  0.01889542   0.01222314
  0.01891551   0.01230882
  0.01893498   0.01239464
  0.01895388   0.01248061
  0.01897213   0.01256667
  0.01898988   0.01265288
  0.01900699   0.01273923
  0.01902358   0.01282566
  0.01904001   0.01291223
  0.01905632   0.01299878
  0.01907238   0.01308549
  0.01908822   0.01317220
  0.01910394   0.01325895
  0.01911943   0.01334586
  0.01913471   0.01343273
  0.01914985   0.01351975
  0.01916475   0.01360676
  0.01917944   0.01369382
  0.01919394   0.01378100
  0.01920833   0.01386816
  0.01922246   0.01395538
  0.01923637   0.01404273
  0.01925018   0.01413005
  0.01926369   0.01421749
  0.01927702   0.01430488
  0.01929024   0.01439234
  0.01930317   0.01447990
  0.01931591   0.01456743
  0.01932846   0.01465508
  0.01934088   0.01474270
  0.01935301   0.01483033
  0.01936496   0.01491810
  0.01937679   0.01500579
  0.01938833   0.01509353
  0.01939969   0.01518137
  0.01941091   0.01526918
  0.01942189   0.01535707
  0.01943285   0.01544488
  0.01944381   0.01553272
  0.01945484   0.01562061
  0.01946580   0.01570844
  0.01947675   0.01579633
  0.01948779   0.01588414
  0.01949874   0.01597198
  0.01950970   0.01605986
  0.01952066   0.01614770
  0.01953169   0.01623551
  0.01954265   0.01632340
  0.01955363   0.01641123
  0.01956466   0.01649912
  0.01957562   0.01658695
  0.01958658   0.01667477
  0.01959761   0.01676265
  0.01960857   0.01685049
  0.01961953   0.01693838
  0.01963048   0.01702621
  0.01964152   0.01711402
  0.01965248   0.01720191
  0.01966343   0.01728974
  0.01967447   0.01737756
  0.01968542   0.01746547
  0.01969638   0.01755328
  0.01970742   0.01764119
  0.01971837   0.01772900
  0.01972933   0.01781681
  0.01974029   0.01790472
  0.01975132   0.01799253
  0.01976228   0.01808045
  0.01977326   0.01816826
  0.01978429   0.01825607
  0.01979525   0.01834398
  0.01980621   0.01843179
  0.01981724   0.01851963
  0.01982820   0.01860751
  0.01983916   0.01869532
  0.01985011   0.01878324
  0.01986115   0.01887105
  0.01987210   0.01895888
  0.01988306   0.01904677
  0.01989410   0.01913458
  0.01990505   0.01922242
  0.01991601   0.01931030
  0.01992704   0.01939814
  0.01993800   0.01948603
  0.01994896   0.01957384
  0.01995992   0.01966167
  0.01997095   0.01974956
  0.01998191   0.01983739
  0.01999289   0.01992528
  0.02000392   0.02001309
  0.02001488   0.02010093
  0.02002584   0.02018882
  0.02003679   0.02027665
  0.02004783   0.02036446
  0.02005878   0.02045235
  0.02006974   0.02054018
  0.02008078   0.02062807
  0.02009173   0.02071591
  0.02010269   0.02080372
  0.02011372   0.02089161
  0.02012468   0.02097944
  0.02013564   0.02106733
  0.02014660   0.02115516
  0.02015763   0.02124297
  0.02016859   0.02133086
  0.02017954   0.02141870
  0.02019058   0.02150651
  0.02020153   0.02159442
  0.02021252   0.02168223
  0.02022355   0.02177012
  0.02023451   0.02185795
  0.02024546   0.02194576
  0.02025642   0.02203368
  0.02026745   0.02212149
  0.02027841   0.02220938
  0.02028937   0.02229721
  0.02030040   0.02238502
  0.02031136   0.02247293
  0.02032232   0.02256074
  0.02033335   0.02264855
  0.02034431   0.02273647
  0.02035527   0.02282428
  0.02036622   0.02291219
  0.02037726   0.02300000
