 -0.03637500   0.02300000
 -0.03636749   0.02294005
 -0.03636003   0.02288021
 -0.03635251   0.02282026
 -0.03634505   0.02276032
 -0.03633754   0.02270042
 -0.03633008   0.02264053
 -0.03632257   0.02258058
 -0.03631505   0.02252068
 -0.03630759   0.02246079
 -0.03630008   0.02240084
 -0.03629262   0.02234095
 -0.03628511   0.02228100
 -0.03627759   0.02222111
 -0.03627013   0.02216121
 -0.03626267   0.02210126
 -0.03625521   0.02204132
 -0.03624770   0.02198147
 -0.03624023   0.02192153
 -0.03623272   0.02186158
 -0.03622521   0.02180173
 -0.03621775   0.02174179
 -0.03621024   0.02168184
 -0.03620277   0.02162195
 -0.03619526   0.02156205
 -0.03618775   0.02150211
 -0.03618029   0.02144221
 -0.03617278   0.02138231
 -0.03616531   0.02132237
 -0.03615780   0.02126247
 -0.03615034   0.02120253
 -0.03614283   0.02114263
 -0.03613532   0.02108273
 -0.03612785   0.02102279
 -0.03612034   0.02096289
 -0.03611288   0.02090300
 -0.03610537   0.02084305
 -0.03609786   0.02078311
 -0.03609039   0.02072326
 -0.03608288   0.02066331
 -0.03607542   0.02060337
 -0.03606791   0.02054352
 -0.03606045   0.02048358
 -0.03605299   0.02042363
 -0.03604547   0.02036373
 -0.03603801   0.02030384
 -0.03603050   0.02024389
 -0.03602304   0.02018400
 -0.03601553   0.02012405
 -0.03600801   0.02006416
 -0.03600055   0.02000426
 -0.03599304   0.01994431
 -0.03598558   0.01988442
 -0.03597807   0.01982452
 -0.03597060   0.01976458
 -0.03596309   0.01970463
 -0.03595558   0.01964479
 -0.03594812   0.01958484
 -0.03594061   0.01952489
 -0.03593314   0.01946505
 -0.03592563   0.01940510
 -0.03591812   0.01934516
 -0.03591066   0.01928526
 -0.03590315   0.01922537
 -0.03589568   0.01916542
 -0.03588817   0.01910552
 -0.03588071   0.01904563
 -0.03587320   0.01898568
 -0.03586569   0.01892579
 -0.03585822   0.01886584
 -0.03585071   0.01880595
 -0.03584325   0.01874605
 -0.03583579   0.01868610
 -0.03582828   0.01862621
 -0.03582081   0.01856631
 -0.03581330   0.01850637
 -0.03580584   0.01844642
 -0.03579833   0.01838657
 -0.03579087   0.01832663
 -0.03578335   0.01826668
 -0.03577584   0.01820679
 -0.03576838   0.01814689
 -0.03576087   0.01808695
 -0.03575341   0.01802705
 -0.03574589   0.01796715
 -0.03573838   0.01790721
 -0.03573092   0.01784731
 -0.03572341   0.01778737
 -0.03571595   0.01772747
 -0.03570843   0.01766757
 -0.03570097   0.01760763
 -0.03569346   0.01754773
 -0.03568595   0.01748784
 -0.03567849   0.01742789
 -0.03567097   0.01736795
 -0.03566351   0.01730810
 -0.03565600   0.01724815
 -0.03564849   0.01718821
 -0.03564103   0.01712836
 -0.03563351   0.01706842
 -0.03562610   0.01700847
 -0.03561859   0.01694857
 -0.03561113   0.01688868
 -0.03560362   0.01682873
 -0.03559611   0.01676884
 -0.03558864   0.01670889
 -0.03558113   0.01664900
 -0.03557367   0.01658910
 -0.03556616   0.01652915
 -0.03555865   0.01646931
 -0.03555118   0.01640936
 -0.03554367   0.01634942
 -0.03553621   0.01628952
 -0.03552870   0.01622963
 -0.03552123   0.01616968
 -0.03551372   0.01610978
 -0.03550621   0.01604989
 -0.03549875   0.01598994
 -0.03549124   0.01593005
 -0.03548377   0.01587010
 -0.03547626   0.01581021
 -0.03546875   0.01575031
 -0.03546129   0.01569036
 -0.03545373   0.01563047
 -0.03544597   0.01557057
 -0.03543807   0.01551072
 -0.03542993   0.01545087
 -0.03542164   0.01539113
 -0.03541311   0.01533133
 -0.03540449   0.01527157
 -0.03539561   0.01521187
 -0.03538655   0.01515217
 -0.03537734   0.01509252
 -0.03536788   0.01503291
 -0.03535828   0.01497336
 -0.03534844   0.01491380
 -0.03533845   0.01485424
 -0.03532827   0.01479478
 -0.03531789   0.01473537
 -0.03530737   0.01467596
 -0.03529660   0.01461660
 -0.03528569   0.01455734
 -0.03527459   0.01449807
 -0.03526329   0.01443881
 -0.03525179   0.01437964
 -0.03524010   0.01432052
 -0.03522827   0.01426145
 -0.03521624   0.01420238
 -0.03520402   0.01414345
 -0.03519160   0.01408448
 -0.03517899   0.01402560
 -0.03516623   0.01396673
 -0.03515328   0.01390800
 -0.03514013   0.01384927
 -0.03512679   0.01379058
 -0.03511315   0.01373200
 -0.03509927   0.01367347
 -0.03508509   0.01361503
 -0.03507060   0.01355664
 -0.03505583   0.01349835
 -0.03504080   0.01344011
 -0.03502553   0.01338192
 -0.03500996   0.01332388
 -0.03499409   0.01326583
 -0.03497792   0.01320799
 -0.03496156   0.01315009
 -0.03494490   0.01309239
 -0.03492789   0.01303469
 -0.03491064   0.01297709
 -0.03489313   0.01291963
 -0.03487533   0.01286223
 -0.03485729   0.01280492
 -0.03483899   0.01274771
 -0.03482035   0.01269055
 -0.03480151   0.01263349
 -0.03478232   0.01257657
 -0.03476293   0.01251976
 -0.03474325   0.01246304
 -0.03472327   0.01240637
 -0.03470304   0.01234985
 -0.03468257   0.01229343
 -0.03466179   0.01223706
 -0.03464077   0.01218083
 -0.03461945   0.01212475
 -0.03459789   0.01206867
 -0.03457607   0.01201279
 -0.03455396   0.01195696
 -0.03453155   0.01190133
 -0.03450900   0.01184574
 -0.03448604   0.01179030
 -0.03446294   0.01173491
 -0.03443949   0.01167972
 -0.03441584   0.01162457
 -0.03439190   0.01156963
 -0.03436765   0.01151473
 -0.03434321   0.01146003
 -0.03431847   0.01140542
 -0.03429349   0.01135092
 -0.03426825   0.01129651
 -0.03424277   0.01124225
 -0.03421699   0.01118819
 -0.03419101   0.01113418
 -0.03416474   0.01108031
 -0.03413821   0.01102659
 -0.03411144   0.01097303
 -0.03408437   0.01091955
 -0.03405711   0.01086623
 -0.03402959   0.01081305
 -0.03400178   0.01076003
 -0.03397372   0.01070709
 -0.03394546   0.01065431
 -0.03391690   0.01060173
 -0.03388815   0.01054919
 -0.03385904   0.01049690
 -0.03382979   0.01044471
 -0.03380024   0.01039266
 -0.03377045   0.01034077
 -0.03374045   0.01028902
 -0.03371016   0.01023741
 -0.03367967   0.01018596
 -0.03364893   0.01013465
 -0.03361794   0.01008355
 -0.03358670   0.01003253
 -0.03355522   0.00998172
 -0.03352354   0.00993105
 -0.03349156   0.00988059
 -0.03345933   0.00983021
 -0.03342695   0.00977999
 -0.03339428   0.00973001
 -0.03336135   0.00968014
 -0.03332823   0.00963041
 -0.03329486   0.00958087
 -0.03326129   0.00953153
 -0.03322743   0.00948235
 -0.03319336   0.00943325
 -0.03315905   0.00938446
 -0.03312454   0.00933576
 -0.03308978   0.00928721
 -0.03305477   0.00923886
 -0.03301957   0.00919066
 -0.03298416   0.00914270
 -0.03294846   0.00909489
 -0.03291261   0.00904723
 -0.03287651   0.00899976
 -0.03284016   0.00895249
 -0.03280361   0.00890537
 -0.03276686   0.00885850
 -0.03272987   0.00881172
 -0.03269263   0.00876519
 -0.03265523   0.00871881
 -0.03261759   0.00867257
 -0.03257971   0.00862664
 -0.03254162   0.00858085
 -0.03250333   0.00853520
 -0.03246480   0.00848981
 -0.03242611   0.00844456
 -0.03238718   0.00839945
 -0.03234805   0.00835460
 -0.03230867   0.00830999
 -0.03226914   0.00826553
 -0.03222937   0.00822122
 -0.03218944   0.00817720
 -0.03214927   0.00813333
 -0.03210884   0.00808961
 -0.03206832   0.00804618
 -0.03202750   0.00800291
 -0.03198653   0.00795982
 -0.03194536   0.00791699
 -0.03190394   0.00787435
 -0.03186237   0.00783191
 -0.03182061   0.00778962
 -0.03177859   0.00774757
 -0.03173648   0.00770577
 -0.03169412   0.00766412
 -0.03165151   0.00762271
 -0.03160879   0.00758151
 -0.03156583   0.00754054
 -0.03152273   0.00749973
 -0.03147942   0.00745921
 -0.03143591   0.00741884
 -0.03139220   0.00737867
 -0.03134835   0.00733879
 -0.03130424   0.00729911
 -0.03126009   0.00725957
 -0.03121563   0.00722029
 -0.03117098   0.00718125
 -0.03112623   0.00714246
 -0.03108128   0.00710386
 -0.03103613   0.00706546
 -0.03099083   0.00702731
 -0.03094533   0.00698940
 -0.03089963   0.00695169
 -0.03085383   0.00691418
 -0.03080784   0.00687692
 -0.03076164   0.00683990
 -0.03071529   0.00680308
 -0.03066880   0.00676655
 -0.03062210   0.00673017
 -0.03057526   0.00669404
 -0.03052826   0.00665816
 -0.03048107   0.00662252
 -0.03043373   0.00658713
 -0.03038618   0.00655193
 -0.03033854   0.00651694
 -0.03029070   0.00648229
 -0.03024271   0.00644778
 -0.03019461   0.00641353
 -0.03014632   0.00637951
 -0.03009783   0.00634580
 -0.03004924   0.00631223
 -0.03000050   0.00627896
 -0.02995161   0.00624589
 -0.02990257   0.00621311
 -0.02985338   0.00618053
 -0.02980404   0.00614820
 -0.02975450   0.00611611
 -0.02970486   0.00608427
 -0.02965512   0.00605267
 -0.02960518   0.00602133
 -0.02955509   0.00599018
 -0.02950495   0.00595937
 -0.02945461   0.00592877
 -0.02940412   0.00589841
 -0.02935348   0.00586829
 -0.02930274   0.00583837
 -0.02925185   0.00580875
 -0.02920086   0.00577938
 -0.02914972   0.00575030
 -0.02909843   0.00572142
 -0.02904704   0.00569279
 -0.02899550   0.00566445
 -0.02894386   0.00563636
 -0.02889207   0.00560847
 -0.02884018   0.00558087
 -0.02878819   0.00555352
 -0.02873605   0.00552646
 -0.02868375   0.00549961
 -0.02863141   0.00547299
 -0.02857887   0.00544668
 -0.02852627   0.00542061
 -0.02847353   0.00539479
 -0.02842079   0.00536907
 -0.02836789   0.00534345
 -0.02831494   0.00531794
 -0.02826194   0.00529252
 -0.02820889   0.00526721
 -0.02815569   0.00524199
 -0.02810248   0.00521688
 -0.02804917   0.00519187
 -0.02799577   0.00516701
 -0.02794236   0.00514220
 -0.02788885   0.00511754
 -0.02783528   0.00509294
 -0.02778162   0.00506853
 -0.02772790   0.00504413
 -0.02767409   0.00501993
 -0.02762022   0.00499577
 -0.02756630   0.00497173
 -0.02751233   0.00494783
 -0.02745825   0.00492398
 -0.02740413   0.00490028
 -0.02734995   0.00487669
 -0.02729567   0.00485319
 -0.02724135   0.00482980
 -0.02718697   0.00480651
 -0.02713248   0.00478337
 -0.02707795   0.00476033
 -0.02702337   0.00473740
 -0.02696868   0.00471451
 -0.02691399   0.00469178
 -0.02685921   0.00466919
 -0.02680431   0.00464666
 -0.02674942   0.00462428
 -0.02669443   0.00460205
 -0.02663944   0.00457988
 -0.02658429   0.00455780
 -0.02652915   0.00453583
 -0.02647395   0.00451400
 -0.02641860   0.00449233
 -0.02636330   0.00447066
 -0.02630789   0.00444919
 -0.02625239   0.00442777
 -0.02619689   0.00440651
 -0.02614128   0.00438539
 -0.02608562   0.00436438
 -0.02602991   0.00434342
 -0.02597415   0.00432261
 -0.02591834   0.00430195
 -0.02586243   0.00428129
 -0.02580657   0.00426083
 -0.02575055   0.00424048
 -0.02569449   0.00422028
 -0.02563837   0.00420013
 -0.02558220   0.00418013
 -0.02552598   0.00416023
 -0.02546966   0.00414048
 -0.02541339   0.00412078
 -0.02535697   0.00410129
 -0.02530054   0.00408185
 -0.02524407   0.00406251
 -0.02518749   0.00404337
 -0.02513091   0.00402428
 -0.02507424   0.00400529
 -0.02501756   0.00398645
 -0.02496073   0.00396777
 -0.02490394   0.00394914
 -0.02484711   0.00393061
 -0.02479018   0.00391228
 -0.02473319   0.00389400
 -0.02467621   0.00387588
 -0.02461912   0.00385785
 -0.02456198   0.00383998
 -0.02450484   0.00382221
 -0.02444760   0.00380459
 -0.02439041   0.00378702
 -0.02433307   0.00376960
 -0.02427572   0.00375229
 -0.02421833   0.00373513
 -0.02416088   0.00371806
 -0.02410334   0.00370110
 -0.02404579   0.00368429
 -0.02398819   0.00366759
 -0.02393059   0.00365098
 -0.02387289   0.00363458
 -0.02381514   0.00361828
 -0.02375739   0.00360203
 -0.02369959   0.00358593
 -0.02364173   0.00356998
 -0.02358383   0.00355413
 -0.02352587   0.00353839
 -0.02346791   0.00352280
 -0.02340986   0.00350731
 -0.02335180   0.00349197
 -0.02329364   0.00347673
 -0.02323548   0.00346160
 -0.02317732   0.00344661
 -0.02311911   0.00343173
 -0.02306085   0.00341700
 -0.02300248   0.00340232
 -0.02294417   0.00338784
 -0.02288575   0.00337352
 -0.02282734   0.00335924
 -0.02276887   0.00334507
 -0.02271035   0.00333110
 -0.02265184   0.00331723
 -0.02259322   0.00330341
 -0.02253460   0.00328985
 -0.02247593   0.00327629
 -0.02241726   0.00326292
 -0.02235854   0.00324966
 -0.02229981   0.00323655
 -0.02224099   0.00322350
 -0.02218217   0.00321059
 -0.02212329   0.00319789
 -0.02206442   0.00318524
 -0.02200549   0.00317274
 -0.02194652   0.00316034
 -0.02188754   0.00314809
 -0.02182851   0.00313595
 -0.02176949   0.00312390
 -0.02171036   0.00311206
 -0.02165123   0.00310032
 -0.02159210   0.00308863
 -0.02153292   0.00307715
 -0.02147374   0.00306576
 -0.02141451   0.00305443
 -0.02135527   0.00304319
 -0.02129599   0.00303191
 -0.02123681   0.00302072
 -0.02117758   0.00300964
 -0.02111825   0.00299850
 -0.02105902   0.00298746
 -0.02099974   0.00297647
 -0.02094046   0.00296554
 -0.02088118   0.00295465
 -0.02082190   0.00294381
 -0.02077859   0.00293521
 -0.02073524   0.00292706
 -0.02069189   0.00291922
 -0.02064838   0.00291178
 -0.02060482   0.00290465
 -0.02056121   0.00289787
 -0.02051755   0.00289149
 -0.02047384   0.00288542
 -0.02043003   0.00287970
 -0.02038622   0.00287434
 -0.02034241   0.00286933
 -0.02029844   0.00286467
 -0.02025453   0.00286037
 -0.02021056   0.00285643
 -0.02016655   0.00285283
 -0.02012248   0.00284964
 -0.02007841   0.00284676
 -0.02003435   0.00284423
 -0.01999023   0.00284210
 -0.01994611   0.00284028
 -0.01990194   0.00283881
 -0.01985777   0.00283769
 -0.01981361   0.00283699
 -0.01976944   0.00283663
 -0.01972527   0.00283658
 -0.01968110   0.00283693
 -0.01963698   0.00283759
 -0.01959281   0.00283865
 -0.01954864   0.00284006
 -0.01950453   0.00284178
 -0.01946041   0.00284390
 -0.01941634   0.00284638
 -0.01937222   0.00284921
 -0.01932816   0.00285240
 -0.01928419   0.00285594
 -0.01924017   0.00285988
 -0.01919626   0.00286413
 -0.01915235   0.00286873
 -0.01910843   0.00287369
 -0.01906462   0.00287900
 -0.01902086   0.00288466
 -0.01897710   0.00289068
 -0.01893344   0.00289705
 -0.01888978   0.00290383
 -0.01884627   0.00291091
 -0.01880276   0.00291829
 -0.01875936   0.00292608
 -0.01871595   0.00293417
 -0.01867270   0.00294267
 -0.01861103   0.00295630
 -0.01855285   0.00296744
 -0.01849467   0.00297868
 -0.01843659   0.00299007
 -0.01837845   0.00300156
 -0.01832032   0.00301320
 -0.01826229   0.00302495
 -0.01820426   0.00303684
 -0.01814628   0.00304879
 -0.01808830   0.00306089
 -0.01803043   0.00307314
 -0.01797250   0.00308549
 -0.01791462   0.00309800
 -0.01785679   0.00311056
 -0.01779897   0.00312331
 -0.01774119   0.00313607
 -0.01768347   0.00314909
 -0.01762575   0.00316215
 -0.01756812   0.00317536
 -0.01751045   0.00318863
 -0.01745288   0.00320210
 -0.01739531   0.00321562
 -0.01733779   0.00322934
 -0.01728032   0.00324306
 -0.01722285   0.00325703
 -0.01716543   0.00327106
 -0.01710807   0.00328519
 -0.01705070   0.00329942
 -0.01699338   0.00331385
 -0.01693617   0.00332838
 -0.01687891   0.00334301
 -0.01682169   0.00335770
 -0.01676458   0.00337254
 -0.01670747   0.00338753
 -0.01665041   0.00340267
 -0.01659340   0.00341786
 -0.01653639   0.00343315
 -0.01647943   0.00344865
 -0.01642252   0.00346424
 -0.01636567   0.00347989
 -0.01630886   0.00349569
 -0.01625211   0.00351164
 -0.01619535   0.00352765
 -0.01613865   0.00354380
 -0.01608200   0.00356011
 -0.01602539   0.00357646
 -0.01596885   0.00359297
 -0.01591235   0.00360958
 -0.01585585   0.00362629
 -0.01579940   0.00364316
 -0.01574305   0.00366012
 -0.01568671   0.00367719
 -0.01563041   0.00369441
 -0.01557422   0.00371173
 -0.01551803   0.00372910
 -0.01546189   0.00374667
 -0.01540575   0.00376430
 -0.01534971   0.00378212
 -0.01529372   0.00380000
 -0.01523778   0.00381798
 -0.01518189   0.00383611
 -0.01512601   0.00385434
 -0.01507023   0.00387267
 -0.01501449   0.00389111
 -0.01495876   0.00390969
 -0.01490313   0.00392833
 -0.01484755   0.00394712
 -0.01479202   0.00396601
 -0.01473649   0.00398510
 -0.01468107   0.00400420
 -0.01462564   0.00402344
 -0.01457031   0.00404279
 -0.01451504   0.00406223
 -0.01445982   0.00408183
 -0.01440460   0.00410153
 -0.01434948   0.00412134
 -0.01429441   0.00414124
 -0.01423944   0.00416129
 -0.01418448   0.00418140
 -0.01412956   0.00420161
 -0.01407475   0.00422202
 -0.01401994   0.00424248
 -0.01396517   0.00426299
 -0.01391051   0.00428370
 -0.01385591   0.00430447
 -0.01380135   0.00432543
 -0.01374689   0.00434640
 -0.01369239   0.00436752
 -0.01363803   0.00438874
 -0.01358373   0.00441011
 -0.01352943   0.00443153
 -0.01347523   0.00445305
 -0.01342113   0.00447478
 -0.01336703   0.00449651
 -0.01331299   0.00451838
 -0.01325904   0.00454036
 -0.01320510   0.00456244
 -0.01315125   0.00458467
 -0.01309746   0.00460696
 -0.01304377   0.00462939
 -0.01299009   0.00465188
 -0.01293655   0.00467451
 -0.01288296   0.00469725
 -0.01282953   0.00472009
 -0.01277615   0.00474303
 -0.01272281   0.00476607
 -0.01266953   0.00478922
 -0.01261631   0.00481251
 -0.01256313   0.00483586
 -0.01251010   0.00485930
 -0.01245703   0.00488285
 -0.01240411   0.00490655
 -0.01235123   0.00493035
 -0.01229841   0.00495420
 -0.01224565   0.00497821
 -0.01219303   0.00500226
 -0.01214036   0.00502647
 -0.01208785   0.00505077
 -0.01203539   0.00507513
 -0.01198297   0.00509964
 -0.01193061   0.00512420
 -0.01187836   0.00514891
 -0.01182615   0.00517372
 -0.01177399   0.00519863
 -0.01172199   0.00522365
 -0.01166999   0.00524871
 -0.01161804   0.00527393
 -0.01156619   0.00529925
 -0.01151439   0.00532462
 -0.01146275   0.00535014
 -0.01141110   0.00537581
 -0.01135956   0.00540172
 -0.01130816   0.00542783
 -0.01125687   0.00545429
 -0.01120573   0.00548090
 -0.01115468   0.00550780
 -0.01110374   0.00553495
 -0.01105295   0.00556235
 -0.01100225   0.00558999
 -0.01095166   0.00561783
 -0.01090122   0.00564602
 -0.01085093   0.00567435
 -0.01080064   0.00570298
 -0.01075065   0.00573181
 -0.01070065   0.00576088
 -0.01065086   0.00579025
 -0.01060112   0.00581982
 -0.01055163   0.00584963
 -0.01050214   0.00587969
 -0.01045285   0.00590995
 -0.01040371   0.00594050
 -0.01035467   0.00597130
 -0.01030578   0.00600230
 -0.01025704   0.00603349
 -0.01020845   0.00606498
 -0.01015995   0.00609667
 -0.01011166   0.00612860
 -0.01006347   0.00616078
 -0.01001538   0.00619321
 -0.00996749   0.00622583
 -0.00991975   0.00625871
 -0.00987215   0.00629182
 -0.00982471   0.00632514
 -0.00977737   0.00635870
 -0.00973023   0.00639251
 -0.00968323   0.00642656
 -0.00963639   0.00646081
 -0.00958969   0.00649526
 -0.00954310   0.00652996
 -0.00949671   0.00656490
 -0.00945051   0.00659999
 -0.00940447   0.00663537
 -0.00935852   0.00667096
 -0.00931282   0.00670684
 -0.00926723   0.00674286
 -0.00922178   0.00677909
 -0.00917653   0.00681561
 -0.00913138   0.00685227
 -0.00908648   0.00688924
 -0.00904173   0.00692635
 -0.00899713   0.00696371
 -0.00895268   0.00700126
 -0.00890843   0.00703906
 -0.00886438   0.00707701
 -0.00882048   0.00711525
 -0.00877672   0.00715365
 -0.00873317   0.00719233
 -0.00868981   0.00723117
 -0.00864656   0.00727020
 -0.00860350   0.00730948
 -0.00856069   0.00734896
 -0.00851804   0.00738863
 -0.00847553   0.00742855
 -0.00843317   0.00746862
 -0.00839111   0.00750894
 -0.00834915   0.00754945
 -0.00830733   0.00759016
 -0.00826577   0.00763106
 -0.00822446   0.00767221
 -0.00818319   0.00771351
 -0.00814223   0.00775501
 -0.00810141   0.00779675
 -0.00806079   0.00783865
 -0.00802037   0.00788078
 -0.00798010   0.00792307
 -0.00794008   0.00796555
 -0.00790021   0.00800823
 -0.00786053   0.00805115
 -0.00782111   0.00809423
 -0.00778183   0.00813755
 -0.00774276   0.00818097
 -0.00770393   0.00822463
 -0.00766525   0.00826844
 -0.00762677   0.00831250
 -0.00758854   0.00835671
 -0.00755045   0.00840111
 -0.00751262   0.00844571
 -0.00747499   0.00849051
 -0.00743755   0.00853545
 -0.00740036   0.00858060
 -0.00736332   0.00862589
 -0.00732648   0.00867142
 -0.00728989   0.00871711
 -0.00725349   0.00876294
 -0.00721735   0.00880897
 -0.00718140   0.00885519
 -0.00714561   0.00890161
 -0.00711011   0.00894819
 -0.00707475   0.00899490
 -0.00703965   0.00904182
 -0.00700475   0.00908888
 -0.00697009   0.00913614
 -0.00693564   0.00918360
 -0.00690138   0.00923115
 -0.00686742   0.00927890
 -0.00683361   0.00932680
 -0.00680005   0.00937490
 -0.00676668   0.00942319
 -0.00673357   0.00947159
 -0.00670070   0.00952017
 -0.00666798   0.00956891
 -0.00663551   0.00961779
 -0.00660333   0.00966683
 -0.00657131   0.00971601
 -0.00653958   0.00976543
 -0.00650801   0.00981491
 -0.00647673   0.00986463
 -0.00644564   0.00991440
 -0.00641481   0.00996441
 -0.00638423   0.01001453
 -0.00635379   0.01006484
 -0.00632370   0.01011525
 -0.00629376   0.01016586
 -0.00626412   0.01021656
 -0.00623462   0.01026741
 -0.00620548   0.01031847
 -0.00617653   0.01036956
 -0.00614778   0.01042091
 -0.00611928   0.01047230
 -0.00609102   0.01052389
 -0.00606302   0.01057558
 -0.00603526   0.01062747
 -0.00600775   0.01067945
 -0.00598049   0.01073159
 -0.00595343   0.01078387
 -0.00592666   0.01083619
 -0.00590009   0.01088872
 -0.00587382   0.01094134
 -0.00584775   0.01099411
 -0.00582188   0.01104708
 -0.00579635   0.01110010
 -0.00577102   0.01115327
 -0.00574594   0.01120653
 -0.00572111   0.01125994
 -0.00569658   0.01131345
 -0.00567224   0.01136711
 -0.00564820   0.01142091
 -0.00562441   0.01147476
 -0.00560077   0.01152877
 -0.00557747   0.01158291
 -0.00555443   0.01163711
 -0.00553163   0.01169151
 -0.00550907   0.01174595
 -0.00548677   0.01180049
 -0.00546471   0.01185518
 -0.00544296   0.01190997
 -0.00542145   0.01196485
 -0.00540018   0.01201984
 -0.00537912   0.01207497
 -0.00535840   0.01213020
 -0.00533788   0.01218548
 -0.00531761   0.01224091
 -0.00529768   0.01229638
 -0.00527796   0.01235200
 -0.00525848   0.01240773
 -0.00523930   0.01246355
 -0.00522036   0.01251946
 -0.00520168   0.01257538
 -0.00518324   0.01263149
 -0.00516515   0.01268766
 -0.00514720   0.01274392
 -0.00512961   0.01280028
 -0.00511226   0.01285674
 -0.00509516   0.01291325
 -0.00507835   0.01296985
 -0.00506175   0.01302655
 -0.00504549   0.01308336
 -0.00502948   0.01314016
 -0.00501372   0.01319716
 -0.00499820   0.01325415
 -0.00498298   0.01331125
 -0.00496801   0.01336840
 -0.00495334   0.01342564
 -0.00493891   0.01348298
 -0.00492479   0.01354032
 -0.00491085   0.01359776
 -0.00489727   0.01365530
 -0.00488389   0.01371289
 -0.00487069   0.01377052
 -0.00485770   0.01382826
 -0.00484485   0.01388594
 -0.00483229   0.01394377
 -0.00481978   0.01400160
 -0.00480751   0.01405958
 -0.00479539   0.01411750
 -0.00478341   0.01417553
 -0.00477173   0.01423355
 -0.00476014   0.01429167
 -0.00474869   0.01434979
 -0.00473749   0.01440797
 -0.00472644   0.01446618
 -0.00471563   0.01452445
 -0.00470492   0.01458277
 -0.00469440   0.01464113
 -0.00468407   0.01469954
 -0.00467394   0.01475791
 -0.00466401   0.01481642
 -0.00465421   0.01487488
 -0.00464462   0.01493349
 -0.00463517   0.01499199
 -0.00462596   0.01505065
 -0.00461695   0.01510926
 -0.00460808   0.01516796
 -0.00459935   0.01522662
 -0.00459083   0.01528537
 -0.00458249   0.01534412
 -0.00457435   0.01540287
 -0.00456646   0.01546173
 -0.00455866   0.01552057
 -0.00455105   0.01557943
 -0.00454364   0.01563832
 -0.00453623   0.01569722
 -0.00452892   0.01575612
 -0.00452155   0.01581502
 -0.00451419   0.01587387
 -0.00450683   0.01593282
 -0.00449947   0.01599167
 -0.00449211   0.01605056
 -0.00448474   0.01610946
 -0.00447738   0.01616836
 -0.00447002   0.01622726
 -0.00446265   0.01628611
 -0.00445534   0.01634506
 -0.00444793   0.01640391
 -0.00444057   0.01646285
 -0.00443321   0.01652170
 -0.00442584   0.01658065
 -0.00441853   0.01663950
 -0.00441112   0.01669845
 -0.00440376   0.01675730
 -0.00439639   0.01681620
 -0.00438903   0.01687509
 -0.00438167   0.01693394
 -0.00437436   0.01699289
 -0.00436695   0.01705174
 -0.00435958   0.01711069
 -0.00435222   0.01716954
 -0.00434486   0.01722844
 -0.00433755   0.01728733
 -0.00433013   0.01734623
 -0.00432277   0.01740513
 -0.00431541   0.01746403
 -0.00430805   0.01752293
 -0.00430073   0.01758183
 -0.00429337   0.01764068
 -0.00428596   0.01769957
 -0.00427860   0.01775847
 -0.00427123   0.01781737
 -0.00426392   0.01787627
 -0.00425656   0.01793517
 -0.00424920   0.01799407
 -0.00424179   0.01805297
 -0.00423442   0.01811187
 -0.00422706   0.01817071
 -0.00421975   0.01822966
 -0.00421239   0.01828851
 -0.00420497   0.01834746
 -0.00419761   0.01840631
 -0.00419025   0.01846521
 -0.00418294   0.01852411
 -0.00417557   0.01858295
 -0.00416821   0.01864190
 -0.00416080   0.01870075
 -0.00415344   0.01875970
 -0.00414613   0.01881855
 -0.00413876   0.01887750
 -0.00413140   0.01893635
 -0.00412399   0.01899525
 -0.00411663   0.01905414
 -0.00410931   0.01911304
 -0.00410195   0.01917194
 -0.00409459   0.01923079
 -0.00408723   0.01928974
 -0.00407981   0.01934859
 -0.00407250   0.01940753
 -0.00406514   0.01946638
 -0.00405778   0.01952528
 -0.00405041   0.01958418
 -0.00404300   0.01964308
 -0.00403564   0.01970198
 -0.00402833   0.01976088
 -0.00402097   0.01981977
 -0.00401360   0.01987867
 -0.00400624   0.01993752
 -0.00399883   0.01999642
 -0.00399152   0.02005532
 -0.00398415   0.02011422
 -0.00397679   0.02017312
 -0.00396943   0.02023201
 -0.00396207   0.02029091
 -0.00395471   0.02034976
 -0.00394734   0.02040871
 -0.00393998   0.02046756
 -0.00393262   0.02052651
 -0.00392525   0.02058536
 -0.00391789   0.02064431
 -0.00391053   0.02070315
 -0.00390317   0.02076200
 -0.00389581   0.02082095
 -0.00388844   0.02087980
 -0.00388113   0.02093875
 -0.00387372   0.02099760
 -0.00386636   0.02105655
 -0.00385899   0.02111539
 -0.00385163   0.02117434
 -0.00384427   0.02123319
 -0.00383691   0.02129209
 -0.00382955   0.02135099
 -0.00382218   0.02140989
 -0.00381482   0.02146879
 -0.00380746   0.02152763
 -0.00380015   0.02158658
 -0.00379273   0.02164543
 -0.00378537   0.02170433
 -0.00377801   0.02176323
 -0.00377065   0.02182213
 -0.00376333   0.02188103
 -0.00375592   0.02193993
 -0.00374856   0.02199882
 -0.00374120   0.02205772
 -0.00373383   0.02211657
 -0.00372652   0.02217552
 -0.00371916   0.02223437
 -0.00371175   0.02229327
 -0.00370439   0.02235217
 -0.00369702   0.02241106
 -0.00368971   0.02246996
 -0.00368235   0.02252886
 -0.00367499   0.02258776
 -0.00366757   0.02264661
 -0.00366021   0.02270556
 -0.00365285   0.02276441
 -0.00364554   0.02282335
 -0.00363817   0.02288220
 -0.00363076   0.02294115
 -0.00362340   0.02300000
