 -0.03637500   0.02300000
 -0.03636641   0.02293153
 -0.03635791   0.02286317
 -0.03634931   0.02279470
 -0.03634081   0.02272624
 -0.03633222   0.02265786
 -0.03632372   0.02258941
 -0.03631513   0.02252094
 -0.03630653   0.02245256
 -0.03629803   0.02238411
 -0.03628944   0.02231564
 -0.03628094   0.02224727
 -0.03627235   0.02217880
 -0.03626375   0.02211035
 -0.03625525   0.02204197
 -0.03624667   0.02197350
 -0.03623817   0.02190504
 -0.03622958   0.02183667
 -0.03622107   0.02176821
 -0.03621248   0.02169974
 -0.03620389   0.02163137
 -0.03619539   0.02156291
 -0.03618680   0.02149444
 -0.03617829   0.02142607
 -0.03616970   0.02135761
 -0.03616111   0.02128915
 -0.03615261   0.02122077
 -0.03614402   0.02115231
 -0.03613551   0.02108385
 -0.03612692   0.02101547
 -0.03611842   0.02094701
 -0.03610983   0.02087855
 -0.03610124   0.02081017
 -0.03609273   0.02074171
 -0.03608414   0.02067325
 -0.03607564   0.02060488
 -0.03606705   0.02053641
 -0.03605846   0.02046795
 -0.03604995   0.02039958
 -0.03604136   0.02033111
 -0.03603286   0.02026265
 -0.03602427   0.02019428
 -0.03601577   0.02012582
 -0.03600719   0.02005735
 -0.03599859   0.01998897
 -0.03599009   0.01992052
 -0.03598150   0.01985205
 -0.03597300   0.01978368
 -0.03596441   0.01971521
 -0.03595581   0.01964676
 -0.03594731   0.01957838
 -0.03593872   0.01950991
 -0.03593022   0.01944146
 -0.03592163   0.01937308
 -0.03591312   0.01930462
 -0.03590453   0.01923615
 -0.03589594   0.01916779
 -0.03588744   0.01909932
 -0.03587885   0.01903085
 -0.03587034   0.01896249
 -0.03586175   0.01889402
 -0.03585316   0.01882556
 -0.03584466   0.01875718
 -0.03583607   0.01868873
 -0.03582756   0.01862026
 -0.03581897   0.01855188
 -0.03581047   0.01848343
 -0.03580188   0.01841496
 -0.03579329   0.01834659
 -0.03578478   0.01827812
 -0.03577619   0.01820967
 -0.03576769   0.01814129
 -0.03575911   0.01807282
 -0.03575052   0.01800437
 -0.03574201   0.01793599
 -0.03573342   0.01786753
 -0.03572492   0.01779906
 -0.03571633   0.01773069
 -0.03570783   0.01766223
 -0.03569923   0.01759376
 -0.03569064   0.01752539
 -0.03568214   0.01745693
 -0.03567355   0.01738847
 -0.03566505   0.01732009
 -0.03565645   0.01725163
 -0.03564786   0.01718317
 -0.03563936   0.01711479
 -0.03563077   0.01704633
 -0.03562227   0.01697787
 -0.03561367   0.01690949
 -0.03560517   0.01684103
 -0.03559658   0.01677257
 -0.03558799   0.01670420
 -0.03557949   0.01663573
 -0.03557089   0.01656727
 -0.03556239   0.01649890
 -0.03555380   0.01643043
 -0.03554521   0.01636197
 -0.03553671   0.01629360
 -0.03552811   0.01622514
 -0.03551962   0.01615667
 -0.03551103   0.01608829
 -0.03550253   0.01601984
 -0.03549394   0.01595137
 -0.03548535   0.01588300
 -0.03547684   0.01581453
 -0.03546825   0.01574608
 -0.03545975   0.01567770
 -0.03545116   0.01560923
 -0.03544257   0.01554087
 -0.03543406   0.01547240
 -0.03542547   0.01540394
 -0.03541697   0.01533556
 -0.03540838   0.01526711
 -0.03539987   0.01519864
 -0.03539128   0.01513026
 -0.03538269   0.01506181
 -0.03537419   0.01499334
 -0.03536560   0.01492497
 -0.03535709   0.01485650
 -0.03534850   0.01478805
 -0.03533991   0.01471967
 -0.03533141   0.01465120
 -0.03532273   0.01458275
 -0.03531369   0.01451437
 -0.03530439   0.01444608
 -0.03529465   0.01437779
 -0.03528464   0.01430961
 -0.03527419   0.01424141
 -0.03526349   0.01417329
 -0.03525241   0.01410519
 -0.03524099   0.01403717
 -0.03522930   0.01396924
 -0.03521716   0.01390139
 -0.03520476   0.01383356
 -0.03519192   0.01376580
 -0.03517881   0.01369804
 -0.03516535   0.01363046
 -0.03515153   0.01356289
 -0.03513745   0.01349540
 -0.03512292   0.01342800
 -0.03510813   0.01336070
 -0.03509299   0.01329347
 -0.03507749   0.01322625
 -0.03506163   0.01315920
 -0.03504542   0.01309216
 -0.03502895   0.01302529
 -0.03501212   0.01295842
 -0.03499494   0.01289173
 -0.03497740   0.01282504
 -0.03495951   0.01275852
 -0.03494135   0.01269201
 -0.03492284   0.01262568
 -0.03490397   0.01255943
 -0.03488475   0.01249326
 -0.03486523   0.01242720
 -0.03484535   0.01236123
 -0.03482509   0.01229543
 -0.03480452   0.01222972
 -0.03478351   0.01216411
 -0.03476220   0.01209859
 -0.03474061   0.01203316
 -0.03471856   0.01196792
 -0.03469621   0.01190275
 -0.03467348   0.01183779
 -0.03465048   0.01177281
 -0.03462710   0.01170811
 -0.03460333   0.01164341
 -0.03457920   0.01157889
 -0.03455477   0.01151455
 -0.03452997   0.01145031
 -0.03450489   0.01138616
 -0.03447943   0.01132219
 -0.03445359   0.01125831
 -0.03442747   0.01119461
 -0.03440096   0.01113109
 -0.03437417   0.01106768
 -0.03434701   0.01100444
 -0.03431947   0.01094129
 -0.03429164   0.01087833
 -0.03426345   0.01081555
 -0.03423495   0.01075286
 -0.03420609   0.01069035
 -0.03417693   0.01062803
 -0.03414741   0.01056579
 -0.03411759   0.01050375
 -0.03408740   0.01044188
 -0.03405683   0.01038021
 -0.03402608   0.01031870
 -0.03399484   0.01025730
 -0.03396342   0.01019607
 -0.03393153   0.01013504
 -0.03389944   0.01007417
 -0.03386698   0.01001351
 -0.03383413   0.00995301
 -0.03380101   0.00989271
 -0.03376759   0.00983258
 -0.03373381   0.00977264
 -0.03369973   0.00971279
 -0.03366537   0.00965321
 -0.03363063   0.00959383
 -0.03359561   0.00953462
 -0.03356030   0.00947559
 -0.03352461   0.00941675
 -0.03348864   0.00935811
 -0.03345229   0.00929963
 -0.03341575   0.00924143
 -0.03337883   0.00918333
 -0.03334162   0.00912551
 -0.03330404   0.00906785
 -0.03326626   0.00901039
 -0.03322810   0.00895321
 -0.03318967   0.00889611
 -0.03315084   0.00883930
 -0.03311183   0.00878275
 -0.03307244   0.00872630
 -0.03303277   0.00867013
 -0.03299281   0.00861414
 -0.03295256   0.00855841
 -0.03291203   0.00850288
 -0.03287121   0.00844753
 -0.03283002   0.00839247
 -0.03278862   0.00833757
 -0.03274686   0.00828296
 -0.03270490   0.00822853
 -0.03266256   0.00817439
 -0.03261993   0.00812041
 -0.03257711   0.00806663
 -0.03253392   0.00801321
 -0.03249043   0.00795990
 -0.03244675   0.00790685
 -0.03240270   0.00785407
 -0.03235845   0.00780157
 -0.03231383   0.00774927
 -0.03226900   0.00769713
 -0.03222381   0.00764538
 -0.03217842   0.00759380
 -0.03213274   0.00754241
 -0.03208677   0.00749130
 -0.03204053   0.00744046
 -0.03199408   0.00738990
 -0.03194726   0.00733961
 -0.03190025   0.00728951
 -0.03185295   0.00723968
 -0.03180536   0.00719013
 -0.03175757   0.00714077
 -0.03170950   0.00709178
 -0.03166115   0.00704296
 -0.03161251   0.00699443
 -0.03156367   0.00694617
 -0.03151455   0.00689809
 -0.03146515   0.00685040
 -0.03141554   0.00680297
 -0.03136565   0.00675572
 -0.03131548   0.00670885
 -0.03126511   0.00666216
 -0.03121446   0.00661573
 -0.03116361   0.00656960
 -0.03111247   0.00652383
 -0.03106114   0.00647825
 -0.03100953   0.00643294
 -0.03095772   0.00638800
 -0.03090563   0.00634325
 -0.03085324   0.00629877
 -0.03080076   0.00625466
 -0.03074790   0.00621075
 -0.03069493   0.00616718
 -0.03064168   0.00612391
 -0.03058814   0.00608091
 -0.03053449   0.00603819
 -0.03048057   0.00599574
 -0.03042635   0.00595357
 -0.03037204   0.00591177
 -0.03031744   0.00587016
 -0.03026255   0.00582891
 -0.03020755   0.00578795
 -0.03015227   0.00574734
 -0.03009681   0.00570693
 -0.03004114   0.00566689
 -0.02998519   0.00562712
 -0.02992912   0.00558763
 -0.02987279   0.00554851
 -0.02981624   0.00550967
 -0.02975961   0.00547109
 -0.02970267   0.00543281
 -0.02964546   0.00539489
 -0.02958815   0.00535726
 -0.02953064   0.00531998
 -0.02947293   0.00528298
 -0.02941503   0.00524627
 -0.02935685   0.00520992
 -0.02929855   0.00517385
 -0.02924007   0.00513806
 -0.02918140   0.00510264
 -0.02912252   0.00506758
 -0.02906345   0.00503272
 -0.02900428   0.00499831
 -0.02894482   0.00496409
 -0.02888526   0.00493024
 -0.02882550   0.00489676
 -0.02876555   0.00486356
 -0.02870541   0.00483073
 -0.02864506   0.00479817
 -0.02858462   0.00476590
 -0.02852398   0.00473409
 -0.02846315   0.00470246
 -0.02840221   0.00467121
 -0.02834108   0.00464031
 -0.02827975   0.00460980
 -0.02821832   0.00457955
 -0.02815670   0.00454960
 -0.02809497   0.00452001
 -0.02803305   0.00449079
 -0.02797094   0.00446185
 -0.02790872   0.00443328
 -0.02784630   0.00440507
 -0.02778378   0.00437715
 -0.02772116   0.00434959
 -0.02765834   0.00432233
 -0.02759533   0.00429542
 -0.02753231   0.00426889
 -0.02746909   0.00424273
 -0.02740568   0.00421685
 -0.02734216   0.00419133
 -0.02727854   0.00416609
 -0.02721473   0.00414123
 -0.02715090   0.00411674
 -0.02708688   0.00409262
 -0.02702267   0.00406878
 -0.02695844   0.00404531
 -0.02689402   0.00402221
 -0.02682950   0.00399948
 -0.02676487   0.00397703
 -0.02670014   0.00395495
 -0.02663531   0.00393324
 -0.02657037   0.00391190
 -0.02650523   0.00389085
 -0.02644009   0.00387015
 -0.02637475   0.00384984
 -0.02630939   0.00382989
 -0.02624385   0.00381023
 -0.02617839   0.00379067
 -0.02611281   0.00377113
 -0.02604722   0.00375170
 -0.02598162   0.00373236
 -0.02591601   0.00371305
 -0.02585029   0.00369383
 -0.02578464   0.00367464
 -0.02571889   0.00365555
 -0.02565313   0.00363657
 -0.02558736   0.00361760
 -0.02552157   0.00359874
 -0.02545576   0.00357990
 -0.02538994   0.00356125
 -0.02532402   0.00354253
 -0.02525809   0.00352401
 -0.02519214   0.00350549
 -0.02512618   0.00348701
 -0.02506021   0.00346871
 -0.02499421   0.00345034
 -0.02492813   0.00343216
 -0.02486211   0.00341401
 -0.02479599   0.00339595
 -0.02472987   0.00337792
 -0.02466373   0.00335999
 -0.02459756   0.00334217
 -0.02453131   0.00332437
 -0.02446513   0.00330668
 -0.02439884   0.00328899
 -0.02433255   0.00327142
 -0.02426625   0.00325395
 -0.02419991   0.00323650
 -0.02413358   0.00321916
 -0.02406715   0.00320193
 -0.02400080   0.00318472
 -0.02393433   0.00316760
 -0.02386787   0.00315051
 -0.02380147   0.00313352
 -0.02373488   0.00311665
 -0.02366838   0.00309978
 -0.02360185   0.00308303
 -0.02353523   0.00306629
 -0.02346869   0.00304967
 -0.02340204   0.00303315
 -0.02333538   0.00301674
 -0.02326871   0.00300034
 -0.02320203   0.00298397
 -0.02313534   0.00296779
 -0.02306855   0.00295153
 -0.02300185   0.00293547
 -0.02293503   0.00291944
 -0.02286821   0.00290352
 -0.02280137   0.00288761
 -0.02273452   0.00287181
 -0.02266766   0.00285611
 -0.02260070   0.00284044
 -0.02253383   0.00282486
 -0.02246685   0.00280941
 -0.02239994   0.00279397
 -0.02233295   0.00277855
 -0.02226593   0.00276333
 -0.02219891   0.00274812
 -0.02213180   0.00273293
 -0.02206476   0.00271793
 -0.02199761   0.00270297
 -0.02193054   0.00268802
 -0.02186339   0.00267317
 -0.02179622   0.00265844
 -0.02172903   0.00264372
 -0.02166185   0.00262912
 -0.02159464   0.00261461
 -0.02152734   0.00260014
 -0.02146012   0.00258577
 -0.02139280   0.00257151
 -0.02132557   0.00255726
 -0.02125823   0.00254312
 -0.02119088   0.00252901
 -0.02112353   0.00251501
 -0.02105616   0.00250110
 -0.02098870   0.00248722
 -0.02092131   0.00247345
 -0.02085383   0.00245971
 -0.02078643   0.00244606
 -0.02071893   0.00243254
 -0.02065142   0.00241912
 -0.02058391   0.00240571
 -0.02051639   0.00239233
 -0.02044885   0.00237914
 -0.02038131   0.00236597
 -0.02031367   0.00235283
 -0.02024611   0.00233980
 -0.02017846   0.00232687
 -0.02011080   0.00231405
 -0.02004312   0.00230125
 -0.01997544   0.00228848
 -0.01990776   0.00227589
 -0.01984007   0.00226333
 -0.01977237   0.00225080
 -0.01970456   0.00223836
 -0.01963685   0.00222604
 -0.01956903   0.00221384
 -0.01950130   0.00220164
 -0.01943347   0.00218947
 -0.01936563   0.00217750
 -0.01929780   0.00216555
 -0.01922994   0.00215361
 -0.01916200   0.00214189
 -0.01909413   0.00213009
 -0.01902626   0.00211848
 -0.01895830   0.00210690
 -0.01889041   0.00209543
 -0.01882243   0.00208398
 -0.01875445   0.00207263
 -0.01868645   0.00206141
 -0.01861846   0.00205020
 -0.01855045   0.00203910
 -0.01848244   0.00202810
 -0.01841442   0.00201713
 -0.01834631   0.00200627
 -0.01827829   0.00199542
 -0.01821016   0.00198470
 -0.01814203   0.00197408
 -0.01807398   0.00196347
 -0.01800584   0.00195299
 -0.01793770   0.00194260
 -0.01786955   0.00193223
 -0.01780139   0.00192195
 -0.01773315   0.00191167
 -0.01766501   0.00190148
 -0.01759686   0.00189140
 -0.01752861   0.00188130
 -0.01746046   0.00187130
 -0.01739222   0.00186139
 -0.01732398   0.00185150
 -0.01725582   0.00184169
 -0.01718758   0.00183197
 -0.01714855   0.00182617
 -0.01710952   0.00182070
 -0.01707049   0.00181546
 -0.01703134   0.00181046
 -0.01699218   0.00180569
 -0.01695301   0.00180115
 -0.01691383   0.00179693
 -0.01687464   0.00179286
 -0.01683535   0.00178902
 -0.01679606   0.00178542
 -0.01675685   0.00178213
 -0.01671744   0.00177899
 -0.01667813   0.00177617
 -0.01663880   0.00177351
 -0.01659947   0.00177115
 -0.01656004   0.00176904
 -0.01652061   0.00176716
 -0.01648127   0.00176551
 -0.01644183   0.00176410
 -0.01640239   0.00176292
 -0.01636294   0.00176197
 -0.01632349   0.00176125
 -0.01628405   0.00176079
 -0.01624460   0.00176063
 -0.01620515   0.00176062
 -0.01616570   0.00176093
 -0.01612634   0.00176139
 -0.01608689   0.00176217
 -0.01604744   0.00176318
 -0.01600801   0.00176434
 -0.01596857   0.00176582
 -0.01592922   0.00176754
 -0.01588978   0.00176949
 -0.01585036   0.00177168
 -0.01581103   0.00177410
 -0.01577169   0.00177684
 -0.01573238   0.00177973
 -0.01569307   0.00178285
 -0.01565375   0.00178629
 -0.01561446   0.00178988
 -0.01557526   0.00179378
 -0.01553598   0.00179784
 -0.01549680   0.00180221
 -0.01545762   0.00180683
 -0.01541855   0.00181167
 -0.01537940   0.00181665
 -0.01534036   0.00182196
 -0.01530131   0.00182749
 -0.01526238   0.00183327
 -0.01521927   0.00184042
 -0.01515221   0.00185052
 -0.01508515   0.00186072
 -0.01501819   0.00187095
 -0.01495113   0.00188128
 -0.01488408   0.00189172
 -0.01481713   0.00190227
 -0.01475010   0.00191284
 -0.01468316   0.00192343
 -0.01461622   0.00193413
 -0.01454931   0.00194494
 -0.01448238   0.00195585
 -0.01441546   0.00196680
 -0.01434855   0.00197776
 -0.01428165   0.00198891
 -0.01421475   0.00199999
 -0.01414795   0.00201129
 -0.01408107   0.00202259
 -0.01401428   0.00203400
 -0.01394741   0.00204543
 -0.01388064   0.00205698
 -0.01381387   0.00206854
 -0.01374711   0.00208030
 -0.01368036   0.00209198
 -0.01361361   0.00210387
 -0.01354695   0.00211578
 -0.01348023   0.00212771
 -0.01341350   0.00213974
 -0.01334686   0.00215189
 -0.01328025   0.00216414
 -0.01321355   0.00217641
 -0.01314693   0.00218870
 -0.01308034   0.00220110
 -0.01301375   0.00221361
 -0.01294725   0.00222623
 -0.01288068   0.00223886
 -0.01281411   0.00225151
 -0.01274763   0.00226437
 -0.01268108   0.00227724
 -0.01261463   0.00229013
 -0.01254818   0.00230313
 -0.01248175   0.00231624
 -0.01241531   0.00232937
 -0.01234889   0.00234260
 -0.01228248   0.00235595
 -0.01221615   0.00236930
 -0.01214977   0.00238277
 -0.01208347   0.00239626
 -0.01201709   0.00240985
 -0.01195080   0.00242348
 -0.01188453   0.00243728
 -0.01181827   0.00245103
 -0.01175201   0.00246497
 -0.01168586   0.00247893
 -0.01161963   0.00249290
 -0.01155349   0.00250707
 -0.01148727   0.00252118
 -0.01142115   0.00253548
 -0.01135504   0.00254980
 -0.01128894   0.00256422
 -0.01122285   0.00257867
 -0.01115677   0.00259322
 -0.01109071   0.00260779
 -0.01102473   0.00262247
 -0.01095868   0.00263725
 -0.01089273   0.00265205
 -0.01082679   0.00266696
 -0.01076086   0.00268189
 -0.01069493   0.00269702
 -0.01062903   0.00271208
 -0.01056312   0.00272732
 -0.01049731   0.00274251
 -0.01043144   0.00275787
 -0.01036566   0.00277327
 -0.01029980   0.00278877
 -0.01023404   0.00280430
 -0.01016829   0.00281992
 -0.01010264   0.00283565
 -0.01003692   0.00285140
 -0.00997120   0.00286717
 -0.00990559   0.00288314
 -0.00983990   0.00289912
 -0.00977429   0.00291511
 -0.00970871   0.00293122
 -0.00964315   0.00294743
 -0.00957759   0.00296375
 -0.00951213   0.00298000
 -0.00944659   0.00299644
 -0.00938115   0.00301290
 -0.00931573   0.00302947
 -0.00925023   0.00304605
 -0.00918483   0.00306273
 -0.00911953   0.00307954
 -0.00905415   0.00309635
 -0.00898879   0.00311326
 -0.00892352   0.00313020
 -0.00885818   0.00314724
 -0.00879293   0.00316439
 -0.00872770   0.00318156
 -0.00866249   0.00319883
 -0.00859729   0.00321612
 -0.00853219   0.00323351
 -0.00846700   0.00325101
 -0.00840193   0.00326853
 -0.00833687   0.00328615
 -0.00827181   0.00330379
 -0.00820677   0.00332154
 -0.00814175   0.00333939
 -0.00807673   0.00335726
 -0.00801182   0.00337522
 -0.00794683   0.00339321
 -0.00788195   0.00341131
 -0.00781707   0.00342951
 -0.00775221   0.00344772
 -0.00768737   0.00346605
 -0.00762263   0.00348438
 -0.00755780   0.00350283
 -0.00749309   0.00352137
 -0.00742839   0.00353993
 -0.00736369   0.00355860
 -0.00729901   0.00357728
 -0.00723436   0.00359607
 -0.00716971   0.00361496
 -0.00710515   0.00363387
 -0.00704063   0.00365289
 -0.00697611   0.00367191
 -0.00691160   0.00369105
 -0.00684711   0.00371029
 -0.00678263   0.00372954
 -0.00671827   0.00374890
 -0.00665390   0.00376845
 -0.00658956   0.00378828
 -0.00652540   0.00380847
 -0.00646135   0.00382905
 -0.00639741   0.00384990
 -0.00633356   0.00387112
 -0.00626982   0.00389271
 -0.00620627   0.00391459
 -0.00614273   0.00393683
 -0.00607930   0.00395935
 -0.00601606   0.00398234
 -0.00595293   0.00400551
 -0.00588980   0.00402914
 -0.00582697   0.00405305
 -0.00576413   0.00407724
 -0.00570150   0.00410189
 -0.00563888   0.00412674
 -0.00557655   0.00415203
 -0.00551422   0.00417761
 -0.00545209   0.00420347
 -0.00539007   0.00422970
 -0.00532815   0.00425630
 -0.00526642   0.00428318
 -0.00520480   0.00431033
 -0.00514337   0.00433794
 -0.00508203   0.00436575
 -0.00502090   0.00439392
 -0.00495987   0.00442246
 -0.00489894   0.00445129
 -0.00483821   0.00448047
 -0.00477767   0.00450995
 -0.00471723   0.00453978
 -0.00465699   0.00456990
 -0.00459685   0.00460030
 -0.00453691   0.00463107
 -0.00447715   0.00466220
 -0.00441751   0.00469361
 -0.00435805   0.00472530
 -0.00429870   0.00475736
 -0.00423955   0.00478970
 -0.00418059   0.00482231
 -0.00412183   0.00485529
 -0.00406316   0.00488856
 -0.00400478   0.00492220
 -0.00394651   0.00495610
 -0.00388834   0.00499029
 -0.00383045   0.00502485
 -0.00377266   0.00505959
 -0.00371516   0.00509480
 -0.00365777   0.00513019
 -0.00360057   0.00516595
 -0.00354356   0.00520198
 -0.00348675   0.00523838
 -0.00343014   0.00527497
 -0.00337372   0.00531193
 -0.00331748   0.00534917
 -0.00326145   0.00538677
 -0.00320561   0.00542457
 -0.00314988   0.00546272
 -0.00309442   0.00550116
 -0.00303925   0.00553988
 -0.00298420   0.00557887
 -0.00292933   0.00561823
 -0.00287465   0.00565778
 -0.00282027   0.00569770
 -0.00276607   0.00573789
 -0.00271197   0.00577836
 -0.00265817   0.00581910
 -0.00260466   0.00586021
 -0.00255123   0.00590151
 -0.00249811   0.00594309
 -0.00244517   0.00598503
 -0.00239243   0.00602717
 -0.00233997   0.00606966
 -0.00228770   0.00611235
 -0.00223564   0.00615539
 -0.00218377   0.00619863
 -0.00213217   0.00624223
 -0.00208087   0.00628603
 -0.00202967   0.00633019
 -0.00197876   0.00637453
 -0.00192813   0.00641915
 -0.00187769   0.00646404
 -0.00182745   0.00650922
 -0.00177750   0.00655467
 -0.00172773   0.00660039
 -0.00167826   0.00664639
 -0.00162899   0.00669267
 -0.00157999   0.00673913
 -0.00153128   0.00678588
 -0.00148276   0.00683289
 -0.00143444   0.00688018
 -0.00138641   0.00692775
 -0.00133865   0.00697550
 -0.00129119   0.00702353
 -0.00124392   0.00707183
 -0.00119685   0.00712041
 -0.00115015   0.00716919
 -0.00110363   0.00721822
 -0.00105733   0.00726754
 -0.00101139   0.00731704
 -0.00096565   0.00736682
 -0.00092020   0.00741688
 -0.00087494   0.00746711
 -0.00083006   0.00751762
 -0.00078537   0.00756832
 -0.00074097   0.00761930
 -0.00069684   0.00767055
 -0.00065293   0.00772199
 -0.00060938   0.00777369
 -0.00056602   0.00782559
 -0.00052295   0.00787775
 -0.00048017   0.00793011
 -0.00043767   0.00798265
 -0.00039546   0.00803555
 -0.00035345   0.00808855
 -0.00031181   0.00814183
 -0.00027044   0.00819528
 -0.00022929   0.00824901
 -0.00018851   0.00830293
 -0.00014791   0.00835712
 -0.00010770   0.00841141
 -0.00006768   0.00846606
 -0.00002804   0.00852080
  0.00001142   0.00857581
  0.00005048   0.00863103
  0.00008927   0.00868640
  0.00012786   0.00874207
  0.00016608   0.00879782
  0.00020402   0.00885385
  0.00024166   0.00891006
  0.00027902   0.00896655
  0.00031609   0.00902313
  0.00035279   0.00907999
  0.00038929   0.00913703
  0.00042542   0.00919415
  0.00046127   0.00925156
  0.00049682   0.00930914
  0.00053209   0.00936691
  0.00056708   0.00942496
  0.00060169   0.00948310
  0.00063602   0.00954143
  0.00067006   0.00959993
  0.00070381   0.00965862
  0.00073718   0.00971749
  0.00077028   0.00977655
  0.00080308   0.00983579
  0.00083551   0.00989520
  0.00086775   0.00995473
  0.00089961   0.01001451
  0.00093109   0.01007439
  0.00096229   0.01013455
  0.00099321   0.01019479
  0.00102383   0.01025513
  0.00105409   0.01031574
  0.00108404   0.01037645
  0.00111363   0.01043733
  0.00114294   0.01049840
  0.00117196   0.01055965
  0.00120060   0.01062100
  0.00122896   0.01068252
  0.00125703   0.01074415
  0.00128464   0.01080594
  0.00131204   0.01086792
  0.00133908   0.01093001
  0.00136582   0.01099227
  0.00139220   0.01105470
  0.00141828   0.01111714
  0.00144400   0.01117985
  0.00146933   0.01124266
  0.00149448   0.01130556
  0.00151915   0.01136864
  0.00154354   0.01143190
  0.00156764   0.01149517
  0.00159137   0.01155861
  0.00161481   0.01162223
  0.00163787   0.01168596
  0.00166056   0.01174976
  0.00168296   0.01181376
  0.00170500   0.01187783
  0.00172674   0.01194201
  0.00174811   0.01200628
  0.00176918   0.01207072
  0.00178989   0.01213526
  0.00181021   0.01219988
  0.00183027   0.01226460
  0.00184993   0.01232942
  0.00186931   0.01239441
  0.00188835   0.01245948
  0.00190702   0.01252466
  0.00192543   0.01258982
  0.00194339   0.01265517
  0.00196118   0.01272060
  0.00197853   0.01278622
  0.00199561   0.01285182
  0.00201243   0.01291753
  0.00202879   0.01298331
  0.00204490   0.01304919
  0.00206075   0.01311515
  0.00207615   0.01318113
  0.00209128   0.01324726
  0.00210605   0.01331349
  0.00212056   0.01337973
  0.00213472   0.01344613
  0.00214853   0.01351254
  0.00216198   0.01357895
  0.00217515   0.01364554
  0.00218799   0.01371212
  0.00220046   0.01377889
  0.00221267   0.01384555
  0.00222444   0.01391241
  0.00223593   0.01397926
  0.00224708   0.01404620
  0.00225797   0.01411314
  0.00226849   0.01418025
  0.00227867   0.01424728
  0.00228849   0.01431439
  0.00229794   0.01438161
  0.00230714   0.01444889
  0.00231599   0.01451611
  0.00232448   0.01458348
  0.00233297   0.01465078
  0.00234136   0.01471816
  0.00234977   0.01478546
  0.00235817   0.01485275
  0.00236657   0.01492014
  0.00237497   0.01498743
  0.00238345   0.01505480
  0.00239186   0.01512210
  0.00240026   0.01518948
  0.00240866   0.01525678
  0.00241707   0.01532407
  0.00242546   0.01539146
  0.00243395   0.01545875
  0.00244235   0.01552613
  0.00245075   0.01559342
  0.00245916   0.01566081
  0.00246755   0.01572810
  0.00247604   0.01579549
  0.00248444   0.01586278
  0.00249285   0.01593008
  0.00250125   0.01599745
  0.00250965   0.01606474
  0.00251804   0.01613213
  0.00252653   0.01619942
  0.00253494   0.01626681
  0.00254334   0.01633410
  0.00255174   0.01640140
  0.00256013   0.01646877
  0.00256863   0.01653607
  0.00257703   0.01660345
  0.00258543   0.01667075
  0.00259383   0.01673813
  0.00260223   0.01680543
  0.00261063   0.01687272
  0.00261912   0.01694009
  0.00262752   0.01700739
  0.00263593   0.01707477
  0.00264432   0.01714207
  0.00265272   0.01720945
  0.00266112   0.01727675
  0.00266961   0.01734413
  0.00267802   0.01741143
  0.00268642   0.01747871
  0.00269481   0.01754610
  0.00270321   0.01761339
  0.00271171   0.01768078
  0.00272011   0.01774807
  0.00272851   0.01781545
  0.00273690   0.01788275
  0.00274531   0.01795003
  0.00275371   0.01801742
  0.00276220   0.01808471
  0.00277060   0.01815210
  0.00277899   0.01821939
  0.00278740   0.01828678
  0.00279580   0.01835407
  0.00280429   0.01842137
  0.00281269   0.01848874
  0.00282109   0.01855604
  0.00282949   0.01862342
  0.00283789   0.01869071
  0.00284629   0.01875810
  0.00285479   0.01882539
  0.00286318   0.01889277
  0.00287158   0.01896006
  0.00287998   0.01902736
  0.00288839   0.01909474
  0.00289688   0.01916204
  0.00290528   0.01922942
  0.00291367   0.01929672
  0.00292207   0.01936409
  0.00293048   0.01943139
  0.00293888   0.01949868
  0.00294737   0.01956606
  0.00295576   0.01963336
  0.00296417   0.01970074
  0.00297257   0.01976804
  0.00298097   0.01983541
  0.00298937   0.01990271
  0.00299785   0.01997000
  0.00300626   0.02003739
  0.00301466   0.02010468
  0.00302306   0.02017207
  0.00303147   0.02023936
  0.00303995   0.02030675
  0.00304835   0.02037403
  0.00305675   0.02044132
  0.00306515   0.02050871
  0.00307356   0.02057600
  0.00308195   0.02064339
  0.00309044   0.02071068
  0.00309884   0.02077807
  0.00310725   0.02084535
  0.00311565   0.02091274
  0.00312405   0.02098003
  0.00313253   0.02104733
  0.00314093   0.02111471
  0.00314934   0.02118201
  0.00315774   0.02124939
  0.00316614   0.02131667
  0.00317453   0.02138406
  0.00318303   0.02145135
  0.00319143   0.02151865
  0.00319983   0.02158603
  0.00320823   0.02165333
  0.00321663   0.02172071
  0.00322512   0.02178801
  0.00323352   0.02185538
  0.00324192   0.02192268
  0.00325033   0.02198997
  0.00325872   0.02205736
  0.00326712   0.02212465
  0.00327561   0.02219203
  0.00328401   0.02225933
  0.00329242   0.02232670
  0.00330081   0.02239400
  0.00330921   0.02246138
  0.00331761   0.02252868
  0.00332611   0.02259597
  0.00333451   0.02266336
  0.00334291   0.02273065
  0.00335130   0.02279803
  0.00335971   0.02286532
  0.00336820   0.02293271
  0.00337660   0.02300000
