 -0.03601350   0.02300000
 -0.03600713   0.02290508
 -0.03600065   0.02281007
 -0.03599428   0.02271515
 -0.03598786   0.02262023
 -0.03598149   0.02252527
 -0.03597502   0.02243030
 -0.03596864   0.02233533
 -0.03596227   0.02224042
 -0.03595580   0.02214550
 -0.03594943   0.02205048
 -0.03594300   0.02195557
 -0.03593663   0.02186065
 -0.03593016   0.02176563
 -0.03592379   0.02167072
 -0.03591737   0.02157575
 -0.03591095   0.02148083
 -0.03590457   0.02138587
 -0.03589815   0.02129090
 -0.03589178   0.02119598
 -0.03588531   0.02110107
 -0.03587893   0.02100605
 -0.03587251   0.02091114
 -0.03586609   0.02081617
 -0.03585972   0.02072120
 -0.03585330   0.02062629
 -0.03584692   0.02053132
 -0.03584045   0.02043640
 -0.03583408   0.02034144
 -0.03582766   0.02024647
 -0.03582124   0.02015155
 -0.03581486   0.02005654
 -0.03580844   0.01996162
 -0.03580207   0.01986670
 -0.03579560   0.01977173
 -0.03578923   0.01967677
 -0.03578280   0.01958185
 -0.03577638   0.01948689
 -0.03576996   0.01939197
 -0.03576359   0.01929695
 -0.03575721   0.01920204
 -0.03575074   0.01910712
 -0.03574437   0.01901210
 -0.03573795   0.01891719
 -0.03573153   0.01882227
 -0.03572510   0.01872730
 -0.03571873   0.01863234
 -0.03571236   0.01853737
 -0.03570589   0.01844245
 -0.03569952   0.01834754
 -0.03569309   0.01825252
 -0.03568667   0.01815760
 -0.03568025   0.01806269
 -0.03567388   0.01796767
 -0.03566751   0.01787275
 -0.03566103   0.01777779
 -0.03565466   0.01768287
 -0.03564824   0.01758791
 -0.03564187   0.01749294
 -0.03563539   0.01739802
 -0.03562902   0.01730310
 -0.03562265   0.01720809
 -0.03561618   0.01711317
 -0.03560981   0.01701820
 -0.03560338   0.01692324
 -0.03559701   0.01682832
 -0.03559054   0.01673335
 -0.03558417   0.01663844
 -0.03557775   0.01654347
 -0.03557132   0.01644850
 -0.03556495   0.01635359
 -0.03555853   0.01625862
 -0.03555216   0.01616366
 -0.03554569   0.01606874
 -0.03553931   0.01597377
 -0.03553279   0.01587881
 -0.03552580   0.01578389
 -0.03551839   0.01568897
 -0.03551058   0.01559411
 -0.03550229   0.01549920
 -0.03549350   0.01540438
 -0.03548434   0.01530957
 -0.03547471   0.01521476
 -0.03546463   0.01512005
 -0.03545412   0.01502539
 -0.03544321   0.01493073
 -0.03543182   0.01483613
 -0.03541993   0.01474157
 -0.03540767   0.01464712
 -0.03539500   0.01455272
 -0.03538181   0.01445833
 -0.03536821   0.01436403
 -0.03535420   0.01426984
 -0.03533972   0.01417565
 -0.03532478   0.01408161
 -0.03530947   0.01398762
 -0.03529370   0.01389374
 -0.03527741   0.01379986
 -0.03526082   0.01370618
 -0.03524370   0.01361255
 -0.03522623   0.01351903
 -0.03520824   0.01342562
 -0.03518989   0.01333230
 -0.03517107   0.01323914
 -0.03515179   0.01314598
 -0.03513215   0.01305303
 -0.03511204   0.01296018
 -0.03509151   0.01286748
 -0.03507053   0.01277484
 -0.03504918   0.01268240
 -0.03502742   0.01259007
 -0.03500515   0.01249784
 -0.03498251   0.01240582
 -0.03495945   0.01231390
 -0.03493599   0.01222218
 -0.03491206   0.01213052
 -0.03488772   0.01203907
 -0.03486273   0.01194787
 -0.03483698   0.01185677
 -0.03481062   0.01176592
 -0.03478357   0.01167528
 -0.03475590   0.01158480
 -0.03472749   0.01149462
 -0.03469847   0.01140459
 -0.03466874   0.01131487
 -0.03463836   0.01122530
 -0.03460733   0.01113598
 -0.03457564   0.01104697
 -0.03454330   0.01095812
 -0.03451026   0.01086962
 -0.03447661   0.01078127
 -0.03444231   0.01069323
 -0.03440735   0.01060544
 -0.03437179   0.01051796
 -0.03433548   0.01043073
 -0.03429861   0.01034376
 -0.03426104   0.01025714
 -0.03422287   0.01017073
 -0.03418409   0.01008472
 -0.03414466   0.00999892
 -0.03410457   0.00991342
 -0.03406383   0.00982832
 -0.03402254   0.00974343
 -0.03398060   0.00965895
 -0.03393805   0.00957472
 -0.03389480   0.00949085
 -0.03385099   0.00940733
 -0.03380658   0.00932412
 -0.03376152   0.00924121
 -0.03371591   0.00915871
 -0.03366969   0.00907656
 -0.03362277   0.00899477
 -0.03357535   0.00891328
 -0.03352732   0.00883225
 -0.03347865   0.00875153
 -0.03342942   0.00867116
 -0.03337958   0.00859119
 -0.03332919   0.00851159
 -0.03327821   0.00843243
 -0.03322662   0.00835359
 -0.03317442   0.00827520
 -0.03312173   0.00819721
 -0.03306838   0.00811958
 -0.03301453   0.00804241
 -0.03296012   0.00796564
 -0.03290512   0.00788928
 -0.03284956   0.00781327
 -0.03279345   0.00773777
 -0.03273679   0.00766268
 -0.03267957   0.00758804
 -0.03262181   0.00751381
 -0.03256354   0.00743998
 -0.03250472   0.00736666
 -0.03244530   0.00729380
 -0.03238543   0.00722134
 -0.03232500   0.00714934
 -0.03226403   0.00707785
 -0.03220260   0.00700681
 -0.03214062   0.00693623
 -0.03207809   0.00686605
 -0.03201506   0.00679643
 -0.03195152   0.00672727
 -0.03188749   0.00665861
 -0.03182300   0.00659041
 -0.03175797   0.00652271
 -0.03169248   0.00645552
 -0.03162649   0.00638884
 -0.03156000   0.00632262
 -0.03149301   0.00625690
 -0.03142557   0.00619174
 -0.03135763   0.00612708
 -0.03128928   0.00606288
 -0.03122044   0.00599924
 -0.03115115   0.00593610
 -0.03108140   0.00587353
 -0.03101116   0.00581145
 -0.03094046   0.00574994
 -0.03086937   0.00568893
 -0.03079787   0.00562852
 -0.03072588   0.00556853
 -0.03065343   0.00550924
 -0.03058063   0.00545035
 -0.03050734   0.00539213
 -0.03043364   0.00533436
 -0.03035954   0.00527725
 -0.03028500   0.00522069
 -0.03021010   0.00516464
 -0.03013481   0.00510915
 -0.03005906   0.00505426
 -0.02998297   0.00499994
 -0.02990647   0.00494621
 -0.02982958   0.00489305
 -0.02975234   0.00484044
 -0.02967470   0.00478844
 -0.02959670   0.00473699
 -0.02951826   0.00468620
 -0.02943957   0.00463597
 -0.02936044   0.00458635
 -0.02928100   0.00453728
 -0.02920121   0.00448887
 -0.02912103   0.00444102
 -0.02904059   0.00439382
 -0.02895976   0.00434713
 -0.02887858   0.00430115
 -0.02879715   0.00425577
 -0.02871532   0.00421090
 -0.02863319   0.00416679
 -0.02855077   0.00412323
 -0.02846804   0.00408023
 -0.02838502   0.00403794
 -0.02830165   0.00399625
 -0.02821803   0.00395517
 -0.02813417   0.00391480
 -0.02804995   0.00387498
 -0.02796559   0.00383557
 -0.02788099   0.00379645
 -0.02779619   0.00375757
 -0.02771125   0.00371894
 -0.02762611   0.00368065
 -0.02754082   0.00364266
 -0.02745529   0.00360492
 -0.02736962   0.00356742
 -0.02728379   0.00353026
 -0.02719778   0.00349335
 -0.02711162   0.00345673
 -0.02702531   0.00342036
 -0.02693876   0.00338434
 -0.02685206   0.00334861
 -0.02676527   0.00331312
 -0.02667823   0.00327793
 -0.02659104   0.00324303
 -0.02650371   0.00320843
 -0.02641624   0.00317413
 -0.02632857   0.00314011
 -0.02624080   0.00310635
 -0.02615288   0.00307292
 -0.02606478   0.00303984
 -0.02597647   0.00300696
 -0.02588807   0.00297442
 -0.02579952   0.00294223
 -0.02571083   0.00291028
 -0.02562199   0.00287862
 -0.02553300   0.00284726
 -0.02544387   0.00281624
 -0.02535465   0.00278547
 -0.02526522   0.00275504
 -0.02517565   0.00272491
 -0.02508598   0.00269507
 -0.02499617   0.00266557
 -0.02490626   0.00263637
 -0.02481615   0.00260741
 -0.02472600   0.00257885
 -0.02463565   0.00255053
 -0.02454520   0.00252256
 -0.02445461   0.00249493
 -0.02436397   0.00246754
 -0.02427313   0.00244050
 -0.02418220   0.00241375
 -0.02409117   0.00238730
 -0.02399999   0.00236119
 -0.02390866   0.00233542
 -0.02381729   0.00230990
 -0.02372582   0.00228472
 -0.02363421   0.00225988
 -0.02354249   0.00223535
 -0.02345068   0.00221115
 -0.02335872   0.00218724
 -0.02326672   0.00216364
 -0.02317461   0.00214037
 -0.02308231   0.00211745
 -0.02299001   0.00209487
 -0.02289762   0.00207254
 -0.02280507   0.00205060
 -0.02271248   0.00202891
 -0.02261984   0.00200755
 -0.02252701   0.00198659
 -0.02243417   0.00196588
 -0.02234124   0.00194551
 -0.02224816   0.00192548
 -0.02215508   0.00190574
 -0.02206190   0.00188635
 -0.02196863   0.00186716
 -0.02187535   0.00184807
 -0.02178212   0.00182908
 -0.02168880   0.00181024
 -0.02159547   0.00179150
 -0.02150214   0.00177286
 -0.02140872   0.00175433
 -0.02131534   0.00173594
 -0.02122191   0.00171761
 -0.02112849   0.00169942
 -0.02103506   0.00168134
 -0.02094153   0.00166340
 -0.02084811   0.00164557
 -0.02075458   0.00162784
 -0.02066100   0.00161021
 -0.02056743   0.00159268
 -0.02047385   0.00157530
 -0.02038028   0.00155803
 -0.02028665   0.00154090
 -0.02019297   0.00152382
 -0.02009935   0.00150690
 -0.02000562   0.00149008
 -0.01991199   0.00147330
 -0.01981827   0.00145673
 -0.01972454   0.00144021
 -0.01963071   0.00142389
 -0.01953699   0.00140762
 -0.01944316   0.00139145
 -0.01934934   0.00137543
 -0.01925551   0.00135946
 -0.01916168   0.00134365
 -0.01906776   0.00132793
 -0.01897393   0.00131242
 -0.01888000   0.00129690
 -0.01878608   0.00128154
 -0.01869210   0.00126633
 -0.01859818   0.00125122
 -0.01850415   0.00123616
 -0.01841018   0.00122125
 -0.01831615   0.00120644
 -0.01822212   0.00119183
 -0.01812810   0.00117727
 -0.01803402   0.00116282
 -0.01793994   0.00114841
 -0.01784587   0.00113421
 -0.01775174   0.00112016
 -0.01765757   0.00110615
 -0.01756344   0.00109225
 -0.01746927   0.00107850
 -0.01737509   0.00106485
 -0.01728087   0.00105130
 -0.01718669   0.00103785
 -0.01709247   0.00102456
 -0.01699819   0.00101136
 -0.01690397   0.00099831
 -0.01680969   0.00098532
 -0.01671542   0.00097242
 -0.01662114   0.00095973
 -0.01652677   0.00094709
 -0.01643249   0.00093460
 -0.01633812   0.00092216
 -0.01624374   0.00090987
 -0.01614937   0.00089773
 -0.01605499   0.00088564
 -0.01596057   0.00087371
 -0.01586620   0.00086187
 -0.01577172   0.00085018
 -0.01567730   0.00083855
 -0.01558282   0.00082707
 -0.01548835   0.00081568
 -0.01539393   0.00080440
 -0.01529940   0.00079332
 -0.01520493   0.00078229
 -0.01511035   0.00077131
 -0.01501583   0.00076053
 -0.01492131   0.00074985
 -0.01482673   0.00073923
 -0.01473216   0.00072875
 -0.01463759   0.00071848
 -0.01454302   0.00070820
 -0.01444839   0.00069808
 -0.01435377   0.00068806
 -0.01425915   0.00067808
 -0.01416452   0.00066816
 -0.01406985   0.00065828
 -0.01397528   0.00064850
 -0.01388061   0.00063878
 -0.01378594   0.00062910
 -0.01369127   0.00061952
 -0.01359660   0.00060989
 -0.01350192   0.00060046
 -0.01340720   0.00059103
 -0.01331253   0.00058165
 -0.01321781   0.00057231
 -0.01312304   0.00056313
 -0.01302832   0.00055394
 -0.01293360   0.00054481
 -0.01283888   0.00053572
 -0.01274416   0.00052678
 -0.01264939   0.00051780
 -0.01255458   0.00050896
 -0.01245986   0.00050012
 -0.01236509   0.00049138
 -0.01227032   0.00048268
 -0.01217550   0.00047404
 -0.01208068   0.00046550
 -0.01198592   0.00045700
 -0.01189105   0.00044856
 -0.01179628   0.00044016
 -0.01170146   0.00043187
 -0.01160659   0.00042362
 -0.01151178   0.00041542
 -0.01141691   0.00040727
 -0.01132209   0.00039922
 -0.01122718   0.00039117
 -0.01113236   0.00038322
 -0.01103744   0.00037532
 -0.01094263   0.00036747
 -0.01084771   0.00035976
 -0.01075285   0.00035206
 -0.01065793   0.00034440
 -0.01056307   0.00033679
 -0.01046810   0.00032929
 -0.01037318   0.00032183
 -0.01027827   0.00031447
 -0.01018335   0.00030711
 -0.01008839   0.00029980
 -0.00999348   0.00029259
 -0.00989851   0.00028548
 -0.00980355   0.00027836
 -0.00970858   0.00027140
 -0.00961367   0.00026439
 -0.00951870   0.00025752
 -0.00942369   0.00025065
 -0.00932873   0.00024389
 -0.00923371   0.00023717
 -0.00913880   0.00023050
 -0.00904379   0.00022393
 -0.00894877   0.00021741
 -0.00885376   0.00021089
 -0.00875875   0.00020452
 -0.00866373   0.00019814
 -0.00856867   0.00019187
 -0.00847366   0.00018569
 -0.00837860   0.00017947
 -0.00828358   0.00017339
 -0.00818852   0.00016737
 -0.00809351   0.00016139
 -0.00799845   0.00015546
 -0.00790339   0.00014963
 -0.00780833   0.00014380
 -0.00771326   0.00013807
 -0.00761820   0.00013243
 -0.00752309   0.00012680
 -0.00742803   0.00012127
 -0.00733297   0.00011578
 -0.00723786   0.00011040
 -0.00714280   0.00010501
 -0.00704769   0.00009967
 -0.00695253   0.00009448
 -0.00685747   0.00008930
 -0.00676236   0.00008421
 -0.00666725   0.00007912
 -0.00657214   0.00007412
 -0.00647697   0.00006923
 -0.00638186   0.00006434
 -0.00628675   0.00005955
 -0.00619160   0.00005485
 -0.00609644   0.00005016
 -0.00600133   0.00004556
 -0.00590617   0.00004101
 -0.00581106   0.00003646
 -0.00571585   0.00003207
 -0.00562069   0.00002772
 -0.00552558   0.00002336
 -0.00550060   0.00002214
 -0.00547572   0.00002096
 -0.00545079   0.00001983
 -0.00542590   0.00001875
 -0.00540097   0.00001772
 -0.00537599   0.00001679
 -0.00535111   0.00001585
 -0.00532618   0.00001497
 -0.00530125   0.00001414
 -0.00527627   0.00001335
 -0.00525134   0.00001266
 -0.00522646   0.00001202
 -0.00520148   0.00001138
 -0.00517655   0.00001079
 -0.00515162   0.00001035
 -0.00512669   0.00000986
 -0.00510170   0.00000947
 -0.00507677   0.00000912
 -0.00505184   0.00000883
 -0.00502686   0.00000853
 -0.00500193   0.00000834
 -0.00497700   0.00000824
 -0.00495202   0.00000814
 -0.00492704   0.00000809
 -0.00490211   0.00000809
 -0.00487718   0.00000819
 -0.00485220   0.00000829
 -0.00482727   0.00000843
 -0.00480234   0.00000863
 -0.00477741   0.00000887
 -0.00475243   0.00000927
 -0.00472750   0.00000961
 -0.00470257   0.00001005
 -0.00467759   0.00001049
 -0.00465266   0.00001103
 -0.00462773   0.00001157
 -0.00460280   0.00001225
 -0.00457781   0.00001294
 -0.00455293   0.00001363
 -0.00452800   0.00001441
 -0.00450302   0.00001530
 -0.00447809   0.00001618
 -0.00445321   0.00001711
 -0.00442828   0.00001809
 -0.00440330   0.00001912
 -0.00437842   0.00002020
 -0.00435349   0.00002138
 -0.00432860   0.00002255
 -0.00430372   0.00002383
 -0.00427874   0.00002511
 -0.00418407   0.00002960
 -0.00408935   0.00003415
 -0.00399468   0.00003874
 -0.00390001   0.00004338
 -0.00380534   0.00004812
 -0.00371056   0.00005291
 -0.00361589   0.00005775
 -0.00352122   0.00006269
 -0.00342655   0.00006763
 -0.00333193   0.00007267
 -0.00323726   0.00007775
 -0.00314258   0.00008294
 -0.00304791   0.00008817
 -0.00295329   0.00009341
 -0.00285862   0.00009874
 -0.00276400   0.00010417
 -0.00266937   0.00010960
 -0.00257470   0.00011513
 -0.00248008   0.00012066
 -0.00238546   0.00012634
 -0.00229083   0.00013207
 -0.00219621   0.00013780
 -0.00210159   0.00014357
 -0.00200701   0.00014950
 -0.00191239   0.00015543
 -0.00181777   0.00016145
 -0.00172319   0.00016752
 -0.00162862   0.00017360
 -0.00153405   0.00017982
 -0.00143947   0.00018609
 -0.00134490   0.00019236
 -0.00125032   0.00019873
 -0.00115580   0.00020520
 -0.00106122   0.00021167
 -0.00096665   0.00021818
 -0.00087207   0.00022485
 -0.00077760   0.00023152
 -0.00068302   0.00023823
 -0.00058850   0.00024504
 -0.00049397   0.00025191
 -0.00039950   0.00025882
 -0.00030492   0.00026583
 -0.00021040   0.00027284
 -0.00011597   0.00027995
 -0.00002144   0.00028711
  0.00007303   0.00029432
  0.00016751   0.00030162
  0.00026203   0.00030898
  0.00035646   0.00031634
  0.00045094   0.00032384
  0.00054541   0.00033135
  0.00063989   0.00033895
  0.00073427   0.00034655
  0.00082875   0.00035431
  0.00092317   0.00036206
  0.00101755   0.00036991
  0.00111203   0.00037776
  0.00120641   0.00038575
  0.00130084   0.00039375
  0.00139526   0.00040185
  0.00148964   0.00040994
  0.00158402   0.00041819
  0.00167840   0.00042643
  0.00177278   0.00043473
  0.00186711   0.00044307
  0.00196154   0.00045156
  0.00205587   0.00046006
  0.00215020   0.00046860
  0.00224453   0.00047724
  0.00233891   0.00048588
  0.00243324   0.00049466
  0.00252752   0.00050345
  0.00262185   0.00051234
  0.00271613   0.00052122
  0.00281041   0.00053021
  0.00290469   0.00053924
  0.00299897   0.00054838
  0.00309325   0.00055756
  0.00318754   0.00056674
  0.00328182   0.00057602
  0.00337605   0.00058535
  0.00347028   0.00059478
  0.00356452   0.00060426
  0.00365875   0.00061379
  0.00375298   0.00062337
  0.00384721   0.00063304
  0.00394139   0.00064272
  0.00403558   0.00065249
  0.00412976   0.00066231
  0.00422400   0.00067224
  0.00431818   0.00068221
  0.00441227   0.00069218
  0.00450645   0.00070230
  0.00460063   0.00071242
  0.00469472   0.00072264
  0.00478886   0.00073296
  0.00488299   0.00074338
  0.00497712   0.00075391
  0.00507116   0.00076458
  0.00516525   0.00077535
  0.00525933   0.00078623
  0.00535337   0.00079720
  0.00544740   0.00080833
  0.00554144   0.00081956
  0.00563547   0.00083093
  0.00572946   0.00084236
  0.00582345   0.00085389
  0.00591743   0.00086562
  0.00601137   0.00087741
  0.00610535   0.00088929
  0.00619929   0.00090132
  0.00629323   0.00091346
  0.00638711   0.00092569
  0.00648100   0.00093803
  0.00657489   0.00095052
  0.00666872   0.00096310
  0.00676261   0.00097580
  0.00685645   0.00098858
  0.00695028   0.00100152
  0.00704407   0.00101457
  0.00713786   0.00102771
  0.00723160   0.00104095
  0.00732538   0.00105430
  0.00741912   0.00106779
  0.00751291   0.00108144
  0.00760659   0.00109514
  0.00770028   0.00110898
  0.00779397   0.00112288
  0.00788761   0.00113693
  0.00798129   0.00115108
  0.00807488   0.00116533
  0.00816857   0.00117974
  0.00826216   0.00119424
  0.00835575   0.00120889
  0.00844928   0.00122360
  0.00854282   0.00123845
  0.00863636   0.00125336
  0.00872990   0.00126842
  0.00882338   0.00128363
  0.00891687   0.00129889
  0.00901031   0.00131430
  0.00910380   0.00132981
  0.00919719   0.00134542
  0.00929058   0.00136118
  0.00938401   0.00137700
  0.00947740   0.00139296
  0.00957069   0.00140903
  0.00966403   0.00142519
  0.00975732   0.00144151
  0.00985066   0.00145793
  0.00994394   0.00147450
  0.01003718   0.00149107
  0.01013042   0.00150784
  0.01022366   0.00152471
  0.01031685   0.00154168
  0.01040999   0.00155871
  0.01050317   0.00157593
  0.01059631   0.00159326
  0.01068940   0.00161068
  0.01078254   0.00162821
  0.01087563   0.00164584
  0.01096862   0.00166357
  0.01106170   0.00168145
  0.01115474   0.00169948
  0.01124773   0.00171756
  0.01134067   0.00173574
  0.01143366   0.00175407
  0.01152655   0.00177246
  0.01161949   0.00179099
  0.01171237   0.00180968
  0.01180521   0.00182842
  0.01189805   0.00184730
  0.01199084   0.00186639
  0.01208353   0.00188582
  0.01217617   0.00190559
  0.01226872   0.00192561
  0.01236122   0.00194597
  0.01245357   0.00196672
  0.01254587   0.00198772
  0.01263807   0.00200901
  0.01273023   0.00203069
  0.01282224   0.00205262
  0.01291415   0.00207495
  0.01300601   0.00209752
  0.01309778   0.00212043
  0.01318939   0.00214363
  0.01328091   0.00216718
  0.01337239   0.00219102
  0.01346371   0.00221521
  0.01355494   0.00223969
  0.01364607   0.00226447
  0.01373710   0.00228954
  0.01382804   0.00231495
  0.01391883   0.00234071
  0.01400952   0.00236671
  0.01410007   0.00239306
  0.01419057   0.00241970
  0.01428087   0.00244663
  0.01437112   0.00247391
  0.01446123   0.00250148
  0.01455119   0.00252935
  0.01464101   0.00255751
  0.01473077   0.00258597
  0.01482039   0.00261477
  0.01490982   0.00264381
  0.01499915   0.00267320
  0.01508838   0.00270294
  0.01517746   0.00273286
  0.01526635   0.00276319
  0.01535519   0.00279375
  0.01544389   0.00282462
  0.01553239   0.00285577
  0.01562074   0.00288727
  0.01570900   0.00291902
  0.01579711   0.00295106
  0.01588503   0.00298344
  0.01597285   0.00301607
  0.01606052   0.00304899
  0.01614805   0.00308221
  0.01623533   0.00311573
  0.01632256   0.00314949
  0.01640960   0.00318359
  0.01649650   0.00321794
  0.01658324   0.00325263
  0.01666980   0.00328757
  0.01675620   0.00332280
  0.01684247   0.00335833
  0.01692853   0.00339415
  0.01701445   0.00343017
  0.01710017   0.00346658
  0.01718580   0.00350319
  0.01727124   0.00354009
  0.01735643   0.00357729
  0.01744152   0.00361474
  0.01752642   0.00365253
  0.01761112   0.00369051
  0.01769563   0.00372884
  0.01778004   0.00376736
  0.01786421   0.00380619
  0.01794823   0.00384530
  0.01803206   0.00388466
  0.01811564   0.00392463
  0.01819892   0.00396520
  0.01828190   0.00400643
  0.01836459   0.00404822
  0.01844698   0.00409066
  0.01852912   0.00413367
  0.01861086   0.00417737
  0.01869235   0.00422164
  0.01877354   0.00426656
  0.01885439   0.00431204
  0.01893488   0.00435818
  0.01901513   0.00440482
  0.01909498   0.00445212
  0.01917448   0.00450002
  0.01925368   0.00454859
  0.01933249   0.00459766
  0.01941099   0.00464729
  0.01948914   0.00469757
  0.01956685   0.00474846
  0.01964425   0.00479991
  0.01972131   0.00485192
  0.01979797   0.00490453
  0.01987423   0.00495770
  0.01995013   0.00501147
  0.02002564   0.00506576
  0.02010075   0.00512065
  0.02017546   0.00517610
  0.02024982   0.00523210
  0.02032373   0.00528866
  0.02039724   0.00534578
  0.02047030   0.00540340
  0.02054301   0.00546163
  0.02061527   0.00552042
  0.02068708   0.00557972
  0.02075854   0.00563957
  0.02082945   0.00569998
  0.02090001   0.00576094
  0.02097011   0.00582236
  0.02103972   0.00588434
  0.02110893   0.00594683
  0.02117769   0.00600982
  0.02124599   0.00607337
  0.02131380   0.00613742
  0.02138115   0.00620198
  0.02144801   0.00626705
  0.02151446   0.00633263
  0.02158041   0.00639871
  0.02164586   0.00646525
  0.02171081   0.00653234
  0.02177526   0.00659985
  0.02183931   0.00666795
  0.02190280   0.00673647
  0.02196580   0.00680544
  0.02202829   0.00687492
  0.02209023   0.00694485
  0.02215177   0.00701524
  0.02221271   0.00708614
  0.02227315   0.00715749
  0.02233308   0.00722920
  0.02239252   0.00730151
  0.02245135   0.00737414
  0.02250973   0.00744731
  0.02256751   0.00752085
  0.02262478   0.00759484
  0.02268150   0.00766934
  0.02273768   0.00774419
  0.02279334   0.00781950
  0.02284841   0.00789516
  0.02290293   0.00797128
  0.02295694   0.00804786
  0.02301030   0.00812479
  0.02306321   0.00820213
  0.02311541   0.00827987
  0.02316717   0.00835802
  0.02321832   0.00843658
  0.02326881   0.00851549
  0.02331881   0.00859476
  0.02336825   0.00867448
  0.02341704   0.00875456
  0.02346528   0.00883495
  0.02351291   0.00891574
  0.02355994   0.00899688
  0.02360642   0.00907843
  0.02365224   0.00916029
  0.02369751   0.00924245
  0.02374218   0.00932502
  0.02378620   0.00940789
  0.02382966   0.00949112
  0.02387242   0.00957471
  0.02391467   0.00965854
  0.02395622   0.00974279
  0.02399722   0.00982729
  0.02403757   0.00991209
  0.02407726   0.00999720
  0.02411634   0.01008262
  0.02415483   0.01016838
  0.02419271   0.01025436
  0.02422989   0.01034069
  0.02426646   0.01042727
  0.02430238   0.01051411
  0.02433769   0.01060130
  0.02437235   0.01068870
  0.02440631   0.01077635
  0.02443971   0.01086431
  0.02447241   0.01095247
  0.02450446   0.01104089
  0.02453590   0.01112961
  0.02456664   0.01121849
  0.02459672   0.01130762
  0.02462615   0.01139705
  0.02465497   0.01148664
  0.02468309   0.01157648
  0.02471056   0.01166653
  0.02473737   0.01175678
  0.02476348   0.01184723
  0.02478898   0.01193789
  0.02481378   0.01202876
  0.02483792   0.01211977
  0.02486170   0.01221099
  0.02488511   0.01230227
  0.02490807   0.01239380
  0.02493055   0.01248544
  0.02495268   0.01257718
  0.02497439   0.01266912
  0.02499564   0.01276112
  0.02501647   0.01285333
  0.02503689   0.01294563
  0.02505685   0.01303805
  0.02507639   0.01313061
  0.02509557   0.01322323
  0.02511429   0.01331600
  0.02513254   0.01340893
  0.02515043   0.01350191
  0.02516781   0.01359504
  0.02518477   0.01368818
  0.02520137   0.01378147
  0.02521745   0.01387486
  0.02523312   0.01396830
  0.02524838   0.01406190
  0.02526322   0.01415555
  0.02527755   0.01424920
  0.02529146   0.01434306
  0.02530501   0.01443686
  0.02531805   0.01453077
  0.02533067   0.01462478
  0.02534288   0.01471885
  0.02535468   0.01481296
  0.02536643   0.01490702
  0.02537817   0.01500114
  0.02538997   0.01509525
  0.02540171   0.01518937
  0.02541346   0.01528348
  0.02542525   0.01537755
  0.02543700   0.01547167
  0.02544874   0.01556578
  0.02546049   0.01565989
  0.02547228   0.01575396
  0.02548403   0.01584807
  0.02549583   0.01594219
  0.02550762   0.01603630
  0.02551937   0.01613042
  0.02553111   0.01622448
  0.02554291   0.01631860
  0.02555465   0.01641271
  0.02556640   0.01650683
  0.02557815   0.01660094
  0.02558994   0.01669501
  0.02560169   0.01678912
  0.02561343   0.01688324
  0.02562523   0.01697730
  0.02563697   0.01707147
  0.02564872   0.01716553
  0.02566051   0.01725970
  0.02567226   0.01735376
  0.02568401   0.01744783
  0.02569575   0.01754199
  0.02570755   0.01763606
  0.02571929   0.01773022
  0.02573109   0.01782428
  0.02574288   0.01791835
  0.02575463   0.01801251
  0.02576638   0.01810658
  0.02577817   0.01820070
  0.02578992   0.01829481
  0.02580166   0.01838887
  0.02581341   0.01848304
  0.02582520   0.01857710
  0.02583695   0.01867122
  0.02584870   0.01876533
  0.02586049   0.01885940
  0.02587224   0.01895351
  0.02588398   0.01904763
  0.02589578   0.01914174
  0.02590752   0.01923586
  0.02591927   0.01932992
  0.02593101   0.01942404
  0.02594281   0.01951815
  0.02595455   0.01961227
  0.02596635   0.01970638
  0.02597815   0.01980045
  0.02598989   0.01989456
  0.02600164   0.01998868
  0.02601338   0.02008279
  0.02602518   0.02017686
  0.02603692   0.02027097
  0.02604867   0.02036509
  0.02606047   0.02045920
  0.02607221   0.02055332
  0.02608396   0.02064738
  0.02609575   0.02074149
  0.02610750   0.02083561
  0.02611924   0.02092972
  0.02613099   0.02102384
  0.02614278   0.02111790
  0.02615453   0.02121202
  0.02616628   0.02130613
  0.02617807   0.02140020
  0.02618982   0.02149436
  0.02620161   0.02158843
  0.02621341   0.02168254
  0.02622515   0.02177666
  0.02623690   0.02187072
  0.02624865   0.02196489
  0.02626044   0.02205895
  0.02627219   0.02215307
  0.02628393   0.02224718
  0.02629573   0.02234125
  0.02630747   0.02243541
  0.02631922   0.02252948
  0.02633101   0.02262354
  0.02634276   0.02271771
  0.02635451   0.02281177
  0.02636625   0.02290594
  0.02637805   0.02300000
