 -0.03637500   0.02300000
 -0.03637130   0.02297080
 -0.03636770   0.02294150
 -0.03636400   0.02291230
 -0.03636040   0.02288310
 -0.03635670   0.02285390
 -0.03635310   0.02282460
 -0.03634940   0.02279540
 -0.03634580   0.02276620
 -0.03634210   0.02273690
 -0.03633850   0.02270770
 -0.03633480   0.02267850
 -0.03633120   0.02264930
 -0.03632750   0.02262000
 -0.03632390   0.02259080
 -0.03632020   0.02256160
 -0.03631650   0.02253240
 -0.03631290   0.02250310
 -0.03630920   0.02247390
 -0.03630560   0.02244470
 -0.03630190   0.02241540
 -0.03629830   0.02238620
 -0.03629460   0.02235700
 -0.03629100   0.02232780
 -0.03628730   0.02229850
 -0.03628370   0.02226930
 -0.03628000   0.02224010
 -0.03627640   0.02221080
 -0.03627270   0.02218160
 -0.03626900   0.02215240
 -0.03626540   0.02212320
 -0.03626170   0.02209390
 -0.03625810   0.02206470
 -0.03625440   0.02203550
 -0.03625080   0.02200630
 -0.03624710   0.02197700
 -0.03624350   0.02194780
 -0.03623980   0.02191860
 -0.03623620   0.02188930
 -0.03623250   0.02186010
 -0.03622890   0.02183090
 -0.03622520   0.02180170
 -0.03622160   0.02177240
 -0.03621790   0.02174320
 -0.03621420   0.02171400
 -0.03621060   0.02168470
 -0.03620690   0.02165550
 -0.03620310   0.02162630
 -0.03619930   0.02159710
 -0.03619540   0.02156790
 -0.03619150   0.02153870
 -0.03618740   0.02150950
 -0.03618330   0.02148040
 -0.03617920   0.02145120
 -0.03617500   0.02142210
 -0.03617070   0.02139290
 -0.03616630   0.02136380
 -0.03616190   0.02133470
 -0.03615740   0.02130560
 -0.03615290   0.02127640
 -0.03614820   0.02124740
 -0.03614360   0.02121830
 -0.03613880   0.02118920
 -0.03613400   0.02116010
 -0.03612910   0.02113110
 -0.03612420   0.02110210
 -0.03611910   0.02107300
 -0.03611410   0.02104400
 -0.03610890   0.02101500
 -0.03610370   0.02098600
 -0.03609840   0.02095710
 -0.03609310   0.02092810
 -0.03608770   0.02089910
 -0.03608220   0.02087020
 -0.03607670   0.02084130
 -0.03607110   0.02081230
 -0.03606540   0.02078340
 -0.03605970   0.02075450
 -0.03605390   0.02072570
 -0.03604800   0.02069680
 -0.03604210   0.02066800
 -0.03603610   0.02063910
 -0.03603000   0.02061030
 -0.03602390   0.02058150
 -0.03601770   0.02055270
 -0.03601140   0.02052390
 -0.03600510   0.02049510
 -0.03599870   0.02046640
 -0.03599220   0.02043760
 -0.03598570   0.02040890
 -0.03597910   0.02038020
 -0.03597250   0.02035150
 -0.03596580   0.02032280
 -0.03595900   0.02029420
 -0.03595220   0.02026550
 -0.03594520   0.02023690
 -0.03593830   0.02020830
 -0.03593120   0.02017970
 -0.03592410   0.02015110
 -0.03591700   0.02012250
 -0.03590970   0.02009390
 -0.03590240   0.02006540
 -0.03589510   0.02003690
 -0.03588760   0.02000840
 -0.03588010   0.01997990
 -0.03587260   0.01995140
 -0.03586500   0.01992300
 -0.03585730   0.01989450
 -0.03584950   0.01986610
 -0.03584170   0.01983770
 -0.03583380   0.01980930
 -0.03582590   0.01978100
 -0.03581790   0.01975260
 -0.03580980   0.01972430
 -0.03580170   0.01969600
 -0.03579350   0.01966770
 -0.03578520   0.01963940
 -0.03577690   0.01961120
 -0.03576850   0.01958290
 -0.03576010   0.01955470
 -0.03575150   0.01952650
 -0.03574300   0.01949840
 -0.03573430   0.01947020
 -0.03572560   0.01944210
 -0.03571680   0.01941390
 -0.03570800   0.01938580
 -0.03569910   0.01935780
 -0.03569010   0.01932970
 -0.03568110   0.01930170
 -0.03567200   0.01927370
 -0.03566280   0.01924570
 -0.03565360   0.01921770
 -0.03564430   0.01918970
 -0.03563500   0.01916180
 -0.03562560   0.01913390
 -0.03561610   0.01910600
 -0.03560660   0.01907810
 -0.03559700   0.01905030
 -0.03558730   0.01902240
 -0.03557760   0.01899460
 -0.03556780   0.01896690
 -0.03555800   0.01893910
 -0.03554800   0.01891140
 -0.03553810   0.01888370
 -0.03552800   0.01885600
 -0.03551790   0.01882830
 -0.03550780   0.01880060
 -0.03549750   0.01877300
 -0.03548720   0.01874540
 -0.03547690   0.01871780
 -0.03546650   0.01869030
 -0.03545600   0.01866280
 -0.03544550   0.01863530
 -0.03543490   0.01860780
 -0.03542420   0.01858030
 -0.03541350   0.01855290
 -0.03540270   0.01852550
 -0.03539180   0.01849810
 -0.03538090   0.01847070
 -0.03536990   0.01844340
 -0.03535890   0.01841610
 -0.03534780   0.01838880
 -0.03533660   0.01836150
 -0.03532540   0.01833430
 -0.03531410   0.01830710
 -0.03530280   0.01827990
 -0.03529140   0.01825280
 -0.03527990   0.01822560
 -0.03526840   0.01819850
 -0.03525680   0.01817140
 -0.03524510   0.01814440
 -0.03523340   0.01811740
 -0.03522170   0.01809040
 -0.03520980   0.01806340
 -0.03519790   0.01803650
 -0.03518600   0.01800950
 -0.03517400   0.01798260
 -0.03516190   0.01795580
 -0.03514970   0.01792890
 -0.03513750   0.01790210
 -0.03512530   0.01787530
 -0.03511290   0.01784860
 -0.03510060   0.01782190
 -0.03508810   0.01779520
 -0.03507560   0.01776850
 -0.03506310   0.01774190
 -0.03505040   0.01771520
 -0.03503770   0.01768870
 -0.03502500   0.01766210
 -0.03501220   0.01763560
 -0.03499930   0.01760910
 -0.03498640   0.01758260
 -0.03497340   0.01755620
 -0.03496040   0.01752980
 -0.03494730   0.01750340
 -0.03493410   0.01747700
 -0.03492090   0.01745070
 -0.03490760   0.01742440
 -0.03489420   0.01739820
 -0.03488080   0.01737190
 -0.03486740   0.01734570
 -0.03485390   0.01731960
 -0.03484030   0.01729340
 -0.03482660   0.01726730
 -0.03481290   0.01724130
 -0.03479920   0.01721520
 -0.03478540   0.01718920
 -0.03477150   0.01716320
 -0.03475750   0.01713730
 -0.03474360   0.01711130
 -0.03472950   0.01708550
 -0.03471540   0.01705960
 -0.03470120   0.01703380
 -0.03468700   0.01700800
 -0.03467270   0.01698220
 -0.03465840   0.01695650
 -0.03464400   0.01693080
 -0.03462950   0.01690520
 -0.03461500   0.01687950
 -0.03460040   0.01685390
 -0.03458580   0.01682840
 -0.03457110   0.01680280
 -0.03455630   0.01677730
 -0.03454150   0.01675190
 -0.03452660   0.01672650
 -0.03451170   0.01670110
 -0.03449670   0.01667570
 -0.03448170   0.01665040
 -0.03446660   0.01662510
 -0.03445140   0.01659980
 -0.03443620   0.01657460
 -0.03442100   0.01654940
 -0.03440560   0.01652430
 -0.03439030   0.01649910
 -0.03437480   0.01647400
 -0.03435930   0.01644900
 -0.03434380   0.01642400
 -0.03432820   0.01639900
 -0.03431250   0.01637410
 -0.03429680   0.01634920
 -0.03428100   0.01632430
 -0.03426520   0.01629940
 -0.03424930   0.01627460
 -0.03423330   0.01624990
 -0.03421730   0.01622510
 -0.03420130   0.01620050
 -0.03418510   0.01617580
 -0.03416900   0.01615120
 -0.03415270   0.01612660
 -0.03413650   0.01610200
 -0.03412010   0.01607750
 -0.03410370   0.01605310
 -0.03408730   0.01602860
 -0.03407080   0.01600420
 -0.03405420   0.01597990
 -0.03403760   0.01595560
 -0.03402090   0.01593130
 -0.03400420   0.01590700
 -0.03398740   0.01588280
 -0.03397060   0.01585860
 -0.03395370   0.01583450
 -0.03393680   0.01581040
 -0.03391980   0.01578640
 -0.03390270   0.01576230
 -0.03388560   0.01573840
 -0.03386840   0.01571440
 -0.03385120   0.01569050
 -0.03383400   0.01566670
 -0.03381660   0.01564280
 -0.03379930   0.01561910
 -0.03378180   0.01559530
 -0.03376430   0.01557160
 -0.03374680   0.01554790
 -0.03372920   0.01552430
 -0.03371160   0.01550070
 -0.03369390   0.01547720
 -0.03367610   0.01545370
 -0.03365830   0.01543020
 -0.03364040   0.01540680
 -0.03362250   0.01538340
 -0.03360460   0.01536010
 -0.03358660   0.01533680
 -0.03356850   0.01531350
 -0.03355040   0.01529030
 -0.03353220   0.01526710
 -0.03351400   0.01524400
 -0.03349570   0.01522090
 -0.03347730   0.01519780
 -0.03345900   0.01517480
 -0.03344050   0.01515180
 -0.03342200   0.01512890
 -0.03340350   0.01510600
 -0.03338490   0.01508320
 -0.03336630   0.01506040
 -0.03334760   0.01503760
 -0.03332880   0.01501490
 -0.03331000   0.01499220
 -0.03329120   0.01496960
 -0.03327230   0.01494700
 -0.03325330   0.01492440
 -0.03323430   0.01490190
 -0.03321520   0.01487950
 -0.03319610   0.01485710
 -0.03317700   0.01483470
 -0.03315780   0.01481240
 -0.03313850   0.01479010
 -0.03311920   0.01476780
 -0.03309990   0.01474560
 -0.03308040   0.01472350
 -0.03306100   0.01470140
 -0.03304150   0.01467930
 -0.03302190   0.01465730
 -0.03300230   0.01463530
 -0.03298260   0.01461330
 -0.03296290   0.01459150
 -0.03294320   0.01456960
 -0.03292340   0.01454780
 -0.03290350   0.01452600
 -0.03288360   0.01450430
 -0.03286370   0.01448270
 -0.03284370   0.01446110
 -0.03282360   0.01443950
 -0.03280350   0.01441790
 -0.03278340   0.01439650
 -0.03276320   0.01437500
 -0.03274290   0.01435360
 -0.03272260   0.01433230
 -0.03270230   0.01431100
 -0.03268190   0.01428970
 -0.03266140   0.01426850
 -0.03264090   0.01424740
 -0.03262040   0.01422620
 -0.03259980   0.01420520
 -0.03257920   0.01418420
 -0.03255850   0.01416320
 -0.03253780   0.01414220
 -0.03251700   0.01412140
 -0.03249620   0.01410050
 -0.03247530   0.01407970
 -0.03245440   0.01405900
 -0.03243340   0.01403830
 -0.03241240   0.01401770
 -0.03239140   0.01399710
 -0.03237030   0.01397650
 -0.03234910   0.01395600
 -0.03232790   0.01393560
 -0.03230670   0.01391520
 -0.03228540   0.01389480
 -0.03226410   0.01387450
 -0.03224270   0.01385420
 -0.03222130   0.01383400
 -0.03219980   0.01381390
 -0.03217830   0.01379370
 -0.03215670   0.01377370
 -0.03213510   0.01375370
 -0.03211340   0.01373370
 -0.03209170   0.01371380
 -0.03207000   0.01369390
 -0.03204820   0.01367410
 -0.03202640   0.01365430
 -0.03200450   0.01363460
 -0.03198260   0.01361490
 -0.03196060   0.01359530
 -0.03193860   0.01357570
 -0.03191650   0.01355620
 -0.03189440   0.01353670
 -0.03187230   0.01351730
 -0.03185010   0.01349790
 -0.03182790   0.01347860
 -0.03180560   0.01345930
 -0.03178330   0.01344010
 -0.03176090   0.01342090
 -0.03173850   0.01340180
 -0.03171600   0.01338280
 -0.03169360   0.01336370
 -0.03167100   0.01334480
 -0.03164840   0.01332590
 -0.03162580   0.01330700
 -0.03160320   0.01328820
 -0.03158040   0.01326940
 -0.03155770   0.01325070
 -0.03153490   0.01323200
 -0.03151210   0.01321340
 -0.03148920   0.01319490
 -0.03146630   0.01317640
 -0.03144330   0.01315790
 -0.03142030   0.01313950
 -0.03139730   0.01312120
 -0.03137420   0.01310290
 -0.03135110   0.01308460
 -0.03132790   0.01306650
 -0.03130470   0.01304830
 -0.03128140   0.01303020
 -0.03125810   0.01301220
 -0.03123480   0.01299420
 -0.03121140   0.01297630
 -0.03118800   0.01295840
 -0.03116460   0.01294060
 -0.03114110   0.01292280
 -0.03111750   0.01290510
 -0.03109400   0.01288750
 -0.03107040   0.01286990
 -0.03104670   0.01285230
 -0.03102300   0.01283480
 -0.03099930   0.01281740
 -0.03097550   0.01280000
 -0.03095170   0.01278260
 -0.03092780   0.01276530
 -0.03090400   0.01274810
 -0.03088000   0.01273090
 -0.03085610   0.01271380
 -0.03083200   0.01269670
 -0.03080800   0.01267970
 -0.03078390   0.01266280
 -0.03075980   0.01264590
 -0.03073560   0.01262900
 -0.03071140   0.01261220
 -0.03068720   0.01259550
 -0.03066290   0.01257880
 -0.03063860   0.01256220
 -0.03061430   0.01254560
 -0.03058990   0.01252910
 -0.03056550   0.01251260
 -0.03054100   0.01249620
 -0.03051650   0.01247990
 -0.03049200   0.01246360
 -0.03046740   0.01244730
 -0.03044280   0.01243110
 -0.03041810   0.01241500
 -0.03039340   0.01239890
 -0.03036870   0.01238290
 -0.03034400   0.01236690
 -0.03031920   0.01235100
 -0.03029440   0.01233520
 -0.03026950   0.01231940
 -0.03024460   0.01230370
 -0.03021970   0.01228800
 -0.03019470   0.01227240
 -0.03016970   0.01225680
 -0.03014460   0.01224130
 -0.03011960   0.01222580
 -0.03009450   0.01221040
 -0.03006930   0.01219510
 -0.03004410   0.01217980
 -0.03001890   0.01216460
 -0.02999370   0.01214940
 -0.02996840   0.01213430
 -0.02994310   0.01211920
 -0.02991770   0.01210420
 -0.02989230   0.01208930
 -0.02986690   0.01207440
 -0.02984150   0.01205960
 -0.02981600   0.01204480
 -0.02979050   0.01203010
 -0.02976490   0.01201550
 -0.02973930   0.01200090
 -0.02971370   0.01198630
 -0.02968800   0.01197190
 -0.02966240   0.01195740
 -0.02963660   0.01194310
 -0.02961090   0.01192880
 -0.02958510   0.01191450
 -0.02955930   0.01190030
 -0.02953340   0.01188620
 -0.02950760   0.01187210
 -0.02948170   0.01185810
 -0.02945570   0.01184420
 -0.02942970   0.01183030
 -0.02940370   0.01181650
 -0.02937770   0.01180270
 -0.02935160   0.01178900
 -0.02932550   0.01177530
 -0.02929940   0.01176170
 -0.02927320   0.01174820
 -0.02924710   0.01173470
 -0.02922080   0.01172130
 -0.02916830   0.01169510
 -0.02911520   0.01167000
 -0.02906170   0.01164590
 -0.02900770   0.01162280
 -0.02895330   0.01160080
 -0.02889840   0.01157990
 -0.02884320   0.01156010
 -0.02878750   0.01154130
 -0.02873150   0.01152370
 -0.02867520   0.01150710
 -0.02861860   0.01149170
 -0.02856170   0.01147730
 -0.02850450   0.01146410
 -0.02844700   0.01145200
 -0.02838930   0.01144100
 -0.02833150   0.01143110
 -0.02827340   0.01142240
 -0.02821520   0.01141490
 -0.02815680   0.01140840
 -0.02809840   0.01140310
 -0.02803980   0.01139900
 -0.02798120   0.01139600
 -0.02792250   0.01139410
 -0.02786380   0.01139340
 -0.02780510   0.01139390
 -0.02774640   0.01139550
 -0.02768780   0.01139820
 -0.02762920   0.01140210
 -0.02757070   0.01140710
 -0.02751230   0.01141330
 -0.02745410   0.01142060
 -0.02739600   0.01142910
 -0.02733810   0.01143870
 -0.02728030   0.01144940
 -0.02722280   0.01146120
 -0.02716560   0.01147420
 -0.02710860   0.01148830
 -0.02705190   0.01150350
 -0.02699550   0.01151980
 -0.02693940   0.01153720
 -0.02688370   0.01155570
 -0.02682840   0.01157530
 -0.02677340   0.01159600
 -0.02671890   0.01161770
 -0.02666480   0.01164050
 -0.02661110   0.01166440
 -0.02655800   0.01168930
 -0.02650530   0.01171520
 -0.02645320   0.01174220
 -0.02640160   0.01177020
 -0.02637630   0.01178420
 -0.02635120   0.01179830
 -0.02632600   0.01181240
 -0.02630090   0.01182660
 -0.02627580   0.01184090
 -0.02625080   0.01185520
 -0.02622570   0.01186950
 -0.02620070   0.01188400
 -0.02617580   0.01189840
 -0.02615090   0.01191300
 -0.02612600   0.01192750
 -0.02610110   0.01194220
 -0.02607630   0.01195690
 -0.02605150   0.01197160
 -0.02602670   0.01198640
 -0.02600200   0.01200130
 -0.02597730   0.01201620
 -0.02595260   0.01203120
 -0.02592800   0.01204620
 -0.02590340   0.01206130
 -0.02587880   0.01207640
 -0.02585430   0.01209160
 -0.02582980   0.01210680
 -0.02580530   0.01212210
 -0.02578090   0.01213750
 -0.02575650   0.01215290
 -0.02573210   0.01216830
 -0.02570780   0.01218380
 -0.02568350   0.01219940
 -0.02565920   0.01221500
 -0.02563500   0.01223070
 -0.02561080   0.01224640
 -0.02558670   0.01226220
 -0.02556260   0.01227800
 -0.02553850   0.01229390
 -0.02551440   0.01230990
 -0.02549040   0.01232580
 -0.02546640   0.01234190
 -0.02544250   0.01235800
 -0.02541860   0.01237410
 -0.02539470   0.01239040
 -0.02537090   0.01240660
 -0.02534710   0.01242290
 -0.02532330   0.01243930
 -0.02529960   0.01245570
 -0.02527590   0.01247220
 -0.02525230   0.01248870
 -0.02522860   0.01250530
 -0.02520510   0.01252190
 -0.02518150   0.01253860
 -0.02515800   0.01255530
 -0.02513460   0.01257210
 -0.02511110   0.01258890
 -0.02508770   0.01260580
 -0.02506440   0.01262280
 -0.02504110   0.01263980
 -0.02501780   0.01265680
 -0.02499450   0.01267390
 -0.02497130   0.01269100
 -0.02494820   0.01270820
 -0.02492500   0.01272550
 -0.02490190   0.01274280
 -0.02487890   0.01276020
 -0.02485590   0.01277760
 -0.02483290   0.01279500
 -0.02481000   0.01281250
 -0.02478710   0.01283010
 -0.02476420   0.01284770
 -0.02474140   0.01286530
 -0.02471860   0.01288300
 -0.02469590   0.01290080
 -0.02467320   0.01291860
 -0.02465050   0.01293650
 -0.02462790   0.01295440
 -0.02460530   0.01297230
 -0.02458280   0.01299040
 -0.02456030   0.01300840
 -0.02453780   0.01302650
 -0.02451540   0.01304470
 -0.02449300   0.01306290
 -0.02447070   0.01308110
 -0.02444840   0.01309950
 -0.02442610   0.01311780
 -0.02440390   0.01313620
 -0.02438170   0.01315470
 -0.02435960   0.01317320
 -0.02433750   0.01319170
 -0.02431550   0.01321030
 -0.02429340   0.01322900
 -0.02427150   0.01324770
 -0.02424960   0.01326640
 -0.02422770   0.01328520
 -0.02420580   0.01330410
 -0.02418400   0.01332300
 -0.02416230   0.01334190
 -0.02414050   0.01336090
 -0.02411890   0.01338000
 -0.02409720   0.01339910
 -0.02407560   0.01341820
 -0.02405410   0.01343740
 -0.02403260   0.01345660
 -0.02401110   0.01347590
 -0.02398970   0.01349520
 -0.02396830   0.01351460
 -0.02394700   0.01353400
 -0.02392570   0.01355350
 -0.02390440   0.01357300
 -0.02388320   0.01359260
 -0.02386210   0.01361220
 -0.02384090   0.01363180
 -0.02381990   0.01365150
 -0.02379880   0.01367130
 -0.02377790   0.01369110
 -0.02375690   0.01371090
 -0.02373600   0.01373080
 -0.02371520   0.01375080
 -0.02369430   0.01377070
 -0.02367360   0.01379080
 -0.02365290   0.01381090
 -0.02363220   0.01383100
 -0.02361160   0.01385110
 -0.02359100   0.01387140
 -0.02357040   0.01389160
 -0.02354990   0.01391190
 -0.02352950   0.01393230
 -0.02350910   0.01395270
 -0.02348870   0.01397310
 -0.02346840   0.01399360
 -0.02344810   0.01401410
 -0.02342790   0.01403470
 -0.02340770   0.01405530
 -0.02338760   0.01407600
 -0.02336750   0.01409670
 -0.02334740   0.01411750
 -0.02332740   0.01413830
 -0.02330750   0.01415910
 -0.02328760   0.01418000
 -0.02326770   0.01420090
 -0.02324790   0.01422190
 -0.02322820   0.01424290
 -0.02320840   0.01426400
 -0.02318880   0.01428510
 -0.02316920   0.01430620
 -0.02314960   0.01432740
 -0.02313000   0.01434870
 -0.02311060   0.01436990
 -0.02309110   0.01439130
 -0.02307170   0.01441260
 -0.02305240   0.01443400
 -0.02303310   0.01445550
 -0.02301390   0.01447700
 -0.02299470   0.01449850
 -0.02297550   0.01452010
 -0.02295640   0.01454170
 -0.02293740   0.01456340
 -0.02291840   0.01458510
 -0.02289940   0.01460690
 -0.02288050   0.01462870
 -0.02286160   0.01465050
 -0.02284280   0.01467240
 -0.02282410   0.01469430
 -0.02280530   0.01471620
 -0.02278670   0.01473820
 -0.02276810   0.01476030
 -0.02274950   0.01478240
 -0.02273100   0.01480450
 -0.02271250   0.01482670
 -0.02269410   0.01484890
 -0.02267570   0.01487110
 -0.02265740   0.01489340
 -0.02263910   0.01491570
 -0.02262090   0.01493810
 -0.02260270   0.01496050
 -0.02258460   0.01498300
 -0.02256650   0.01500540
 -0.02254850   0.01502800
 -0.02253050   0.01505050
 -0.02251260   0.01507320
 -0.02249470   0.01509580
 -0.02247690   0.01511850
 -0.02245910   0.01514120
 -0.02244140   0.01516400
 -0.02242380   0.01518680
 -0.02240610   0.01520960
 -0.02238860   0.01523250
 -0.02237100   0.01525540
 -0.02235360   0.01527840
 -0.02233620   0.01530140
 -0.02231880   0.01532450
 -0.02230150   0.01534750
 -0.02228420   0.01537070
 -0.02226700   0.01539380
 -0.02224980   0.01541700
 -0.02223270   0.01544020
 -0.02221570   0.01546350
 -0.02219870   0.01548680
 -0.02218170   0.01551020
 -0.02216480   0.01553350
 -0.02214800   0.01555700
 -0.02213120   0.01558040
 -0.02211440   0.01560390
 -0.02209770   0.01562740
 -0.02208110   0.01565100
 -0.02206450   0.01567460
 -0.02204800   0.01569830
 -0.02203150   0.01572190
 -0.02201500   0.01574570
 -0.02199870   0.01576940
 -0.02198230   0.01579320
 -0.02196610   0.01581700
 -0.02194980   0.01584090
 -0.02193370   0.01586480
 -0.02191760   0.01588870
 -0.02190150   0.01591270
 -0.02188550   0.01593670
 -0.02186950   0.01596070
 -0.02185360   0.01598480
 -0.02183780   0.01600890
 -0.02182200   0.01603300
 -0.02180630   0.01605720
 -0.02179060   0.01608140
 -0.02177490   0.01610570
 -0.02175940   0.01613000
 -0.02174380   0.01615430
 -0.02172840   0.01617860
 -0.02171290   0.01620300
 -0.02169760   0.01622750
 -0.02168230   0.01625190
 -0.02166700   0.01627640
 -0.02165180   0.01630090
 -0.02163670   0.01632550
 -0.02162160   0.01635010
 -0.02160650   0.01637470
 -0.02159160   0.01639940
 -0.02157660   0.01642400
 -0.02156180   0.01644880
 -0.02154690   0.01647350
 -0.02153220   0.01649830
 -0.02151750   0.01652310
 -0.02150280   0.01654800
 -0.02148820   0.01657290
 -0.02147370   0.01659780
 -0.02145920   0.01662270
 -0.02144480   0.01664770
 -0.02143040   0.01667270
 -0.02141610   0.01669780
 -0.02140180   0.01672290
 -0.02138760   0.01674800
 -0.02137340   0.01677310
 -0.02135930   0.01679830
 -0.02134530   0.01682350
 -0.02133130   0.01684870
 -0.02131740   0.01687400
 -0.02130350   0.01689930
 -0.02128970   0.01692460
 -0.02127590   0.01695000
 -0.02126220   0.01697540
 -0.02124860   0.01700080
 -0.02123500   0.01702630
 -0.02122150   0.01705170
 -0.02120800   0.01707720
 -0.02119460   0.01710280
 -0.02118120   0.01712840
 -0.02116790   0.01715390
 -0.02115460   0.01717960
 -0.02114140   0.01720520
 -0.02112830   0.01723090
 -0.02111520   0.01725660
 -0.02110220   0.01728240
 -0.02108920   0.01730820
 -0.02107630   0.01733400
 -0.02106350   0.01735980
 -0.02105070   0.01738570
 -0.02103790   0.01741150
 -0.02102530   0.01743750
 -0.02101260   0.01746340
 -0.02100010   0.01748940
 -0.02098760   0.01751540
 -0.02097510   0.01754140
 -0.02096270   0.01756750
 -0.02095040   0.01759350
 -0.02093810   0.01761970
 -0.02092590   0.01764580
 -0.02091370   0.01767200
 -0.02090160   0.01769810
 -0.02088960   0.01772440
 -0.02087760   0.01775060
 -0.02086570   0.01777690
 -0.02085380   0.01780320
 -0.02084200   0.01782950
 -0.02083030   0.01785590
 -0.02081860   0.01788220
 -0.02080690   0.01790860
 -0.02079540   0.01793510
 -0.02078380   0.01796150
 -0.02077240   0.01798800
 -0.02076100   0.01801450
 -0.02074960   0.01804100
 -0.02073840   0.01806760
 -0.02072710   0.01809420
 -0.02071600   0.01812080
 -0.02070490   0.01814740
 -0.02069380   0.01817410
 -0.02068280   0.01820070
 -0.02067190   0.01822740
 -0.02066100   0.01825420
 -0.02065020   0.01828090
 -0.02063950   0.01830770
 -0.02062880   0.01833450
 -0.02061820   0.01836130
 -0.02060760   0.01838820
 -0.02059710   0.01841500
 -0.02058660   0.01844190
 -0.02057620   0.01846880
 -0.02056590   0.01849580
 -0.02055560   0.01852270
 -0.02054540   0.01854970
 -0.02053530   0.01857670
 -0.02052520   0.01860370
 -0.02051510   0.01863080
 -0.02050520   0.01865790
 -0.02049530   0.01868500
 -0.02048540   0.01871210
 -0.02047560   0.01873920
 -0.02046590   0.01876640
 -0.02045620   0.01879360
 -0.02044660   0.01882080
 -0.02043710   0.01884800
 -0.02042760   0.01887520
 -0.02041810   0.01890250
 -0.02040880   0.01892980
 -0.02039950   0.01895710
 -0.02039020   0.01898440
 -0.02038100   0.01901180
 -0.02037190   0.01903920
 -0.02036280   0.01906660
 -0.02035380   0.01909400
 -0.02034490   0.01912140
 -0.02033600   0.01914880
 -0.02032720   0.01917630
 -0.02031840   0.01920380
 -0.02030970   0.01923130
 -0.02030110   0.01925880
 -0.02029250   0.01928640
 -0.02028400   0.01931400
 -0.02027550   0.01934150
 -0.02026710   0.01936910
 -0.02025880   0.01939680
 -0.02025050   0.01942440
 -0.02024230   0.01945210
 -0.02023420   0.01947970
 -0.02022610   0.01950740
 -0.02021810   0.01953520
 -0.02021010   0.01956290
 -0.02020220   0.01959060
 -0.02019440   0.01961840
 -0.02018660   0.01964620
 -0.02017890   0.01967400
 -0.02017120   0.01970180
 -0.02016360   0.01972960
 -0.02015610   0.01975750
 -0.02014860   0.01978540
 -0.02014120   0.01981320
 -0.02013380   0.01984110
 -0.02012660   0.01986910
 -0.02011930   0.01989700
 -0.02011220   0.01992490
 -0.02010510   0.01995290
 -0.02009800   0.01998090
 -0.02009110   0.02000890
 -0.02008420   0.02003690
 -0.02007730   0.02006490
 -0.02007050   0.02009300
 -0.02006380   0.02012100
 -0.02005710   0.02014910
 -0.02005050   0.02017720
 -0.02004400   0.02020530
 -0.02003750   0.02023340
 -0.02003110   0.02026150
 -0.02002470   0.02028970
 -0.02001850   0.02031780
 -0.02001220   0.02034600
 -0.02000610   0.02037420
 -0.02000000   0.02040240
 -0.01999390   0.02043060
 -0.01998800   0.02045880
 -0.01998200   0.02048710
 -0.01997620   0.02051530
 -0.01997040   0.02054360
 -0.01996470   0.02057190
 -0.01995900   0.02060010
 -0.01995340   0.02062850
 -0.01994790   0.02065680
 -0.01994240   0.02068510
 -0.01993700   0.02071340
 -0.01993160   0.02074180
 -0.01992640   0.02077010
 -0.01992110   0.02079850
 -0.01991600   0.02082690
 -0.01991090   0.02085530
 -0.01990580   0.02088370
 -0.01990090   0.02091210
 -0.01989600   0.02094060
 -0.01989110   0.02096900
 -0.01988630   0.02099750
 -0.01988160   0.02102590
 -0.01987700   0.02105440
 -0.01987240   0.02108290
 -0.01986780   0.02111140
 -0.01986340   0.02113990
 -0.01985900   0.02116840
 -0.01985460   0.02119690
 -0.01985040   0.02122550
 -0.01984620   0.02125400
 -0.01984200   0.02128260
 -0.01983790   0.02131110
 -0.01983390   0.02133970
 -0.01982990   0.02136830
 -0.01982600   0.02139690
 -0.01982220   0.02142540
 -0.01981840   0.02145410
 -0.01981470   0.02148270
 -0.01981110   0.02151130
 -0.01980750   0.02153990
 -0.01980390   0.02156850
 -0.01980040   0.02159720
 -0.01979680   0.02162580
 -0.01979320   0.02165440
 -0.01978960   0.02168310
 -0.01978600   0.02171170
 -0.01978250   0.02174030
 -0.01977890   0.02176890
 -0.01977530   0.02179760
 -0.01977170   0.02182620
 -0.01976810   0.02185480
 -0.01976460   0.02188350
 -0.01976100   0.02191210
 -0.01975740   0.02194070
 -0.01975380   0.02196940
 -0.01975030   0.02199800
 -0.01974670   0.02202660
 -0.01974310   0.02205520
 -0.01973950   0.02208390
 -0.01973590   0.02211250
 -0.01973240   0.02214110
 -0.01972880   0.02216980
 -0.01972520   0.02219840
 -0.01972160   0.02222700
 -0.01971800   0.02225560
 -0.01971450   0.02228430
 -0.01971090   0.02231290
 -0.01970730   0.02234150
 -0.01970370   0.02237020
 -0.01970020   0.02239880
 -0.01969660   0.02242740
 -0.01969300   0.02245600
 -0.01968940   0.02248470
 -0.01968580   0.02251330
 -0.01968230   0.02254190
 -0.01967870   0.02257060
 -0.01967510   0.02259920
 -0.01967150   0.02262780
 -0.01966790   0.02265650
 -0.01966440   0.02268510
 -0.01966080   0.02271370
 -0.01965720   0.02274230
 -0.01965360   0.02277100
 -0.01965010   0.02279960
 -0.01964650   0.02282820
 -0.01964290   0.02285690
 -0.01963930   0.02288550
 -0.01963570   0.02291410
 -0.01963220   0.02294270
 -0.01962860   0.02297140
 -0.01962500   0.02300000
