 -0.03637532   0.02300000
 -0.03636798   0.02297396
 -0.03636442   0.02294786
 -0.03636076   0.02292186
 -0.03635716   0.02289582
 -0.03635350   0.02286978
 -0.03634986   0.02284372
 -0.03634616   0.02281768
 -0.03634252   0.02279168
 -0.03633878   0.02276558
 -0.03633510   0.02273958
 -0.03633132   0.02271358
 -0.03632760   0.02268758
 -0.03632382   0.02266152
 -0.03632010   0.02263552
 -0.03631628   0.02260952
 -0.03631246   0.02258352
 -0.03630866   0.02255746
 -0.03630480   0.02253146
 -0.03630100   0.02250546
 -0.03629710   0.02247944
 -0.03629326   0.02245344
 -0.03628936   0.02242748
 -0.03628548   0.02240148
 -0.03628154   0.02237546
 -0.03627766   0.02234950
 -0.03627368   0.02232350
 -0.03626976   0.02229748
 -0.03626574   0.02227152
 -0.03626172   0.02224556
 -0.03625776   0.02221960
 -0.03625374   0.02219358
 -0.03624974   0.02216766
 -0.03624568   0.02214170
 -0.03624164   0.02211574
 -0.03623754   0.02208976
 -0.03623350   0.02206380
 -0.03622936   0.02203788
 -0.03622528   0.02201190
 -0.03622114   0.02198594
 -0.03621702   0.02196002
 -0.03621284   0.02193410
 -0.03620872   0.02190812
 -0.03620450   0.02188220
 -0.03620028   0.02185628
 -0.03619612   0.02183034
 -0.03619186   0.02180442
 -0.03618754   0.02177850
 -0.03618322   0.02175262
 -0.03617880   0.02172674
 -0.03617438   0.02170082
 -0.03616980   0.02167494
 -0.03616522   0.02164912
 -0.03616064   0.02162324
 -0.03615600   0.02159742
 -0.03615126   0.02157154
 -0.03614646   0.02154572
 -0.03614162   0.02151994
 -0.03613672   0.02149412
 -0.03613182   0.02146824
 -0.03612676   0.02144252
 -0.03612176   0.02141674
 -0.03611664   0.02139092
 -0.03611148   0.02136514
 -0.03610630   0.02133942
 -0.03610104   0.02131370
 -0.03609570   0.02128796
 -0.03609038   0.02126224
 -0.03608490   0.02123652
 -0.03607942   0.02121084
 -0.03607388   0.02118518
 -0.03606834   0.02115950
 -0.03606270   0.02113378
 -0.03605700   0.02110816
 -0.03605130   0.02108254
 -0.03604550   0.02105686
 -0.03603964   0.02103124
 -0.03603374   0.02100566
 -0.03602782   0.02098010
 -0.03602180   0.02095448
 -0.03601574   0.02092896
 -0.03600962   0.02090338
 -0.03600344   0.02087782
 -0.03599726   0.02085230
 -0.03599098   0.02082678
 -0.03598460   0.02080126
 -0.03597826   0.02077574
 -0.03597182   0.02075032
 -0.03596532   0.02072480
 -0.03595878   0.02069938
 -0.03595218   0.02067392
 -0.03594558   0.02064850
 -0.03593892   0.02062308
 -0.03593216   0.02059772
 -0.03592536   0.02057230
 -0.03591848   0.02054694
 -0.03591162   0.02052158
 -0.03590464   0.02049626
 -0.03589762   0.02047090
 -0.03589060   0.02044558
 -0.03588346   0.02042022
 -0.03587628   0.02039496
 -0.03586910   0.02036970
 -0.03586180   0.02034444
 -0.03585446   0.02031918
 -0.03584712   0.02029396
 -0.03583972   0.02026876
 -0.03583222   0.02024354
 -0.03582466   0.02021834
 -0.03581710   0.02019318
 -0.03580944   0.02016802
 -0.03580178   0.02014292
 -0.03579406   0.02011776
 -0.03578624   0.02009270
 -0.03577842   0.02006760
 -0.03577054   0.02004250
 -0.03576256   0.02001744
 -0.03575458   0.01999244
 -0.03574654   0.01996738
 -0.03573846   0.01994238
 -0.03573026   0.01991738
 -0.03572208   0.01989244
 -0.03571382   0.01986748
 -0.03570552   0.01984254
 -0.03569712   0.01981758
 -0.03568876   0.01979268
 -0.03568030   0.01976780
 -0.03567174   0.01974294
 -0.03566322   0.01971810
 -0.03565456   0.01969326
 -0.03564588   0.01966842
 -0.03563716   0.01964362
 -0.03562838   0.01961882
 -0.03561960   0.01959408
 -0.03561072   0.01956930
 -0.03560178   0.01954460
 -0.03559284   0.01951986
 -0.03558380   0.01949518
 -0.03557470   0.01947048
 -0.03556560   0.01944580
 -0.03555640   0.01942122
 -0.03554720   0.01939658
 -0.03553788   0.01937200
 -0.03552858   0.01934742
 -0.03551916   0.01932288
 -0.03550974   0.01929830
 -0.03550028   0.01927376
 -0.03549070   0.01924924
 -0.03548112   0.01922476
 -0.03547150   0.01920028
 -0.03546182   0.01917586
 -0.03545208   0.01915148
 -0.03544230   0.01912706
 -0.03543246   0.01910268
 -0.03542256   0.01907830
 -0.03541262   0.01905398
 -0.03540262   0.01902966
 -0.03539256   0.01900534
 -0.03538246   0.01898102
 -0.03537230   0.01895680
 -0.03536214   0.01893254
 -0.03535192   0.01890832
 -0.03534160   0.01888410
 -0.03533124   0.01885994
 -0.03532086   0.01883578
 -0.03531044   0.01881166
 -0.03529996   0.01878756
 -0.03528938   0.01876344
 -0.03527880   0.01873938
 -0.03526816   0.01871532
 -0.03525746   0.01869132
 -0.03524672   0.01866732
 -0.03523598   0.01864332
 -0.03522508   0.01861936
 -0.03521418   0.01859546
 -0.03520328   0.01857150
 -0.03519232   0.01854760
 -0.03518126   0.01852376
 -0.03517014   0.01849986
 -0.03515902   0.01847606
 -0.03514786   0.01845226
 -0.03513658   0.01842852
 -0.03512536   0.01840478
 -0.03511398   0.01838104
 -0.03510260   0.01835730
 -0.03509122   0.01833366
 -0.03507968   0.01830992
 -0.03506814   0.01828634
 -0.03505660   0.01826270
 -0.03504496   0.01823912
 -0.03503326   0.01821554
 -0.03502156   0.01819200
 -0.03500976   0.01816852
 -0.03499796   0.01814500
 -0.03498610   0.01812152
 -0.03497418   0.01809808
 -0.03496222   0.01807466
 -0.03495020   0.01805124
 -0.03493808   0.01802792
 -0.03492600   0.01800454
 -0.03491388   0.01798122
 -0.03490166   0.01795796
 -0.03488938   0.01793464
 -0.03487704   0.01791142
 -0.03486470   0.01788822
 -0.03485232   0.01786500
 -0.03483988   0.01784184
 -0.03482738   0.01781868
 -0.03481482   0.01779562
 -0.03480228   0.01777246
 -0.03478958   0.01774946
 -0.03477692   0.01772640
 -0.03476416   0.01770340
 -0.03475140   0.01768040
 -0.03473854   0.01765744
 -0.03472572   0.01763450
 -0.03471280   0.01761160
 -0.03469978   0.01758876
 -0.03468676   0.01756586
 -0.03467368   0.01754302
 -0.03466060   0.01752028
 -0.03464742   0.01749744
 -0.03463418   0.01747470
 -0.03462094   0.01745202
 -0.03460764   0.01742934
 -0.03459430   0.01740670
 -0.03458090   0.01738402
 -0.03456746   0.01736144
 -0.03455396   0.01733886
 -0.03454040   0.01731628
 -0.03452684   0.01729376
 -0.03451324   0.01727128
 -0.03449952   0.01724886
 -0.03448586   0.01722634
 -0.03447204   0.01720392
 -0.03445822   0.01718160
 -0.03444440   0.01715924
 -0.03443048   0.01713692
 -0.03441650   0.01711466
 -0.03440252   0.01709236
 -0.03438848   0.01707014
 -0.03437440   0.01704788
 -0.03436026   0.01702572
 -0.03434606   0.01700358
 -0.03433182   0.01698142
 -0.03431758   0.01695938
 -0.03430322   0.01693732
 -0.03428888   0.01691528
 -0.03427442   0.01689328
 -0.03426002   0.01687128
 -0.03424550   0.01684934
 -0.03423094   0.01682746
 -0.03421638   0.01680556
 -0.03420172   0.01678368
 -0.03418704   0.01676190
 -0.03417232   0.01674012
 -0.03415750   0.01671838
 -0.03414272   0.01669660
 -0.03412784   0.01667492
 -0.03411296   0.01665324
 -0.03409798   0.01663162
 -0.03408304   0.01661000
 -0.03406800   0.01658844
 -0.03405286   0.01656686
 -0.03403776   0.01654540
 -0.03402256   0.01652388
 -0.03400732   0.01650242
 -0.03399212   0.01648106
 -0.03397676   0.01645960
 -0.03396146   0.01643830
 -0.03394600   0.01641694
 -0.03393058   0.01639568
 -0.03391512   0.01637438
 -0.03389956   0.01635318
 -0.03388404   0.01633198
 -0.03386842   0.01631084
 -0.03385274   0.01628970
 -0.03383702   0.01626860
 -0.03382128   0.01624756
 -0.03380550   0.01622652
 -0.03378968   0.01620554
 -0.03377384   0.01618456
 -0.03375790   0.01616362
 -0.03374192   0.01614270
 -0.03372592   0.01612182
 -0.03370988   0.01610104
 -0.03369378   0.01608022
 -0.03367762   0.01605944
 -0.03366148   0.01603872
 -0.03364522   0.01601800
 -0.03362896   0.01599734
 -0.03361266   0.01597668
 -0.03359634   0.01595612
 -0.03357998   0.01593556
 -0.03356352   0.01591500
 -0.03354704   0.01589454
 -0.03353052   0.01587404
 -0.03351396   0.01585364
 -0.03349738   0.01583324
 -0.03348070   0.01581284
 -0.03346402   0.01579254
 -0.03344728   0.01577226
 -0.03343050   0.01575202
 -0.03341372   0.01573178
 -0.03339688   0.01571164
 -0.03337998   0.01569146
 -0.03336304   0.01567132
 -0.03334610   0.01565124
 -0.03332900   0.01563122
 -0.03331200   0.01561124
 -0.03329490   0.01559122
 -0.03327774   0.01557130
 -0.03326054   0.01555138
 -0.03324332   0.01553150
 -0.03322606   0.01551170
 -0.03320876   0.01549188
 -0.03319144   0.01547212
 -0.03317402   0.01545236
 -0.03315660   0.01543270
 -0.03313918   0.01541310
 -0.03312166   0.01539346
 -0.03310408   0.01537390
 -0.03308650   0.01535430
 -0.03306888   0.01533486
 -0.03305124   0.01531532
 -0.03303350   0.01529592
 -0.03301572   0.01527654
 -0.03299798   0.01525716
 -0.03298014   0.01523782
 -0.03296224   0.01521854
 -0.03294430   0.01519932
 -0.03292640   0.01518008
 -0.03290840   0.01516096
 -0.03289036   0.01514180
 -0.03287230   0.01512272
 -0.03285420   0.01510360
 -0.03283604   0.01508464
 -0.03281788   0.01506562
 -0.03279962   0.01504666
 -0.03278140   0.01502776
 -0.03276308   0.01500890
 -0.03274472   0.01499006
 -0.03272640   0.01497126
 -0.03270798   0.01495250
 -0.03268950   0.01493376
 -0.03267098   0.01491512
 -0.03265246   0.01489648
 -0.03263388   0.01487784
 -0.03261530   0.01485930
 -0.03259666   0.01484076
 -0.03257798   0.01482228
 -0.03255924   0.01480386
 -0.03254050   0.01478538
 -0.03252166   0.01476706
 -0.03250282   0.01474874
 -0.03248392   0.01473042
 -0.03246502   0.01471220
 -0.03244608   0.01469394
 -0.03242712   0.01467578
 -0.03240808   0.01465762
 -0.03238902   0.01463956
 -0.03236996   0.01462146
 -0.03235080   0.01460346
 -0.03233160   0.01458550
 -0.03231238   0.01456756
 -0.03229312   0.01454966
 -0.03227390   0.01453182
 -0.03225454   0.01451398
 -0.03223522   0.01449620
 -0.03221580   0.01447846
 -0.03219638   0.01446078
 -0.03217690   0.01444310
 -0.03215742   0.01442548
 -0.03213784   0.01440796
 -0.03211832   0.01439038
 -0.03209868   0.01437292
 -0.03207900   0.01435546
 -0.03205936   0.01433804
 -0.03203968   0.01432068
 -0.03201984   0.01430332
 -0.03200010   0.01428606
 -0.03198026   0.01426876
 -0.03196042   0.01425156
 -0.03194052   0.01423442
 -0.03192058   0.01421732
 -0.03190062   0.01420022
 -0.03188062   0.01418318
 -0.03186062   0.01416620
 -0.03184052   0.01414922
 -0.03182042   0.01413228
 -0.03180026   0.01411546
 -0.03178010   0.01409858
 -0.03175988   0.01408180
 -0.03173962   0.01406508
 -0.03171936   0.01404836
 -0.03169904   0.01403170
 -0.03167868   0.01401504
 -0.03165836   0.01399848
 -0.03163794   0.01398192
 -0.03161746   0.01396546
 -0.03159700   0.01394902
 -0.03157648   0.01393262
 -0.03155594   0.01391622
 -0.03153532   0.01389992
 -0.03151474   0.01388364
 -0.03149406   0.01386740
 -0.03147342   0.01385116
 -0.03145264   0.01383502
 -0.03143196   0.01381894
 -0.03141112   0.01380286
 -0.03139038   0.01378684
 -0.03136948   0.01377082
 -0.03134860   0.01375490
 -0.03132770   0.01373904
 -0.03130676   0.01372322
 -0.03128576   0.01370736
 -0.03126476   0.01369160
 -0.03124372   0.01367590
 -0.03122262   0.01366024
 -0.03120156   0.01364460
 -0.03118042   0.01362900
 -0.03115926   0.01361346
 -0.03113806   0.01359796
 -0.03111680   0.01358252
 -0.03109554   0.01356714
 -0.03107428   0.01355176
 -0.03105292   0.01353642
 -0.03103156   0.01352110
 -0.03101014   0.01350592
 -0.03098872   0.01349070
 -0.03096730   0.01347558
 -0.03094584   0.01346046
 -0.03092432   0.01344540
 -0.03090280   0.01343040
 -0.03088118   0.01341544
 -0.03085960   0.01340054
 -0.03083798   0.01338564
 -0.03081630   0.01337084
 -0.03079458   0.01335604
 -0.03077284   0.01334130
 -0.03075112   0.01332660
 -0.03072934   0.01331192
 -0.03070750   0.01329734
 -0.03068562   0.01328276
 -0.03066378   0.01326828
 -0.03064190   0.01325380
 -0.03061996   0.01323938
 -0.03059798   0.01322496
 -0.03057598   0.01321064
 -0.03055394   0.01319638
 -0.03053190   0.01318212
 -0.03050986   0.01316796
 -0.03048772   0.01315380
 -0.03046562   0.01313970
 -0.03044342   0.01312566
 -0.03042122   0.01311166
 -0.03039898   0.01309766
 -0.03037672   0.01308378
 -0.03035448   0.01306984
 -0.03033212   0.01305606
 -0.03030982   0.01304228
 -0.03028742   0.01302854
 -0.03026506   0.01301482
 -0.03024260   0.01300120
 -0.03022020   0.01298758
 -0.03019774   0.01297406
 -0.03017518   0.01296060
 -0.03015266   0.01294714
 -0.03013010   0.01293374
 -0.03010754   0.01292038
 -0.03008488   0.01290708
 -0.03006226   0.01289378
 -0.03003960   0.01288058
 -0.03001688   0.01286740
 -0.02999422   0.01285426
 -0.02997140   0.01284122
 -0.02991602   0.01280882
 -0.02985984   0.01277772
 -0.02980306   0.01274778
 -0.02974562   0.01271904
 -0.02968758   0.01269160
 -0.02962888   0.01266542
 -0.02956968   0.01264050
 -0.02950990   0.01261686
 -0.02944962   0.01259458
 -0.02938888   0.01257354
 -0.02932772   0.01255386
 -0.02926614   0.01253546
 -0.02920414   0.01251846
 -0.02914172   0.01250280
 -0.02907902   0.01248848
 -0.02901606   0.01247546
 -0.02895276   0.01246388
 -0.02888928   0.01245374
 -0.02882552   0.01244484
 -0.02876168   0.01243742
 -0.02869760   0.01243136
 -0.02863344   0.01242672
 -0.02856918   0.01242338
 -0.02850484   0.01242152
 -0.02844050   0.01242106
 -0.02837616   0.01242198
 -0.02831184   0.01242428
 -0.02824760   0.01242798
 -0.02818342   0.01243306
 -0.02811938   0.01243954
 -0.02805554   0.01244740
 -0.02799184   0.01245670
 -0.02792838   0.01246734
 -0.02786510   0.01247936
 -0.02780216   0.01249268
 -0.02773956   0.01250744
 -0.02767724   0.01252358
 -0.02761530   0.01254102
 -0.02755374   0.01255980
 -0.02749260   0.01257992
 -0.02743194   0.01260134
 -0.02737176   0.01262410
 -0.02731208   0.01264816
 -0.02725294   0.01267346
 -0.02719440   0.01270010
 -0.02713638   0.01272800
 -0.02707908   0.01275710
 -0.02702234   0.01278744
 -0.02696636   0.01281904
 -0.02691104   0.01285184
 -0.02688858   0.01286516
 -0.02686624   0.01287854
 -0.02684384   0.01289196
 -0.02682150   0.01290544
 -0.02679920   0.01291898
 -0.02677696   0.01293256
 -0.02675466   0.01294614
 -0.02673242   0.01295984
 -0.02671028   0.01297352
 -0.02668814   0.01298732
 -0.02666600   0.01300106
 -0.02664386   0.01301492
 -0.02662178   0.01302882
 -0.02659974   0.01304272
 -0.02657766   0.01305668
 -0.02655568   0.01307074
 -0.02653374   0.01308480
 -0.02651176   0.01309892
 -0.02648988   0.01311308
 -0.02646800   0.01312730
 -0.02644612   0.01314152
 -0.02642430   0.01315580
 -0.02640252   0.01317012
 -0.02638070   0.01318450
 -0.02635898   0.01319894
 -0.02633726   0.01321342
 -0.02631558   0.01322790
 -0.02629392   0.01324244
 -0.02627230   0.01325708
 -0.02625068   0.01327172
 -0.02622916   0.01328642
 -0.02620760   0.01330112
 -0.02618614   0.01331592
 -0.02616468   0.01333072
 -0.02614322   0.01334562
 -0.02612180   0.01336054
 -0.02610040   0.01337544
 -0.02607904   0.01339046
 -0.02605774   0.01340552
 -0.02603648   0.01342058
 -0.02601518   0.01343576
 -0.02599398   0.01345088
 -0.02597278   0.01346610
 -0.02595158   0.01348138
 -0.02593048   0.01349666
 -0.02590934   0.01351204
 -0.02588830   0.01352742
 -0.02586720   0.01354286
 -0.02584626   0.01355830
 -0.02582522   0.01357384
 -0.02580428   0.01358938
 -0.02578340   0.01360498
 -0.02576250   0.01362062
 -0.02574162   0.01363632
 -0.02572084   0.01365208
 -0.02570006   0.01366788
 -0.02567928   0.01368364
 -0.02565854   0.01369950
 -0.02563786   0.01371540
 -0.02561724   0.01373132
 -0.02559656   0.01374734
 -0.02557594   0.01376336
 -0.02555542   0.01377948
 -0.02553490   0.01379560
 -0.02551438   0.01381172
 -0.02549396   0.01382790
 -0.02547350   0.01384418
 -0.02545308   0.01386046
 -0.02543272   0.01387674
 -0.02541240   0.01389308
 -0.02539210   0.01390952
 -0.02537184   0.01392596
 -0.02535158   0.01394246
 -0.02533142   0.01395900
 -0.02531122   0.01397554
 -0.02529112   0.01399220
 -0.02527102   0.01400880
 -0.02525096   0.01402550
 -0.02523092   0.01404226
 -0.02521092   0.01405902
 -0.02519098   0.01407582
 -0.02517108   0.01409270
 -0.02515114   0.01410960
 -0.02513130   0.01412652
 -0.02511146   0.01414354
 -0.02509168   0.01416052
 -0.02507194   0.01417758
 -0.02505226   0.01419466
 -0.02503252   0.01421184
 -0.02501290   0.01422902
 -0.02499332   0.01424620
 -0.02497374   0.01426348
 -0.02495416   0.01428082
 -0.02493464   0.01429816
 -0.02491522   0.01431550
 -0.02489574   0.01433294
 -0.02487638   0.01435044
 -0.02485696   0.01436794
 -0.02483764   0.01438544
 -0.02481838   0.01440304
 -0.02479912   0.01442064
 -0.02477986   0.01443830
 -0.02476070   0.01445600
 -0.02474154   0.01447372
 -0.02472244   0.01449152
 -0.02470334   0.01450934
 -0.02468428   0.01452716
 -0.02466528   0.01454508
 -0.02464634   0.01456300
 -0.02462738   0.01458096
 -0.02460850   0.01459894
 -0.02458960   0.01461702
 -0.02457086   0.01463514
 -0.02455202   0.01465322
 -0.02453328   0.01467140
 -0.02451460   0.01468964
 -0.02449586   0.01470782
 -0.02447728   0.01472612
 -0.02445870   0.01474446
 -0.02444012   0.01476280
 -0.02442160   0.01478114
 -0.02440312   0.01479964
 -0.02438464   0.01481808
 -0.02436622   0.01483658
 -0.02434786   0.01485514
 -0.02432954   0.01487374
 -0.02431122   0.01489234
 -0.02429296   0.01491100
 -0.02427474   0.01492966
 -0.02425658   0.01494842
 -0.02423842   0.01496714
 -0.02422032   0.01498600
 -0.02420226   0.01500482
 -0.02418416   0.01502374
 -0.02416620   0.01504262
 -0.02414826   0.01506158
 -0.02413036   0.01508056
 -0.02411246   0.01509958
 -0.02409462   0.01511862
 -0.02407684   0.01513774
 -0.02405904   0.01515688
 -0.02404136   0.01517606
 -0.02402368   0.01519520
 -0.02400604   0.01521448
 -0.02398840   0.01523378
 -0.02397088   0.01525306
 -0.02395334   0.01527242
 -0.02393582   0.01529180
 -0.02391840   0.01531120
 -0.02390102   0.01533070
 -0.02388366   0.01535016
 -0.02386634   0.01536970
 -0.02384902   0.01538926
 -0.02383176   0.01540882
 -0.02381460   0.01542848
 -0.02379744   0.01544814
 -0.02378028   0.01546790
 -0.02376322   0.01548762
 -0.02374616   0.01550738
 -0.02372916   0.01552720
 -0.02371222   0.01554702
 -0.02369526   0.01556688
 -0.02367838   0.01558680
 -0.02366158   0.01560678
 -0.02364474   0.01562676
 -0.02362800   0.01564678
 -0.02361126   0.01566682
 -0.02359458   0.01568690
 -0.02357794   0.01570702
 -0.02356136   0.01572716
 -0.02354478   0.01574734
 -0.02352830   0.01576758
 -0.02351178   0.01578782
 -0.02349536   0.01580812
 -0.02347898   0.01582840
 -0.02346262   0.01584880
 -0.02344630   0.01586914
 -0.02343008   0.01588960
 -0.02341382   0.01591004
 -0.02339766   0.01593050
 -0.02338150   0.01595100
 -0.02336540   0.01597160
 -0.02334940   0.01599216
 -0.02333334   0.01601276
 -0.02331740   0.01603342
 -0.02330144   0.01605408
 -0.02328560   0.01607480
 -0.02326976   0.01609556
 -0.02325392   0.01611638
 -0.02323818   0.01613714
 -0.02322244   0.01615802
 -0.02320676   0.01617888
 -0.02319112   0.01619980
 -0.02317554   0.01622072
 -0.02316002   0.01624170
 -0.02314454   0.01626268
 -0.02312902   0.01628376
 -0.02311360   0.01630478
 -0.02309828   0.01632592
 -0.02308296   0.01634700
 -0.02306760   0.01636818
 -0.02305238   0.01638936
 -0.02303718   0.01641060
 -0.02302202   0.01643184
 -0.02300692   0.01645314
 -0.02299186   0.01647442
 -0.02297680   0.01649582
 -0.02296186   0.01651716
 -0.02294686   0.01653856
 -0.02293202   0.01656000
 -0.02291712   0.01658150
 -0.02290234   0.01660300
 -0.02288760   0.01662450
 -0.02287286   0.01664606
 -0.02285818   0.01666766
 -0.02284350   0.01668926
 -0.02282892   0.01671092
 -0.02281440   0.01673258
 -0.02279992   0.01675424
 -0.02278546   0.01677600
 -0.02277104   0.01679776
 -0.02275666   0.01681958
 -0.02274236   0.01684140
 -0.02272804   0.01686326
 -0.02271388   0.01688512
 -0.02269962   0.01690704
 -0.02268552   0.01692902
 -0.02267142   0.01695094
 -0.02265736   0.01697296
 -0.02264336   0.01699494
 -0.02262942   0.01701702
 -0.02261548   0.01703914
 -0.02260158   0.01706122
 -0.02258780   0.01708340
 -0.02257396   0.01710548
 -0.02256028   0.01712772
 -0.02254654   0.01714994
 -0.02253292   0.01717218
 -0.02251934   0.01719446
 -0.02250576   0.01721676
 -0.02249224   0.01723910
 -0.02247878   0.01726148
 -0.02246536   0.01728382
 -0.02245200   0.01730626
 -0.02243868   0.01732866
 -0.02242542   0.01735116
 -0.02241216   0.01737370
 -0.02239896   0.01739620
 -0.02238580   0.01741874
 -0.02237270   0.01744130
 -0.02235966   0.01746390
 -0.02234666   0.01748654
 -0.02233372   0.01750920
 -0.02232078   0.01753190
 -0.02230794   0.01755456
 -0.02229510   0.01757732
 -0.02228232   0.01760008
 -0.02226964   0.01762288
 -0.02225696   0.01764570
 -0.02224434   0.01766850
 -0.02223176   0.01769136
 -0.02221920   0.01771428
 -0.02220672   0.01773720
 -0.02219426   0.01776010
 -0.02218184   0.01778312
 -0.02216948   0.01780608
 -0.02215722   0.01782910
 -0.02214492   0.01785212
 -0.02213272   0.01787520
 -0.02212056   0.01789832
 -0.02210846   0.01792144
 -0.02209642   0.01794456
 -0.02208438   0.01796774
 -0.02207238   0.01799086
 -0.02206050   0.01801414
 -0.02204856   0.01803732
 -0.02203678   0.01806060
 -0.02202500   0.01808388
 -0.02201322   0.01810720
 -0.02200154   0.01813054
 -0.02198992   0.01815386
 -0.02197830   0.01817726
 -0.02196678   0.01820064
 -0.02195526   0.01822412
 -0.02194380   0.01824750
 -0.02193244   0.01827100
 -0.02192108   0.01829448
 -0.02190978   0.01831802
 -0.02189852   0.01834156
 -0.02188732   0.01836510
 -0.02187618   0.01838874
 -0.02186508   0.01841228
 -0.02185398   0.01843592
 -0.02184300   0.01845962
 -0.02183196   0.01848326
 -0.02182108   0.01850696
 -0.02181024   0.01853070
 -0.02179936   0.01855440
 -0.02178864   0.01857820
 -0.02177786   0.01860200
 -0.02176724   0.01862580
 -0.02175662   0.01864960
 -0.02174600   0.01867350
 -0.02173548   0.01869730
 -0.02172502   0.01872120
 -0.02171456   0.01874516
 -0.02170416   0.01876906
 -0.02169386   0.01879302
 -0.02168360   0.01881702
 -0.02167336   0.01884098
 -0.02166316   0.01886504
 -0.02165302   0.01888904
 -0.02164292   0.01891310
 -0.02163288   0.01893716
 -0.02162290   0.01896132
 -0.02161296   0.01898538
 -0.02160304   0.01900954
 -0.02159326   0.01903370
 -0.02158344   0.01905786
 -0.02157366   0.01908208
 -0.02156400   0.01910630
 -0.02155438   0.01913056
 -0.02154476   0.01915478
 -0.02153520   0.01917904
 -0.02152574   0.01920336
 -0.02151628   0.01922768
 -0.02150688   0.01925204
 -0.02149758   0.01927636
 -0.02148828   0.01930072
 -0.02147898   0.01932510
 -0.02146984   0.01934952
 -0.02146070   0.01937394
 -0.02145156   0.01939836
 -0.02144252   0.01942288
 -0.02143354   0.01944736
 -0.02142456   0.01947188
 -0.02141568   0.01949640
 -0.02140686   0.01952092
 -0.02139804   0.01954544
 -0.02138932   0.01957002
 -0.02138060   0.01959460
 -0.02137194   0.01961922
 -0.02136338   0.01964380
 -0.02135482   0.01966848
 -0.02134636   0.01969316
 -0.02133786   0.01971778
 -0.02132946   0.01974246
 -0.02132116   0.01976724
 -0.02131286   0.01979192
 -0.02130462   0.01981670
 -0.02129644   0.01984142
 -0.02128830   0.01986620
 -0.02128022   0.01989104
 -0.02127218   0.01991582
 -0.02126420   0.01994060
 -0.02125628   0.01996548
 -0.02124840   0.01999032
 -0.02124058   0.02001520
 -0.02123276   0.02004008
 -0.02122500   0.02006496
 -0.02121734   0.02008990
 -0.02120972   0.02011484
 -0.02120212   0.02013976
 -0.02119456   0.02016470
 -0.02118716   0.02018974
 -0.02117966   0.02021472
 -0.02117232   0.02023970
 -0.02116502   0.02026474
 -0.02115768   0.02028978
 -0.02115054   0.02031486
 -0.02114336   0.02033990
 -0.02113622   0.02036498
 -0.02112914   0.02039008
 -0.02112212   0.02041516
 -0.02111514   0.02044030
 -0.02110822   0.02046544
 -0.02110140   0.02049058
 -0.02109458   0.02051576
 -0.02108782   0.02054090
 -0.02108110   0.02056614
 -0.02107450   0.02059132
 -0.02106784   0.02061652
 -0.02106130   0.02064176
 -0.02105480   0.02066700
 -0.02104834   0.02069228
 -0.02104196   0.02071752
 -0.02103560   0.02074282
 -0.02102932   0.02076810
 -0.02102308   0.02079344
 -0.02101690   0.02081874
 -0.02101072   0.02084402
 -0.02100464   0.02086942
 -0.02099862   0.02089476
 -0.02099264   0.02092014
 -0.02098672   0.02094548
 -0.02098080   0.02097088
 -0.02097500   0.02099626
 -0.02096918   0.02102170
 -0.02096352   0.02104714
 -0.02095782   0.02107254
 -0.02095216   0.02109802
 -0.02094666   0.02112346
 -0.02094112   0.02114896
 -0.02093562   0.02117440
 -0.02093022   0.02119994
 -0.02092488   0.02122538
 -0.02091960   0.02125092
 -0.02091432   0.02127646
 -0.02090908   0.02130200
 -0.02090396   0.02132754
 -0.02089888   0.02135308
 -0.02089380   0.02137862
 -0.02088884   0.02140422
 -0.02088392   0.02142980
 -0.02087900   0.02145540
 -0.02087414   0.02148098
 -0.02086938   0.02150658
 -0.02086462   0.02153222
 -0.02085992   0.02155786
 -0.02085532   0.02158344
 -0.02085072   0.02160914
 -0.02084622   0.02163482
 -0.02084174   0.02166046
 -0.02083734   0.02168610
 -0.02083290   0.02171178
 -0.02082856   0.02173748
 -0.02082416   0.02176316
 -0.02081980   0.02178884
 -0.02081544   0.02181458
 -0.02081112   0.02184026
 -0.02080682   0.02186594
 -0.02080250   0.02189162
 -0.02079822   0.02191736
 -0.02079394   0.02194304
 -0.02078966   0.02196876
 -0.02078544   0.02199450
 -0.02078120   0.02202022
 -0.02077700   0.02204594
 -0.02077276   0.02207168
 -0.02076862   0.02209740
 -0.02076442   0.02212312
 -0.02076026   0.02214884
 -0.02075610   0.02217462
 -0.02075198   0.02220034
 -0.02074788   0.02222610
 -0.02074380   0.02225188
 -0.02073968   0.02227764
 -0.02073560   0.02230336
 -0.02073152   0.02232912
 -0.02072754   0.02235490
 -0.02072350   0.02238066
 -0.02071946   0.02240642
 -0.02071546   0.02243224
 -0.02071152   0.02245800
 -0.02070752   0.02248376
 -0.02070356   0.02250952
 -0.02069960   0.02253534
 -0.02069568   0.02256114
 -0.02069182   0.02258690
 -0.02068790   0.02261276
 -0.02068402   0.02263852
 -0.02068014   0.02266432
 -0.02067626   0.02269014
 -0.02067248   0.02271594
 -0.02066864   0.02274174
 -0.02066480   0.02276754
 -0.02066100   0.02279340
 -0.02065726   0.02281920
 -0.02065350   0.02284500
 -0.02064970   0.02287086
 -0.02064598   0.02289666
 -0.02064222   0.02292250
 -0.02063856   0.02294830
 -0.02063488   0.02297416
 -0.02063116   0.02300000
