 -0.03725000   0.02300000
 -0.03723144   0.02292572
 -0.03721291   0.02285144
 -0.03719428   0.02277719
 -0.03717572   0.02270291
 -0.03715715   0.02262863
 -0.03713863   0.02255435
 -0.03712000   0.02248006
 -0.03710144   0.02240578
 -0.03708291   0.02233154
 -0.03706435   0.02225725
 -0.03704572   0.02218297
 -0.03702719   0.02210869
 -0.03700863   0.02203441
 -0.03699006   0.02196013
 -0.03697144   0.02188588
 -0.03695291   0.02181160
 -0.03693435   0.02173732
 -0.03691578   0.02166304
 -0.03689719   0.02158875
 -0.03687863   0.02151447
 -0.03686006   0.02144023
 -0.03684150   0.02136595
 -0.03682291   0.02129166
 -0.03680435   0.02121738
 -0.03678578   0.02114310
 -0.03676725   0.02106882
 -0.03674863   0.02099457
 -0.03673006   0.02092029
 -0.03671150   0.02084601
 -0.03669297   0.02077173
 -0.03667435   0.02069745
 -0.03665578   0.02062316
 -0.03663725   0.02054892
 -0.03661869   0.02047464
 -0.03660006   0.02040035
 -0.03658154   0.02032607
 -0.03656297   0.02025179
 -0.03654441   0.02017751
 -0.03652578   0.02010326
 -0.03650725   0.02002898
 -0.03648869   0.01995470
 -0.03647013   0.01988042
 -0.03645154   0.01980614
 -0.03643297   0.01973185
 -0.03641441   0.01965761
 -0.03639585   0.01958333
 -0.03637725   0.01950905
 -0.03635869   0.01943476
 -0.03634013   0.01936048
 -0.03632160   0.01928620
 -0.03630297   0.01921195
 -0.03628441   0.01913767
 -0.03626585   0.01906339
 -0.03624732   0.01898911
 -0.03622869   0.01891483
 -0.03621013   0.01884055
 -0.03619160   0.01876630
 -0.03617304   0.01869202
 -0.03615441   0.01861774
 -0.03613588   0.01854345
 -0.03611732   0.01846917
 -0.03609875   0.01839489
 -0.03608013   0.01832065
 -0.03606160   0.01824636
 -0.03604304   0.01817208
 -0.03602447   0.01809780
 -0.03600588   0.01802352
 -0.03598732   0.01794924
 -0.03596875   0.01787499
 -0.03595019   0.01780077
 -0.03593160   0.01772649
 -0.03591304   0.01765221
 -0.03589447   0.01757793
 -0.03587595   0.01750365
 -0.03585732   0.01742940
 -0.03583875   0.01735512
 -0.03582023   0.01728084
 -0.03580166   0.01720655
 -0.03578304   0.01713227
 -0.03576447   0.01705803
 -0.03574595   0.01698375
 -0.03572738   0.01690946
 -0.03570875   0.01683518
 -0.03569023   0.01676090
 -0.03567166   0.01668662
 -0.03565310   0.01661237
 -0.03563447   0.01653809
 -0.03561595   0.01646381
 -0.03559738   0.01638953
 -0.03557882   0.01631525
 -0.03556023   0.01624096
 -0.03554166   0.01616672
 -0.03552310   0.01609244
 -0.03550454   0.01601815
 -0.03548595   0.01594387
 -0.03546738   0.01586959
 -0.03544882   0.01579531
 -0.03543029   0.01572106
 -0.03541166   0.01564678
 -0.03539310   0.01557250
 -0.03537457   0.01549822
 -0.03535601   0.01542394
 -0.03533738   0.01534965
 -0.03531882   0.01527541
 -0.03530029   0.01520113
 -0.03528173   0.01512685
 -0.03526310   0.01505256
 -0.03524457   0.01497828
 -0.03522601   0.01490400
 -0.03520745   0.01482975
 -0.03518882   0.01475547
 -0.03517029   0.01468119
 -0.03515173   0.01460691
 -0.03513316   0.01453263
 -0.03511457   0.01445835
 -0.03509601   0.01438410
 -0.03507745   0.01430982
 -0.03505888   0.01423554
 -0.03504029   0.01416125
 -0.03502173   0.01408697
 -0.03500316   0.01401269
 -0.03498464   0.01393845
 -0.03496601   0.01386416
 -0.03494745   0.01378988
 -0.03492892   0.01371560
 -0.03491035   0.01364132
 -0.03489173   0.01356704
 -0.03487316   0.01349279
 -0.03485464   0.01341851
 -0.03483607   0.01334423
 -0.03481737   0.01326998
 -0.03479855   0.01319577
 -0.03477955   0.01312160
 -0.03476037   0.01304750
 -0.03474091   0.01297344
 -0.03472129   0.01289945
 -0.03470134   0.01282555
 -0.03468091   0.01275174
 -0.03466011   0.01267812
 -0.03463877   0.01260460
 -0.03461710   0.01253122
 -0.03459489   0.01245797
 -0.03457231   0.01238476
 -0.03454932   0.01231182
 -0.03452583   0.01223895
 -0.03450200   0.01216621
 -0.03447760   0.01209367
 -0.03445286   0.01202117
 -0.03442775   0.01194891
 -0.03440211   0.01187685
 -0.03437609   0.01180482
 -0.03434964   0.01173303
 -0.03432275   0.01166137
 -0.03429542   0.01158985
 -0.03426772   0.01151854
 -0.03423958   0.01144735
 -0.03421097   0.01137637
 -0.03418203   0.01130550
 -0.03415261   0.01123489
 -0.03412279   0.01116445
 -0.03409250   0.01109412
 -0.03406187   0.01102402
 -0.03403077   0.01095409
 -0.03399927   0.01088430
 -0.03396736   0.01081477
 -0.03393505   0.01074542
 -0.03390237   0.01067624
 -0.03386925   0.01060725
 -0.03383570   0.01053847
 -0.03380177   0.01046990
 -0.03376741   0.01040153
 -0.03373265   0.01033339
 -0.03369747   0.01026539
 -0.03366190   0.01019769
 -0.03362595   0.01013016
 -0.03358961   0.01006281
 -0.03355285   0.00999575
 -0.03351570   0.00992887
 -0.03347815   0.00986219
 -0.03344018   0.00979578
 -0.03340188   0.00972957
 -0.03336315   0.00966364
 -0.03332407   0.00959784
 -0.03328456   0.00953237
 -0.03324462   0.00946708
 -0.03320434   0.00940209
 -0.03316368   0.00933727
 -0.03312263   0.00927269
 -0.03308124   0.00920841
 -0.03303944   0.00914434
 -0.03299727   0.00908056
 -0.03295474   0.00901696
 -0.03291176   0.00895370
 -0.03286849   0.00889067
 -0.03282475   0.00882792
 -0.03278076   0.00876536
 -0.03273635   0.00870312
 -0.03269153   0.00864117
 -0.03264640   0.00857940
 -0.03260091   0.00851796
 -0.03255498   0.00845676
 -0.03250878   0.00839590
 -0.03246215   0.00833525
 -0.03241521   0.00827489
 -0.03236790   0.00821487
 -0.03232025   0.00815506
 -0.03227225   0.00809555
 -0.03222386   0.00803638
 -0.03217515   0.00797742
 -0.03212609   0.00791879
 -0.03207670   0.00786050
 -0.03202691   0.00780245
 -0.03197685   0.00774470
 -0.03192642   0.00768725
 -0.03187562   0.00763008
 -0.03182452   0.00757325
 -0.03177305   0.00751675
 -0.03172127   0.00746052
 -0.03166916   0.00740460
 -0.03161675   0.00734898
 -0.03156397   0.00729370
 -0.03151089   0.00723873
 -0.03145747   0.00718405
 -0.03140375   0.00712975
 -0.03134970   0.00707573
 -0.03129531   0.00702204
 -0.03124068   0.00696865
 -0.03118565   0.00691557
 -0.03113033   0.00686286
 -0.03107473   0.00681049
 -0.03101883   0.00675843
 -0.03096256   0.00670676
 -0.03090603   0.00665537
 -0.03084922   0.00660435
 -0.03079205   0.00655361
 -0.03073464   0.00650326
 -0.03067686   0.00645323
 -0.03061885   0.00640356
 -0.03056057   0.00635420
 -0.03050193   0.00630525
 -0.03044305   0.00625663
 -0.03038383   0.00620828
 -0.03032441   0.00616037
 -0.03026465   0.00611284
 -0.03020464   0.00606557
 -0.03014435   0.00601875
 -0.03008379   0.00597223
 -0.03002290   0.00592611
 -0.02996181   0.00588036
 -0.02990042   0.00583493
 -0.02983875   0.00578989
 -0.02977683   0.00574526
 -0.02971470   0.00570097
 -0.02965224   0.00565695
 -0.02958957   0.00561341
 -0.02952661   0.00557026
 -0.02946341   0.00552746
 -0.02939995   0.00548500
 -0.02933625   0.00544297
 -0.02927231   0.00540128
 -0.02920811   0.00536000
 -0.02914367   0.00531909
 -0.02907904   0.00527855
 -0.02901414   0.00523842
 -0.02894900   0.00519863
 -0.02888366   0.00515930
 -0.02881803   0.00512032
 -0.02875219   0.00508171
 -0.02868612   0.00504350
 -0.02861988   0.00500576
 -0.02855341   0.00496834
 -0.02848667   0.00493131
 -0.02841974   0.00489469
 -0.02835260   0.00485851
 -0.02828523   0.00482267
 -0.02821769   0.00478730
 -0.02814995   0.00475224
 -0.02808198   0.00471765
 -0.02801378   0.00468349
 -0.02794541   0.00464971
 -0.02787687   0.00461630
 -0.02780807   0.00458333
 -0.02773914   0.00455076
 -0.02767004   0.00451857
 -0.02760070   0.00448682
 -0.02753120   0.00445550
 -0.02746150   0.00442459
 -0.02739164   0.00439412
 -0.02732157   0.00436402
 -0.02725137   0.00433433
 -0.02718101   0.00430507
 -0.02711045   0.00427625
 -0.02703972   0.00424781
 -0.02696879   0.00421998
 -0.02689773   0.00419259
 -0.02682654   0.00416539
 -0.02675518   0.00413842
 -0.02668380   0.00411174
 -0.02661219   0.00408535
 -0.02654058   0.00405918
 -0.02646878   0.00403327
 -0.02639695   0.00400769
 -0.02632495   0.00398230
 -0.02625286   0.00395724
 -0.02618065   0.00393243
 -0.02610836   0.00390785
 -0.02603598   0.00388355
 -0.02596351   0.00385955
 -0.02589087   0.00383575
 -0.02581817   0.00381226
 -0.02574537   0.00378904
 -0.02567248   0.00376607
 -0.02559949   0.00374343
 -0.02552644   0.00372101
 -0.02545325   0.00369882
 -0.02538001   0.00367698
 -0.02530666   0.00365534
 -0.02523323   0.00363402
 -0.02515969   0.00361295
 -0.02508609   0.00359212
 -0.02501239   0.00357161
 -0.02493860   0.00355135
 -0.02486477   0.00353139
 -0.02479082   0.00351168
 -0.02471680   0.00349224
 -0.02464272   0.00347315
 -0.02456854   0.00345425
 -0.02449429   0.00343564
 -0.02441995   0.00341748
 -0.02434548   0.00339971
 -0.02427098   0.00338197
 -0.02419655   0.00336427
 -0.02412201   0.00334664
 -0.02404754   0.00332914
 -0.02397300   0.00331170
 -0.02389846   0.00329434
 -0.02382386   0.00327697
 -0.02374929   0.00325977
 -0.02367465   0.00324261
 -0.02360012   0.00322548
 -0.02352545   0.00320845
 -0.02345081   0.00319149
 -0.02337617   0.00317466
 -0.02330144   0.00315784
 -0.02322676   0.00314115
 -0.02315203   0.00312445
 -0.02307735   0.00310786
 -0.02300262   0.00309131
 -0.02292785   0.00307492
 -0.02285311   0.00305846
 -0.02277827   0.00304221
 -0.02270350   0.00302595
 -0.02262866   0.00300984
 -0.02255379   0.00299372
 -0.02247895   0.00297770
 -0.02240408   0.00296178
 -0.02232921   0.00294590
 -0.02225434   0.00293012
 -0.02217940   0.00291434
 -0.02210446   0.00289869
 -0.02202955   0.00288311
 -0.02195458   0.00286766
 -0.02187965   0.00285222
 -0.02180461   0.00283681
 -0.02172964   0.00282156
 -0.02165463   0.00280629
 -0.02157959   0.00279115
 -0.02150452   0.00277607
 -0.02142945   0.00276106
 -0.02135441   0.00274613
 -0.02127930   0.00273125
 -0.02120423   0.00271648
 -0.02112909   0.00270175
 -0.02105398   0.00268711
 -0.02097885   0.00267257
 -0.02090367   0.00265807
 -0.02082850   0.00264364
 -0.02075333   0.00262934
 -0.02067815   0.00261504
 -0.02060288   0.00260081
 -0.02052771   0.00258671
 -0.02045244   0.00257265
 -0.02037716   0.00255862
 -0.02030189   0.00254472
 -0.02022662   0.00253089
 -0.02015135   0.00251710
 -0.02007607   0.00250337
 -0.02000070   0.00248978
 -0.01992543   0.00247619
 -0.01985005   0.00246276
 -0.01977468   0.00244931
 -0.01969931   0.00243602
 -0.01962394   0.00242276
 -0.01954853   0.00240951
 -0.01947315   0.00239639
 -0.01939768   0.00238337
 -0.01932231   0.00237042
 -0.01924684   0.00235750
 -0.01917136   0.00234468
 -0.01909589   0.00233190
 -0.01902042   0.00231922
 -0.01894491   0.00230664
 -0.01886944   0.00229409
 -0.01879396   0.00228161
 -0.01871839   0.00226920
 -0.01864282   0.00225692
 -0.01856731   0.00224471
 -0.01849174   0.00223250
 -0.01841616   0.00222039
 -0.01834059   0.00220838
 -0.01826498   0.00219641
 -0.01818935   0.00218450
 -0.01811374   0.00217273
 -0.01803810   0.00216099
 -0.01796249   0.00214932
 -0.01788682   0.00213775
 -0.01781115   0.00212621
 -0.01773547   0.00211481
 -0.01765980   0.00210341
 -0.01758409   0.00209207
 -0.01750835   0.00208087
 -0.01743265   0.00206971
 -0.01735697   0.00205861
 -0.01728120   0.00204765
 -0.01720543   0.00203668
 -0.01712965   0.00202585
 -0.01705388   0.00201509
 -0.01697811   0.00200436
 -0.01690234   0.00199374
 -0.01682653   0.00198311
 -0.01675075   0.00197262
 -0.01667488   0.00196223
 -0.01659911   0.00195184
 -0.01652324   0.00194158
 -0.01644736   0.00193139
 -0.01637149   0.00192124
 -0.01629562   0.00191118
 -0.01621975   0.00190123
 -0.01614387   0.00189131
 -0.01606800   0.00188149
 -0.01599209   0.00187167
 -0.01591615   0.00186199
 -0.01584025   0.00185237
 -0.01576431   0.00184283
 -0.01568834   0.00183341
 -0.01561236   0.00182396
 -0.01553643   0.00181462
 -0.01546045   0.00180537
 -0.01538448   0.00179623
 -0.01530851   0.00178712
 -0.01523250   0.00177807
 -0.01515646   0.00176916
 -0.01508049   0.00176025
 -0.01500442   0.00175142
 -0.01492845   0.00174271
 -0.01485241   0.00173404
 -0.01477634   0.00172546
 -0.01470026   0.00171693
 -0.01462423   0.00170845
 -0.01454815   0.00170012
 -0.01447208   0.00169182
 -0.01439601   0.00168358
 -0.01431987   0.00167542
 -0.01424380   0.00166732
 -0.01416773   0.00165932
 -0.01409159   0.00165142
 -0.01401542   0.00164355
 -0.01393935   0.00163573
 -0.01386321   0.00162806
 -0.01378704   0.00162040
 -0.01371090   0.00161281
 -0.01363473   0.00160535
 -0.01355859   0.00159795
 -0.01348235   0.00159056
 -0.01340618   0.00158331
 -0.01333005   0.00157612
 -0.01325381   0.00156899
 -0.01317764   0.00156190
 -0.01310140   0.00155487
 -0.01302520   0.00154781
 -0.01294903   0.00154088
 -0.01287279   0.00153398
 -0.01279655   0.00152712
 -0.01272032   0.00152032
 -0.01264408   0.00151358
 -0.01256788   0.00150685
 -0.01249165   0.00150021
 -0.01241535   0.00149357
 -0.01233911   0.00148706
 -0.01226287   0.00148049
 -0.01218657   0.00147408
 -0.01211034   0.00146767
 -0.01203404   0.00146133
 -0.01195774   0.00145498
 -0.01188150   0.00144874
 -0.01180520   0.00144252
 -0.01172890   0.00143634
 -0.01165260   0.00143025
 -0.01157630   0.00142420
 -0.01150000   0.00141818
 -0.01142370   0.00142420
 -0.01134740   0.00143025
 -0.01127110   0.00143634
 -0.01119480   0.00144252
 -0.01111850   0.00144874
 -0.01104226   0.00145498
 -0.01096596   0.00146133
 -0.01088966   0.00146767
 -0.01081343   0.00147408
 -0.01073713   0.00148049
 -0.01066089   0.00148706
 -0.01058465   0.00149357
 -0.01050835   0.00150021
 -0.01043212   0.00150685
 -0.01035592   0.00151358
 -0.01027968   0.00152032
 -0.01020345   0.00152712
 -0.01012721   0.00153398
 -0.01005097   0.00154088
 -0.00997480   0.00154781
 -0.00989860   0.00155487
 -0.00982236   0.00156190
 -0.00974619   0.00156899
 -0.00966995   0.00157612
 -0.00959382   0.00158331
 -0.00951765   0.00159056
 -0.00944141   0.00159795
 -0.00936527   0.00160535
 -0.00928910   0.00161281
 -0.00921296   0.00162040
 -0.00913679   0.00162806
 -0.00906065   0.00163573
 -0.00898458   0.00164355
 -0.00890841   0.00165142
 -0.00883227   0.00165932
 -0.00875620   0.00166732
 -0.00868013   0.00167542
 -0.00860399   0.00168358
 -0.00852792   0.00169182
 -0.00845185   0.00170012
 -0.00837577   0.00170845
 -0.00829974   0.00171693
 -0.00822366   0.00172546
 -0.00814759   0.00173404
 -0.00807155   0.00174271
 -0.00799558   0.00175142
 -0.00791951   0.00176025
 -0.00784354   0.00176916
 -0.00776750   0.00177807
 -0.00769149   0.00178712
 -0.00761552   0.00179623
 -0.00753955   0.00180537
 -0.00746357   0.00181462
 -0.00738764   0.00182396
 -0.00731166   0.00183341
 -0.00723569   0.00184283
 -0.00715975   0.00185237
 -0.00708385   0.00186199
 -0.00700791   0.00187167
 -0.00693200   0.00188149
 -0.00685613   0.00189131
 -0.00678025   0.00190123
 -0.00670438   0.00191118
 -0.00662851   0.00192124
 -0.00655264   0.00193139
 -0.00647676   0.00194158
 -0.00640089   0.00195184
 -0.00632512   0.00196223
 -0.00624925   0.00197262
 -0.00617347   0.00198311
 -0.00609766   0.00199374
 -0.00602189   0.00200436
 -0.00594612   0.00201509
 -0.00587035   0.00202585
 -0.00579457   0.00203668
 -0.00571880   0.00204765
 -0.00564303   0.00205861
 -0.00556735   0.00206971
 -0.00549165   0.00208087
 -0.00541591   0.00209207
 -0.00534020   0.00210341
 -0.00526453   0.00211481
 -0.00518885   0.00212621
 -0.00511318   0.00213775
 -0.00503751   0.00214932
 -0.00496190   0.00216099
 -0.00488626   0.00217273
 -0.00481065   0.00218450
 -0.00473502   0.00219641
 -0.00465941   0.00220838
 -0.00458384   0.00222039
 -0.00450826   0.00223250
 -0.00443269   0.00224471
 -0.00435718   0.00225692
 -0.00428161   0.00226920
 -0.00420604   0.00228161
 -0.00413056   0.00229409
 -0.00405509   0.00230664
 -0.00397958   0.00231922
 -0.00390411   0.00233190
 -0.00382864   0.00234468
 -0.00375316   0.00235750
 -0.00367769   0.00237042
 -0.00360232   0.00238337
 -0.00352685   0.00239639
 -0.00345147   0.00240951
 -0.00337606   0.00242276
 -0.00330069   0.00243602
 -0.00322532   0.00244931
 -0.00314995   0.00246276
 -0.00307457   0.00247619
 -0.00299930   0.00248978
 -0.00292393   0.00250337
 -0.00284865   0.00251710
 -0.00277338   0.00253089
 -0.00269811   0.00254472
 -0.00262284   0.00255862
 -0.00254756   0.00257265
 -0.00247229   0.00258671
 -0.00239712   0.00260081
 -0.00232185   0.00261504
 -0.00224667   0.00262934
 -0.00217150   0.00264364
 -0.00209633   0.00265807
 -0.00202115   0.00267257
 -0.00194602   0.00268711
 -0.00187091   0.00270175
 -0.00179577   0.00271648
 -0.00172070   0.00273125
 -0.00164559   0.00274613
 -0.00157055   0.00276106
 -0.00149548   0.00277607
 -0.00142041   0.00279115
 -0.00134537   0.00280629
 -0.00127036   0.00282156
 -0.00119539   0.00283681
 -0.00112035   0.00285222
 -0.00104542   0.00286766
 -0.00097045   0.00288311
 -0.00089554   0.00289869
 -0.00082060   0.00291434
 -0.00074566   0.00293012
 -0.00067079   0.00294590
 -0.00059592   0.00296178
 -0.00052105   0.00297770
 -0.00044621   0.00299372
 -0.00037134   0.00300984
 -0.00029650   0.00302595
 -0.00022173   0.00304221
 -0.00014689   0.00305846
 -0.00007215   0.00307492
  0.00000262   0.00309131
  0.00007735   0.00310786
  0.00015203   0.00312445
  0.00022676   0.00314115
  0.00030144   0.00315784
  0.00037617   0.00317466
  0.00045081   0.00319149
  0.00052545   0.00320845
  0.00060012   0.00322548
  0.00067465   0.00324261
  0.00074929   0.00325977
  0.00082386   0.00327697
  0.00089846   0.00329434
  0.00097300   0.00331170
  0.00104754   0.00332914
  0.00112201   0.00334664
  0.00119655   0.00336427
  0.00127098   0.00338197
  0.00134548   0.00339971
  0.00141995   0.00341748
  0.00149429   0.00343564
  0.00156854   0.00345425
  0.00164272   0.00347315
  0.00171680   0.00349224
  0.00179082   0.00351168
  0.00186477   0.00353139
  0.00193860   0.00355135
  0.00201239   0.00357161
  0.00208609   0.00359212
  0.00215969   0.00361295
  0.00223323   0.00363402
  0.00230666   0.00365534
  0.00238001   0.00367698
  0.00245325   0.00369882
  0.00252644   0.00372101
  0.00259949   0.00374343
  0.00267248   0.00376607
  0.00274537   0.00378904
  0.00281817   0.00381226
  0.00289087   0.00383575
  0.00296351   0.00385955
  0.00303598   0.00388355
  0.00310836   0.00390785
  0.00318065   0.00393243
  0.00325286   0.00395724
  0.00332495   0.00398230
  0.00339695   0.00400769
  0.00346878   0.00403327
  0.00354058   0.00405918
  0.00361219   0.00408535
  0.00368380   0.00411174
  0.00375518   0.00413842
  0.00382654   0.00416539
  0.00389773   0.00419259
  0.00396879   0.00421998
  0.00403972   0.00424781
  0.00411045   0.00427625
  0.00418101   0.00430507
  0.00425137   0.00433433
  0.00432157   0.00436402
  0.00439164   0.00439412
  0.00446150   0.00442459
  0.00453120   0.00445550
  0.00460070   0.00448682
  0.00467004   0.00451857
  0.00473914   0.00455076
  0.00480807   0.00458333
  0.00487687   0.00461630
  0.00494541   0.00464971
  0.00501378   0.00468349
  0.00508198   0.00471765
  0.00514995   0.00475224
  0.00521769   0.00478730
  0.00528523   0.00482267
  0.00535260   0.00485851
  0.00541974   0.00489469
  0.00548667   0.00493131
  0.00555341   0.00496834
  0.00561988   0.00500576
  0.00568612   0.00504350
  0.00575219   0.00508171
  0.00581803   0.00512032
  0.00588366   0.00515930
  0.00594900   0.00519863
  0.00601414   0.00523842
  0.00607904   0.00527855
  0.00614367   0.00531909
  0.00620811   0.00536000
  0.00627231   0.00540128
  0.00633625   0.00544297
  0.00639995   0.00548500
  0.00646341   0.00552746
  0.00652661   0.00557026
  0.00658957   0.00561341
  0.00665224   0.00565695
  0.00671470   0.00570097
  0.00677683   0.00574526
  0.00683875   0.00578989
  0.00690042   0.00583493
  0.00696181   0.00588036
  0.00702290   0.00592611
  0.00708379   0.00597223
  0.00714435   0.00601875
  0.00720464   0.00606557
  0.00726465   0.00611284
  0.00732441   0.00616037
  0.00738383   0.00620828
  0.00744305   0.00625663
  0.00750193   0.00630525
  0.00756057   0.00635420
  0.00761885   0.00640356
  0.00767686   0.00645323
  0.00773464   0.00650326
  0.00779205   0.00655361
  0.00784922   0.00660435
  0.00790603   0.00665537
  0.00796256   0.00670676
  0.00801883   0.00675843
  0.00807473   0.00681049
  0.00813033   0.00686286
  0.00818565   0.00691557
  0.00824068   0.00696865
  0.00829531   0.00702204
  0.00834970   0.00707573
  0.00840375   0.00712975
  0.00845747   0.00718405
  0.00851089   0.00723873
  0.00856397   0.00729370
  0.00861675   0.00734898
  0.00866916   0.00740460
  0.00872127   0.00746052
  0.00877305   0.00751675
  0.00882452   0.00757325
  0.00887562   0.00763008
  0.00892642   0.00768725
  0.00897685   0.00774470
  0.00902691   0.00780245
  0.00907670   0.00786050
  0.00912609   0.00791879
  0.00917515   0.00797742
  0.00922386   0.00803638
  0.00927225   0.00809555
  0.00932025   0.00815506
  0.00936790   0.00821487
  0.00941521   0.00827489
  0.00946215   0.00833525
  0.00950878   0.00839590
  0.00955498   0.00845676
  0.00960091   0.00851796
  0.00964640   0.00857940
  0.00969153   0.00864117
  0.00973635   0.00870312
  0.00978076   0.00876536
  0.00982475   0.00882792
  0.00986849   0.00889067
  0.00991176   0.00895370
  0.00995474   0.00901696
  0.00999727   0.00908056
  0.01003944   0.00914434
  0.01008124   0.00920841
  0.01012263   0.00927269
  0.01016368   0.00933727
  0.01020434   0.00940209
  0.01024462   0.00946708
  0.01028456   0.00953237
  0.01032407   0.00959784
  0.01036315   0.00966364
  0.01040188   0.00972957
  0.01044018   0.00979578
  0.01047815   0.00986219
  0.01051570   0.00992887
  0.01055285   0.00999575
  0.01058961   0.01006281
  0.01062595   0.01013016
  0.01066190   0.01019769
  0.01069747   0.01026539
  0.01073265   0.01033339
  0.01076741   0.01040153
  0.01080177   0.01046990
  0.01083570   0.01053847
  0.01086925   0.01060725
  0.01090237   0.01067624
  0.01093505   0.01074542
  0.01096736   0.01081477
  0.01099927   0.01088430
  0.01103077   0.01095409
  0.01106187   0.01102402
  0.01109250   0.01109412
  0.01112279   0.01116445
  0.01115261   0.01123489
  0.01118203   0.01130550
  0.01121097   0.01137637
  0.01123958   0.01144735
  0.01126772   0.01151854
  0.01129542   0.01158985
  0.01132275   0.01166137
  0.01134964   0.01173303
  0.01137609   0.01180482
  0.01140211   0.01187685
  0.01142775   0.01194891
  0.01145286   0.01202117
  0.01147760   0.01209367
  0.01150200   0.01216621
  0.01152583   0.01223895
  0.01154932   0.01231182
  0.01157231   0.01238476
  0.01159489   0.01245797
  0.01161710   0.01253122
  0.01163877   0.01260460
  0.01166011   0.01267812
  0.01168091   0.01275174
  0.01170134   0.01282555
  0.01172129   0.01289945
  0.01174091   0.01297344
  0.01176037   0.01304750
  0.01177955   0.01312160
  0.01179855   0.01319577
  0.01181737   0.01326998
  0.01183607   0.01334423
  0.01185464   0.01341851
  0.01187316   0.01349279
  0.01189173   0.01356704
  0.01191035   0.01364132
  0.01192892   0.01371560
  0.01194745   0.01378988
  0.01196601   0.01386416
  0.01198464   0.01393845
  0.01200316   0.01401269
  0.01202173   0.01408697
  0.01204029   0.01416125
  0.01205888   0.01423554
  0.01207745   0.01430982
  0.01209601   0.01438410
  0.01211457   0.01445835
  0.01213316   0.01453263
  0.01215173   0.01460691
  0.01217029   0.01468119
  0.01218882   0.01475547
  0.01220745   0.01482975
  0.01222601   0.01490400
  0.01224457   0.01497828
  0.01226310   0.01505256
  0.01228173   0.01512685
  0.01230029   0.01520113
  0.01231882   0.01527541
  0.01233738   0.01534965
  0.01235601   0.01542394
  0.01237457   0.01549822
  0.01239310   0.01557250
  0.01241166   0.01564678
  0.01243029   0.01572106
  0.01244882   0.01579531
  0.01246738   0.01586959
  0.01248595   0.01594387
  0.01250454   0.01601815
  0.01252310   0.01609244
  0.01254166   0.01616672
  0.01256023   0.01624096
  0.01257882   0.01631525
  0.01259738   0.01638953
  0.01261595   0.01646381
  0.01263447   0.01653809
  0.01265310   0.01661237
  0.01267166   0.01668662
  0.01269023   0.01676090
  0.01270875   0.01683518
  0.01272738   0.01690946
  0.01274595   0.01698375
  0.01276447   0.01705803
  0.01278304   0.01713227
  0.01280166   0.01720655
  0.01282023   0.01728084
  0.01283875   0.01735512
  0.01285732   0.01742940
  0.01287595   0.01750365
  0.01289447   0.01757793
  0.01291304   0.01765221
  0.01293160   0.01772649
  0.01295019   0.01780077
  0.01296875   0.01787499
  0.01298732   0.01794924
  0.01300588   0.01802352
  0.01302447   0.01809780
  0.01304304   0.01817208
  0.01306160   0.01824636
  0.01308013   0.01832065
  0.01309875   0.01839489
  0.01311732   0.01846917
  0.01313588   0.01854345
  0.01315441   0.01861774
  0.01317304   0.01869202
  0.01319160   0.01876630
  0.01321013   0.01884055
  0.01322869   0.01891483
  0.01324732   0.01898911
  0.01326585   0.01906339
  0.01328441   0.01913767
  0.01330297   0.01921195
  0.01332160   0.01928620
  0.01334013   0.01936048
  0.01335869   0.01943476
  0.01337725   0.01950905
  0.01339585   0.01958333
  0.01341441   0.01965761
  0.01343297   0.01973185
  0.01345154   0.01980614
  0.01347013   0.01988042
  0.01348869   0.01995470
  0.01350725   0.02002898
  0.01352578   0.02010326
  0.01354441   0.02017751
  0.01356297   0.02025179
  0.01358154   0.02032607
  0.01360006   0.02040035
  0.01361869   0.02047464
  0.01363725   0.02054892
  0.01365578   0.02062316
  0.01367435   0.02069745
  0.01369297   0.02077173
  0.01371150   0.02084601
  0.01373006   0.02092029
  0.01374863   0.02099457
  0.01376725   0.02106882
  0.01378578   0.02114310
  0.01380435   0.02121738
  0.01382291   0.02129166
  0.01384150   0.02136595
  0.01386006   0.02144023
  0.01387863   0.02151447
  0.01389719   0.02158875
  0.01391578   0.02166304
  0.01393435   0.02173732
  0.01395291   0.02181160
  0.01397144   0.02188588
  0.01399006   0.02196013
  0.01400863   0.02203441
  0.01402719   0.02210869
  0.01404572   0.02218297
  0.01406435   0.02225725
  0.01408291   0.02233154
  0.01410144   0.02240578
  0.01412000   0.02248006
  0.01413863   0.02255435
  0.01415715   0.02262863
  0.01417572   0.02270291
  0.01419428   0.02277719
  0.01421291   0.02285144
  0.01423144   0.02292572
  0.01425000   0.02300000
