 -0.03725000   0.02300000
 -0.03722550   0.02290220
 -0.03720110   0.02280440
 -0.03717660   0.02270660
 -0.03715220   0.02260870
 -0.03712770   0.02251090
 -0.03710330   0.02241310
 -0.03707880   0.02231530
 -0.03705440   0.02221750
 -0.03702990   0.02211970
 -0.03700550   0.02202180
 -0.03698100   0.02192400
 -0.03695660   0.02182620
 -0.03693210   0.02172840
 -0.03690760   0.02163060
 -0.03688320   0.02153280
 -0.03685870   0.02143490
 -0.03683430   0.02133710
 -0.03680980   0.02123930
 -0.03678540   0.02114150
 -0.03676090   0.02104370
 -0.03673650   0.02094590
 -0.03671200   0.02084800
 -0.03668760   0.02075020
 -0.03666310   0.02065240
 -0.03663860   0.02055460
 -0.03661420   0.02045680
 -0.03658970   0.02035900
 -0.03656530   0.02026110
 -0.03654080   0.02016330
 -0.03651640   0.02006550
 -0.03649190   0.01996770
 -0.03646750   0.01986990
 -0.03644300   0.01977210
 -0.03641860   0.01967420
 -0.03639410   0.01957640
 -0.03636970   0.01947860
 -0.03634520   0.01938080
 -0.03632070   0.01928300
 -0.03629630   0.01918520
 -0.03627180   0.01908740
 -0.03624740   0.01898950
 -0.03622290   0.01889170
 -0.03619850   0.01879390
 -0.03617400   0.01869610
 -0.03614960   0.01859830
 -0.03612510   0.01850050
 -0.03610070   0.01840260
 -0.03607620   0.01830480
 -0.03605180   0.01820700
 -0.03602730   0.01810920
 -0.03600280   0.01801140
 -0.03597840   0.01791360
 -0.03595390   0.01781570
 -0.03592950   0.01771790
 -0.03590500   0.01762010
 -0.03588060   0.01752230
 -0.03585610   0.01742450
 -0.03583170   0.01732670
 -0.03580720   0.01722880
 -0.03578280   0.01713100
 -0.03575830   0.01703320
 -0.03573380   0.01693540
 -0.03570940   0.01683760
 -0.03568490   0.01673980
 -0.03566050   0.01664190
 -0.03563600   0.01654410
 -0.03561160   0.01644630
 -0.03558710   0.01634850
 -0.03556270   0.01625070
 -0.03553820   0.01615290
 -0.03551380   0.01605500
 -0.03548930   0.01595720
 -0.03546490   0.01585940
 -0.03544040   0.01576160
 -0.03541590   0.01566380
 -0.03539150   0.01556600
 -0.03536700   0.01546820
 -0.03534260   0.01537030
 -0.03531810   0.01527250
 -0.03529370   0.01517470
 -0.03526920   0.01507690
 -0.03524480   0.01497910
 -0.03522030   0.01488130
 -0.03519590   0.01478340
 -0.03517140   0.01468560
 -0.03514700   0.01458780
 -0.03512250   0.01449000
 -0.03509800   0.01439220
 -0.03507360   0.01429440
 -0.03504910   0.01419650
 -0.03502470   0.01409870
 -0.03500020   0.01400090
 -0.03497580   0.01390310
 -0.03495130   0.01380530
 -0.03492690   0.01370750
 -0.03490240   0.01360960
 -0.03487800   0.01351180
 -0.03485350   0.01341400
 -0.03482900   0.01331620
 -0.03480460   0.01321840
 -0.03478010   0.01312060
 -0.03475570   0.01302270
 -0.03473120   0.01292490
 -0.03470680   0.01282710
 -0.03468230   0.01272930
 -0.03465790   0.01263150
 -0.03463340   0.01253370
 -0.03460900   0.01243580
 -0.03458450   0.01233800
 -0.03456000   0.01224020
 -0.03453470   0.01214260
 -0.03450880   0.01204520
 -0.03448200   0.01194800
 -0.03445450   0.01185100
 -0.03442630   0.01175420
 -0.03439730   0.01165760
 -0.03436760   0.01156130
 -0.03433710   0.01146520
 -0.03430590   0.01136930
 -0.03427390   0.01127370
 -0.03424120   0.01117830
 -0.03420770   0.01108320
 -0.03417350   0.01098830
 -0.03413860   0.01089370
 -0.03410300   0.01079940
 -0.03406660   0.01070540
 -0.03402950   0.01061160
 -0.03399160   0.01051820
 -0.03395310   0.01042500
 -0.03391380   0.01033220
 -0.03387380   0.01023960
 -0.03383310   0.01014740
 -0.03379160   0.01005550
 -0.03374950   0.00996390
 -0.03370660   0.00987260
 -0.03366310   0.00978170
 -0.03361880   0.00969110
 -0.03357390   0.00960080
 -0.03352820   0.00951090
 -0.03348180   0.00942140
 -0.03343480   0.00933220
 -0.03338700   0.00924340
 -0.03333860   0.00915500
 -0.03328950   0.00906690
 -0.03323970   0.00897930
 -0.03318920   0.00889200
 -0.03313810   0.00880510
 -0.03308630   0.00871860
 -0.03303380   0.00863250
 -0.03298060   0.00854680
 -0.03292680   0.00846160
 -0.03287230   0.00837670
 -0.03281720   0.00829230
 -0.03276140   0.00820830
 -0.03270490   0.00812480
 -0.03264790   0.00804170
 -0.03259010   0.00795900
 -0.03253180   0.00787680
 -0.03247280   0.00779500
 -0.03241310   0.00771370
 -0.03235290   0.00763290
 -0.03229200   0.00755250
 -0.03223050   0.00747270
 -0.03216830   0.00739320
 -0.03210560   0.00731430
 -0.03204220   0.00723590
 -0.03197830   0.00715790
 -0.03191370   0.00708050
 -0.03184850   0.00700360
 -0.03178280   0.00692710
 -0.03171640   0.00685120
 -0.03164950   0.00677580
 -0.03158200   0.00670090
 -0.03151390   0.00662660
 -0.03144520   0.00655270
 -0.03137600   0.00647940
 -0.03130620   0.00640670
 -0.03123580   0.00633450
 -0.03116490   0.00626280
 -0.03109340   0.00619170
 -0.03102140   0.00612110
 -0.03094880   0.00605120
 -0.03087570   0.00598170
 -0.03080200   0.00591290
 -0.03072790   0.00584460
 -0.03065310   0.00577690
 -0.03057790   0.00570980
 -0.03050220   0.00564320
 -0.03042590   0.00557730
 -0.03034910   0.00551190
 -0.03027180   0.00544710
 -0.03019410   0.00538300
 -0.03011580   0.00531940
 -0.03003700   0.00525650
 -0.02995780   0.00519420
 -0.02987800   0.00513240
 -0.02979780   0.00507130
 -0.02971710   0.00501090
 -0.02963600   0.00495100
 -0.02955440   0.00489180
 -0.02947230   0.00483320
 -0.02938980   0.00477530
 -0.02930680   0.00471800
 -0.02922340   0.00466140
 -0.02913960   0.00460540
 -0.02905530   0.00455000
 -0.02897060   0.00449530
 -0.02888550   0.00444130
 -0.02880000   0.00438790
 -0.02871400   0.00433520
 -0.02862760   0.00428310
 -0.02854090   0.00423180
 -0.02845370   0.00418110
 -0.02836620   0.00413100
 -0.02827830   0.00408170
 -0.02819000   0.00403310
 -0.02810130   0.00398510
 -0.02801220   0.00393780
 -0.02792280   0.00389120
 -0.02783300   0.00384530
 -0.02774290   0.00380010
 -0.02765240   0.00375560
 -0.02756160   0.00371180
 -0.02747040   0.00366880
 -0.02737900   0.00362640
 -0.02728710   0.00358470
 -0.02719500   0.00354380
 -0.02710260   0.00350350
 -0.02700980   0.00346400
 -0.02691670   0.00342520
 -0.02682340   0.00338710
 -0.02672970   0.00334980
 -0.02663580   0.00331310
 -0.02654160   0.00327730
 -0.02644710   0.00324210
 -0.02635230   0.00320770
 -0.02625730   0.00317400
 -0.02616200   0.00314100
 -0.02606640   0.00310880
 -0.02597060   0.00307730
 -0.02587460   0.00304660
 -0.02577830   0.00301660
 -0.02568190   0.00298740
 -0.02558510   0.00295890
 -0.02548820   0.00293120
 -0.02539100   0.00290420
 -0.02529370   0.00287810
 -0.02519600   0.00285320
 -0.02509820   0.00282840
 -0.02500050   0.00280370
 -0.02490270   0.00277910
 -0.02480490   0.00275470
 -0.02470700   0.00273030
 -0.02460910   0.00270610
 -0.02451120   0.00268210
 -0.02441330   0.00265810
 -0.02431530   0.00263430
 -0.02421730   0.00261060
 -0.02411930   0.00258700
 -0.02402120   0.00256350
 -0.02392310   0.00254020
 -0.02382500   0.00251700
 -0.02372690   0.00249390
 -0.02362870   0.00247090
 -0.02353050   0.00244810
 -0.02343230   0.00242540
 -0.02333400   0.00240280
 -0.02323570   0.00238030
 -0.02313740   0.00235800
 -0.02303900   0.00233570
 -0.02294070   0.00231360
 -0.02284230   0.00229170
 -0.02274380   0.00226980
 -0.02264540   0.00224810
 -0.02254690   0.00222650
 -0.02244840   0.00220500
 -0.02234980   0.00218370
 -0.02225130   0.00216240
 -0.02215270   0.00214130
 -0.02205410   0.00212030
 -0.02195540   0.00209950
 -0.02185670   0.00207880
 -0.02175800   0.00205810
 -0.02165930   0.00203770
 -0.02156060   0.00201730
 -0.02146180   0.00199710
 -0.02136300   0.00197700
 -0.02126420   0.00195700
 -0.02116530   0.00193710
 -0.02106640   0.00191740
 -0.02096750   0.00189780
 -0.02086860   0.00187830
 -0.02076970   0.00185890
 -0.02067070   0.00183970
 -0.02057170   0.00182060
 -0.02047270   0.00180160
 -0.02037360   0.00178270
 -0.02027450   0.00176400
 -0.02017550   0.00174540
 -0.02007630   0.00172690
 -0.01997720   0.00170850
 -0.01987800   0.00169030
 -0.01977880   0.00167220
 -0.01967960   0.00165420
 -0.01958040   0.00163630
 -0.01948120   0.00161860
 -0.01938190   0.00160100
 -0.01928260   0.00158350
 -0.01918330   0.00156610
 -0.01908390   0.00154890
 -0.01898460   0.00153180
 -0.01888520   0.00151480
 -0.01878580   0.00149790
 -0.01868630   0.00148120
 -0.01858690   0.00146460
 -0.01848740   0.00144810
 -0.01838790   0.00143170
 -0.01828840   0.00141550
 -0.01818890   0.00139940
 -0.01808930   0.00138340
 -0.01798980   0.00136750
 -0.01789020   0.00135180
 -0.01779060   0.00133620
 -0.01769090   0.00132070
 -0.01759130   0.00130540
 -0.01749160   0.00129010
 -0.01739190   0.00127500
 -0.01729220   0.00126000
 -0.01719250   0.00124520
 -0.01709270   0.00123050
 -0.01699300   0.00121590
 -0.01689320   0.00120140
 -0.01679340   0.00118700
 -0.01669360   0.00117280
 -0.01659370   0.00115870
 -0.01649390   0.00114470
 -0.01639400   0.00113090
 -0.01629410   0.00111720
 -0.01619420   0.00110360
 -0.01609430   0.00109010
 -0.01599440   0.00107680
 -0.01589440   0.00106350
 -0.01579440   0.00105050
 -0.01569440   0.00103750
 -0.01559440   0.00102460
 -0.01549440   0.00101190
 -0.01539440   0.00099930
 -0.01529430   0.00098690
 -0.01519420   0.00097450
 -0.01509420   0.00096230
 -0.01499410   0.00095030
 -0.01489390   0.00093830
 -0.01479380   0.00092650
 -0.01469370   0.00091480
 -0.01459350   0.00090320
 -0.01449330   0.00089170
 -0.01439310   0.00088040
 -0.01429290   0.00086920
 -0.01419270   0.00085810
 -0.01409250   0.00084720
 -0.01399230   0.00083640
 -0.01389200   0.00082570
 -0.01379170   0.00081510
 -0.01369140   0.00080470
 -0.01359110   0.00079430
 -0.01349080   0.00078420
 -0.01339050   0.00077410
 -0.01329020   0.00076420
 -0.01318980   0.00075430
 -0.01308950   0.00074470
 -0.01298910   0.00073510
 -0.01288870   0.00072570
 -0.01278830   0.00071640
 -0.01268790   0.00070720
 -0.01258750   0.00069810
 -0.01248710   0.00068920
 -0.01238660   0.00068040
 -0.01228620   0.00067180
 -0.01218570   0.00066320
 -0.01208520   0.00065480
 -0.01198470   0.00064650
 -0.01188420   0.00063830
 -0.01178370   0.00063030
 -0.01168320   0.00062240
 -0.01158270   0.00061460
 -0.01148220   0.00060700
 -0.01138160   0.00059940
 -0.01128110   0.00059200
 -0.01118050   0.00058470
 -0.01107990   0.00057760
 -0.01097930   0.00057060
 -0.01087870   0.00056370
 -0.01077810   0.00055690
 -0.01067750   0.00055030
 -0.01057690   0.00054370
 -0.01047630   0.00053730
 -0.01037570   0.00053110
 -0.01027500   0.00052490
 -0.01017440   0.00051900
 -0.01007370   0.00051320
 -0.00997310   0.00050740
 -0.00987240   0.00050160
 -0.00977170   0.00049580
 -0.00967110   0.00049010
 -0.00957040   0.00048450
 -0.00946970   0.00047880
 -0.00936910   0.00047320
 -0.00926840   0.00046770
 -0.00916770   0.00046210
 -0.00906700   0.00045660
 -0.00896640   0.00045120
 -0.00886570   0.00044570
 -0.00876500   0.00044030
 -0.00866430   0.00043490
 -0.00856360   0.00042960
 -0.00846290   0.00042430
 -0.00836230   0.00041900
 -0.00826160   0.00041380
 -0.00816090   0.00040860
 -0.00806020   0.00040350
 -0.00795950   0.00039830
 -0.00785880   0.00039320
 -0.00775810   0.00038820
 -0.00765740   0.00038310
 -0.00755670   0.00037810
 -0.00745600   0.00037320
 -0.00735530   0.00036830
 -0.00725460   0.00036340
 -0.00715390   0.00035850
 -0.00705310   0.00035370
 -0.00695240   0.00034890
 -0.00685170   0.00034410
 -0.00675100   0.00033940
 -0.00665030   0.00033470
 -0.00654960   0.00033000
 -0.00644880   0.00032540
 -0.00634810   0.00032080
 -0.00624740   0.00031630
 -0.00614670   0.00031180
 -0.00604590   0.00030730
 -0.00594520   0.00030280
 -0.00584450   0.00029840
 -0.00574380   0.00029400
 -0.00564300   0.00028970
 -0.00554230   0.00028530
 -0.00544160   0.00028110
 -0.00534080   0.00027680
 -0.00524010   0.00027260
 -0.00513930   0.00026840
 -0.00503860   0.00026430
 -0.00493790   0.00026010
 -0.00483710   0.00025610
 -0.00473640   0.00025200
 -0.00463560   0.00024800
 -0.00453490   0.00024400
 -0.00443410   0.00024010
 -0.00433340   0.00023620
 -0.00423260   0.00023230
 -0.00413190   0.00022840
 -0.00403110   0.00022460
 -0.00393040   0.00022090
 -0.00382960   0.00021710
 -0.00372880   0.00021340
 -0.00362810   0.00020970
 -0.00352730   0.00020610
 -0.00342660   0.00020250
 -0.00332580   0.00019890
 -0.00322500   0.00019540
 -0.00312430   0.00019190
 -0.00302350   0.00018840
 -0.00292270   0.00018500
 -0.00282200   0.00018160
 -0.00272120   0.00017820
 -0.00262040   0.00017480
 -0.00251960   0.00017150
 -0.00241890   0.00016830
 -0.00231810   0.00016500
 -0.00221730   0.00016180
 -0.00211650   0.00015870
 -0.00201580   0.00015550
 -0.00191500   0.00015240
 -0.00181420   0.00014940
 -0.00171340   0.00014630
 -0.00161260   0.00014340
 -0.00151190   0.00014040
 -0.00141110   0.00013750
 -0.00131030   0.00013460
 -0.00120950   0.00013170
 -0.00110870   0.00012890
 -0.00100790   0.00012610
 -0.00090710   0.00012330
 -0.00080630   0.00012060
 -0.00070560   0.00011790
 -0.00060480   0.00011520
 -0.00050400   0.00011260
 -0.00040320   0.00011000
 -0.00030240   0.00010750
 -0.00020160   0.00010490
 -0.00010080   0.00010250
  0.00000000   0.00010000
  0.00010080   0.00010250
  0.00020160   0.00010490
  0.00030240   0.00010750
  0.00040320   0.00011000
  0.00050400   0.00011260
  0.00060480   0.00011520
  0.00070560   0.00011790
  0.00080630   0.00012060
  0.00090710   0.00012330
  0.00100790   0.00012610
  0.00110870   0.00012890
  0.00120950   0.00013170
  0.00131030   0.00013460
  0.00141110   0.00013750
  0.00151190   0.00014040
  0.00161260   0.00014340
  0.00171340   0.00014630
  0.00181420   0.00014940
  0.00191500   0.00015240
  0.00201580   0.00015550
  0.00211650   0.00015870
  0.00221730   0.00016180
  0.00231810   0.00016500
  0.00241890   0.00016830
  0.00251960   0.00017150
  0.00262040   0.00017480
  0.00272120   0.00017820
  0.00282200   0.00018160
  0.00292270   0.00018500
  0.00302350   0.00018840
  0.00312430   0.00019190
  0.00322500   0.00019540
  0.00332580   0.00019890
  0.00342660   0.00020250
  0.00352730   0.00020610
  0.00362810   0.00020970
  0.00372880   0.00021340
  0.00382960   0.00021710
  0.00393040   0.00022090
  0.00403110   0.00022460
  0.00413190   0.00022840
  0.00423260   0.00023230
  0.00433340   0.00023620
  0.00443410   0.00024010
  0.00453490   0.00024400
  0.00463560   0.00024800
  0.00473640   0.00025200
  0.00483710   0.00025610
  0.00493790   0.00026010
  0.00503860   0.00026430
  0.00513930   0.00026840
  0.00524010   0.00027260
  0.00534080   0.00027680
  0.00544160   0.00028110
  0.00554230   0.00028530
  0.00564300   0.00028970
  0.00574380   0.00029400
  0.00584450   0.00029840
  0.00594520   0.00030280
  0.00604590   0.00030730
  0.00614670   0.00031180
  0.00624740   0.00031630
  0.00634810   0.00032080
  0.00644880   0.00032540
  0.00654960   0.00033000
  0.00665030   0.00033470
  0.00675100   0.00033940
  0.00685170   0.00034410
  0.00695240   0.00034890
  0.00705310   0.00035370
  0.00715390   0.00035850
  0.00725460   0.00036340
  0.00735530   0.00036830
  0.00745600   0.00037320
  0.00755670   0.00037810
  0.00765740   0.00038310
  0.00775810   0.00038820
  0.00785880   0.00039320
  0.00795950   0.00039830
  0.00806020   0.00040350
  0.00816090   0.00040860
  0.00826160   0.00041380
  0.00836230   0.00041900
  0.00846290   0.00042430
  0.00856360   0.00042960
  0.00866430   0.00043490
  0.00876500   0.00044030
  0.00886570   0.00044570
  0.00896640   0.00045120
  0.00906700   0.00045660
  0.00916770   0.00046210
  0.00926840   0.00046770
  0.00936910   0.00047320
  0.00946970   0.00047880
  0.00957040   0.00048450
  0.00967110   0.00049010
  0.00977170   0.00049580
  0.00987240   0.00050160
  0.00997310   0.00050740
  0.01007370   0.00051320
  0.01017440   0.00051900
  0.01027500   0.00052490
  0.01037570   0.00053110
  0.01047630   0.00053730
  0.01057690   0.00054370
  0.01067750   0.00055030
  0.01077810   0.00055690
  0.01087870   0.00056370
  0.01097930   0.00057060
  0.01107990   0.00057760
  0.01118050   0.00058470
  0.01128110   0.00059200
  0.01138160   0.00059940
  0.01148220   0.00060700
  0.01158270   0.00061460
  0.01168320   0.00062240
  0.01178370   0.00063030
  0.01188420   0.00063830
  0.01198470   0.00064650
  0.01208520   0.00065480
  0.01218570   0.00066320
  0.01228620   0.00067180
  0.01238660   0.00068040
  0.01248710   0.00068920
  0.01258750   0.00069810
  0.01268790   0.00070720
  0.01278830   0.00071640
  0.01288870   0.00072570
  0.01298910   0.00073510
  0.01308950   0.00074470
  0.01318980   0.00075430
  0.01329020   0.00076420
  0.01339050   0.00077410
  0.01349080   0.00078420
  0.01359110   0.00079430
  0.01369140   0.00080470
  0.01379170   0.00081510
  0.01389200   0.00082570
  0.01399230   0.00083640
  0.01409250   0.00084720
  0.01419270   0.00085810
  0.01429290   0.00086920
  0.01439310   0.00088040
  0.01449330   0.00089170
  0.01459350   0.00090320
  0.01469370   0.00091480
  0.01479380   0.00092650
  0.01489390   0.00093830
  0.01499410   0.00095030
  0.01509420   0.00096230
  0.01519420   0.00097450
  0.01529430   0.00098690
  0.01539440   0.00099930
  0.01549440   0.00101190
  0.01559440   0.00102460
  0.01569440   0.00103750
  0.01579440   0.00105050
  0.01589440   0.00106350
  0.01599440   0.00107680
  0.01609430   0.00109010
  0.01619420   0.00110360
  0.01629410   0.00111720
  0.01639400   0.00113090
  0.01649390   0.00114470
  0.01659370   0.00115870
  0.01669360   0.00117280
  0.01679340   0.00118700
  0.01689320   0.00120140
  0.01699300   0.00121590
  0.01709270   0.00123050
  0.01719250   0.00124520
  0.01729220   0.00126000
  0.01739190   0.00127500
  0.01749160   0.00129010
  0.01759130   0.00130540
  0.01769090   0.00132070
  0.01779060   0.00133620
  0.01789020   0.00135180
  0.01798980   0.00136750
  0.01808930   0.00138340
  0.01818890   0.00139940
  0.01828840   0.00141550
  0.01838790   0.00143170
  0.01848740   0.00144810
  0.01858690   0.00146460
  0.01868630   0.00148120
  0.01878580   0.00149790
  0.01888520   0.00151480
  0.01898460   0.00153180
  0.01908390   0.00154890
  0.01918330   0.00156610
  0.01928260   0.00158350
  0.01938190   0.00160100
  0.01948120   0.00161860
  0.01958040   0.00163630
  0.01967960   0.00165420
  0.01977880   0.00167220
  0.01987800   0.00169030
  0.01997720   0.00170850
  0.02007630   0.00172690
  0.02017550   0.00174540
  0.02027450   0.00176400
  0.02037360   0.00178270
  0.02047270   0.00180160
  0.02057170   0.00182060
  0.02067070   0.00183970
  0.02076970   0.00185890
  0.02086860   0.00187830
  0.02096750   0.00189780
  0.02106640   0.00191740
  0.02116530   0.00193710
  0.02126420   0.00195700
  0.02136300   0.00197700
  0.02146180   0.00199710
  0.02156060   0.00201730
  0.02165930   0.00203770
  0.02175800   0.00205810
  0.02185670   0.00207880
  0.02195540   0.00209950
  0.02205410   0.00212030
  0.02215270   0.00214130
  0.02225130   0.00216240
  0.02234980   0.00218370
  0.02244840   0.00220500
  0.02254690   0.00222650
  0.02264540   0.00224810
  0.02274380   0.00226980
  0.02284230   0.00229170
  0.02294070   0.00231360
  0.02303900   0.00233570
  0.02313740   0.00235800
  0.02323570   0.00238030
  0.02333400   0.00240280
  0.02343230   0.00242540
  0.02353050   0.00244810
  0.02362870   0.00247090
  0.02372690   0.00249390
  0.02382500   0.00251700
  0.02392310   0.00254020
  0.02402120   0.00256350
  0.02411930   0.00258700
  0.02421730   0.00261060
  0.02431530   0.00263430
  0.02441330   0.00265810
  0.02451120   0.00268210
  0.02460910   0.00270610
  0.02470700   0.00273030
  0.02480490   0.00275470
  0.02490270   0.00277910
  0.02500050   0.00280370
  0.02509820   0.00282840
  0.02519600   0.00285320
  0.02529370   0.00287810
  0.02539100   0.00290420
  0.02548820   0.00293120
  0.02558510   0.00295890
  0.02568190   0.00298740
  0.02577830   0.00301660
  0.02587460   0.00304660
  0.02597060   0.00307730
  0.02606640   0.00310880
  0.02616200   0.00314100
  0.02625730   0.00317400
  0.02635230   0.00320770
  0.02644710   0.00324210
  0.02654160   0.00327730
  0.02663580   0.00331310
  0.02672970   0.00334980
  0.02682340   0.00338710
  0.02691670   0.00342520
  0.02700980   0.00346400
  0.02710260   0.00350350
  0.02719500   0.00354380
  0.02728710   0.00358470
  0.02737900   0.00362640
  0.02747040   0.00366880
  0.02756160   0.00371180
  0.02765240   0.00375560
  0.02774290   0.00380010
  0.02783300   0.00384530
  0.02792280   0.00389120
  0.02801220   0.00393780
  0.02810130   0.00398510
  0.02819000   0.00403310
  0.02827830   0.00408170
  0.02836620   0.00413100
  0.02845370   0.00418110
  0.02854090   0.00423180
  0.02862760   0.00428310
  0.02871400   0.00433520
  0.02880000   0.00438790
  0.02888550   0.00444130
  0.02897060   0.00449530
  0.02905530   0.00455000
  0.02913960   0.00460540
  0.02922340   0.00466140
  0.02930680   0.00471800
  0.02938980   0.00477530
  0.02947230   0.00483320
  0.02955440   0.00489180
  0.02963600   0.00495100
  0.02971710   0.00501090
  0.02979780   0.00507130
  0.02987800   0.00513240
  0.02995780   0.00519420
  0.03003700   0.00525650
  0.03011580   0.00531940
  0.03019410   0.00538300
  0.03027180   0.00544710
  0.03034910   0.00551190
  0.03042590   0.00557730
  0.03050220   0.00564320
  0.03057790   0.00570980
  0.03065310   0.00577690
  0.03072790   0.00584460
  0.03080200   0.00591290
  0.03087570   0.00598170
  0.03094880   0.00605120
  0.03102140   0.00612110
  0.03109340   0.00619170
  0.03116490   0.00626280
  0.03123580   0.00633450
  0.03130620   0.00640670
  0.03137600   0.00647940
  0.03144520   0.00655270
  0.03151390   0.00662660
  0.03158200   0.00670090
  0.03164950   0.00677580
  0.03171640   0.00685120
  0.03178280   0.00692710
  0.03184850   0.00700360
  0.03191370   0.00708050
  0.03197830   0.00715790
  0.03204220   0.00723590
  0.03210560   0.00731430
  0.03216830   0.00739320
  0.03223050   0.00747270
  0.03229200   0.00755250
  0.03235290   0.00763290
  0.03241310   0.00771370
  0.03247280   0.00779500
  0.03253180   0.00787680
  0.03259010   0.00795900
  0.03264790   0.00804170
  0.03270490   0.00812480
  0.03276140   0.00820830
  0.03281720   0.00829230
  0.03287230   0.00837670
  0.03292680   0.00846160
  0.03298060   0.00854680
  0.03303380   0.00863250
  0.03308630   0.00871860
  0.03313810   0.00880510
  0.03318920   0.00889200
  0.03323970   0.00897930
  0.03328950   0.00906690
  0.03333860   0.00915500
  0.03338700   0.00924340
  0.03343480   0.00933220
  0.03348180   0.00942140
  0.03352820   0.00951090
  0.03357390   0.00960080
  0.03361880   0.00969110
  0.03366310   0.00978170
  0.03370660   0.00987260
  0.03374950   0.00996390
  0.03379160   0.01005550
  0.03383310   0.01014740
  0.03387380   0.01023960
  0.03391380   0.01033220
  0.03395310   0.01042500
  0.03399160   0.01051820
  0.03402950   0.01061160
  0.03406660   0.01070540
  0.03410300   0.01079940
  0.03413860   0.01089370
  0.03417350   0.01098830
  0.03420770   0.01108320
  0.03424120   0.01117830
  0.03427390   0.01127370
  0.03430590   0.01136930
  0.03433710   0.01146520
  0.03436760   0.01156130
  0.03439730   0.01165760
  0.03442630   0.01175420
  0.03445450   0.01185100
  0.03448200   0.01194800
  0.03450880   0.01204520
  0.03453470   0.01214260
  0.03456000   0.01224020
  0.03458450   0.01233800
  0.03460900   0.01243580
  0.03463340   0.01253370
  0.03465790   0.01263150
  0.03468230   0.01272930
  0.03470680   0.01282710
  0.03473120   0.01292490
  0.03475570   0.01302270
  0.03478010   0.01312060
  0.03480460   0.01321840
  0.03482900   0.01331620
  0.03485350   0.01341400
  0.03487800   0.01351180
  0.03490240   0.01360960
  0.03492690   0.01370750
  0.03495130   0.01380530
  0.03497580   0.01390310
  0.03500020   0.01400090
  0.03502470   0.01409870
  0.03504910   0.01419650
  0.03507360   0.01429440
  0.03509800   0.01439220
  0.03512250   0.01449000
  0.03514700   0.01458780
  0.03517140   0.01468560
  0.03519590   0.01478340
  0.03522030   0.01488130
  0.03524480   0.01497910
  0.03526920   0.01507690
  0.03529370   0.01517470
  0.03531810   0.01527250
  0.03534260   0.01537030
  0.03536700   0.01546820
  0.03539150   0.01556600
  0.03541590   0.01566380
  0.03544040   0.01576160
  0.03546490   0.01585940
  0.03548930   0.01595720
  0.03551380   0.01605500
  0.03553820   0.01615290
  0.03556270   0.01625070
  0.03558710   0.01634850
  0.03561160   0.01644630
  0.03563600   0.01654410
  0.03566050   0.01664190
  0.03568490   0.01673980
  0.03570940   0.01683760
  0.03573380   0.01693540
  0.03575830   0.01703320
  0.03578280   0.01713100
  0.03580720   0.01722880
  0.03583170   0.01732670
  0.03585610   0.01742450
  0.03588060   0.01752230
  0.03590500   0.01762010
  0.03592950   0.01771790
  0.03595390   0.01781570
  0.03597840   0.01791360
  0.03600280   0.01801140
  0.03602730   0.01810920
  0.03605180   0.01820700
  0.03607620   0.01830480
  0.03610070   0.01840260
  0.03612510   0.01850050
  0.03614960   0.01859830
  0.03617400   0.01869610
  0.03619850   0.01879390
  0.03622290   0.01889170
  0.03624740   0.01898950
  0.03627180   0.01908740
  0.03629630   0.01918520
  0.03632070   0.01928300
  0.03634520   0.01938080
  0.03636970   0.01947860
  0.03639410   0.01957640
  0.03641860   0.01967420
  0.03644300   0.01977210
  0.03646750   0.01986990
  0.03649190   0.01996770
  0.03651640   0.02006550
  0.03654080   0.02016330
  0.03656530   0.02026110
  0.03658970   0.02035900
  0.03661420   0.02045680
  0.03663860   0.02055460
  0.03666310   0.02065240
  0.03668760   0.02075020
  0.03671200   0.02084800
  0.03673650   0.02094590
  0.03676090   0.02104370
  0.03678540   0.02114150
  0.03680980   0.02123930
  0.03683430   0.02133710
  0.03685870   0.02143490
  0.03688320   0.02153280
  0.03690760   0.02163060
  0.03693210   0.02172840
  0.03695660   0.02182620
  0.03698100   0.02192400
  0.03700550   0.02202180
  0.03702990   0.02211970
  0.03705440   0.02221750
  0.03707880   0.02231530
  0.03710330   0.02241310
  0.03712770   0.02251090
  0.03715220   0.02260870
  0.03717660   0.02270660
  0.03720110   0.02280440
  0.03722550   0.02290220
  0.03725000   0.02300000
