 -0.03726703   0.02300000
 -0.03726099   0.02297583
 -0.03725490   0.02295167
 -0.03724885   0.02292750
 -0.03724277   0.02290327
 -0.03723672   0.02287907
 -0.03723070   0.02285490
 -0.03722461   0.02283073
 -0.03721856   0.02280657
 -0.03721248   0.02278240
 -0.03720643   0.02275823
 -0.03720034   0.02273400
 -0.03719430   0.02270984
 -0.03718821   0.02268567
 -0.03718219   0.02266150
 -0.03717614   0.02263730
 -0.03717005   0.02261313
 -0.03716401   0.02258897
 -0.03715792   0.02256474
 -0.03715187   0.02254057
 -0.03714579   0.02251640
 -0.03713974   0.02249224
 -0.03713372   0.02246807
 -0.03712763   0.02244390
 -0.03712158   0.02241970
 -0.03711550   0.02239547
 -0.03710945   0.02237130
 -0.03710336   0.02234714
 -0.03709732   0.02232297
 -0.03709123   0.02229880
 -0.03708521   0.02227464
 -0.03707916   0.02225047
 -0.03707307   0.02222624
 -0.03706703   0.02220208
 -0.03706094   0.02217787
 -0.03705489   0.02215370
 -0.03704881   0.02212954
 -0.03704272   0.02210537
 -0.03703674   0.02208120
 -0.03703065   0.02205698
 -0.03702460   0.02203281
 -0.03701852   0.02200864
 -0.03701247   0.02198448
 -0.03700638   0.02196027
 -0.03700030   0.02193610
 -0.03699425   0.02191194
 -0.03698823   0.02188771
 -0.03698218   0.02186354
 -0.03697609   0.02183938
 -0.03697005   0.02181521
 -0.03696396   0.02179104
 -0.03695791   0.02176688
 -0.03695183   0.02174271
 -0.03694574   0.02171844
 -0.03693976   0.02169428
 -0.03693367   0.02167011
 -0.03692762   0.02164594
 -0.03692154   0.02162178
 -0.03691549   0.02159761
 -0.03690940   0.02157344
 -0.03690332   0.02154921
 -0.03689727   0.02152505
 -0.03689125   0.02150084
 -0.03688520   0.02147668
 -0.03687912   0.02145251
 -0.03687307   0.02142834
 -0.03686698   0.02140418
 -0.03686090   0.02137995
 -0.03685485   0.02135578
 -0.03684876   0.02133161
 -0.03684278   0.02130745
 -0.03683669   0.02128328
 -0.03683064   0.02125908
 -0.03682456   0.02123491
 -0.03681847   0.02121068
 -0.03681243   0.02118651
 -0.03680634   0.02116235
 -0.03680029   0.02113818
 -0.03679427   0.02111401
 -0.03678822   0.02108985
 -0.03678214   0.02106568
 -0.03677605   0.02104141
 -0.03677000   0.02101725
 -0.03676392   0.02099308
 -0.03675787   0.02096891
 -0.03675178   0.02094475
 -0.03674580   0.02092058
 -0.03673971   0.02089641
 -0.03673366   0.02087218
 -0.03672758   0.02084802
 -0.03672149   0.02082385
 -0.03671545   0.02079965
 -0.03670936   0.02077548
 -0.03670331   0.02075131
 -0.03669729   0.02072715
 -0.03669124   0.02070292
 -0.03668516   0.02067875
 -0.03667907   0.02065458
 -0.03667302   0.02063042
 -0.03666694   0.02060625
 -0.03666089   0.02058205
 -0.03665480   0.02055788
 -0.03664882   0.02053365
 -0.03664273   0.02050948
 -0.03663665   0.02048532
 -0.03663060   0.02046115
 -0.03662451   0.02043698
 -0.03661847   0.02041282
 -0.03661238   0.02038865
 -0.03660633   0.02036442
 -0.03660031   0.02034022
 -0.03659422   0.02031605
 -0.03658818   0.02029188
 -0.03658209   0.02026772
 -0.03657604   0.02024355
 -0.03656996   0.02021938
 -0.03656391   0.02019515
 -0.03655782   0.02017099
 -0.03655184   0.02014682
 -0.03654575   0.02012262
 -0.03653967   0.02009845
 -0.03653362   0.02007428
 -0.03652753   0.02005012
 -0.03652149   0.02002589
 -0.03651540   0.02000172
 -0.03650935   0.01997755
 -0.03650333   0.01995339
 -0.03649724   0.01992922
 -0.03649120   0.01990505
 -0.03648511   0.01988085
 -0.03647906   0.01985662
 -0.03647298   0.01983245
 -0.03646693   0.01980829
 -0.03646084   0.01978412
 -0.03645482   0.01975995
 -0.03644877   0.01973579
 -0.03644269   0.01971162
 -0.03643664   0.01968739
 -0.03643055   0.01966319
 -0.03642451   0.01963902
 -0.03641842   0.01961485
 -0.03641234   0.01959069
 -0.03640635   0.01956652
 -0.03640027   0.01954235
 -0.03639422   0.01951813
 -0.03638813   0.01949396
 -0.03638208   0.01946979
 -0.03637600   0.01944559
 -0.03636991   0.01942142
 -0.03636387   0.01939725
 -0.03635784   0.01937309
 -0.03635179   0.01934886
 -0.03634571   0.01932469
 -0.03633966   0.01930053
 -0.03633358   0.01927636
 -0.03632753   0.01925219
 -0.03632144   0.01922803
 -0.03631536   0.01920382
 -0.03630937   0.01917959
 -0.03630329   0.01915543
 -0.03629724   0.01913126
 -0.03629115   0.01910709
 -0.03628510   0.01908293
 -0.03627902   0.01905876
 -0.03627293   0.01903459
 -0.03626689   0.01901043
 -0.03626086   0.01898616
 -0.03625481   0.01896199
 -0.03624873   0.01893783
 -0.03624261   0.01891370
 -0.03623645   0.01888953
 -0.03623021   0.01886540
 -0.03622394   0.01884131
 -0.03621759   0.01881712
 -0.03621126   0.01879303
 -0.03620480   0.01876897
 -0.03619830   0.01874492
 -0.03619176   0.01872087
 -0.03618515   0.01869685
 -0.03617850   0.01867283
 -0.03617178   0.01864879
 -0.03616501   0.01862478
 -0.03615827   0.01860084
 -0.03615140   0.01857690
 -0.03614448   0.01855295
 -0.03613750   0.01852905
 -0.03613047   0.01850515
 -0.03612337   0.01848118
 -0.03611623   0.01845732
 -0.03610905   0.01843349
 -0.03610186   0.01840966
 -0.03609457   0.01838583
 -0.03608724   0.01836204
 -0.03607984   0.01833825
 -0.03607236   0.01831444
 -0.03606488   0.01829072
 -0.03605733   0.01826697
 -0.03604970   0.01824329
 -0.03604210   0.01821962
 -0.03603439   0.01819594
 -0.03602661   0.01817230
 -0.03601880   0.01814860
 -0.03601094   0.01812499
 -0.03600301   0.01810139
 -0.03599504   0.01807783
 -0.03598700   0.01805430
 -0.03597898   0.01803077
 -0.03597087   0.01800725
 -0.03596267   0.01798370
 -0.03595444   0.01796024
 -0.03594613   0.01793679
 -0.03593783   0.01791338
 -0.03592941   0.01788997
 -0.03592099   0.01786659
 -0.03591256   0.01784321
 -0.03590403   0.01781981
 -0.03589542   0.01779651
 -0.03588677   0.01777321
 -0.03587809   0.01774995
 -0.03586933   0.01772668
 -0.03586054   0.01770346
 -0.03585170   0.01768027
 -0.03584286   0.01765702
 -0.03583391   0.01763387
 -0.03582493   0.01761072
 -0.03581587   0.01758761
 -0.03580677   0.01756453
 -0.03579760   0.01754146
 -0.03578839   0.01751842
 -0.03577914   0.01749536
 -0.03576992   0.01747236
 -0.03576056   0.01744940
 -0.03575116   0.01742647
 -0.03574172   0.01740355
 -0.03573221   0.01738066
 -0.03572267   0.01735777
 -0.03571308   0.01733486
 -0.03570342   0.01731205
 -0.03569378   0.01728928
 -0.03568404   0.01726650
 -0.03567423   0.01724377
 -0.03566438   0.01722107
 -0.03565450   0.01719837
 -0.03564457   0.01717564
 -0.03563457   0.01715302
 -0.03562453   0.01713040
 -0.03561448   0.01710781
 -0.03560437   0.01708526
 -0.03559418   0.01706275
 -0.03558395   0.01704024
 -0.03557365   0.01701771
 -0.03556331   0.01699527
 -0.03555294   0.01697288
 -0.03554252   0.01695048
 -0.03553210   0.01692812
 -0.03552157   0.01690580
 -0.03551100   0.01688351
 -0.03550040   0.01686116
 -0.03548972   0.01683892
 -0.03547901   0.01681671
 -0.03546825   0.01679454
 -0.03545746   0.01677236
 -0.03544666   0.01675027
 -0.03543576   0.01672817
 -0.03542482   0.01670601
 -0.03541380   0.01668399
 -0.03540278   0.01666197
 -0.03539169   0.01664003
 -0.03538056   0.01661808
 -0.03536936   0.01659617
 -0.03535821   0.01657426
 -0.03534693   0.01655237
 -0.03533562   0.01653053
 -0.03532422   0.01650874
 -0.03531283   0.01648698
 -0.03530136   0.01646526
 -0.03528986   0.01644358
 -0.03527831   0.01642190
 -0.03526679   0.01640023
 -0.03525514   0.01637862
 -0.03524348   0.01635705
 -0.03523175   0.01633552
 -0.03521994   0.01631403
 -0.03520813   0.01629257
 -0.03519629   0.01627111
 -0.03518437   0.01624967
 -0.03517247   0.01622829
 -0.03516048   0.01620694
 -0.03514845   0.01618564
 -0.03513634   0.01616437
 -0.03512423   0.01614314
 -0.03511205   0.01612195
 -0.03509983   0.01610073
 -0.03508757   0.01607957
 -0.03507533   0.01605849
 -0.03506296   0.01603745
 -0.03505059   0.01601641
 -0.03503814   0.01599540
 -0.03502566   0.01597447
 -0.03501314   0.01595348
 -0.03500058   0.01593259
 -0.03498798   0.01591174
 -0.03497537   0.01589092
 -0.03496270   0.01587014
 -0.03494995   0.01584940
 -0.03493710   0.01582870
 -0.03492421   0.01580803
 -0.03491123   0.01578740
 -0.03489814   0.01576684
 -0.03488496   0.01574635
 -0.03487163   0.01572589
 -0.03485831   0.01570554
 -0.03484479   0.01568512
 -0.03483126   0.01566485
 -0.03481760   0.01564461
 -0.03480384   0.01562443
 -0.03478998   0.01560433
 -0.03477602   0.01558426
 -0.03476196   0.01556420
 -0.03474780   0.01554427
 -0.03473356   0.01552438
 -0.03471926   0.01550453
 -0.03470486   0.01548474
 -0.03469033   0.01546502
 -0.03467573   0.01544535
 -0.03466099   0.01542577
 -0.03464616   0.01540623
 -0.03463132   0.01538669
 -0.03461635   0.01536729
 -0.03460127   0.01534793
 -0.03458610   0.01532866
 -0.03457082   0.01530948
 -0.03455555   0.01529029
 -0.03454008   0.01527114
 -0.03452456   0.01525209
 -0.03450895   0.01523317
 -0.03449324   0.01521420
 -0.03447743   0.01519542
 -0.03446158   0.01517658
 -0.03444557   0.01515788
 -0.03442952   0.01513924
 -0.03441337   0.01512068
 -0.03439718   0.01510216
 -0.03438083   0.01508373
 -0.03436445   0.01506535
 -0.03434796   0.01504703
 -0.03433137   0.01502885
 -0.03431469   0.01501063
 -0.03429796   0.01499256
 -0.03428108   0.01497455
 -0.03426415   0.01495661
 -0.03424713   0.01493871
 -0.03423006   0.01492091
 -0.03421288   0.01490321
 -0.03419562   0.01488549
 -0.03417825   0.01486797
 -0.03416089   0.01485044
 -0.03414333   0.01483299
 -0.03412577   0.01481564
 -0.03410807   0.01479840
 -0.03409031   0.01478119
 -0.03407251   0.01476401
 -0.03405457   0.01474704
 -0.03403657   0.01473000
 -0.03401847   0.01471311
 -0.03400033   0.01469631
 -0.03398213   0.01467961
 -0.03396379   0.01466289
 -0.03394542   0.01464636
 -0.03392692   0.01462984
 -0.03390841   0.01461346
 -0.03388977   0.01459711
 -0.03387109   0.01458080
 -0.03385232   0.01456465
 -0.03383344   0.01454858
 -0.03381453   0.01453255
 -0.03379546   0.01451667
 -0.03377644   0.01450078
 -0.03375727   0.01448504
 -0.03373802   0.01446935
 -0.03371871   0.01445372
 -0.03369936   0.01443826
 -0.03367994   0.01442284
 -0.03366039   0.01440750
 -0.03364084   0.01439221
 -0.03362115   0.01437707
 -0.03360140   0.01436202
 -0.03358162   0.01434701
 -0.03356177   0.01433214
 -0.03354178   0.01431731
 -0.03352179   0.01430257
 -0.03350170   0.01428794
 -0.03348158   0.01427341
 -0.03346135   0.01425895
 -0.03344102   0.01424459
 -0.03342070   0.01423027
 -0.03340027   0.01421609
 -0.03337975   0.01420197
 -0.03335918   0.01418798
 -0.03333862   0.01417404
 -0.03331796   0.01416023
 -0.03329719   0.01414652
 -0.03327639   0.01413292
 -0.03325553   0.01411935
 -0.03323453   0.01410592
 -0.03321357   0.01409248
 -0.03319253   0.01407929
 -0.03317139   0.01406609
 -0.03315019   0.01405304
 -0.03312895   0.01404002
 -0.03310765   0.01402716
 -0.03308627   0.01401438
 -0.03306483   0.01400166
 -0.03304340   0.01398905
 -0.03302182   0.01397657
 -0.03300024   0.01396417
 -0.03297857   0.01395186
 -0.03295689   0.01393959
 -0.03293508   0.01392752
 -0.03291326   0.01391549
 -0.03289145   0.01390356
 -0.03286947   0.01389177
 -0.03284752   0.01388001
 -0.03282547   0.01386842
 -0.03280336   0.01385686
 -0.03278120   0.01384544
 -0.03275902   0.01383412
 -0.03273676   0.01382288
 -0.03271447   0.01381180
 -0.03269212   0.01380076
 -0.03266973   0.01378985
 -0.03264725   0.01377901
 -0.03262472   0.01376828
 -0.03260219   0.01375768
 -0.03257960   0.01374715
 -0.03255698   0.01373672
 -0.03253425   0.01372642
 -0.03251155   0.01371617
 -0.03248872   0.01370608
 -0.03246596   0.01369606
 -0.03244305   0.01368620
 -0.03242009   0.01367639
 -0.03239712   0.01366671
 -0.03237412   0.01365707
 -0.03235112   0.01364759
 -0.03232798   0.01363825
 -0.03230488   0.01362894
 -0.03228168   0.01361978
 -0.03225850   0.01361071
 -0.03223522   0.01360174
 -0.03221192   0.01359291
 -0.03218854   0.01358412
 -0.03216517   0.01357549
 -0.03214179   0.01356694
 -0.03211837   0.01355849
 -0.03209486   0.01355013
 -0.03207134   0.01354192
 -0.03204777   0.01353384
 -0.03202421   0.01352582
 -0.03200056   0.01351792
 -0.03197685   0.01351014
 -0.03195319   0.01350244
 -0.03192940   0.01349484
 -0.03190565   0.01348737
 -0.03188186   0.01348001
 -0.03185807   0.01347274
 -0.03183424   0.01346561
 -0.03181031   0.01345862
 -0.03178639   0.01345163
 -0.03176246   0.01344484
 -0.03173843   0.01343813
 -0.03171447   0.01343151
 -0.03169044   0.01342500
 -0.03166633   0.01341862
 -0.03164227   0.01341234
 -0.03161817   0.01340617
 -0.03159406   0.01340013
 -0.03156986   0.01339416
 -0.03154572   0.01338836
 -0.03152148   0.01338260
 -0.03149724   0.01337700
 -0.03147300   0.01337147
 -0.03144872   0.01336608
 -0.03142438   0.01336079
 -0.03140006   0.01335571
 -0.03137571   0.01335074
 -0.03135129   0.01334586
 -0.03132691   0.01334099
 -0.03130256   0.01333624
 -0.03127814   0.01333152
 -0.03125373   0.01332690
 -0.03122931   0.01332231
 -0.03120489   0.01331778
 -0.03118048   0.01331335
 -0.03115606   0.01330895
 -0.03113165   0.01330465
 -0.03110719   0.01330041
 -0.03108278   0.01329627
 -0.03105830   0.01329216
 -0.03103384   0.01328808
 -0.03100943   0.01328413
 -0.03098497   0.01328808
 -0.03096056   0.01329216
 -0.03093610   0.01329627
 -0.03091163   0.01330041
 -0.03088721   0.01330465
 -0.03086279   0.01330895
 -0.03083838   0.01331335
 -0.03081392   0.01331778
 -0.03078951   0.01332231
 -0.03076509   0.01332690
 -0.03074071   0.01333152
 -0.03071630   0.01333624
 -0.03069194   0.01334099
 -0.03066753   0.01334586
 -0.03064317   0.01335074
 -0.03061879   0.01335571
 -0.03059448   0.01336079
 -0.03057010   0.01336608
 -0.03054586   0.01337147
 -0.03052158   0.01337700
 -0.03049734   0.01338260
 -0.03047320   0.01338836
 -0.03044900   0.01339416
 -0.03042479   0.01340013
 -0.03040065   0.01340617
 -0.03037659   0.01341234
 -0.03035248   0.01341862
 -0.03032842   0.01342500
 -0.03030435   0.01343151
 -0.03028039   0.01343813
 -0.03025636   0.01344484
 -0.03023243   0.01345163
 -0.03020850   0.01345862
 -0.03018468   0.01346561
 -0.03016078   0.01347274
 -0.03013699   0.01348001
 -0.03011320   0.01348737
 -0.03008941   0.01349484
 -0.03006566   0.01350244
 -0.03004201   0.01351014
 -0.03001832   0.01351792
 -0.02999470   0.01352582
 -0.02997109   0.01353384
 -0.02994754   0.01354192
 -0.02992396   0.01355013
 -0.02990054   0.01355849
 -0.02987707   0.01356694
 -0.02985365   0.01357549
 -0.02983027   0.01358412
 -0.02980693   0.01359291
 -0.02978366   0.01360174
 -0.02976042   0.01361071
 -0.02973718   0.01361978
 -0.02971398   0.01362894
 -0.02969084   0.01363825
 -0.02966773   0.01364759
 -0.02964469   0.01365707
 -0.02962169   0.01366671
 -0.02959873   0.01367639
 -0.02957583   0.01368620
 -0.02955296   0.01369606
 -0.02953010   0.01370608
 -0.02950733   0.01371617
 -0.02948461   0.01372642
 -0.02946188   0.01373672
 -0.02943925   0.01374715
 -0.02941663   0.01375768
 -0.02939410   0.01376828
 -0.02937161   0.01377901
 -0.02934912   0.01378985
 -0.02932673   0.01380076
 -0.02930434   0.01381180
 -0.02928205   0.01382288
 -0.02925980   0.01383412
 -0.02923765   0.01384544
 -0.02921550   0.01385686
 -0.02919335   0.01386842
 -0.02917133   0.01388001
 -0.02914938   0.01389177
 -0.02912747   0.01390356
 -0.02910555   0.01391549
 -0.02908374   0.01392752
 -0.02906196   0.01393959
 -0.02904025   0.01395186
 -0.02901861   0.01396417
 -0.02899700   0.01397657
 -0.02897546   0.01398905
 -0.02895398   0.01400166
 -0.02893254   0.01401438
 -0.02891121   0.01402716
 -0.02888987   0.01404002
 -0.02886863   0.01405304
 -0.02884749   0.01406609
 -0.02882633   0.01407929
 -0.02880529   0.01409248
 -0.02878429   0.01410592
 -0.02876332   0.01411935
 -0.02874249   0.01413292
 -0.02872166   0.01414652
 -0.02870096   0.01416023
 -0.02868023   0.01417404
 -0.02865963   0.01418798
 -0.02863907   0.01420197
 -0.02861858   0.01421609
 -0.02859812   0.01423027
 -0.02857779   0.01424459
 -0.02855757   0.01425895
 -0.02853728   0.01427341
 -0.02851715   0.01428794
 -0.02849707   0.01430257
 -0.02847704   0.01431731
 -0.02845709   0.01433214
 -0.02843720   0.01434701
 -0.02841741   0.01436202
 -0.02839766   0.01437707
 -0.02837801   0.01439221
 -0.02835846   0.01440750
 -0.02833891   0.01442284
 -0.02831946   0.01443826
 -0.02830011   0.01445372
 -0.02828080   0.01446935
 -0.02826159   0.01448504
 -0.02824241   0.01450078
 -0.02822336   0.01451667
 -0.02820435   0.01453255
 -0.02818541   0.01454858
 -0.02816660   0.01456465
 -0.02814782   0.01458080
 -0.02812909   0.01459711
 -0.02811047   0.01461346
 -0.02809194   0.01462984
 -0.02807340   0.01464636
 -0.02805506   0.01466289
 -0.02803672   0.01467961
 -0.02801849   0.01469631
 -0.02800035   0.01471311
 -0.02798225   0.01473000
 -0.02796425   0.01474704
 -0.02794635   0.01476401
 -0.02792855   0.01478119
 -0.02791075   0.01479840
 -0.02789309   0.01481564
 -0.02787553   0.01483299
 -0.02785803   0.01485044
 -0.02784056   0.01486797
 -0.02782324   0.01488549
 -0.02780598   0.01490321
 -0.02778875   0.01492091
 -0.02777173   0.01493871
 -0.02775470   0.01495661
 -0.02773778   0.01497455
 -0.02772095   0.01499256
 -0.02770417   0.01501063
 -0.02768748   0.01502885
 -0.02767096   0.01504703
 -0.02765441   0.01506535
 -0.02763802   0.01508373
 -0.02762173   0.01510216
 -0.02760548   0.01512068
 -0.02758933   0.01513924
 -0.02757329   0.01515788
 -0.02755727   0.01517658
 -0.02754142   0.01519542
 -0.02752561   0.01521420
 -0.02750990   0.01523317
 -0.02749429   0.01525209
 -0.02747878   0.01527114
 -0.02746337   0.01529029
 -0.02744799   0.01530948
 -0.02743272   0.01532866
 -0.02741755   0.01534793
 -0.02740251   0.01536729
 -0.02738754   0.01538669
 -0.02737266   0.01540623
 -0.02735782   0.01542577
 -0.02734313   0.01544535
 -0.02732855   0.01546502
 -0.02731405   0.01548474
 -0.02729956   0.01550453
 -0.02728526   0.01552438
 -0.02727106   0.01554427
 -0.02725690   0.01556420
 -0.02724284   0.01558426
 -0.02722890   0.01560433
 -0.02721508   0.01562443
 -0.02720125   0.01564461
 -0.02718759   0.01566485
 -0.02717403   0.01568512
 -0.02716055   0.01570554
 -0.02714718   0.01572589
 -0.02713390   0.01574635
 -0.02712071   0.01576684
 -0.02710759   0.01578740
 -0.02709460   0.01580803
 -0.02708172   0.01582870
 -0.02706891   0.01584940
 -0.02705622   0.01587014
 -0.02704351   0.01589092
 -0.02703088   0.01591174
 -0.02701828   0.01593259
 -0.02700572   0.01595348
 -0.02699320   0.01597447
 -0.02698071   0.01599540
 -0.02696827   0.01601641
 -0.02695592   0.01603745
 -0.02694358   0.01605849
 -0.02693129   0.01607957
 -0.02691903   0.01610073
 -0.02690681   0.01612195
 -0.02689462   0.01614314
 -0.02688248   0.01616437
 -0.02687041   0.01618564
 -0.02685844   0.01620694
 -0.02684644   0.01622829
 -0.02683448   0.01624967
 -0.02682256   0.01627111
 -0.02681068   0.01629257
 -0.02679888   0.01631403
 -0.02678711   0.01633552
 -0.02677537   0.01635705
 -0.02676374   0.01637862
 -0.02675212   0.01640023
 -0.02674050   0.01642190
 -0.02672896   0.01644358
 -0.02671746   0.01646526
 -0.02670602   0.01648698
 -0.02669459   0.01650874
 -0.02668324   0.01653053
 -0.02667198   0.01655237
 -0.02666070   0.01657426
 -0.02664946   0.01659617
 -0.02663829   0.01661808
 -0.02662716   0.01664003
 -0.02661607   0.01666197
 -0.02660502   0.01668399
 -0.02659404   0.01670601
 -0.02658316   0.01672817
 -0.02657226   0.01675027
 -0.02656139   0.01677236
 -0.02655056   0.01679454
 -0.02653981   0.01681671
 -0.02652909   0.01683892
 -0.02651845   0.01686116
 -0.02650781   0.01688351
 -0.02649725   0.01690580
 -0.02648678   0.01692812
 -0.02647633   0.01695048
 -0.02646588   0.01697288
 -0.02645550   0.01699527
 -0.02644516   0.01701771
 -0.02643490   0.01704024
 -0.02642468   0.01706275
 -0.02641449   0.01708526
 -0.02640440   0.01710781
 -0.02639432   0.01713040
 -0.02638428   0.01715302
 -0.02637428   0.01717564
 -0.02636432   0.01719837
 -0.02635443   0.01722107
 -0.02634459   0.01724377
 -0.02633481   0.01726650
 -0.02632510   0.01728928
 -0.02631544   0.01731205
 -0.02630578   0.01733486
 -0.02629619   0.01735777
 -0.02628660   0.01738066
 -0.02627713   0.01740355
 -0.02626766   0.01742647
 -0.02625826   0.01744940
 -0.02624900   0.01747236
 -0.02623968   0.01749536
 -0.02623043   0.01751842
 -0.02622122   0.01754146
 -0.02621208   0.01756453
 -0.02620299   0.01758761
 -0.02619393   0.01761072
 -0.02618494   0.01763387
 -0.02617606   0.01765702
 -0.02616715   0.01768027
 -0.02615828   0.01770346
 -0.02614949   0.01772668
 -0.02614076   0.01774995
 -0.02613204   0.01777321
 -0.02612340   0.01779651
 -0.02611483   0.01781981
 -0.02610636   0.01784321
 -0.02609787   0.01786659
 -0.02608941   0.01788997
 -0.02608103   0.01791338
 -0.02607268   0.01793679
 -0.02606441   0.01796024
 -0.02605618   0.01798370
 -0.02604799   0.01800725
 -0.02603990   0.01803077
 -0.02603185   0.01805430
 -0.02602381   0.01807783
 -0.02601584   0.01810139
 -0.02600791   0.01812499
 -0.02600002   0.01814860
 -0.02599220   0.01817230
 -0.02598446   0.01819594
 -0.02597678   0.01821962
 -0.02596915   0.01824329
 -0.02596152   0.01826697
 -0.02595397   0.01829072
 -0.02594646   0.01831444
 -0.02593901   0.01833825
 -0.02593161   0.01836204
 -0.02592425   0.01838583
 -0.02591702   0.01840966
 -0.02590977   0.01843349
 -0.02590259   0.01845732
 -0.02589545   0.01848118
 -0.02588839   0.01850515
 -0.02588136   0.01852905
 -0.02587437   0.01855295
 -0.02586746   0.01857690
 -0.02586064   0.01860084
 -0.02585380   0.01862478
 -0.02584704   0.01864879
 -0.02584035   0.01867283
 -0.02583367   0.01869685
 -0.02582709   0.01872087
 -0.02582052   0.01874492
 -0.02581402   0.01876897
 -0.02580766   0.01879303
 -0.02580127   0.01881712
 -0.02579492   0.01884131
 -0.02578865   0.01886540
 -0.02578241   0.01888953
 -0.02577621   0.01891370
 -0.02577013   0.01893783
 -0.02576404   0.01896199
 -0.02575802   0.01898616
 -0.02575197   0.01901043
 -0.02574588   0.01903459
 -0.02573984   0.01905876
 -0.02573375   0.01908293
 -0.02572767   0.01910709
 -0.02572162   0.01913126
 -0.02571553   0.01915543
 -0.02570955   0.01917959
 -0.02570346   0.01920382
 -0.02569741   0.01922803
 -0.02569133   0.01925219
 -0.02568524   0.01927636
 -0.02567919   0.01930053
 -0.02567311   0.01932469
 -0.02566706   0.01934886
 -0.02566104   0.01937309
 -0.02565499   0.01939725
 -0.02564890   0.01942142
 -0.02564282   0.01944559
 -0.02563677   0.01946979
 -0.02563069   0.01949396
 -0.02562464   0.01951813
 -0.02561855   0.01954235
 -0.02561257   0.01956652
 -0.02560648   0.01959069
 -0.02560043   0.01961485
 -0.02559435   0.01963902
 -0.02558826   0.01966319
 -0.02558221   0.01968739
 -0.02557613   0.01971162
 -0.02557008   0.01973579
 -0.02556406   0.01975995
 -0.02555801   0.01978412
 -0.02555192   0.01980829
 -0.02554584   0.01983245
 -0.02553979   0.01985662
 -0.02553371   0.01988085
 -0.02552766   0.01990505
 -0.02552157   0.01992922
 -0.02551559   0.01995339
 -0.02550950   0.01997755
 -0.02550342   0.02000172
 -0.02549737   0.02002589
 -0.02549128   0.02005012
 -0.02548523   0.02007428
 -0.02547915   0.02009845
 -0.02547310   0.02012262
 -0.02546708   0.02014682
 -0.02546099   0.02017099
 -0.02545495   0.02019515
 -0.02544886   0.02021938
 -0.02544281   0.02024355
 -0.02543673   0.02026772
 -0.02543068   0.02029188
 -0.02542459   0.02031605
 -0.02541861   0.02034022
 -0.02541252   0.02036442
 -0.02540644   0.02038865
 -0.02540039   0.02041282
 -0.02539430   0.02043698
 -0.02538826   0.02046115
 -0.02538217   0.02048532
 -0.02537612   0.02050948
 -0.02537010   0.02053365
 -0.02536401   0.02055788
 -0.02535797   0.02058205
 -0.02535188   0.02060625
 -0.02534583   0.02063042
 -0.02533975   0.02065458
 -0.02533370   0.02067875
 -0.02532761   0.02070292
 -0.02532159   0.02072715
 -0.02531554   0.02075131
 -0.02530946   0.02077548
 -0.02530341   0.02079965
 -0.02529732   0.02082385
 -0.02529128   0.02084802
 -0.02528519   0.02087218
 -0.02527910   0.02089641
 -0.02527312   0.02092058
 -0.02526703   0.02094475
 -0.02526099   0.02096891
 -0.02525490   0.02099308
 -0.02524885   0.02101725
 -0.02524277   0.02104141
 -0.02523668   0.02106568
 -0.02523063   0.02108985
 -0.02522461   0.02111401
 -0.02521856   0.02113818
 -0.02521248   0.02116235
 -0.02520643   0.02118651
 -0.02520034   0.02121068
 -0.02519430   0.02123491
 -0.02518821   0.02125908
 -0.02518213   0.02128328
 -0.02517614   0.02130745
 -0.02517005   0.02133161
 -0.02516401   0.02135578
 -0.02515792   0.02137995
 -0.02515187   0.02140418
 -0.02514579   0.02142834
 -0.02513970   0.02145251
 -0.02513365   0.02147668
 -0.02512763   0.02150084
 -0.02512158   0.02152505
 -0.02511550   0.02154921
 -0.02510945   0.02157344
 -0.02510336   0.02159761
 -0.02509728   0.02162178
 -0.02509123   0.02164594
 -0.02508515   0.02167011
 -0.02507916   0.02169428
 -0.02507307   0.02171844
 -0.02506703   0.02174271
 -0.02506094   0.02176688
 -0.02505486   0.02179104
 -0.02504881   0.02181521
 -0.02504272   0.02183938
 -0.02503667   0.02186354
 -0.02503065   0.02188771
 -0.02502460   0.02191194
 -0.02501852   0.02193610
 -0.02501247   0.02196027
 -0.02500638   0.02198448
 -0.02500030   0.02200864
 -0.02499425   0.02203281
 -0.02498817   0.02205698
 -0.02498218   0.02208120
 -0.02497610   0.02210537
 -0.02497005   0.02212954
 -0.02496396   0.02215370
 -0.02495788   0.02217787
 -0.02495183   0.02220208
 -0.02494574   0.02222624
 -0.02493970   0.02225047
 -0.02493367   0.02227464
 -0.02492762   0.02229880
 -0.02492154   0.02232297
 -0.02491545   0.02234714
 -0.02490941   0.02237130
 -0.02490332   0.02239547
 -0.02489727   0.02241970
 -0.02489119   0.02244390
 -0.02488520   0.02246807
 -0.02487912   0.02249224
 -0.02487303   0.02251640
 -0.02486698   0.02254057
 -0.02486090   0.02256474
 -0.02485485   0.02258897
 -0.02484876   0.02261313
 -0.02484272   0.02263730
 -0.02483669   0.02266150
 -0.02483064   0.02268567
 -0.02482456   0.02270984
 -0.02481847   0.02273400
 -0.02481243   0.02275823
 -0.02480634   0.02278240
 -0.02480029   0.02280657
 -0.02479421   0.02283073
 -0.02478822   0.02285490
 -0.02478214   0.02287907
 -0.02477605   0.02290327
 -0.02477000   0.02292750
 -0.02476392   0.02295167
 -0.02475787   0.02297583
 -0.02475178   0.02300000
