 -0.03725480   0.02300000
 -0.03725150   0.02298690
 -0.03724820   0.02297380
 -0.03724490   0.02296070
 -0.03724160   0.02294750
 -0.03723830   0.02293440
 -0.03723510   0.02292130
 -0.03723180   0.02290820
 -0.03722850   0.02289510
 -0.03722520   0.02288200
 -0.03722190   0.02286890
 -0.03721860   0.02285570
 -0.03721530   0.02284260
 -0.03721200   0.02282950
 -0.03720880   0.02281640
 -0.03720550   0.02280330
 -0.03720220   0.02279020
 -0.03719890   0.02277710
 -0.03719560   0.02276390
 -0.03719230   0.02275080
 -0.03718900   0.02273770
 -0.03718570   0.02272460
 -0.03718250   0.02271150
 -0.03717920   0.02269840
 -0.03717590   0.02268530
 -0.03717260   0.02267210
 -0.03716930   0.02265900
 -0.03716600   0.02264590
 -0.03716270   0.02263280
 -0.03715940   0.02261970
 -0.03715620   0.02260660
 -0.03715290   0.02259350
 -0.03714960   0.02258030
 -0.03714630   0.02256720
 -0.03714300   0.02255410
 -0.03713970   0.02254100
 -0.03713640   0.02252790
 -0.03713310   0.02251480
 -0.03712990   0.02250170
 -0.03712660   0.02248850
 -0.03712330   0.02247540
 -0.03712000   0.02246230
 -0.03711670   0.02244920
 -0.03711340   0.02243610
 -0.03711010   0.02242300
 -0.03710680   0.02240990
 -0.03710360   0.02239670
 -0.03710030   0.02238360
 -0.03709700   0.02237050
 -0.03709370   0.02235740
 -0.03709040   0.02234430
 -0.03708710   0.02233120
 -0.03708380   0.02231810
 -0.03708050   0.02230490
 -0.03707730   0.02229180
 -0.03707400   0.02227870
 -0.03707070   0.02226560
 -0.03706740   0.02225250
 -0.03706410   0.02223940
 -0.03706080   0.02222630
 -0.03705750   0.02221310
 -0.03705420   0.02220000
 -0.03705100   0.02218690
 -0.03704770   0.02217380
 -0.03704440   0.02216070
 -0.03704110   0.02214760
 -0.03703780   0.02213450
 -0.03703450   0.02212130
 -0.03703120   0.02210820
 -0.03702790   0.02209510
 -0.03702470   0.02208200
 -0.03702140   0.02206890
 -0.03701810   0.02205580
 -0.03701480   0.02204270
 -0.03701150   0.02202950
 -0.03700820   0.02201640
 -0.03700490   0.02200330
 -0.03700160   0.02199020
 -0.03699840   0.02197710
 -0.03699510   0.02196400
 -0.03699180   0.02195090
 -0.03698850   0.02193770
 -0.03698520   0.02192460
 -0.03698190   0.02191150
 -0.03697860   0.02189840
 -0.03697530   0.02188530
 -0.03697210   0.02187220
 -0.03696880   0.02185910
 -0.03696550   0.02184590
 -0.03696220   0.02183280
 -0.03695890   0.02181970
 -0.03695560   0.02180660
 -0.03695230   0.02179350
 -0.03694900   0.02178040
 -0.03694580   0.02176730
 -0.03694250   0.02175410
 -0.03693920   0.02174100
 -0.03693590   0.02172790
 -0.03693260   0.02171480
 -0.03692930   0.02170170
 -0.03692600   0.02168860
 -0.03692270   0.02167550
 -0.03691950   0.02166230
 -0.03691620   0.02164920
 -0.03691290   0.02163610
 -0.03690960   0.02162300
 -0.03690630   0.02160990
 -0.03690300   0.02159680
 -0.03689970   0.02158370
 -0.03689640   0.02157050
 -0.03689320   0.02155740
 -0.03688990   0.02154430
 -0.03688660   0.02153120
 -0.03688330   0.02151810
 -0.03688000   0.02150500
 -0.03687670   0.02149190
 -0.03687340   0.02147870
 -0.03687010   0.02146560
 -0.03686690   0.02145250
 -0.03686360   0.02143940
 -0.03686030   0.02142630
 -0.03685700   0.02141320
 -0.03685370   0.02140010
 -0.03685040   0.02138690
 -0.03684710   0.02137380
 -0.03684380   0.02136070
 -0.03684060   0.02134760
 -0.03683730   0.02133450
 -0.03683400   0.02132140
 -0.03683070   0.02130830
 -0.03682740   0.02129510
 -0.03682410   0.02128200
 -0.03682080   0.02126890
 -0.03681750   0.02125580
 -0.03681430   0.02124270
 -0.03681100   0.02122960
 -0.03680770   0.02121650
 -0.03680440   0.02120330
 -0.03680110   0.02119020
 -0.03679780   0.02117710
 -0.03679450   0.02116400
 -0.03679120   0.02115090
 -0.03678800   0.02113780
 -0.03678470   0.02112470
 -0.03678140   0.02111150
 -0.03677810   0.02109840
 -0.03677480   0.02108530
 -0.03677150   0.02107220
 -0.03676820   0.02105910
 -0.03676490   0.02104600
 -0.03676170   0.02103290
 -0.03675840   0.02101970
 -0.03675510   0.02100660
 -0.03675180   0.02099350
 -0.03674850   0.02098040
 -0.03674520   0.02096730
 -0.03674190   0.02095420
 -0.03673860   0.02094110
 -0.03673540   0.02092790
 -0.03673210   0.02091480
 -0.03672880   0.02090170
 -0.03672550   0.02088860
 -0.03672220   0.02087550
 -0.03671890   0.02086240
 -0.03671560   0.02084930
 -0.03671230   0.02083620
 -0.03670910   0.02082300
 -0.03670580   0.02080990
 -0.03670250   0.02079680
 -0.03669920   0.02078370
 -0.03669590   0.02077060
 -0.03669260   0.02075750
 -0.03668930   0.02074440
 -0.03668600   0.02073120
 -0.03668280   0.02071810
 -0.03667950   0.02070500
 -0.03667620   0.02069190
 -0.03667290   0.02067880
 -0.03666960   0.02066570
 -0.03666630   0.02065260
 -0.03666300   0.02063940
 -0.03665970   0.02062630
 -0.03665650   0.02061320
 -0.03665320   0.02060010
 -0.03664990   0.02058700
 -0.03664660   0.02057390
 -0.03664330   0.02056080
 -0.03664000   0.02054760
 -0.03663670   0.02053450
 -0.03663340   0.02052140
 -0.03663020   0.02050830
 -0.03662690   0.02049520
 -0.03662360   0.02048210
 -0.03662030   0.02046900
 -0.03661700   0.02045580
 -0.03661370   0.02044270
 -0.03661040   0.02042960
 -0.03660710   0.02041650
 -0.03660390   0.02040340
 -0.03660060   0.02039030
 -0.03659730   0.02037720
 -0.03659400   0.02036400
 -0.03659070   0.02035090
 -0.03658740   0.02033780
 -0.03658410   0.02032470
 -0.03658080   0.02031160
 -0.03657760   0.02029850
 -0.03657430   0.02028540
 -0.03657100   0.02027220
 -0.03656770   0.02025910
 -0.03656440   0.02024600
 -0.03656110   0.02023290
 -0.03655780   0.02021980
 -0.03655450   0.02020670
 -0.03655130   0.02019360
 -0.03654800   0.02018040
 -0.03654470   0.02016730
 -0.03654140   0.02015420
 -0.03653810   0.02014110
 -0.03653480   0.02012800
 -0.03653150   0.02011490
 -0.03652820   0.02010180
 -0.03652500   0.02008860
 -0.03652170   0.02007550
 -0.03651840   0.02006240
 -0.03651510   0.02004930
 -0.03651180   0.02003620
 -0.03650850   0.02002310
 -0.03650520   0.02001000
 -0.03650190   0.01999680
 -0.03649870   0.01998370
 -0.03649540   0.01997060
 -0.03649210   0.01995750
 -0.03648880   0.01994440
 -0.03648550   0.01993130
 -0.03648220   0.01991820
 -0.03647890   0.01990500
 -0.03647560   0.01989190
 -0.03647240   0.01987880
 -0.03646910   0.01986570
 -0.03646580   0.01985260
 -0.03646250   0.01983950
 -0.03645920   0.01982640
 -0.03645590   0.01981320
 -0.03645260   0.01980010
 -0.03644930   0.01978700
 -0.03644610   0.01977390
 -0.03644280   0.01976080
 -0.03643950   0.01974770
 -0.03643620   0.01973460
 -0.03643290   0.01972140
 -0.03642960   0.01970830
 -0.03642630   0.01969520
 -0.03642300   0.01968210
 -0.03641980   0.01966900
 -0.03641650   0.01965590
 -0.03641320   0.01964280
 -0.03640990   0.01962960
 -0.03640660   0.01961650
 -0.03640330   0.01960340
 -0.03640000   0.01959030
 -0.03639670   0.01957720
 -0.03639350   0.01956410
 -0.03639020   0.01955100
 -0.03638690   0.01953780
 -0.03638360   0.01952470
 -0.03638030   0.01951160
 -0.03637700   0.01949850
 -0.03637370   0.01948540
 -0.03637040   0.01947230
 -0.03636720   0.01945920
 -0.03636390   0.01944600
 -0.03636060   0.01943290
 -0.03635730   0.01941980
 -0.03635400   0.01940670
 -0.03635070   0.01939360
 -0.03634740   0.01938050
 -0.03634410   0.01936740
 -0.03634090   0.01935420
 -0.03633760   0.01934110
 -0.03633430   0.01932800
 -0.03633100   0.01931490
 -0.03632770   0.01930180
 -0.03632440   0.01928870
 -0.03632110   0.01927560
 -0.03631780   0.01926240
 -0.03631460   0.01924930
 -0.03631130   0.01923620
 -0.03630800   0.01922310
 -0.03630470   0.01921000
 -0.03630140   0.01919690
 -0.03629810   0.01918380
 -0.03629480   0.01917060
 -0.03629150   0.01915750
 -0.03628830   0.01914440
 -0.03628500   0.01913130
 -0.03628170   0.01911820
 -0.03627840   0.01910510
 -0.03627510   0.01909200
 -0.03627180   0.01907880
 -0.03626850   0.01906570
 -0.03626520   0.01905260
 -0.03626200   0.01903950
 -0.03625870   0.01902640
 -0.03625540   0.01901330
 -0.03625200   0.01900020
 -0.03624860   0.01898710
 -0.03624510   0.01897400
 -0.03624150   0.01896100
 -0.03623780   0.01894800
 -0.03623400   0.01893500
 -0.03623020   0.01892210
 -0.03622620   0.01890910
 -0.03622220   0.01889620
 -0.03621810   0.01888330
 -0.03621390   0.01887050
 -0.03620960   0.01885770
 -0.03620520   0.01884490
 -0.03620070   0.01883210
 -0.03619610   0.01881940
 -0.03619150   0.01880670
 -0.03618680   0.01879400
 -0.03618200   0.01878140
 -0.03617710   0.01876880
 -0.03617210   0.01875620
 -0.03616700   0.01874370
 -0.03616180   0.01873120
 -0.03615660   0.01871870
 -0.03615130   0.01870630
 -0.03614590   0.01869390
 -0.03614040   0.01868160
 -0.03613480   0.01866930
 -0.03612920   0.01865700
 -0.03612340   0.01864470
 -0.03611760   0.01863250
 -0.03611170   0.01862040
 -0.03610570   0.01860820
 -0.03609960   0.01859620
 -0.03609350   0.01858410
 -0.03608720   0.01857210
 -0.03608090   0.01856020
 -0.03607450   0.01854830
 -0.03606810   0.01853640
 -0.03606150   0.01852460
 -0.03605490   0.01851280
 -0.03604820   0.01850100
 -0.03604140   0.01848940
 -0.03603450   0.01847770
 -0.03602760   0.01846610
 -0.03602050   0.01845460
 -0.03601340   0.01844310
 -0.03600620   0.01843160
 -0.03599900   0.01842020
 -0.03599160   0.01840890
 -0.03598420   0.01839750
 -0.03597670   0.01838630
 -0.03596920   0.01837510
 -0.03596150   0.01836390
 -0.03595380   0.01835280
 -0.03594600   0.01834180
 -0.03593810   0.01833080
 -0.03593020   0.01831980
 -0.03592220   0.01830900
 -0.03591410   0.01829810
 -0.03590590   0.01828730
 -0.03589770   0.01827660
 -0.03588940   0.01826600
 -0.03588100   0.01825530
 -0.03587260   0.01824480
 -0.03586400   0.01823430
 -0.03585550   0.01822390
 -0.03584680   0.01821350
 -0.03583810   0.01820310
 -0.03582930   0.01819290
 -0.03582040   0.01818270
 -0.03581150   0.01817250
 -0.03580240   0.01816250
 -0.03579340   0.01815240
 -0.03578420   0.01814250
 -0.03577500   0.01813260
 -0.03576570   0.01812270
 -0.03575640   0.01811300
 -0.03574700   0.01810330
 -0.03573750   0.01809360
 -0.03572800   0.01808400
 -0.03571840   0.01807450
 -0.03570870   0.01806510
 -0.03569900   0.01805570
 -0.03568920   0.01804640
 -0.03567930   0.01803710
 -0.03566940   0.01802790
 -0.03565940   0.01801880
 -0.03564940   0.01800980
 -0.03563930   0.01800080
 -0.03562910   0.01799190
 -0.03561890   0.01798300
 -0.03560860   0.01797420
 -0.03559820   0.01796550
 -0.03558780   0.01795690
 -0.03557740   0.01794830
 -0.03556690   0.01793980
 -0.03555630   0.01793140
 -0.03554570   0.01792310
 -0.03553500   0.01791480
 -0.03552420   0.01790660
 -0.03551340   0.01789840
 -0.03550260   0.01789040
 -0.03549170   0.01788240
 -0.03548070   0.01787450
 -0.03546970   0.01786660
 -0.03545860   0.01785890
 -0.03544750   0.01785120
 -0.03543630   0.01784360
 -0.03542510   0.01783600
 -0.03541380   0.01782860
 -0.03540250   0.01782120
 -0.03539110   0.01781390
 -0.03537970   0.01780660
 -0.03536820   0.01779950
 -0.03535670   0.01779240
 -0.03534520   0.01778540
 -0.03533350   0.01777850
 -0.03532190   0.01777160
 -0.03531020   0.01776490
 -0.03529840   0.01775820
 -0.03528660   0.01775160
 -0.03527480   0.01774510
 -0.03526290   0.01773860
 -0.03525100   0.01773230
 -0.03523900   0.01772600
 -0.03522700   0.01771980
 -0.03521490   0.01771370
 -0.03520280   0.01770760
 -0.03519070   0.01770170
 -0.03517850   0.01769580
 -0.03516630   0.01769000
 -0.03515400   0.01768430
 -0.03514180   0.01767860
 -0.03512940   0.01767310
 -0.03511710   0.01766760
 -0.03510470   0.01766230
 -0.03509220   0.01765700
 -0.03507970   0.01765180
 -0.03506720   0.01764660
 -0.03505470   0.01764160
 -0.03504210   0.01763670
 -0.03502950   0.01763180
 -0.03501680   0.01762700
 -0.03500420   0.01762230
 -0.03499150   0.01761770
 -0.03497870   0.01761320
 -0.03496590   0.01760870
 -0.03495310   0.01760440
 -0.03494030   0.01760010
 -0.03492750   0.01759590
 -0.03491460   0.01759180
 -0.03490170   0.01758780
 -0.03488870   0.01758390
 -0.03487580   0.01758010
 -0.03486280   0.01757630
 -0.03484970   0.01757270
 -0.03483670   0.01756910
 -0.03482360   0.01756560
 -0.03481050   0.01756220
 -0.03479740   0.01755890
 -0.03478430   0.01755570
 -0.03477120   0.01755260
 -0.03475800   0.01754960
 -0.03474480   0.01754660
 -0.03473160   0.01754380
 -0.03471830   0.01754100
 -0.03470510   0.01753830
 -0.03469180   0.01753570
 -0.03467850   0.01753320
 -0.03466520   0.01753080
 -0.03465190   0.01752850
 -0.03463860   0.01752630
 -0.03462520   0.01752410
 -0.03461190   0.01752210
 -0.03459850   0.01752010
 -0.03458510   0.01751830
 -0.03457170   0.01751650
 -0.03455830   0.01751480
 -0.03454480   0.01751320
 -0.03453140   0.01751170
 -0.03451800   0.01751030
 -0.03450450   0.01750900
 -0.03449100   0.01750770
 -0.03447760   0.01750660
 -0.03446410   0.01750550
 -0.03445060   0.01750460
 -0.03443710   0.01750370
 -0.03442360   0.01750290
 -0.03441010   0.01750220
 -0.03439660   0.01750160
 -0.03438310   0.01750110
 -0.03436960   0.01750070
 -0.03435610   0.01750040
 -0.03434250   0.01750020
 -0.03432900   0.01750000
 -0.03431550   0.01750000
 -0.03430200   0.01750000
 -0.03428850   0.01750020
 -0.03427500   0.01750040
 -0.03426140   0.01750070
 -0.03424790   0.01750110
 -0.03423440   0.01750160
 -0.03422090   0.01750220
 -0.03420740   0.01750290
 -0.03419390   0.01750370
 -0.03418040   0.01750460
 -0.03416690   0.01750550
 -0.03415340   0.01750660
 -0.03414000   0.01750770
 -0.03412650   0.01750900
 -0.03411310   0.01751030
 -0.03409960   0.01751170
 -0.03408620   0.01751320
 -0.03407270   0.01751480
 -0.03405930   0.01751650
 -0.03404590   0.01751830
 -0.03403250   0.01752010
 -0.03401920   0.01752210
 -0.03400580   0.01752410
 -0.03399240   0.01752630
 -0.03397910   0.01752850
 -0.03396580   0.01753080
 -0.03395250   0.01753320
 -0.03393920   0.01753570
 -0.03392590   0.01753830
 -0.03391270   0.01754100
 -0.03389940   0.01754380
 -0.03388620   0.01754660
 -0.03387300   0.01754960
 -0.03385990   0.01755260
 -0.03384670   0.01755570
 -0.03383360   0.01755890
 -0.03382050   0.01756220
 -0.03380740   0.01756560
 -0.03379430   0.01756910
 -0.03378130   0.01757270
 -0.03376830   0.01757630
 -0.03375530   0.01758010
 -0.03374230   0.01758390
 -0.03372940   0.01758780
 -0.03371640   0.01759180
 -0.03370360   0.01759590
 -0.03369070   0.01760010
 -0.03367790   0.01760440
 -0.03366510   0.01760870
 -0.03365230   0.01761320
 -0.03363960   0.01761770
 -0.03362690   0.01762230
 -0.03361420   0.01762700
 -0.03360150   0.01763180
 -0.03358890   0.01763670
 -0.03357630   0.01764160
 -0.03356380   0.01764660
 -0.03355130   0.01765180
 -0.03353880   0.01765700
 -0.03352640   0.01766230
 -0.03351400   0.01766760
 -0.03350160   0.01767310
 -0.03348930   0.01767860
 -0.03347700   0.01768430
 -0.03346470   0.01769000
 -0.03345250   0.01769580
 -0.03344030   0.01770170
 -0.03342820   0.01770760
 -0.03341610   0.01771370
 -0.03340400   0.01771980
 -0.03339200   0.01772600
 -0.03338000   0.01773230
 -0.03336810   0.01773860
 -0.03335620   0.01774510
 -0.03334440   0.01775160
 -0.03333260   0.01775820
 -0.03332080   0.01776490
 -0.03330910   0.01777160
 -0.03329750   0.01777850
 -0.03328590   0.01778540
 -0.03327430   0.01779240
 -0.03326280   0.01779950
 -0.03325130   0.01780660
 -0.03323990   0.01781390
 -0.03322850   0.01782120
 -0.03321720   0.01782860
 -0.03320590   0.01783600
 -0.03319470   0.01784360
 -0.03318350   0.01785120
 -0.03317240   0.01785890
 -0.03316130   0.01786660
 -0.03315030   0.01787450
 -0.03313940   0.01788240
 -0.03312840   0.01789040
 -0.03311760   0.01789840
 -0.03310680   0.01790660
 -0.03309600   0.01791480
 -0.03308540   0.01792310
 -0.03307470   0.01793140
 -0.03306420   0.01793980
 -0.03305360   0.01794830
 -0.03304320   0.01795690
 -0.03303280   0.01796550
 -0.03302240   0.01797420
 -0.03301210   0.01798300
 -0.03300190   0.01799190
 -0.03299180   0.01800080
 -0.03298160   0.01800980
 -0.03297160   0.01801880
 -0.03296160   0.01802790
 -0.03295170   0.01803710
 -0.03294180   0.01804640
 -0.03293200   0.01805570
 -0.03292230   0.01806510
 -0.03291260   0.01807450
 -0.03290300   0.01808400
 -0.03289350   0.01809360
 -0.03288400   0.01810330
 -0.03287460   0.01811300
 -0.03286530   0.01812270
 -0.03285600   0.01813260
 -0.03284680   0.01814250
 -0.03283760   0.01815240
 -0.03282860   0.01816250
 -0.03281960   0.01817250
 -0.03281060   0.01818270
 -0.03280180   0.01819290
 -0.03279300   0.01820310
 -0.03278420   0.01821350
 -0.03277560   0.01822390
 -0.03276700   0.01823430
 -0.03275840   0.01824480
 -0.03275000   0.01825530
 -0.03274160   0.01826600
 -0.03273330   0.01827660
 -0.03272510   0.01828730
 -0.03271690   0.01829810
 -0.03270880   0.01830900
 -0.03270080   0.01831980
 -0.03269290   0.01833080
 -0.03268500   0.01834180
 -0.03267720   0.01835280
 -0.03266950   0.01836390
 -0.03266190   0.01837510
 -0.03265430   0.01838630
 -0.03264680   0.01839750
 -0.03263940   0.01840890
 -0.03263200   0.01842020
 -0.03262480   0.01843160
 -0.03261760   0.01844310
 -0.03261050   0.01845460
 -0.03260350   0.01846610
 -0.03259650   0.01847770
 -0.03258960   0.01848940
 -0.03258290   0.01850100
 -0.03257610   0.01851280
 -0.03256950   0.01852460
 -0.03256300   0.01853640
 -0.03255650   0.01854830
 -0.03255010   0.01856020
 -0.03254380   0.01857210
 -0.03253750   0.01858410
 -0.03253140   0.01859620
 -0.03252530   0.01860820
 -0.03251930   0.01862040
 -0.03251340   0.01863250
 -0.03250760   0.01864470
 -0.03250190   0.01865700
 -0.03249620   0.01866930
 -0.03249060   0.01868160
 -0.03248510   0.01869390
 -0.03247970   0.01870630
 -0.03247440   0.01871870
 -0.03246920   0.01873120
 -0.03246400   0.01874370
 -0.03245890   0.01875620
 -0.03245400   0.01876880
 -0.03244910   0.01878140
 -0.03244420   0.01879400
 -0.03243950   0.01880670
 -0.03243490   0.01881940
 -0.03243030   0.01883210
 -0.03242580   0.01884490
 -0.03242150   0.01885770
 -0.03241720   0.01887050
 -0.03241290   0.01888330
 -0.03240880   0.01889620
 -0.03240480   0.01890910
 -0.03240080   0.01892210
 -0.03239700   0.01893500
 -0.03239320   0.01894800
 -0.03238950   0.01896100
 -0.03238590   0.01897400
 -0.03238240   0.01898710
 -0.03237900   0.01900020
 -0.03237560   0.01901330
 -0.03237240   0.01902640
 -0.03236910   0.01903950
 -0.03236580   0.01905260
 -0.03236250   0.01906570
 -0.03235920   0.01907880
 -0.03235590   0.01909200
 -0.03235260   0.01910510
 -0.03234930   0.01911820
 -0.03234610   0.01913130
 -0.03234280   0.01914440
 -0.03233950   0.01915750
 -0.03233620   0.01917060
 -0.03233290   0.01918380
 -0.03232960   0.01919690
 -0.03232630   0.01921000
 -0.03232300   0.01922310
 -0.03231980   0.01923620
 -0.03231650   0.01924930
 -0.03231320   0.01926240
 -0.03230990   0.01927560
 -0.03230660   0.01928870
 -0.03230330   0.01930180
 -0.03230000   0.01931490
 -0.03229670   0.01932800
 -0.03229350   0.01934110
 -0.03229020   0.01935420
 -0.03228690   0.01936740
 -0.03228360   0.01938050
 -0.03228030   0.01939360
 -0.03227700   0.01940670
 -0.03227370   0.01941980
 -0.03227040   0.01943290
 -0.03226720   0.01944600
 -0.03226390   0.01945920
 -0.03226060   0.01947230
 -0.03225730   0.01948540
 -0.03225400   0.01949850
 -0.03225070   0.01951160
 -0.03224740   0.01952470
 -0.03224410   0.01953780
 -0.03224090   0.01955100
 -0.03223760   0.01956410
 -0.03223430   0.01957720
 -0.03223100   0.01959030
 -0.03222770   0.01960340
 -0.03222440   0.01961650
 -0.03222110   0.01962960
 -0.03221780   0.01964280
 -0.03221450   0.01965590
 -0.03221130   0.01966900
 -0.03220800   0.01968210
 -0.03220470   0.01969520
 -0.03220140   0.01970830
 -0.03219810   0.01972140
 -0.03219480   0.01973460
 -0.03219150   0.01974770
 -0.03218820   0.01976080
 -0.03218500   0.01977390
 -0.03218170   0.01978700
 -0.03217840   0.01980010
 -0.03217510   0.01981320
 -0.03217180   0.01982640
 -0.03216850   0.01983950
 -0.03216520   0.01985260
 -0.03216190   0.01986570
 -0.03215870   0.01987880
 -0.03215540   0.01989190
 -0.03215210   0.01990500
 -0.03214880   0.01991820
 -0.03214550   0.01993130
 -0.03214220   0.01994440
 -0.03213890   0.01995750
 -0.03213560   0.01997060
 -0.03213240   0.01998370
 -0.03212910   0.01999680
 -0.03212580   0.02001000
 -0.03212250   0.02002310
 -0.03211920   0.02003620
 -0.03211590   0.02004930
 -0.03211260   0.02006240
 -0.03210930   0.02007550
 -0.03210610   0.02008860
 -0.03210280   0.02010180
 -0.03209950   0.02011490
 -0.03209620   0.02012800
 -0.03209290   0.02014110
 -0.03208960   0.02015420
 -0.03208630   0.02016730
 -0.03208300   0.02018040
 -0.03207980   0.02019360
 -0.03207650   0.02020670
 -0.03207320   0.02021980
 -0.03206990   0.02023290
 -0.03206660   0.02024600
 -0.03206330   0.02025910
 -0.03206000   0.02027220
 -0.03205670   0.02028540
 -0.03205350   0.02029850
 -0.03205020   0.02031160
 -0.03204690   0.02032470
 -0.03204360   0.02033780
 -0.03204030   0.02035090
 -0.03203700   0.02036400
 -0.03203370   0.02037720
 -0.03203040   0.02039030
 -0.03202720   0.02040340
 -0.03202390   0.02041650
 -0.03202060   0.02042960
 -0.03201730   0.02044270
 -0.03201400   0.02045580
 -0.03201070   0.02046900
 -0.03200740   0.02048210
 -0.03200410   0.02049520
 -0.03200090   0.02050830
 -0.03199760   0.02052140
 -0.03199430   0.02053450
 -0.03199100   0.02054760
 -0.03198770   0.02056080
 -0.03198440   0.02057390
 -0.03198110   0.02058700
 -0.03197780   0.02060010
 -0.03197460   0.02061320
 -0.03197130   0.02062630
 -0.03196800   0.02063940
 -0.03196470   0.02065260
 -0.03196140   0.02066570
 -0.03195810   0.02067880
 -0.03195480   0.02069190
 -0.03195150   0.02070500
 -0.03194830   0.02071810
 -0.03194500   0.02073120
 -0.03194170   0.02074440
 -0.03193840   0.02075750
 -0.03193510   0.02077060
 -0.03193180   0.02078370
 -0.03192850   0.02079680
 -0.03192520   0.02080990
 -0.03192200   0.02082300
 -0.03191870   0.02083620
 -0.03191540   0.02084930
 -0.03191210   0.02086240
 -0.03190880   0.02087550
 -0.03190550   0.02088860
 -0.03190220   0.02090170
 -0.03189890   0.02091480
 -0.03189570   0.02092790
 -0.03189240   0.02094110
 -0.03188910   0.02095420
 -0.03188580   0.02096730
 -0.03188250   0.02098040
 -0.03187920   0.02099350
 -0.03187590   0.02100660
 -0.03187260   0.02101970
 -0.03186940   0.02103290
 -0.03186610   0.02104600
 -0.03186280   0.02105910
 -0.03185950   0.02107220
 -0.03185620   0.02108530
 -0.03185290   0.02109840
 -0.03184960   0.02111150
 -0.03184630   0.02112470
 -0.03184310   0.02113780
 -0.03183980   0.02115090
 -0.03183650   0.02116400
 -0.03183320   0.02117710
 -0.03182990   0.02119020
 -0.03182660   0.02120330
 -0.03182330   0.02121650
 -0.03182000   0.02122960
 -0.03181680   0.02124270
 -0.03181350   0.02125580
 -0.03181020   0.02126890
 -0.03180690   0.02128200
 -0.03180360   0.02129510
 -0.03180030   0.02130830
 -0.03179700   0.02132140
 -0.03179370   0.02133450
 -0.03179050   0.02134760
 -0.03178720   0.02136070
 -0.03178390   0.02137380
 -0.03178060   0.02138690
 -0.03177730   0.02140010
 -0.03177400   0.02141320
 -0.03177070   0.02142630
 -0.03176740   0.02143940
 -0.03176420   0.02145250
 -0.03176090   0.02146560
 -0.03175760   0.02147870
 -0.03175430   0.02149190
 -0.03175100   0.02150500
 -0.03174770   0.02151810
 -0.03174440   0.02153120
 -0.03174110   0.02154430
 -0.03173790   0.02155740
 -0.03173460   0.02157050
 -0.03173130   0.02158370
 -0.03172800   0.02159680
 -0.03172470   0.02160990
 -0.03172140   0.02162300
 -0.03171810   0.02163610
 -0.03171480   0.02164920
 -0.03171160   0.02166230
 -0.03170830   0.02167550
 -0.03170500   0.02168860
 -0.03170170   0.02170170
 -0.03169840   0.02171480
 -0.03169510   0.02172790
 -0.03169180   0.02174100
 -0.03168850   0.02175410
 -0.03168530   0.02176730
 -0.03168200   0.02178040
 -0.03167870   0.02179350
 -0.03167540   0.02180660
 -0.03167210   0.02181970
 -0.03166880   0.02183280
 -0.03166550   0.02184590
 -0.03166220   0.02185910
 -0.03165900   0.02187220
 -0.03165570   0.02188530
 -0.03165240   0.02189840
 -0.03164910   0.02191150
 -0.03164580   0.02192460
 -0.03164250   0.02193770
 -0.03163920   0.02195090
 -0.03163590   0.02196400
 -0.03163270   0.02197710
 -0.03162940   0.02199020
 -0.03162610   0.02200330
 -0.03162280   0.02201640
 -0.03161950   0.02202950
 -0.03161620   0.02204270
 -0.03161290   0.02205580
 -0.03160960   0.02206890
 -0.03160640   0.02208200
 -0.03160310   0.02209510
 -0.03159980   0.02210820
 -0.03159650   0.02212130
 -0.03159320   0.02213450
 -0.03158990   0.02214760
 -0.03158660   0.02216070
 -0.03158330   0.02217380
 -0.03158010   0.02218690
 -0.03157680   0.02220000
 -0.03157350   0.02221310
 -0.03157020   0.02222630
 -0.03156690   0.02223940
 -0.03156360   0.02225250
 -0.03156030   0.02226560
 -0.03155700   0.02227870
 -0.03155380   0.02229180
 -0.03155050   0.02230490
 -0.03154720   0.02231810
 -0.03154390   0.02233120
 -0.03154060   0.02234430
 -0.03153730   0.02235740
 -0.03153400   0.02237050
 -0.03153070   0.02238360
 -0.03152750   0.02239670
 -0.03152420   0.02240990
 -0.03152090   0.02242300
 -0.03151760   0.02243610
 -0.03151430   0.02244920
 -0.03151100   0.02246230
 -0.03150770   0.02247540
 -0.03150440   0.02248850
 -0.03150120   0.02250170
 -0.03149790   0.02251480
 -0.03149460   0.02252790
 -0.03149130   0.02254100
 -0.03148800   0.02255410
 -0.03148470   0.02256720
 -0.03148140   0.02258030
 -0.03147810   0.02259350
 -0.03147490   0.02260660
 -0.03147160   0.02261970
 -0.03146830   0.02263280
 -0.03146500   0.02264590
 -0.03146170   0.02265900
 -0.03145840   0.02267210
 -0.03145510   0.02268530
 -0.03145180   0.02269840
 -0.03144860   0.02271150
 -0.03144530   0.02272460
 -0.03144200   0.02273770
 -0.03143870   0.02275080
 -0.03143540   0.02276390
 -0.03143210   0.02277710
 -0.03142880   0.02279020
 -0.03142550   0.02280330
 -0.03142230   0.02281640
 -0.03141900   0.02282950
 -0.03141570   0.02284260
 -0.03141240   0.02285570
 -0.03140910   0.02286890
 -0.03140580   0.02288200
 -0.03140250   0.02289510
 -0.03139920   0.02290820
 -0.03139600   0.02292130
 -0.03139270   0.02293440
 -0.03138940   0.02294750
 -0.03138610   0.02296070
 -0.03138280   0.02297380
 -0.03137950   0.02298690
 -0.03137620   0.02300000
