 -0.03725000   0.02300000
 -0.03722647   0.02290608
 -0.03720305   0.02281215
 -0.03717952   0.02271825
 -0.03715608   0.02262425
 -0.03713255   0.02253033
 -0.03710913   0.02243640
 -0.03708560   0.02234248
 -0.03706215   0.02224855
 -0.03703865   0.02215465
 -0.03701520   0.02206065
 -0.03699168   0.02196672
 -0.03696825   0.02187280
 -0.03694472   0.02177888
 -0.03692120   0.02168495
 -0.03689775   0.02159105
 -0.03687425   0.02149705
 -0.03685080   0.02140313
 -0.03682728   0.02130920
 -0.03680385   0.02121527
 -0.03678033   0.02112135
 -0.03675687   0.02102745
 -0.03673335   0.02093345
 -0.03670992   0.02083953
 -0.03668640   0.02074560
 -0.03666287   0.02065168
 -0.03663945   0.02055775
 -0.03661593   0.02046385
 -0.03659247   0.02036985
 -0.03656895   0.02027593
 -0.03654552   0.02018200
 -0.03652200   0.02008808
 -0.03649855   0.01999415
 -0.03647505   0.01990025
 -0.03645160   0.01980625
 -0.03642807   0.01971233
 -0.03640465   0.01961840
 -0.03638113   0.01952447
 -0.03635760   0.01943055
 -0.03633415   0.01933665
 -0.03631065   0.01924272
 -0.03628720   0.01914872
 -0.03626368   0.01905480
 -0.03624025   0.01896088
 -0.03621672   0.01886695
 -0.03619327   0.01877305
 -0.03616975   0.01867912
 -0.03614633   0.01858512
 -0.03612280   0.01849120
 -0.03609935   0.01839728
 -0.03607585   0.01830335
 -0.03605232   0.01820945
 -0.03602888   0.01811553
 -0.03600535   0.01802153
 -0.03598192   0.01792760
 -0.03595840   0.01783368
 -0.03593495   0.01773975
 -0.03591145   0.01764585
 -0.03588800   0.01755192
 -0.03586448   0.01745792
 -0.03584105   0.01736400
 -0.03581753   0.01727008
 -0.03579400   0.01717615
 -0.03577055   0.01708225
 -0.03574705   0.01698832
 -0.03572360   0.01689433
 -0.03570007   0.01680040
 -0.03567665   0.01670647
 -0.03565312   0.01661255
 -0.03562968   0.01651865
 -0.03560615   0.01642472
 -0.03558273   0.01633073
 -0.03555920   0.01623680
 -0.03553575   0.01614288
 -0.03551225   0.01604895
 -0.03548872   0.01595505
 -0.03546527   0.01586113
 -0.03544177   0.01576720
 -0.03541832   0.01567320
 -0.03539480   0.01557928
 -0.03537135   0.01548537
 -0.03534785   0.01539145
 -0.03532440   0.01529753
 -0.03530088   0.01520360
 -0.03527745   0.01510960
 -0.03525392   0.01501567
 -0.03523047   0.01492178
 -0.03520695   0.01482785
 -0.03518345   0.01473393
 -0.03516000   0.01464000
 -0.03513648   0.01454600
 -0.03511305   0.01445207
 -0.03508953   0.01435818
 -0.03506608   0.01426425
 -0.03504255   0.01417033
 -0.03501913   0.01407640
 -0.03499560   0.01398240
 -0.03497215   0.01388847
 -0.03494865   0.01379458
 -0.03492513   0.01370065
 -0.03490168   0.01360673
 -0.03487817   0.01351280
 -0.03485473   0.01341880
 -0.03483120   0.01332488
 -0.03480775   0.01323097
 -0.03478425   0.01313705
 -0.03476080   0.01304313
 -0.03473727   0.01294920
 -0.03471385   0.01285520
 -0.03469033   0.01276128
 -0.03466680   0.01266738
 -0.03464267   0.01257360
 -0.03461813   0.01247997
 -0.03459287   0.01238650
 -0.03456710   0.01229318
 -0.03454082   0.01220000
 -0.03451393   0.01210700
 -0.03448650   0.01201420
 -0.03445848   0.01192155
 -0.03442995   0.01182905
 -0.03440080   0.01173678
 -0.03437113   0.01164465
 -0.03434088   0.01155278
 -0.03431007   0.01146103
 -0.03427875   0.01136950
 -0.03424692   0.01127820
 -0.03421448   0.01118712
 -0.03418150   0.01109620
 -0.03414792   0.01100560
 -0.03411393   0.01091513
 -0.03407930   0.01082495
 -0.03404410   0.01073495
 -0.03400825   0.01064527
 -0.03397168   0.01055585
 -0.03393452   0.01046670
 -0.03389663   0.01037780
 -0.03385813   0.01028925
 -0.03381893   0.01020095
 -0.03377913   0.01011293
 -0.03373860   0.01002525
 -0.03369740   0.00993790
 -0.03365565   0.00985083
 -0.03361315   0.00976410
 -0.03357008   0.00967770
 -0.03352633   0.00959158
 -0.03348192   0.00950588
 -0.03343690   0.00942045
 -0.03339125   0.00933537
 -0.03334497   0.00925063
 -0.03329805   0.00916625
 -0.03325045   0.00908222
 -0.03320228   0.00899860
 -0.03315345   0.00891528
 -0.03310405   0.00883237
 -0.03305400   0.00874982
 -0.03300330   0.00866770
 -0.03295210   0.00858593
 -0.03290015   0.00850450
 -0.03284773   0.00842352
 -0.03279462   0.00834290
 -0.03274090   0.00826273
 -0.03268665   0.00818295
 -0.03263178   0.00810355
 -0.03257630   0.00802468
 -0.03252020   0.00794608
 -0.03246358   0.00786797
 -0.03240633   0.00779032
 -0.03234858   0.00771305
 -0.03229017   0.00763627
 -0.03223120   0.00755992
 -0.03217172   0.00748398
 -0.03211160   0.00740853
 -0.03205100   0.00733353
 -0.03198980   0.00725895
 -0.03192805   0.00718490
 -0.03186572   0.00711122
 -0.03180293   0.00703807
 -0.03173952   0.00696545
 -0.03167557   0.00689327
 -0.03161115   0.00682153
 -0.03154613   0.00675032
 -0.03148062   0.00667955
 -0.03141455   0.00660940
 -0.03134800   0.00653960
 -0.03128088   0.00647043
 -0.03121333   0.00640170
 -0.03114515   0.00633350
 -0.03107655   0.00626583
 -0.03100748   0.00619860
 -0.03093785   0.00613198
 -0.03086770   0.00606583
 -0.03079710   0.00600020
 -0.03072607   0.00593518
 -0.03065448   0.00587063
 -0.03058242   0.00580667
 -0.03050993   0.00574328
 -0.03043690   0.00568030
 -0.03036345   0.00561797
 -0.03028952   0.00555625
 -0.03021518   0.00549498
 -0.03014038   0.00543433
 -0.03006508   0.00537420
 -0.02998937   0.00531470
 -0.02991317   0.00525575
 -0.02983660   0.00519740
 -0.02975960   0.00513960
 -0.02968213   0.00508235
 -0.02960428   0.00502570
 -0.02952600   0.00496968
 -0.02944733   0.00491420
 -0.02936818   0.00485935
 -0.02928862   0.00480505
 -0.02920875   0.00475143
 -0.02912840   0.00469838
 -0.02904775   0.00464585
 -0.02896668   0.00459402
 -0.02888523   0.00454283
 -0.02880335   0.00449218
 -0.02872110   0.00444215
 -0.02863852   0.00439277
 -0.02855558   0.00434400
 -0.02847227   0.00429585
 -0.02838860   0.00424835
 -0.02830460   0.00420145
 -0.02822023   0.00415527
 -0.02813560   0.00410965
 -0.02805050   0.00406465
 -0.02796518   0.00402038
 -0.02787952   0.00397662
 -0.02779350   0.00393360
 -0.02770715   0.00389120
 -0.02762058   0.00384945
 -0.02753363   0.00380840
 -0.02744643   0.00376790
 -0.02735890   0.00372820
 -0.02727107   0.00368905
 -0.02718295   0.00365060
 -0.02709460   0.00361280
 -0.02700595   0.00357565
 -0.02691697   0.00353918
 -0.02682777   0.00350338
 -0.02673835   0.00346827
 -0.02664860   0.00343380
 -0.02655872   0.00340005
 -0.02646845   0.00336695
 -0.02637805   0.00333455
 -0.02628732   0.00330280
 -0.02619648   0.00327185
 -0.02610523   0.00324190
 -0.02601385   0.00321215
 -0.02592248   0.00318260
 -0.02583093   0.00315323
 -0.02573933   0.00312415
 -0.02564760   0.00309517
 -0.02555578   0.00306645
 -0.02546390   0.00303803
 -0.02537195   0.00300970
 -0.02527985   0.00298167
 -0.02518770   0.00295382
 -0.02509547   0.00292618
 -0.02500310   0.00289870
 -0.02491068   0.00287152
 -0.02481817   0.00284455
 -0.02472563   0.00281777
 -0.02463295   0.00279117
 -0.02454020   0.00276488
 -0.02444740   0.00273875
 -0.02435445   0.00271285
 -0.02426145   0.00268715
 -0.02416837   0.00266170
 -0.02407520   0.00263640
 -0.02398203   0.00261138
 -0.02388873   0.00258660
 -0.02379530   0.00256198
 -0.02370190   0.00253763
 -0.02360835   0.00251350
 -0.02351478   0.00248955
 -0.02342108   0.00246587
 -0.02332738   0.00244235
 -0.02323357   0.00241910
 -0.02313970   0.00239605
 -0.02304573   0.00237327
 -0.02295170   0.00235070
 -0.02285762   0.00232828
 -0.02276353   0.00230620
 -0.02266935   0.00228425
 -0.02257508   0.00226258
 -0.02248075   0.00224113
 -0.02238640   0.00221988
 -0.02229192   0.00219883
 -0.02219740   0.00217808
 -0.02210285   0.00215753
 -0.02200825   0.00213718
 -0.02191362   0.00211702
 -0.02181888   0.00209728
 -0.02172407   0.00207772
 -0.02162928   0.00205825
 -0.02153437   0.00203887
 -0.02143950   0.00201967
 -0.02134468   0.00200058
 -0.02124970   0.00198158
 -0.02115480   0.00196265
 -0.02105980   0.00194393
 -0.02096482   0.00192527
 -0.02086983   0.00190675
 -0.02077483   0.00188830
 -0.02067982   0.00187003
 -0.02058473   0.00185185
 -0.02048965   0.00183377
 -0.02039455   0.00181577
 -0.02029938   0.00179798
 -0.02020425   0.00178025
 -0.02010908   0.00176265
 -0.02001388   0.00174512
 -0.01991860   0.00172778
 -0.01982340   0.00171053
 -0.01972812   0.00169338
 -0.01963283   0.00167630
 -0.01953755   0.00165943
 -0.01944225   0.00164263
 -0.01934687   0.00162592
 -0.01925155   0.00160935
 -0.01915617   0.00159292
 -0.01906078   0.00157660
 -0.01896530   0.00156035
 -0.01886990   0.00154430
 -0.01877443   0.00152827
 -0.01867892   0.00151240
 -0.01858343   0.00149663
 -0.01848795   0.00148105
 -0.01839235   0.00146555
 -0.01829685   0.00145015
 -0.01820127   0.00143485
 -0.01810568   0.00141963
 -0.01801008   0.00140460
 -0.01791440   0.00138965
 -0.01781880   0.00137483
 -0.01772312   0.00136015
 -0.01762742   0.00134557
 -0.01753172   0.00133110
 -0.01743605   0.00131672
 -0.01734033   0.00130252
 -0.01724455   0.00128833
 -0.01714877   0.00127440
 -0.01705297   0.00126048
 -0.01695718   0.00124668
 -0.01686138   0.00123303
 -0.01676557   0.00121948
 -0.01666970   0.00120610
 -0.01657380   0.00119275
 -0.01647800   0.00117955
 -0.01638210   0.00116655
 -0.01628612   0.00115355
 -0.01619022   0.00114075
 -0.01609430   0.00112802
 -0.01599833   0.00111540
 -0.01590232   0.00110288
 -0.01580633   0.00109053
 -0.01571032   0.00107828
 -0.01561433   0.00106610
 -0.01551832   0.00105412
 -0.01542230   0.00104222
 -0.01532620   0.00103045
 -0.01523013   0.00101875
 -0.01513402   0.00100723
 -0.01503793   0.00099573
 -0.01494180   0.00098448
 -0.01484570   0.00097322
 -0.01474958   0.00096218
 -0.01465338   0.00095113
 -0.01455728   0.00094035
 -0.01446105   0.00092957
 -0.01436485   0.00091898
 -0.01426865   0.00090847
 -0.01417243   0.00089808
 -0.01407623   0.00088778
 -0.01398000   0.00087765
 -0.01388370   0.00086760
 -0.01378747   0.00085775
 -0.01369118   0.00084790
 -0.01359485   0.00083825
 -0.01349855   0.00082867
 -0.01340222   0.00081920
 -0.01330590   0.00080990
 -0.01320957   0.00080067
 -0.01311325   0.00079158
 -0.01301693   0.00078265
 -0.01292053   0.00077373
 -0.01282418   0.00076500
 -0.01272778   0.00075635
 -0.01263135   0.00074788
 -0.01253493   0.00073950
 -0.01243850   0.00073122
 -0.01234208   0.00072305
 -0.01224563   0.00071502
 -0.01214920   0.00070705
 -0.01205275   0.00069925
 -0.01195633   0.00069160
 -0.01185980   0.00068398
 -0.01176335   0.00067660
 -0.01166683   0.00066933
 -0.01157038   0.00066208
 -0.01147383   0.00065485
 -0.01137730   0.00064765
 -0.01128085   0.00064052
 -0.01118430   0.00063353
 -0.01108775   0.00062645
 -0.01099128   0.00061950
 -0.01089472   0.00061263
 -0.01079818   0.00060570
 -0.01070162   0.00059888
 -0.01060513   0.00059215
 -0.01050858   0.00058535
 -0.01041200   0.00057868
 -0.01031545   0.00057203
 -0.01021887   0.00056545
 -0.01012230   0.00055890
 -0.01002580   0.00055238
 -0.00992922   0.00054597
 -0.00983265   0.00053958
 -0.00973605   0.00053325
 -0.00963947   0.00052690
 -0.00954287   0.00052065
 -0.00944630   0.00051448
 -0.00934970   0.00050827
 -0.00925310   0.00050215
 -0.00915650   0.00049615
 -0.00905990   0.00049015
 -0.00896330   0.00048417
 -0.00886670   0.00047822
 -0.00877000   0.00047235
 -0.00867340   0.00046652
 -0.00857678   0.00046072
 -0.00848017   0.00045500
 -0.00838355   0.00044932
 -0.00828693   0.00044365
 -0.00819023   0.00043808
 -0.00809360   0.00043253
 -0.00799697   0.00042708
 -0.00790035   0.00042165
 -0.00780365   0.00041625
 -0.00770700   0.00041085
 -0.00761038   0.00040557
 -0.00751373   0.00040030
 -0.00741702   0.00039515
 -0.00732038   0.00038993
 -0.00722373   0.00038488
 -0.00712702   0.00037978
 -0.00703038   0.00037478
 -0.00693365   0.00036980
 -0.00683700   0.00036492
 -0.00674033   0.00035998
 -0.00664360   0.00035522
 -0.00654695   0.00035040
 -0.00645020   0.00034570
 -0.00635355   0.00034100
 -0.00625682   0.00033640
 -0.00616015   0.00033183
 -0.00606340   0.00032727
 -0.00596675   0.00032273
 -0.00587000   0.00031830
 -0.00577332   0.00031397
 -0.00567657   0.00030957
 -0.00557983   0.00030530
 -0.00548315   0.00030103
 -0.00538640   0.00029685
 -0.00528973   0.00029270
 -0.00519295   0.00028858
 -0.00509620   0.00028455
 -0.00499952   0.00028055
 -0.00490275   0.00027655
 -0.00480600   0.00027268
 -0.00470930   0.00026880
 -0.00461255   0.00026497
 -0.00451577   0.00026115
 -0.00441900   0.00025745
 -0.00432233   0.00025382
 -0.00422555   0.00025013
 -0.00412877   0.00024653
 -0.00403200   0.00024300
 -0.00393532   0.00023938
 -0.00383855   0.00023588
 -0.00374178   0.00023243
 -0.00364500   0.00022892
 -0.00354822   0.00022557
 -0.00345153   0.00022215
 -0.00335477   0.00021880
 -0.00325800   0.00021547
 -0.00316123   0.00021215
 -0.00306445   0.00020890
 -0.00296767   0.00020565
 -0.00287090   0.00020243
 -0.00277413   0.00019928
 -0.00267742   0.00019613
 -0.00258065   0.00019298
 -0.00248388   0.00018993
 -0.00238710   0.00018685
 -0.00229032   0.00018387
 -0.00219355   0.00018085
 -0.00209677   0.00017795
 -0.00200000   0.00017500
 -0.00190322   0.00017795
 -0.00180645   0.00018085
 -0.00170967   0.00018387
 -0.00161290   0.00018685
 -0.00151612   0.00018993
 -0.00141935   0.00019298
 -0.00132258   0.00019613
 -0.00122587   0.00019928
 -0.00112910   0.00020243
 -0.00103232   0.00020565
 -0.00093555   0.00020890
 -0.00083877   0.00021215
 -0.00074200   0.00021547
 -0.00064522   0.00021880
 -0.00054847   0.00022215
 -0.00045177   0.00022557
 -0.00035500   0.00022892
 -0.00025823   0.00023243
 -0.00016145   0.00023588
 -0.00006468   0.00023938
  0.00003200   0.00024300
  0.00012877   0.00024653
  0.00022555   0.00025013
  0.00032233   0.00025382
  0.00041900   0.00025745
  0.00051578   0.00026115
  0.00061255   0.00026497
  0.00070930   0.00026880
  0.00080600   0.00027268
  0.00090275   0.00027655
  0.00099953   0.00028055
  0.00109620   0.00028455
  0.00119295   0.00028858
  0.00128973   0.00029270
  0.00138640   0.00029685
  0.00148315   0.00030103
  0.00157983   0.00030530
  0.00167658   0.00030957
  0.00177333   0.00031397
  0.00187000   0.00031830
  0.00196675   0.00032273
  0.00206340   0.00032727
  0.00216015   0.00033183
  0.00225682   0.00033640
  0.00235355   0.00034100
  0.00245020   0.00034570
  0.00254695   0.00035040
  0.00264360   0.00035522
  0.00274033   0.00035998
  0.00283700   0.00036492
  0.00293365   0.00036980
  0.00303038   0.00037478
  0.00312702   0.00037978
  0.00322373   0.00038488
  0.00332038   0.00038993
  0.00341702   0.00039515
  0.00351373   0.00040030
  0.00361037   0.00040557
  0.00370700   0.00041085
  0.00380365   0.00041625
  0.00390035   0.00042165
  0.00399697   0.00042708
  0.00409360   0.00043253
  0.00419023   0.00043808
  0.00428693   0.00044365
  0.00438355   0.00044932
  0.00448018   0.00045500
  0.00457677   0.00046072
  0.00467340   0.00046652
  0.00477000   0.00047235
  0.00486670   0.00047822
  0.00496330   0.00048417
  0.00505990   0.00049015
  0.00515650   0.00049615
  0.00525310   0.00050215
  0.00534970   0.00050827
  0.00544630   0.00051448
  0.00554287   0.00052065
  0.00563947   0.00052690
  0.00573605   0.00053325
  0.00583265   0.00053958
  0.00592922   0.00054597
  0.00602580   0.00055238
  0.00612230   0.00055890
  0.00621887   0.00056545
  0.00631545   0.00057203
  0.00641200   0.00057868
  0.00650858   0.00058535
  0.00660512   0.00059215
  0.00670163   0.00059888
  0.00679817   0.00060570
  0.00689472   0.00061263
  0.00699127   0.00061950
  0.00708775   0.00062645
  0.00718430   0.00063353
  0.00728085   0.00064052
  0.00737730   0.00064765
  0.00747382   0.00065485
  0.00757038   0.00066208
  0.00766683   0.00066933
  0.00776335   0.00067660
  0.00785980   0.00068398
  0.00795633   0.00069160
  0.00805275   0.00069925
  0.00814920   0.00070705
  0.00824562   0.00071502
  0.00834208   0.00072305
  0.00843850   0.00073122
  0.00853493   0.00073950
  0.00863135   0.00074788
  0.00872778   0.00075635
  0.00882418   0.00076500
  0.00892053   0.00077373
  0.00901693   0.00078265
  0.00911325   0.00079158
  0.00920957   0.00080067
  0.00930590   0.00080990
  0.00940223   0.00081920
  0.00949855   0.00082867
  0.00959485   0.00083825
  0.00969117   0.00084790
  0.00978747   0.00085775
  0.00988370   0.00086760
  0.00998000   0.00087765
  0.01007622   0.00088778
  0.01017243   0.00089808
  0.01026865   0.00090847
  0.01036485   0.00091898
  0.01046105   0.00092957
  0.01055727   0.00094035
  0.01065338   0.00095113
  0.01074958   0.00096218
  0.01084570   0.00097322
  0.01094180   0.00098448
  0.01103793   0.00099573
  0.01113402   0.00100723
  0.01123013   0.00101875
  0.01132620   0.00103045
  0.01142230   0.00104222
  0.01151832   0.00105412
  0.01161433   0.00106610
  0.01171032   0.00107828
  0.01180632   0.00109053
  0.01190232   0.00110288
  0.01199833   0.00111540
  0.01209430   0.00112802
  0.01219022   0.00114075
  0.01228613   0.00115355
  0.01238210   0.00116655
  0.01247800   0.00117955
  0.01257380   0.00119275
  0.01266970   0.00120610
  0.01276557   0.00121948
  0.01286138   0.00123303
  0.01295718   0.00124668
  0.01305298   0.00126048
  0.01314878   0.00127440
  0.01324455   0.00128833
  0.01334033   0.00130252
  0.01343605   0.00131672
  0.01353172   0.00133110
  0.01362742   0.00134557
  0.01372312   0.00136015
  0.01381880   0.00137483
  0.01391440   0.00138965
  0.01401008   0.00140460
  0.01410568   0.00141963
  0.01420127   0.00143485
  0.01429685   0.00145015
  0.01439235   0.00146555
  0.01448795   0.00148105
  0.01458343   0.00149663
  0.01467892   0.00151240
  0.01477442   0.00152827
  0.01486990   0.00154430
  0.01496530   0.00156035
  0.01506078   0.00157660
  0.01515617   0.00159292
  0.01525155   0.00160935
  0.01534688   0.00162592
  0.01544225   0.00164263
  0.01553755   0.00165943
  0.01563282   0.00167630
  0.01572813   0.00169338
  0.01582340   0.00171053
  0.01591860   0.00172778
  0.01601387   0.00174512
  0.01610908   0.00176265
  0.01620425   0.00178025
  0.01629938   0.00179798
  0.01639455   0.00181577
  0.01648965   0.00183377
  0.01658473   0.00185185
  0.01667983   0.00187003
  0.01677483   0.00188830
  0.01686983   0.00190675
  0.01696482   0.00192527
  0.01705980   0.00194393
  0.01715480   0.00196265
  0.01724970   0.00198158
  0.01734468   0.00200058
  0.01743950   0.00201967
  0.01753437   0.00203887
  0.01762928   0.00205825
  0.01772407   0.00207772
  0.01781888   0.00209728
  0.01791362   0.00211702
  0.01800825   0.00213718
  0.01810285   0.00215753
  0.01819740   0.00217808
  0.01829192   0.00219883
  0.01838640   0.00221988
  0.01848075   0.00224113
  0.01857508   0.00226258
  0.01866935   0.00228425
  0.01876353   0.00230620
  0.01885762   0.00232828
  0.01895170   0.00235070
  0.01904572   0.00237327
  0.01913970   0.00239605
  0.01923357   0.00241910
  0.01932738   0.00244235
  0.01942107   0.00246587
  0.01951478   0.00248955
  0.01960835   0.00251350
  0.01970190   0.00253763
  0.01979530   0.00256198
  0.01988873   0.00258660
  0.01998203   0.00261138
  0.02007520   0.00263640
  0.02016837   0.00266170
  0.02026145   0.00268715
  0.02035445   0.00271285
  0.02044740   0.00273875
  0.02054020   0.00276488
  0.02063295   0.00279117
  0.02072563   0.00281777
  0.02081818   0.00284455
  0.02091068   0.00287152
  0.02100310   0.00289870
  0.02109547   0.00292618
  0.02118770   0.00295382
  0.02127985   0.00298167
  0.02137195   0.00300970
  0.02146390   0.00303803
  0.02155578   0.00306645
  0.02164760   0.00309517
  0.02173933   0.00312415
  0.02183093   0.00315323
  0.02192247   0.00318260
  0.02201385   0.00321215
  0.02210523   0.00324190
  0.02219648   0.00327185
  0.02228732   0.00330280
  0.02237805   0.00333455
  0.02246845   0.00336695
  0.02255873   0.00340005
  0.02264860   0.00343380
  0.02273835   0.00346827
  0.02282778   0.00350338
  0.02291697   0.00353918
  0.02300595   0.00357565
  0.02309460   0.00361280
  0.02318295   0.00365060
  0.02327107   0.00368905
  0.02335890   0.00372820
  0.02344643   0.00376790
  0.02353363   0.00380840
  0.02362058   0.00384945
  0.02370715   0.00389120
  0.02379350   0.00393360
  0.02387952   0.00397662
  0.02396518   0.00402038
  0.02405050   0.00406465
  0.02413560   0.00410965
  0.02422023   0.00415527
  0.02430460   0.00420145
  0.02438860   0.00424835
  0.02447227   0.00429585
  0.02455558   0.00434400
  0.02463852   0.00439277
  0.02472110   0.00444215
  0.02480335   0.00449218
  0.02488523   0.00454283
  0.02496668   0.00459402
  0.02504775   0.00464585
  0.02512840   0.00469838
  0.02520875   0.00475143
  0.02528862   0.00480505
  0.02536818   0.00485935
  0.02544733   0.00491420
  0.02552600   0.00496968
  0.02560428   0.00502570
  0.02568213   0.00508235
  0.02575960   0.00513960
  0.02583660   0.00519740
  0.02591317   0.00525575
  0.02598938   0.00531470
  0.02606508   0.00537420
  0.02614038   0.00543433
  0.02621518   0.00549498
  0.02628953   0.00555625
  0.02636345   0.00561797
  0.02643690   0.00568030
  0.02650993   0.00574328
  0.02658243   0.00580667
  0.02665448   0.00587063
  0.02672607   0.00593518
  0.02679710   0.00600020
  0.02686770   0.00606583
  0.02693785   0.00613198
  0.02700748   0.00619860
  0.02707655   0.00626583
  0.02714515   0.00633350
  0.02721333   0.00640170
  0.02728088   0.00647043
  0.02734800   0.00653960
  0.02741455   0.00660940
  0.02748063   0.00667955
  0.02754613   0.00675032
  0.02761115   0.00682153
  0.02767558   0.00689327
  0.02773953   0.00696545
  0.02780292   0.00703807
  0.02786573   0.00711122
  0.02792805   0.00718490
  0.02798980   0.00725895
  0.02805100   0.00733353
  0.02811160   0.00740853
  0.02817173   0.00748398
  0.02823120   0.00755992
  0.02829017   0.00763627
  0.02834858   0.00771305
  0.02840633   0.00779032
  0.02846358   0.00786797
  0.02852020   0.00794608
  0.02857630   0.00802468
  0.02863178   0.00810355
  0.02868665   0.00818295
  0.02874090   0.00826273
  0.02879462   0.00834290
  0.02884772   0.00842352
  0.02890015   0.00850450
  0.02895210   0.00858593
  0.02900330   0.00866770
  0.02905400   0.00874982
  0.02910405   0.00883237
  0.02915345   0.00891528
  0.02920228   0.00899860
  0.02925045   0.00908222
  0.02929805   0.00916625
  0.02934497   0.00925063
  0.02939125   0.00933537
  0.02943690   0.00942045
  0.02948192   0.00950588
  0.02952632   0.00959158
  0.02957008   0.00967770
  0.02961315   0.00976410
  0.02965565   0.00985083
  0.02969740   0.00993790
  0.02973860   0.01002525
  0.02977913   0.01011293
  0.02981892   0.01020095
  0.02985812   0.01028925
  0.02989663   0.01037780
  0.02993452   0.01046670
  0.02997168   0.01055585
  0.03000825   0.01064527
  0.03004410   0.01073495
  0.03007930   0.01082495
  0.03011393   0.01091513
  0.03014792   0.01100560
  0.03018150   0.01109620
  0.03021448   0.01118712
  0.03024693   0.01127820
  0.03027875   0.01136950
  0.03031007   0.01146103
  0.03034088   0.01155278
  0.03037112   0.01164465
  0.03040080   0.01173678
  0.03042995   0.01182905
  0.03045848   0.01192155
  0.03048650   0.01201420
  0.03051392   0.01210700
  0.03054083   0.01220000
  0.03056710   0.01229318
  0.03059287   0.01238650
  0.03061813   0.01247997
  0.03064268   0.01257360
  0.03066680   0.01266738
  0.03069032   0.01276128
  0.03071385   0.01285520
  0.03073728   0.01294920
  0.03076080   0.01304313
  0.03078425   0.01313705
  0.03080775   0.01323097
  0.03083120   0.01332488
  0.03085473   0.01341880
  0.03087817   0.01351280
  0.03090168   0.01360673
  0.03092512   0.01370065
  0.03094865   0.01379458
  0.03097215   0.01388847
  0.03099560   0.01398240
  0.03101913   0.01407640
  0.03104255   0.01417033
  0.03106608   0.01426425
  0.03108953   0.01435818
  0.03111305   0.01445207
  0.03113648   0.01454600
  0.03116000   0.01464000
  0.03118345   0.01473393
  0.03120695   0.01482785
  0.03123047   0.01492178
  0.03125393   0.01501567
  0.03127745   0.01510960
  0.03130088   0.01520360
  0.03132440   0.01529753
  0.03134785   0.01539145
  0.03137135   0.01548537
  0.03139480   0.01557928
  0.03141832   0.01567320
  0.03144177   0.01576720
  0.03146528   0.01586113
  0.03148873   0.01595505
  0.03151225   0.01604895
  0.03153575   0.01614288
  0.03155920   0.01623680
  0.03158273   0.01633073
  0.03160615   0.01642472
  0.03162968   0.01651865
  0.03165312   0.01661255
  0.03167665   0.01670647
  0.03170008   0.01680040
  0.03172360   0.01689433
  0.03174705   0.01698832
  0.03177055   0.01708225
  0.03179400   0.01717615
  0.03181752   0.01727008
  0.03184105   0.01736400
  0.03186448   0.01745792
  0.03188800   0.01755192
  0.03191145   0.01764585
  0.03193495   0.01773975
  0.03195840   0.01783368
  0.03198192   0.01792760
  0.03200535   0.01802153
  0.03202887   0.01811553
  0.03205233   0.01820945
  0.03207585   0.01830335
  0.03209935   0.01839728
  0.03212280   0.01849120
  0.03214633   0.01858512
  0.03216975   0.01867912
  0.03219328   0.01877305
  0.03221673   0.01886695
  0.03224025   0.01896088
  0.03226367   0.01905480
  0.03228720   0.01914872
  0.03231065   0.01924272
  0.03233415   0.01933665
  0.03235760   0.01943055
  0.03238113   0.01952447
  0.03240465   0.01961840
  0.03242808   0.01971233
  0.03245160   0.01980625
  0.03247505   0.01990025
  0.03249855   0.01999415
  0.03252200   0.02008808
  0.03254552   0.02018200
  0.03256895   0.02027593
  0.03259248   0.02036985
  0.03261593   0.02046385
  0.03263945   0.02055775
  0.03266287   0.02065168
  0.03268640   0.02074560
  0.03270993   0.02083953
  0.03273335   0.02093345
  0.03275687   0.02102745
  0.03278032   0.02112135
  0.03280385   0.02121527
  0.03282728   0.02130920
  0.03285080   0.02140313
  0.03287425   0.02149705
  0.03289775   0.02159105
  0.03292120   0.02168495
  0.03294472   0.02177888
  0.03296825   0.02187280
  0.03299167   0.02196672
  0.03301520   0.02206065
  0.03303865   0.02215465
  0.03306215   0.02224855
  0.03308560   0.02234248
  0.03310912   0.02243640
  0.03313255   0.02253033
  0.03315608   0.02262425
  0.03317953   0.02271825
  0.03320305   0.02281215
  0.03322647   0.02290608
  0.03325000   0.02300000
