 -0.03728575   0.02300000
 -0.03727486   0.02295637
 -0.03726388   0.02291273
 -0.03725300   0.02286910
 -0.03724202   0.02282547
 -0.03723113   0.02278174
 -0.03722015   0.02273810
 -0.03720917   0.02269447
 -0.03719829   0.02265084
 -0.03718731   0.02260720
 -0.03717642   0.02256357
 -0.03716544   0.02251994
 -0.03715456   0.02247630
 -0.03714358   0.02243267
 -0.03713260   0.02238904
 -0.03712171   0.02234531
 -0.03711073   0.02230168
 -0.03709985   0.02225804
 -0.03708887   0.02221441
 -0.03707798   0.02217077
 -0.03706700   0.02212714
 -0.03705612   0.02208351
 -0.03704514   0.02203988
 -0.03703416   0.02199624
 -0.03702327   0.02195251
 -0.03701230   0.02190888
 -0.03700141   0.02186525
 -0.03699043   0.02182161
 -0.03697955   0.02177798
 -0.03696857   0.02173435
 -0.03695759   0.02169071
 -0.03694670   0.02164708
 -0.03693572   0.02160345
 -0.03692484   0.02155981
 -0.03691386   0.02151608
 -0.03690297   0.02147245
 -0.03689199   0.02142882
 -0.03688101   0.02138518
 -0.03687013   0.02134155
 -0.03685915   0.02129792
 -0.03684826   0.02125428
 -0.03683728   0.02121065
 -0.03682640   0.02116702
 -0.03681542   0.02112329
 -0.03680444   0.02107965
 -0.03679355   0.02103602
 -0.03678257   0.02099239
 -0.03677169   0.02094875
 -0.03676071   0.02090512
 -0.03674983   0.02086149
 -0.03673885   0.02081785
 -0.03672796   0.02077422
 -0.03671698   0.02073059
 -0.03670600   0.02068686
 -0.03669512   0.02064323
 -0.03668413   0.02059959
 -0.03667325   0.02055596
 -0.03666227   0.02051232
 -0.03665139   0.02046869
 -0.03664040   0.02042506
 -0.03662943   0.02038142
 -0.03661854   0.02033779
 -0.03660756   0.02029406
 -0.03659668   0.02025043
 -0.03658570   0.02020680
 -0.03657481   0.02016316
 -0.03656383   0.02011953
 -0.03655285   0.02007590
 -0.03654197   0.02003226
 -0.03653099   0.01998863
 -0.03652010   0.01994500
 -0.03650912   0.01990137
 -0.03649824   0.01985764
 -0.03648726   0.01981400
 -0.03647628   0.01977037
 -0.03646539   0.01972674
 -0.03645441   0.01968310
 -0.03644353   0.01963947
 -0.03643255   0.01959584
 -0.03642166   0.01955220
 -0.03641068   0.01950857
 -0.03639970   0.01946484
 -0.03638882   0.01942121
 -0.03637784   0.01937757
 -0.03636695   0.01933394
 -0.03635598   0.01929031
 -0.03634509   0.01924667
 -0.03633411   0.01920304
 -0.03632323   0.01915941
 -0.03631225   0.01911578
 -0.03630127   0.01907214
 -0.03629038   0.01902841
 -0.03627940   0.01898478
 -0.03626852   0.01894115
 -0.03625754   0.01889751
 -0.03624665   0.01885388
 -0.03623567   0.01881025
 -0.03622469   0.01876661
 -0.03621381   0.01872298
 -0.03620283   0.01867935
 -0.03619194   0.01863562
 -0.03618096   0.01859198
 -0.03617008   0.01854835
 -0.03615910   0.01850472
 -0.03614812   0.01846108
 -0.03613723   0.01841745
 -0.03612625   0.01837382
 -0.03611537   0.01833018
 -0.03610439   0.01828655
 -0.03609350   0.01824292
 -0.03608252   0.01819919
 -0.03607154   0.01815555
 -0.03606066   0.01811192
 -0.03604968   0.01806829
 -0.03603880   0.01802465
 -0.03602781   0.01798102
 -0.03601693   0.01793739
 -0.03600595   0.01789375
 -0.03599507   0.01785012
 -0.03598408   0.01780639
 -0.03597310   0.01776276
 -0.03596222   0.01771913
 -0.03595124   0.01767549
 -0.03594035   0.01763186
 -0.03592937   0.01758822
 -0.03591849   0.01754459
 -0.03590751   0.01750096
 -0.03589653   0.01745732
 -0.03588565   0.01741369
 -0.03587467   0.01736996
 -0.03586378   0.01732633
 -0.03585280   0.01728270
 -0.03584192   0.01723906
 -0.03583094   0.01719543
 -0.03581996   0.01715180
 -0.03580907   0.01710816
 -0.03579809   0.01706453
 -0.03578720   0.01702090
 -0.03577619   0.01697718
 -0.03576526   0.01693355
 -0.03575422   0.01688994
 -0.03574317   0.01684632
 -0.03573219   0.01680272
 -0.03572110   0.01675911
 -0.03571010   0.01671551
 -0.03569898   0.01667192
 -0.03568794   0.01662833
 -0.03567678   0.01658465
 -0.03566562   0.01654106
 -0.03565453   0.01649749
 -0.03564333   0.01645392
 -0.03563222   0.01641035
 -0.03562099   0.01636680
 -0.03560984   0.01632324
 -0.03559858   0.01627969
 -0.03558740   0.01623615
 -0.03557610   0.01619261
 -0.03556480   0.01614899
 -0.03555357   0.01610546
 -0.03554223   0.01606194
 -0.03553097   0.01601843
 -0.03551960   0.01597492
 -0.03550832   0.01593142
 -0.03549692   0.01588793
 -0.03548550   0.01584443
 -0.03547417   0.01580095
 -0.03546272   0.01575738
 -0.03545136   0.01571391
 -0.03543988   0.01567045
 -0.03542830   0.01562709
 -0.03541660   0.01558364
 -0.03540470   0.01554030
 -0.03539268   0.01549705
 -0.03538046   0.01545372
 -0.03536813   0.01541050
 -0.03535559   0.01536737
 -0.03534294   0.01532425
 -0.03533018   0.01528114
 -0.03531721   0.01523813
 -0.03530413   0.01519513
 -0.03529085   0.01515224
 -0.03527746   0.01510925
 -0.03526395   0.01506647
 -0.03525025   0.01502369
 -0.03523643   0.01498092
 -0.03522240   0.01493826
 -0.03520826   0.01489560
 -0.03519392   0.01485295
 -0.03517946   0.01481041
 -0.03516490   0.01476797
 -0.03515013   0.01472554
 -0.03513525   0.01468312
 -0.03512027   0.01464080
 -0.03510507   0.01459849
 -0.03508967   0.01455628
 -0.03507425   0.01451418
 -0.03505864   0.01447200
 -0.03504281   0.01443001
 -0.03502687   0.01438803
 -0.03501083   0.01434606
 -0.03499458   0.01430420
 -0.03497822   0.01426235
 -0.03496175   0.01422060
 -0.03494508   0.01417886
 -0.03492830   0.01413723
 -0.03491131   0.01409570
 -0.03489421   0.01405418
 -0.03487700   0.01401267
 -0.03485959   0.01397127
 -0.03484207   0.01392997
 -0.03482435   0.01388868
 -0.03480661   0.01384750
 -0.03478857   0.01380633
 -0.03477052   0.01376527
 -0.03475226   0.01372421
 -0.03473389   0.01368326
 -0.03471532   0.01364242
 -0.03469664   0.01360159
 -0.03467785   0.01356087
 -0.03465886   0.01352015
 -0.03463976   0.01347954
 -0.03462055   0.01343904
 -0.03460114   0.01339855
 -0.03458162   0.01335817
 -0.03456199   0.01331780
 -0.03454216   0.01327753
 -0.03452222   0.01323737
 -0.03450208   0.01319722
 -0.03448182   0.01315718
 -0.03446146   0.01311725
 -0.03444099   0.01307733
 -0.03442032   0.01303751
 -0.03439954   0.01299780
 -0.03437865   0.01295811
 -0.03435756   0.01291852
 -0.03433636   0.01287894
 -0.03431506   0.01283947
 -0.03429355   0.01280011
 -0.03427193   0.01276086
 -0.03425021   0.01272162
 -0.03422828   0.01268248
 -0.03420625   0.01264346
 -0.03418410   0.01260444
 -0.03416186   0.01256554
 -0.03413941   0.01252674
 -0.03411685   0.01248795
 -0.03409409   0.01244928
 -0.03407132   0.01241071
 -0.03404835   0.01237225
 -0.03402527   0.01233380
 -0.03400198   0.01229546
 -0.03397860   0.01225723
 -0.03395510   0.01221911
 -0.03393150   0.01218100
 -0.03390770   0.01214300
 -0.03388379   0.01210511
 -0.03385977   0.01206733
 -0.03383565   0.01202956
 -0.03381132   0.01199190
 -0.03378690   0.01195435
 -0.03376236   0.01191690
 -0.03373772   0.01187948
 -0.03371288   0.01184225
 -0.03368793   0.01180504
 -0.03366288   0.01176784
 -0.03363763   0.01173085
 -0.03361236   0.01169387
 -0.03358690   0.01165710
 -0.03356133   0.01162033
 -0.03353555   0.01158368
 -0.03350977   0.01154705
 -0.03348380   0.01151062
 -0.03345771   0.01147420
 -0.03343142   0.01143789
 -0.03340513   0.01140170
 -0.03337863   0.01136560
 -0.03335203   0.01132963
 -0.03332533   0.01129366
 -0.03329852   0.01125790
 -0.03327150   0.01122216
 -0.03324449   0.01118653
 -0.03321727   0.01115100
 -0.03318985   0.01111559
 -0.03316242   0.01108029
 -0.03313490   0.01104500
 -0.03310717   0.01100991
 -0.03307933   0.01097485
 -0.03305140   0.01093989
 -0.03302335   0.01090504
 -0.03299511   0.01087030
 -0.03296687   0.01083567
 -0.03293842   0.01080116
 -0.03290987   0.01076675
 -0.03288122   0.01073236
 -0.03285246   0.01069818
 -0.03282350   0.01066411
 -0.03279454   0.01063005
 -0.03276538   0.01059610
 -0.03273612   0.01056236
 -0.03270675   0.01052863
 -0.03267728   0.01049502
 -0.03264770   0.01046151
 -0.03261794   0.01042812
 -0.03258816   0.01039484
 -0.03255818   0.01036167
 -0.03252810   0.01032861
 -0.03249792   0.01029566
 -0.03246765   0.01026282
 -0.03243726   0.01023000
 -0.03240677   0.01019738
 -0.03237609   0.01016488
 -0.03234540   0.01013249
 -0.03231452   0.01010011
 -0.03228363   0.01006794
 -0.03225254   0.01003588
 -0.03222135   0.01000384
 -0.03219005   0.00997200
 -0.03215866   0.00994028
 -0.03212717   0.00990857
 -0.03209557   0.00987707
 -0.03206378   0.00984568
 -0.03203198   0.00981440
 -0.03200008   0.00978314
 -0.03196799   0.00975208
 -0.03193589   0.00972114
 -0.03190360   0.00969031
 -0.03187120   0.00965959
 -0.03183880   0.00962889
 -0.03180620   0.00959839
 -0.03177350   0.00956802
 -0.03174070   0.00953776
 -0.03170780   0.00950770
 -0.03167491   0.00947764
 -0.03164182   0.00944767
 -0.03160863   0.00941781
 -0.03157535   0.00938815
 -0.03154197   0.00935848
 -0.03150849   0.00932900
 -0.03147492   0.00929954
 -0.03144125   0.00927026
 -0.03140749   0.00924099
 -0.03137363   0.00921191
 -0.03133967   0.00918293
 -0.03130561   0.00915405
 -0.03127146   0.00912527
 -0.03123721   0.00909668
 -0.03120287   0.00906809
 -0.03116843   0.00903960
 -0.03113389   0.00901131
 -0.03109926   0.00898302
 -0.03106453   0.00895492
 -0.03102970   0.00892693
 -0.03099478   0.00889903
 -0.03095985   0.00887122
 -0.03092474   0.00884352
 -0.03088952   0.00881601
 -0.03085431   0.00878851
 -0.03081891   0.00876120
 -0.03078350   0.00873398
 -0.03074790   0.00870687
 -0.03071230   0.00867985
 -0.03067661   0.00865293
 -0.03064072   0.00862621
 -0.03060484   0.00859949
 -0.03056885   0.00857296
 -0.03053277   0.00854654
 -0.03049669   0.00852020
 -0.03046042   0.00849398
 -0.03042405   0.00846794
 -0.03038767   0.00844190
 -0.03035111   0.00841606
 -0.03031455   0.00839032
 -0.03027789   0.00836468
 -0.03024113   0.00833913
 -0.03020428   0.00831378
 -0.03016733   0.00828853
 -0.03013029   0.00826338
 -0.03009324   0.00823832
 -0.03005610   0.00821337
 -0.03001877   0.00818851
 -0.02998143   0.00816385
 -0.02994400   0.00813928
 -0.02990657   0.00811482
 -0.02986894   0.00809054
 -0.02983132   0.00806628
 -0.02979350   0.00804220
 -0.02975568   0.00801822
 -0.02971777   0.00799434
 -0.02967985   0.00797066
 -0.02964175   0.00794707
 -0.02960364   0.00792359
 -0.02956544   0.00790020
 -0.02952714   0.00787691
 -0.02948874   0.00785381
 -0.02945025   0.00783081
 -0.02941176   0.00780791
 -0.02937317   0.00778521
 -0.02933448   0.00776251
 -0.02929570   0.00774000
 -0.02925692   0.00771759
 -0.02921804   0.00769538
 -0.02917906   0.00767326
 -0.02913999   0.00765124
 -0.02910092   0.00762932
 -0.02906166   0.00760760
 -0.02902249   0.00758587
 -0.02898313   0.00756444
 -0.02894367   0.00754301
 -0.02890421   0.00752177
 -0.02886466   0.00750064
 -0.02882510   0.00747960
 -0.02878536   0.00745875
 -0.02874561   0.00743791
 -0.02870586   0.00741736
 -0.02866592   0.00739681
 -0.02862598   0.00737646
 -0.02858595   0.00735620
 -0.02854591   0.00733605
 -0.02850568   0.00731608
 -0.02846545   0.00729622
 -0.02842522   0.00727645
 -0.02838489   0.00725688
 -0.02834447   0.00723740
 -0.02830395   0.00721803
 -0.02826343   0.00719875
 -0.02822282   0.00717967
 -0.02818210   0.00716069
 -0.02814139   0.00714190
 -0.02810058   0.00712321
 -0.02805977   0.00710462
 -0.02801887   0.00708622
 -0.02797787   0.00706782
 -0.02793677   0.00704972
 -0.02789568   0.00703161
 -0.02785457   0.00701370
 -0.02781338   0.00699590
 -0.02777209   0.00697828
 -0.02773070   0.00696076
 -0.02768931   0.00694335
 -0.02764793   0.00692612
 -0.02760635   0.00690900
 -0.02756477   0.00689197
 -0.02752318   0.00687513
 -0.02748151   0.00685840
 -0.02743983   0.00684176
 -0.02739796   0.00682533
 -0.02735618   0.00680898
 -0.02731431   0.00679283
 -0.02727235   0.00677678
 -0.02723028   0.00676083
 -0.02718832   0.00674507
 -0.02714616   0.00672941
 -0.02710400   0.00671385
 -0.02706184   0.00669849
 -0.02701958   0.00668322
 -0.02697723   0.00666805
 -0.02693488   0.00665308
 -0.02689252   0.00663830
 -0.02685007   0.00662352
 -0.02680752   0.00660903
 -0.02676498   0.00659455
 -0.02672243   0.00658025
 -0.02667970   0.00656606
 -0.02663705   0.00655206
 -0.02659431   0.00653816
 -0.02655158   0.00652436
 -0.02650874   0.00651076
 -0.02646580   0.00649735
 -0.02642287   0.00648393
 -0.02637994   0.00647072
 -0.02633691   0.00645770
 -0.02629388   0.00644477
 -0.02625085   0.00643195
 -0.02620763   0.00641932
 -0.02616450   0.00640679
 -0.02612128   0.00639436
 -0.02607806   0.00638212
 -0.02603474   0.00637008
 -0.02599143   0.00635813
 -0.02594801   0.00634629
 -0.02590459   0.00633454
 -0.02586118   0.00632298
 -0.02581767   0.00631163
 -0.02577415   0.00630036
 -0.02573055   0.00628949
 -0.02568684   0.00627871
 -0.02564314   0.00626803
 -0.02559953   0.00625736
 -0.02555582   0.00624668
 -0.02551212   0.00623611
 -0.02546841   0.00622544
 -0.02542470   0.00621487
 -0.02538100   0.00620431
 -0.02533729   0.00619384
 -0.02529358   0.00618328
 -0.02524988   0.00617282
 -0.02520608   0.00616236
 -0.02516237   0.00615200
 -0.02511866   0.00614154
 -0.02507485   0.00613119
 -0.02503115   0.00612083
 -0.02498734   0.00613119
 -0.02494363   0.00614154
 -0.02489983   0.00615200
 -0.02485612   0.00616236
 -0.02481241   0.00617282
 -0.02476871   0.00618328
 -0.02472500   0.00619384
 -0.02468120   0.00620431
 -0.02463749   0.00621487
 -0.02459378   0.00622544
 -0.02455018   0.00623611
 -0.02450647   0.00624668
 -0.02446276   0.00625736
 -0.02441906   0.00626803
 -0.02437535   0.00627871
 -0.02433175   0.00628949
 -0.02428814   0.00630036
 -0.02424453   0.00631163
 -0.02420111   0.00632298
 -0.02415760   0.00633454
 -0.02411419   0.00634629
 -0.02407087   0.00635813
 -0.02402755   0.00637008
 -0.02398423   0.00638212
 -0.02394091   0.00639436
 -0.02389779   0.00640679
 -0.02385456   0.00641932
 -0.02381144   0.00643195
 -0.02376831   0.00644477
 -0.02372528   0.00645770
 -0.02368225   0.00647072
 -0.02363932   0.00648393
 -0.02359639   0.00649735
 -0.02355355   0.00651076
 -0.02351072   0.00652436
 -0.02346798   0.00653816
 -0.02342524   0.00655206
 -0.02338250   0.00656606
 -0.02333986   0.00658025
 -0.02329731   0.00659455
 -0.02325467   0.00660903
 -0.02321222   0.00662352
 -0.02316977   0.00663830
 -0.02312732   0.00665308
 -0.02308497   0.00666805
 -0.02304271   0.00668322
 -0.02300045   0.00669849
 -0.02295820   0.00671385
 -0.02291604   0.00672941
 -0.02287397   0.00674507
 -0.02283191   0.00676083
 -0.02278995   0.00677678
 -0.02274798   0.00679283
 -0.02270611   0.00680898
 -0.02266424   0.00682533
 -0.02262246   0.00684176
 -0.02258069   0.00685840
 -0.02253901   0.00687513
 -0.02249743   0.00689197
 -0.02245585   0.00690900
 -0.02241437   0.00692612
 -0.02237288   0.00694335
 -0.02233150   0.00696076
 -0.02229020   0.00697828
 -0.02224891   0.00699590
 -0.02220772   0.00701370
 -0.02216652   0.00703161
 -0.02212542   0.00704972
 -0.02208442   0.00706782
 -0.02204342   0.00708622
 -0.02200252   0.00710462
 -0.02196161   0.00712321
 -0.02192080   0.00714190
 -0.02188009   0.00716069
 -0.02183948   0.00717967
 -0.02179886   0.00719875
 -0.02175824   0.00721803
 -0.02171782   0.00723740
 -0.02167740   0.00725688
 -0.02163707   0.00727645
 -0.02159675   0.00729622
 -0.02155652   0.00731608
 -0.02151638   0.00733605
 -0.02147625   0.00735620
 -0.02143631   0.00737646
 -0.02139627   0.00739681
 -0.02135643   0.00741736
 -0.02131659   0.00743791
 -0.02127684   0.00745875
 -0.02123719   0.00747960
 -0.02119754   0.00750064
 -0.02115798   0.00752177
 -0.02111852   0.00754301
 -0.02107917   0.00756444
 -0.02103980   0.00758587
 -0.02100054   0.00760760
 -0.02096137   0.00762932
 -0.02092220   0.00765124
 -0.02088323   0.00767326
 -0.02084425   0.00769538
 -0.02080537   0.00771759
 -0.02076650   0.00774000
 -0.02072771   0.00776251
 -0.02068913   0.00778521
 -0.02065044   0.00780791
 -0.02061195   0.00783081
 -0.02057355   0.00785381
 -0.02053515   0.00787691
 -0.02049685   0.00790020
 -0.02045865   0.00792359
 -0.02042045   0.00794707
 -0.02038244   0.00797066
 -0.02034442   0.00799434
 -0.02030651   0.00801822
 -0.02026870   0.00804220
 -0.02023097   0.00806628
 -0.02019335   0.00809054
 -0.02015572   0.00811482
 -0.02011820   0.00813928
 -0.02008077   0.00816385
 -0.02004343   0.00818851
 -0.02000619   0.00821337
 -0.01996905   0.00823832
 -0.01993191   0.00826338
 -0.01989486   0.00828853
 -0.01985801   0.00831378
 -0.01982116   0.00833913
 -0.01978440   0.00836468
 -0.01974774   0.00839032
 -0.01971108   0.00841606
 -0.01967462   0.00844190
 -0.01963815   0.00846794
 -0.01960188   0.00849398
 -0.01956560   0.00852020
 -0.01952942   0.00854654
 -0.01949335   0.00857296
 -0.01945736   0.00859949
 -0.01942147   0.00862621
 -0.01938568   0.00865293
 -0.01934999   0.00867985
 -0.01931429   0.00870687
 -0.01927879   0.00873398
 -0.01924338   0.00876120
 -0.01920798   0.00878851
 -0.01917267   0.00881601
 -0.01913755   0.00884352
 -0.01910244   0.00887122
 -0.01906742   0.00889903
 -0.01903259   0.00892693
 -0.01899776   0.00895492
 -0.01896303   0.00898302
 -0.01892840   0.00901131
 -0.01889386   0.00903960
 -0.01885943   0.00906809
 -0.01882508   0.00909668
 -0.01879083   0.00912527
 -0.01875668   0.00915405
 -0.01872263   0.00918293
 -0.01868867   0.00921191
 -0.01865480   0.00924099
 -0.01862104   0.00927026
 -0.01858737   0.00929954
 -0.01855380   0.00932900
 -0.01852032   0.00935848
 -0.01848694   0.00938815
 -0.01845366   0.00941781
 -0.01842047   0.00944767
 -0.01838738   0.00947764
 -0.01835439   0.00950770
 -0.01832149   0.00953776
 -0.01828869   0.00956802
 -0.01825609   0.00959839
 -0.01822349   0.00962889
 -0.01819100   0.00965959
 -0.01815860   0.00969031
 -0.01812640   0.00972114
 -0.01809420   0.00975208
 -0.01806221   0.00978314
 -0.01803021   0.00981440
 -0.01799842   0.00984568
 -0.01796672   0.00987707
 -0.01793513   0.00990857
 -0.01790363   0.00994028
 -0.01787214   0.00997200
 -0.01784095   0.01000384
 -0.01780975   0.01003588
 -0.01777867   0.01006794
 -0.01774768   0.01010011
 -0.01771689   0.01013249
 -0.01768610   0.01016488
 -0.01765552   0.01019738
 -0.01762503   0.01023000
 -0.01759455   0.01026282
 -0.01756427   0.01029566
 -0.01753409   0.01032861
 -0.01750411   0.01036167
 -0.01747413   0.01039484
 -0.01744426   0.01042812
 -0.01741459   0.01046151
 -0.01738501   0.01049502
 -0.01735555   0.01052863
 -0.01732618   0.01056236
 -0.01729691   0.01059610
 -0.01726775   0.01063005
 -0.01723869   0.01066411
 -0.01720983   0.01069818
 -0.01718108   0.01073236
 -0.01715242   0.01076675
 -0.01712387   0.01080116
 -0.01709542   0.01083567
 -0.01706708   0.01087030
 -0.01703894   0.01090504
 -0.01701090   0.01093989
 -0.01698296   0.01097485
 -0.01695512   0.01100991
 -0.01692740   0.01104500
 -0.01689977   0.01108029
 -0.01687235   0.01111559
 -0.01684502   0.01115100
 -0.01681780   0.01118653
 -0.01679069   0.01122216
 -0.01676377   0.01125790
 -0.01673687   0.01129366
 -0.01671017   0.01132963
 -0.01668357   0.01136560
 -0.01665717   0.01140170
 -0.01663078   0.01143789
 -0.01660458   0.01147420
 -0.01657850   0.01151062
 -0.01655252   0.01154705
 -0.01652664   0.01158368
 -0.01650097   0.01162033
 -0.01647540   0.01165710
 -0.01644993   0.01169387
 -0.01642457   0.01173085
 -0.01639941   0.01176784
 -0.01637436   0.01180504
 -0.01634941   0.01184225
 -0.01632457   0.01187948
 -0.01629983   0.01191690
 -0.01627530   0.01195435
 -0.01625087   0.01199190
 -0.01622664   0.01202956
 -0.01620242   0.01206733
 -0.01617841   0.01210511
 -0.01615450   0.01214300
 -0.01613079   0.01218100
 -0.01610710   0.01221911
 -0.01608360   0.01225723
 -0.01606021   0.01229546
 -0.01603703   0.01233380
 -0.01601395   0.01237225
 -0.01599097   0.01241071
 -0.01596810   0.01244928
 -0.01594544   0.01248795
 -0.01592288   0.01252674
 -0.01590043   0.01256554
 -0.01587809   0.01260444
 -0.01585595   0.01264346
 -0.01583392   0.01268248
 -0.01581208   0.01272162
 -0.01579027   0.01276086
 -0.01576875   0.01280011
 -0.01574723   0.01283947
 -0.01572593   0.01287894
 -0.01570463   0.01291852
 -0.01568364   0.01295811
 -0.01566266   0.01299780
 -0.01564188   0.01303751
 -0.01562130   0.01307733
 -0.01560074   0.01311725
 -0.01558038   0.01315718
 -0.01556012   0.01319722
 -0.01554008   0.01323737
 -0.01552013   0.01327753
 -0.01550030   0.01331780
 -0.01548067   0.01335817
 -0.01546115   0.01339855
 -0.01544174   0.01343904
 -0.01542243   0.01347954
 -0.01540333   0.01352015
 -0.01538444   0.01356087
 -0.01536555   0.01360159
 -0.01534688   0.01364242
 -0.01532840   0.01368326
 -0.01531003   0.01372421
 -0.01529178   0.01376527
 -0.01527363   0.01380633
 -0.01525568   0.01384750
 -0.01523785   0.01388868
 -0.01522022   0.01392997
 -0.01520270   0.01397127
 -0.01518529   0.01401267
 -0.01516798   0.01405418
 -0.01515098   0.01409570
 -0.01513400   0.01413723
 -0.01511721   0.01417886
 -0.01510054   0.01422060
 -0.01508397   0.01426235
 -0.01506761   0.01430420
 -0.01505146   0.01434606
 -0.01503532   0.01438803
 -0.01501948   0.01443001
 -0.01500365   0.01447200
 -0.01498804   0.01451418
 -0.01497253   0.01455628
 -0.01495722   0.01459849
 -0.01494202   0.01464080
 -0.01492694   0.01468312
 -0.01491206   0.01472554
 -0.01489730   0.01476797
 -0.01488273   0.01481041
 -0.01486828   0.01485295
 -0.01485403   0.01489560
 -0.01483990   0.01493826
 -0.01482587   0.01498092
 -0.01481205   0.01502369
 -0.01479834   0.01506647
 -0.01478474   0.01510925
 -0.01477135   0.01515224
 -0.01475816   0.01519513
 -0.01474498   0.01523813
 -0.01473211   0.01528114
 -0.01471926   0.01532425
 -0.01470661   0.01536737
 -0.01469417   0.01541050
 -0.01468183   0.01545372
 -0.01466961   0.01549705
 -0.01465760   0.01554030
 -0.01464569   0.01558364
 -0.01463390   0.01562709
 -0.01462241   0.01567045
 -0.01461093   0.01571391
 -0.01459947   0.01575738
 -0.01458813   0.01580095
 -0.01457670   0.01584443
 -0.01456538   0.01588793
 -0.01455398   0.01593142
 -0.01454259   0.01597492
 -0.01453132   0.01601843
 -0.01451996   0.01606194
 -0.01450872   0.01610546
 -0.01449740   0.01614899
 -0.01448619   0.01619261
 -0.01447490   0.01623615
 -0.01446362   0.01627969
 -0.01445245   0.01632324
 -0.01444121   0.01636680
 -0.01443008   0.01641035
 -0.01441886   0.01645392
 -0.01440776   0.01649749
 -0.01439658   0.01654106
 -0.01438541   0.01658465
 -0.01437435   0.01662833
 -0.01436322   0.01667192
 -0.01435220   0.01671551
 -0.01434110   0.01675911
 -0.01433010   0.01680272
 -0.01431903   0.01684632
 -0.01430807   0.01688994
 -0.01429703   0.01693355
 -0.01428601   0.01697718
 -0.01427510   0.01702090
 -0.01426410   0.01706453
 -0.01425322   0.01710816
 -0.01424224   0.01715180
 -0.01423135   0.01719543
 -0.01422037   0.01723906
 -0.01420940   0.01728270
 -0.01419851   0.01732633
 -0.01418753   0.01736996
 -0.01417665   0.01741369
 -0.01416567   0.01745732
 -0.01415478   0.01750096
 -0.01414380   0.01754459
 -0.01413282   0.01758822
 -0.01412194   0.01763186
 -0.01411095   0.01767549
 -0.01410007   0.01771913
 -0.01408909   0.01776276
 -0.01407821   0.01780639
 -0.01406723   0.01785012
 -0.01405625   0.01789375
 -0.01404536   0.01793739
 -0.01403438   0.01798102
 -0.01402350   0.01802465
 -0.01401252   0.01806829
 -0.01400163   0.01811192
 -0.01399065   0.01815555
 -0.01397977   0.01819919
 -0.01396879   0.01824292
 -0.01395781   0.01828655
 -0.01394693   0.01833018
 -0.01393594   0.01837382
 -0.01392506   0.01841745
 -0.01391408   0.01846108
 -0.01390320   0.01850472
 -0.01389221   0.01854835
 -0.01388123   0.01859198
 -0.01387035   0.01863562
 -0.01385937   0.01867935
 -0.01384848   0.01872298
 -0.01383750   0.01876661
 -0.01382662   0.01881025
 -0.01381564   0.01885388
 -0.01380466   0.01889751
 -0.01379378   0.01894115
 -0.01378280   0.01898478
 -0.01377191   0.01902841
 -0.01376093   0.01907214
 -0.01375005   0.01911578
 -0.01373907   0.01915941
 -0.01372809   0.01920304
 -0.01371720   0.01924667
 -0.01370622   0.01929031
 -0.01369534   0.01933394
 -0.01368436   0.01937757
 -0.01367347   0.01942121
 -0.01366249   0.01946484
 -0.01365151   0.01950857
 -0.01364063   0.01955220
 -0.01362965   0.01959584
 -0.01361876   0.01963947
 -0.01360778   0.01968310
 -0.01359690   0.01972674
 -0.01358592   0.01977037
 -0.01357503   0.01981400
 -0.01356405   0.01985764
 -0.01355307   0.01990137
 -0.01354219   0.01994500
 -0.01353121   0.01998863
 -0.01352032   0.02003226
 -0.01350935   0.02007590
 -0.01349846   0.02011953
 -0.01348748   0.02016316
 -0.01347650   0.02020680
 -0.01346562   0.02025043
 -0.01345463   0.02029406
 -0.01344375   0.02033779
 -0.01343277   0.02038142
 -0.01342189   0.02042506
 -0.01341090   0.02046869
 -0.01339993   0.02051232
 -0.01338904   0.02055596
 -0.01337806   0.02059959
 -0.01336717   0.02064323
 -0.01335620   0.02068686
 -0.01334531   0.02073059
 -0.01333433   0.02077422
 -0.01332335   0.02081785
 -0.01331247   0.02086149
 -0.01330149   0.02090512
 -0.01329060   0.02094875
 -0.01327962   0.02099239
 -0.01326874   0.02103602
 -0.01325776   0.02107965
 -0.01324688   0.02112329
 -0.01323589   0.02116702
 -0.01322491   0.02121065
 -0.01321403   0.02125428
 -0.01320305   0.02129792
 -0.01319216   0.02134155
 -0.01318118   0.02138518
 -0.01317030   0.02142882
 -0.01315932   0.02147245
 -0.01314834   0.02151608
 -0.01313745   0.02155981
 -0.01312648   0.02160345
 -0.01311559   0.02164708
 -0.01310461   0.02169071
 -0.01309373   0.02173435
 -0.01308275   0.02177798
 -0.01307177   0.02182161
 -0.01306088   0.02186525
 -0.01304990   0.02190888
 -0.01303902   0.02195251
 -0.01302804   0.02199624
 -0.01301715   0.02203988
 -0.01300617   0.02208351
 -0.01299519   0.02212714
 -0.01298431   0.02217077
 -0.01297333   0.02221441
 -0.01296244   0.02225804
 -0.01295146   0.02230168
 -0.01294058   0.02234531
 -0.01292960   0.02238904
 -0.01291871   0.02243267
 -0.01290773   0.02247630
 -0.01289675   0.02251994
 -0.01288587   0.02256357
 -0.01287489   0.02260720
 -0.01286400   0.02265084
 -0.01285303   0.02269447
 -0.01284214   0.02273810
 -0.01283116   0.02278174
 -0.01282018   0.02282547
 -0.01280930   0.02286910
 -0.01279831   0.02291273
 -0.01278743   0.02295637
 -0.01277645   0.02300000
