 -0.03726399   0.02300000
 -0.03724914   0.02294050
 -0.03723425   0.02288100
 -0.03721934   0.02282150
 -0.03720445   0.02276200
 -0.03718960   0.02270246
 -0.03717471   0.02264296
 -0.03715976   0.02258346
 -0.03714491   0.02252396
 -0.03713002   0.02246446
 -0.03711518   0.02240496
 -0.03710023   0.02234546
 -0.03708538   0.02228596
 -0.03707049   0.02222646
 -0.03705560   0.02216696
 -0.03704069   0.02210743
 -0.03702580   0.02204792
 -0.03701095   0.02198842
 -0.03699606   0.02192893
 -0.03698115   0.02186942
 -0.03696626   0.02180993
 -0.03695141   0.02175043
 -0.03693652   0.02169093
 -0.03692158   0.02163142
 -0.03690673   0.02157189
 -0.03689184   0.02151239
 -0.03687699   0.02145289
 -0.03686204   0.02139339
 -0.03684719   0.02133389
 -0.03683230   0.02127439
 -0.03681741   0.02121489
 -0.03680250   0.02115539
 -0.03678761   0.02109589
 -0.03677276   0.02103639
 -0.03675788   0.02097685
 -0.03674296   0.02091735
 -0.03672807   0.02085785
 -0.03671319   0.02079835
 -0.03669834   0.02073885
 -0.03668339   0.02067935
 -0.03666854   0.02061985
 -0.03665365   0.02056035
 -0.03663880   0.02050085
 -0.03662385   0.02044131
 -0.03660896   0.02038181
 -0.03659411   0.02032231
 -0.03657923   0.02026281
 -0.03656431   0.02020331
 -0.03654943   0.02014381
 -0.03653458   0.02008431
 -0.03651969   0.02002481
 -0.03650477   0.01996531
 -0.03648989   0.01990581
 -0.03647500   0.01984628
 -0.03646015   0.01978678
 -0.03644520   0.01972727
 -0.03643035   0.01966777
 -0.03641546   0.01960828
 -0.03640061   0.01954878
 -0.03638566   0.01948928
 -0.03637078   0.01942978
 -0.03635593   0.01937027
 -0.03634104   0.01931074
 -0.03632613   0.01925124
 -0.03631124   0.01919174
 -0.03629639   0.01913224
 -0.03628150   0.01907274
 -0.03626655   0.01901324
 -0.03625170   0.01895374
 -0.03623681   0.01889424
 -0.03622196   0.01883480
 -0.03620701   0.01877530
 -0.03619216   0.01871576
 -0.03617728   0.01865626
 -0.03616239   0.01859676
 -0.03614747   0.01853726
 -0.03613259   0.01847776
 -0.03611774   0.01841826
 -0.03610285   0.01835876
 -0.03608794   0.01829926
 -0.03607305   0.01823976
 -0.03605816   0.01818023
 -0.03604331   0.01812073
 -0.03602836   0.01806123
 -0.03601351   0.01800173
 -0.03599862   0.01794222
 -0.03598377   0.01788273
 -0.03596883   0.01782322
 -0.03595397   0.01776373
 -0.03593909   0.01770423
 -0.03592420   0.01764473
 -0.03590929   0.01758519
 -0.03589440   0.01752569
 -0.03587955   0.01746619
 -0.03586466   0.01740669
 -0.03584975   0.01734719
 -0.03583486   0.01728769
 -0.03581998   0.01722819
 -0.03580513   0.01716869
 -0.03579018   0.01710919
 -0.03577532   0.01704965
 -0.03576044   0.01699015
 -0.03574559   0.01693065
 -0.03573064   0.01687115
 -0.03571575   0.01681165
 -0.03570090   0.01675215
 -0.03568601   0.01669265
 -0.03567110   0.01663315
 -0.03565621   0.01657365
 -0.03564136   0.01651415
 -0.03562647   0.01645461
 -0.03561152   0.01639511
 -0.03559668   0.01633561
 -0.03558179   0.01627611
 -0.03556694   0.01621661
 -0.03555199   0.01615711
 -0.03553714   0.01609761
 -0.03552225   0.01603811
 -0.03550740   0.01597861
 -0.03549245   0.01591907
 -0.03547756   0.01585958
 -0.03546271   0.01580008
 -0.03544783   0.01574058
 -0.03543291   0.01568107
 -0.03541802   0.01562158
 -0.03540317   0.01556208
 -0.03538829   0.01550257
 -0.03537334   0.01544307
 -0.03535849   0.01538358
 -0.03534360   0.01532404
 -0.03532875   0.01526454
 -0.03531380   0.01520504
 -0.03529895   0.01514554
 -0.03528406   0.01508604
 -0.03526918   0.01502654
 -0.03525426   0.01496704
 -0.03523938   0.01490754
 -0.03522434   0.01484810
 -0.03520901   0.01478863
 -0.03519354   0.01472931
 -0.03517771   0.01467006
 -0.03516170   0.01461087
 -0.03514541   0.01455175
 -0.03512890   0.01449263
 -0.03511224   0.01443369
 -0.03509523   0.01437475
 -0.03507806   0.01431588
 -0.03506055   0.01425709
 -0.03504285   0.01419834
 -0.03502500   0.01413971
 -0.03500680   0.01408121
 -0.03498845   0.01402271
 -0.03496981   0.01396434
 -0.03495096   0.01390602
 -0.03493183   0.01384778
 -0.03491254   0.01378965
 -0.03489296   0.01373159
 -0.03487314   0.01367361
 -0.03485316   0.01361568
 -0.03483290   0.01355792
 -0.03481243   0.01350024
 -0.03479166   0.01344261
 -0.03477075   0.01338511
 -0.03474955   0.01332768
 -0.03472810   0.01327030
 -0.03470650   0.01321311
 -0.03468461   0.01315595
 -0.03466258   0.01309889
 -0.03464025   0.01304195
 -0.03461764   0.01298517
 -0.03459480   0.01292843
 -0.03457164   0.01287184
 -0.03454819   0.01281541
 -0.03452448   0.01275901
 -0.03450048   0.01270284
 -0.03447621   0.01264676
 -0.03445166   0.01259075
 -0.03442689   0.01253493
 -0.03440179   0.01247920
 -0.03437640   0.01242360
 -0.03435075   0.01236816
 -0.03432487   0.01231281
 -0.03429871   0.01225766
 -0.03427229   0.01220257
 -0.03424558   0.01214768
 -0.03421854   0.01209288
 -0.03419128   0.01203826
 -0.03416375   0.01198371
 -0.03413594   0.01192932
 -0.03410790   0.01187516
 -0.03407960   0.01182106
 -0.03405101   0.01176715
 -0.03402220   0.01171334
 -0.03399306   0.01165971
 -0.03396366   0.01160625
 -0.03393401   0.01155295
 -0.03390416   0.01149974
 -0.03387399   0.01144673
 -0.03384352   0.01139390
 -0.03381290   0.01134114
 -0.03378195   0.01128860
 -0.03375071   0.01123619
 -0.03371931   0.01118400
 -0.03368759   0.01113187
 -0.03365564   0.01107997
 -0.03362342   0.01102830
 -0.03359099   0.01097669
 -0.03355826   0.01092526
 -0.03352528   0.01087406
 -0.03349206   0.01082296
 -0.03345859   0.01077205
 -0.03342493   0.01072136
 -0.03339090   0.01067080
 -0.03335675   0.01062040
 -0.03332227   0.01057019
 -0.03328758   0.01052014
 -0.03325261   0.01047031
 -0.03321743   0.01042067
 -0.03318201   0.01037120
 -0.03314634   0.01032185
 -0.03311044   0.01027273
 -0.03307431   0.01022382
 -0.03303793   0.01017505
 -0.03300131   0.01012650
 -0.03296448   0.01007814
 -0.03292737   0.01002994
 -0.03289005   0.00998196
 -0.03285253   0.00993411
 -0.03281471   0.00988649
 -0.03277668   0.00983909
 -0.03273848   0.00979188
 -0.03270001   0.00974483
 -0.03266126   0.00969806
 -0.03262235   0.00965142
 -0.03258324   0.00960501
 -0.03254384   0.00955872
 -0.03250427   0.00951272
 -0.03246439   0.00946689
 -0.03242434   0.00942127
 -0.03238413   0.00937585
 -0.03234359   0.00933065
 -0.03230289   0.00928568
 -0.03226196   0.00924082
 -0.03222087   0.00919626
 -0.03217953   0.00915193
 -0.03213795   0.00910771
 -0.03209618   0.00906379
 -0.03205421   0.00902002
 -0.03201199   0.00897655
 -0.03196960   0.00893326
 -0.03192695   0.00889014
 -0.03188414   0.00884730
 -0.03184110   0.00880469
 -0.03179790   0.00876226
 -0.03175444   0.00872000
 -0.03171081   0.00867802
 -0.03166696   0.00863634
 -0.03162295   0.00859478
 -0.03157868   0.00855344
 -0.03153424   0.00851239
 -0.03148964   0.00847156
 -0.03144481   0.00843093
 -0.03139979   0.00839055
 -0.03135460   0.00835036
 -0.03130919   0.00831042
 -0.03126358   0.00827069
 -0.03121784   0.00823126
 -0.03117184   0.00819204
 -0.03112568   0.00815300
 -0.03107931   0.00811425
 -0.03103283   0.00807575
 -0.03098614   0.00803745
 -0.03093923   0.00799940
 -0.03089211   0.00796157
 -0.03084488   0.00792404
 -0.03079744   0.00788666
 -0.03074984   0.00784964
 -0.03070207   0.00781274
 -0.03065415   0.00777616
 -0.03060596   0.00773984
 -0.03055771   0.00770374
 -0.03050926   0.00766786
 -0.03046055   0.00763228
 -0.03041177   0.00759691
 -0.03036284   0.00756174
 -0.03031370   0.00752689
 -0.03026440   0.00749229
 -0.03021494   0.00745791
 -0.03016531   0.00742383
 -0.03011549   0.00738996
 -0.03006560   0.00735633
 -0.03001551   0.00732297
 -0.02996526   0.00728991
 -0.02991485   0.00725704
 -0.02986428   0.00722449
 -0.02981356   0.00719223
 -0.02976273   0.00716015
 -0.02971169   0.00712830
 -0.02966055   0.00709677
 -0.02960919   0.00706550
 -0.02955779   0.00703445
 -0.02950616   0.00700369
 -0.02945446   0.00697321
 -0.02940258   0.00694296
 -0.02935055   0.00691300
 -0.02929836   0.00688332
 -0.02924608   0.00685387
 -0.02919369   0.00682471
 -0.02914114   0.00679580
 -0.02908843   0.00676715
 -0.02903558   0.00673879
 -0.02898266   0.00671071
 -0.02892955   0.00668282
 -0.02887638   0.00665533
 -0.02882306   0.00662805
 -0.02876959   0.00660096
 -0.02871601   0.00657426
 -0.02866234   0.00654779
 -0.02860850   0.00652156
 -0.02855456   0.00649566
 -0.02850049   0.00646999
 -0.02844635   0.00644460
 -0.02839205   0.00641946
 -0.02833768   0.00639465
 -0.02828318   0.00637012
 -0.02822854   0.00634582
 -0.02817380   0.00632187
 -0.02811900   0.00629811
 -0.02806406   0.00627468
 -0.02800896   0.00625165
 -0.02795376   0.00622904
 -0.02789846   0.00620650
 -0.02784322   0.00618396
 -0.02778785   0.00616152
 -0.02773250   0.00613919
 -0.02767705   0.00611699
 -0.02762156   0.00609479
 -0.02756598   0.00607266
 -0.02751041   0.00605066
 -0.02745475   0.00602874
 -0.02739911   0.00600681
 -0.02734338   0.00598502
 -0.02728760   0.00596334
 -0.02723179   0.00594175
 -0.02717587   0.00592020
 -0.02711999   0.00589879
 -0.02706400   0.00587737
 -0.02700804   0.00585606
 -0.02695198   0.00583483
 -0.02689588   0.00581371
 -0.02683974   0.00579261
 -0.02678350   0.00577168
 -0.02672729   0.00575077
 -0.02667101   0.00572998
 -0.02661466   0.00570921
 -0.02655827   0.00568859
 -0.02650189   0.00566802
 -0.02644543   0.00564754
 -0.02638896   0.00562715
 -0.02633236   0.00560680
 -0.02627576   0.00558655
 -0.02621919   0.00556640
 -0.02616248   0.00554639
 -0.02610576   0.00552638
 -0.02604895   0.00550644
 -0.02599216   0.00548666
 -0.02593538   0.00546686
 -0.02587845   0.00544723
 -0.02582149   0.00542766
 -0.02576453   0.00540816
 -0.02570749   0.00538874
 -0.02565045   0.00536941
 -0.02559338   0.00535019
 -0.02553620   0.00533100
 -0.02547905   0.00531195
 -0.02542180   0.00529300
 -0.02536451   0.00527409
 -0.02530722   0.00525528
 -0.02524990   0.00523656
 -0.02519250   0.00521789
 -0.02513504   0.00519929
 -0.02507760   0.00518085
 -0.02502010   0.00516245
 -0.02496252   0.00514412
 -0.02490495   0.00512592
 -0.02484730   0.00510780
 -0.02478965   0.00508971
 -0.02473196   0.00507172
 -0.02467421   0.00505388
 -0.02461645   0.00503606
 -0.02455863   0.00501841
 -0.02450076   0.00500074
 -0.02444286   0.00498323
 -0.02438492   0.00496579
 -0.02432695   0.00494839
 -0.02426897   0.00493109
 -0.02421090   0.00491393
 -0.02415285   0.00489683
 -0.02409470   0.00487980
 -0.02403655   0.00486288
 -0.02397836   0.00484603
 -0.02392014   0.00482928
 -0.02386188   0.00481263
 -0.02380361   0.00479601
 -0.02374528   0.00477954
 -0.02368691   0.00476306
 -0.02362847   0.00474682
 -0.02357006   0.00473059
 -0.02351159   0.00471442
 -0.02345308   0.00469836
 -0.02339456   0.00468240
 -0.02333597   0.00466651
 -0.02327733   0.00465069
 -0.02321874   0.00463504
 -0.02316001   0.00461939
 -0.02310135   0.00460388
 -0.02304259   0.00458846
 -0.02298382   0.00457309
 -0.02292499   0.00455785
 -0.02286615   0.00454265
 -0.02280731   0.00452755
 -0.02274838   0.00451259
 -0.02268946   0.00449766
 -0.02263051   0.00448284
 -0.02257150   0.00446811
 -0.02251245   0.00445346
 -0.02245336   0.00443891
 -0.02239427   0.00442450
 -0.02233515   0.00441013
 -0.02227602   0.00439585
 -0.02221686   0.00438165
 -0.02215766   0.00436751
 -0.02209836   0.00435355
 -0.02203913   0.00433959
 -0.02197982   0.00432576
 -0.02192049   0.00431204
 -0.02186111   0.00429839
 -0.02180170   0.00428484
 -0.02174229   0.00427139
 -0.02168288   0.00425801
 -0.02162339   0.00424474
 -0.02156390   0.00423150
 -0.02150435   0.00421840
 -0.02144483   0.00420540
 -0.02138524   0.00419244
 -0.02132557   0.00417967
 -0.02126595   0.00416689
 -0.02120629   0.00415424
 -0.02114659   0.00414169
 -0.02108685   0.00412924
 -0.02102715   0.00411686
 -0.02096738   0.00410459
 -0.02090754   0.00409241
 -0.02084776   0.00408031
 -0.02078789   0.00406825
 -0.02072804   0.00405635
 -0.02066813   0.00404453
 -0.02060821   0.00403284
 -0.02054826   0.00402115
 -0.02048828   0.00400964
 -0.02042829   0.00399819
 -0.02036830   0.00398681
 -0.02030824   0.00397554
 -0.02024815   0.00396434
 -0.02018809   0.00395324
 -0.02012803   0.00394224
 -0.02006786   0.00393138
 -0.02000766   0.00392059
 -0.01994753   0.00390980
 -0.01988732   0.00389921
 -0.01982709   0.00388870
 -0.01976685   0.00387822
 -0.01970661   0.00386791
 -0.01964630   0.00385767
 -0.01958596   0.00384747
 -0.01952565   0.00383738
 -0.01946534   0.00382741
 -0.01940493   0.00381759
 -0.01934458   0.00380780
 -0.01928412   0.00379811
 -0.01922367   0.00378846
 -0.01916329   0.00377895
 -0.01910280   0.00376957
 -0.01904231   0.00376024
 -0.01898179   0.00375111
 -0.01892123   0.00374209
 -0.01886066   0.00373310
 -0.01880014   0.00372417
 -0.01873951   0.00371525
 -0.01867895   0.00370649
 -0.01861839   0.00369762
 -0.01855776   0.00368893
 -0.01849720   0.00368022
 -0.01843658   0.00367162
 -0.01837595   0.00366299
 -0.01831539   0.00365445
 -0.01825472   0.00364598
 -0.01819410   0.00363754
 -0.01813348   0.00362912
 -0.01807281   0.00362081
 -0.01801219   0.00361250
 -0.01795152   0.00362081
 -0.01789090   0.00362912
 -0.01783024   0.00363754
 -0.01776961   0.00364598
 -0.01770899   0.00365445
 -0.01764842   0.00366299
 -0.01758780   0.00367162
 -0.01752714   0.00368022
 -0.01746658   0.00368893
 -0.01740595   0.00369762
 -0.01734543   0.00370649
 -0.01728486   0.00371525
 -0.01722424   0.00372417
 -0.01716368   0.00373310
 -0.01710311   0.00374209
 -0.01704259   0.00375111
 -0.01698206   0.00376024
 -0.01692154   0.00376957
 -0.01686109   0.00377895
 -0.01680066   0.00378846
 -0.01674021   0.00379811
 -0.01667980   0.00380780
 -0.01661945   0.00381759
 -0.01655904   0.00382741
 -0.01649869   0.00383738
 -0.01643841   0.00384747
 -0.01637804   0.00385767
 -0.01631776   0.00386791
 -0.01625749   0.00387822
 -0.01619725   0.00388870
 -0.01613701   0.00389921
 -0.01607681   0.00390980
 -0.01601667   0.00392059
 -0.01595651   0.00393138
 -0.01589635   0.00394224
 -0.01583629   0.00395324
 -0.01577623   0.00396434
 -0.01571610   0.00397554
 -0.01565607   0.00398681
 -0.01559609   0.00399819
 -0.01553606   0.00400964
 -0.01547611   0.00402115
 -0.01541616   0.00403284
 -0.01535621   0.00404453
 -0.01529630   0.00405635
 -0.01523649   0.00406825
 -0.01517661   0.00408031
 -0.01511680   0.00409241
 -0.01505696   0.00410459
 -0.01499722   0.00411686
 -0.01493749   0.00412924
 -0.01487779   0.00414169
 -0.01481809   0.00415424
 -0.01475843   0.00416689
 -0.01469876   0.00417967
 -0.01463914   0.00419244
 -0.01457951   0.00420540
 -0.01451999   0.00421840
 -0.01446044   0.00423150
 -0.01440095   0.00424474
 -0.01434150   0.00425801
 -0.01428205   0.00427139
 -0.01422264   0.00428484
 -0.01416326   0.00429839
 -0.01410389   0.00431204
 -0.01404455   0.00432576
 -0.01398521   0.00433959
 -0.01392598   0.00435355
 -0.01386671   0.00436751
 -0.01380751   0.00438165
 -0.01374835   0.00439585
 -0.01368919   0.00441013
 -0.01363006   0.00442450
 -0.01357097   0.00443891
 -0.01351193   0.00445346
 -0.01345288   0.00446811
 -0.01339383   0.00448284
 -0.01333491   0.00449766
 -0.01327600   0.00451259
 -0.01321706   0.00452755
 -0.01315819   0.00454265
 -0.01309935   0.00455785
 -0.01304055   0.00457309
 -0.01298175   0.00458846
 -0.01292302   0.00460388
 -0.01286432   0.00461939
 -0.01280564   0.00463504
 -0.01274701   0.00465069
 -0.01268836   0.00466651
 -0.01262981   0.00468240
 -0.01257126   0.00469836
 -0.01251275   0.00471442
 -0.01245428   0.00473059
 -0.01239590   0.00474682
 -0.01233746   0.00476306
 -0.01227906   0.00477954
 -0.01222076   0.00479601
 -0.01216246   0.00481263
 -0.01210424   0.00482928
 -0.01204601   0.00484603
 -0.01198783   0.00486288
 -0.01192964   0.00487980
 -0.01187149   0.00489683
 -0.01181348   0.00491393
 -0.01175536   0.00493109
 -0.01169739   0.00494839
 -0.01163945   0.00496579
 -0.01158151   0.00498323
 -0.01152361   0.00500074
 -0.01146575   0.00501841
 -0.01140789   0.00503606
 -0.01135016   0.00505388
 -0.01129238   0.00507172
 -0.01123469   0.00508971
 -0.01117704   0.00510780
 -0.01111942   0.00512592
 -0.01106185   0.00514412
 -0.01100427   0.00516245
 -0.01094674   0.00518085
 -0.01088930   0.00519929
 -0.01083184   0.00521789
 -0.01077448   0.00523656
 -0.01071715   0.00525528
 -0.01065983   0.00527409
 -0.01060254   0.00529300
 -0.01054532   0.00531195
 -0.01048817   0.00533100
 -0.01043100   0.00535019
 -0.01037392   0.00536941
 -0.01031685   0.00538874
 -0.01025985   0.00540816
 -0.01020285   0.00542766
 -0.01014593   0.00544723
 -0.01008900   0.00546686
 -0.01003217   0.00548666
 -0.00997539   0.00550644
 -0.00991857   0.00552638
 -0.00986186   0.00554639
 -0.00980519   0.00556640
 -0.00974861   0.00558655
 -0.00969198   0.00560680
 -0.00963541   0.00562715
 -0.00957895   0.00564754
 -0.00952249   0.00566802
 -0.00946606   0.00568859
 -0.00940971   0.00570921
 -0.00935336   0.00572998
 -0.00929705   0.00575077
 -0.00924087   0.00577168
 -0.00918464   0.00579261
 -0.00912850   0.00581371
 -0.00907240   0.00583483
 -0.00901634   0.00585606
 -0.00896037   0.00587737
 -0.00890439   0.00589879
 -0.00884850   0.00592020
 -0.00879259   0.00594175
 -0.00873677   0.00596334
 -0.00868100   0.00598502
 -0.00862526   0.00600681
 -0.00856962   0.00602874
 -0.00851396   0.00605066
 -0.00845840   0.00607266
 -0.00840281   0.00609479
 -0.00834733   0.00611699
 -0.00829188   0.00613919
 -0.00823652   0.00616152
 -0.00818115   0.00618396
 -0.00812588   0.00620650
 -0.00807058   0.00622904
 -0.00801537   0.00625165
 -0.00796031   0.00627468
 -0.00790537   0.00629811
 -0.00785054   0.00632187
 -0.00779580   0.00634582
 -0.00774120   0.00637012
 -0.00768666   0.00639465
 -0.00763233   0.00641946
 -0.00757799   0.00644460
 -0.00752385   0.00646999
 -0.00746981   0.00649566
 -0.00741587   0.00652156
 -0.00736204   0.00654779
 -0.00730833   0.00657426
 -0.00725479   0.00660096
 -0.00720131   0.00662805
 -0.00714800   0.00665533
 -0.00709479   0.00668282
 -0.00704171   0.00671071
 -0.00698876   0.00673879
 -0.00693595   0.00676715
 -0.00688324   0.00679580
 -0.00683065   0.00682471
 -0.00677826   0.00685387
 -0.00672598   0.00688332
 -0.00667383   0.00691300
 -0.00662180   0.00694296
 -0.00656987   0.00697321
 -0.00651821   0.00700369
 -0.00646659   0.00703445
 -0.00641519   0.00706550
 -0.00636383   0.00709677
 -0.00631269   0.00712830
 -0.00626165   0.00716015
 -0.00621077   0.00719223
 -0.00616010   0.00722449
 -0.00610953   0.00725704
 -0.00605911   0.00728991
 -0.00600886   0.00732297
 -0.00595877   0.00735633
 -0.00590885   0.00738996
 -0.00585906   0.00742383
 -0.00580944   0.00745791
 -0.00575997   0.00749229
 -0.00571067   0.00752689
 -0.00566154   0.00756174
 -0.00561256   0.00759691
 -0.00556379   0.00763228
 -0.00551511   0.00766786
 -0.00546666   0.00770374
 -0.00541837   0.00773984
 -0.00537022   0.00777616
 -0.00532226   0.00781274
 -0.00527450   0.00784964
 -0.00522690   0.00788666
 -0.00517950   0.00792404
 -0.00513223   0.00796157
 -0.00508515   0.00799940
 -0.00503824   0.00803745
 -0.00499155   0.00807575
 -0.00494502   0.00811425
 -0.00489870   0.00815300
 -0.00485254   0.00819204
 -0.00480654   0.00823126
 -0.00476076   0.00827069
 -0.00471519   0.00831042
 -0.00466977   0.00835036
 -0.00462459   0.00839055
 -0.00457956   0.00843093
 -0.00453470   0.00847156
 -0.00449010   0.00851239
 -0.00444566   0.00855344
 -0.00440143   0.00859478
 -0.00435738   0.00863634
 -0.00431352   0.00867802
 -0.00426990   0.00872000
 -0.00422648   0.00876226
 -0.00418324   0.00880469
 -0.00414020   0.00884730
 -0.00409739   0.00889014
 -0.00405478   0.00893326
 -0.00401239   0.00897655
 -0.00397016   0.00902002
 -0.00392816   0.00906379
 -0.00388642   0.00910771
 -0.00384485   0.00915193
 -0.00380350   0.00919626
 -0.00376238   0.00924082
 -0.00372145   0.00928568
 -0.00368075   0.00933065
 -0.00364025   0.00937585
 -0.00360000   0.00942127
 -0.00355999   0.00946689
 -0.00352010   0.00951272
 -0.00348054   0.00955872
 -0.00344110   0.00960501
 -0.00340203   0.00965142
 -0.00336307   0.00969806
 -0.00332432   0.00974483
 -0.00328590   0.00979188
 -0.00324766   0.00983909
 -0.00320962   0.00988649
 -0.00317181   0.00993411
 -0.00313433   0.00998196
 -0.00309700   0.01002994
 -0.00305990   0.01007814
 -0.00302306   0.01012650
 -0.00298645   0.01017505
 -0.00295006   0.01022382
 -0.00291390   0.01027273
 -0.00287800   0.01032185
 -0.00284236   0.01037120
 -0.00280691   0.01042067
 -0.00277173   0.01047031
 -0.00273680   0.01052014
 -0.00270210   0.01057019
 -0.00266763   0.01062040
 -0.00263344   0.01067080
 -0.00259945   0.01072136
 -0.00256575   0.01077205
 -0.00253231   0.01082296
 -0.00249910   0.01087406
 -0.00246611   0.01092526
 -0.00243335   0.01097669
 -0.00240095   0.01102830
 -0.00236874   0.01107997
 -0.00233679   0.01113187
 -0.00230506   0.01118400
 -0.00227363   0.01123619
 -0.00224239   0.01128860
 -0.00221148   0.01134114
 -0.00218081   0.01139390
 -0.00215039   0.01144673
 -0.00212021   0.01149974
 -0.00209036   0.01155295
 -0.00206067   0.01160625
 -0.00203131   0.01165971
 -0.00200218   0.01171334
 -0.00197333   0.01176715
 -0.00194474   0.01182106
 -0.00191644   0.01187516
 -0.00188840   0.01192932
 -0.00186059   0.01198371
 -0.00183310   0.01203826
 -0.00180584   0.01209288
 -0.00177880   0.01214768
 -0.00175209   0.01220257
 -0.00172566   0.01225766
 -0.00169946   0.01231281
 -0.00167359   0.01236816
 -0.00164798   0.01242360
 -0.00162255   0.01247920
 -0.00159749   0.01253493
 -0.00157267   0.01259075
 -0.00154813   0.01264676
 -0.00152390   0.01270284
 -0.00149990   0.01275901
 -0.00147619   0.01281541
 -0.00145274   0.01287184
 -0.00142958   0.01292843
 -0.00140670   0.01298517
 -0.00138413   0.01304195
 -0.00136180   0.01309889
 -0.00133972   0.01315595
 -0.00131787   0.01321311
 -0.00129624   0.01327030
 -0.00127482   0.01332768
 -0.00125363   0.01338511
 -0.00123267   0.01344261
 -0.00121195   0.01350024
 -0.00119144   0.01355792
 -0.00117121   0.01361568
 -0.00115120   0.01367361
 -0.00113141   0.01373159
 -0.00111184   0.01378965
 -0.00109251   0.01384778
 -0.00107341   0.01390602
 -0.00105452   0.01396434
 -0.00103592   0.01402271
 -0.00101754   0.01408121
 -0.00099938   0.01413971
 -0.00098149   0.01419834
 -0.00096379   0.01425709
 -0.00094631   0.01431588
 -0.00092911   0.01437475
 -0.00091214   0.01443369
 -0.00089544   0.01449263
 -0.00087896   0.01455175
 -0.00086264   0.01461087
 -0.00084666   0.01467006
 -0.00083084   0.01472931
 -0.00081532   0.01478863
 -0.00080004   0.01484810
 -0.00078496   0.01490754
 -0.00077011   0.01496704
 -0.00075516   0.01502654
 -0.00074031   0.01508604
 -0.00072542   0.01514554
 -0.00071054   0.01520504
 -0.00069563   0.01526454
 -0.00068074   0.01532404
 -0.00066589   0.01538358
 -0.00065100   0.01544307
 -0.00063609   0.01550257
 -0.00062120   0.01556208
 -0.00060631   0.01562158
 -0.00059146   0.01568107
 -0.00057651   0.01574058
 -0.00056166   0.01580008
 -0.00054677   0.01585958
 -0.00053193   0.01591907
 -0.00051698   0.01597861
 -0.00050209   0.01603811
 -0.00048724   0.01609761
 -0.00047235   0.01615711
 -0.00045744   0.01621661
 -0.00044255   0.01627611
 -0.00042770   0.01633561
 -0.00041281   0.01639511
 -0.00039790   0.01645461
 -0.00038301   0.01651415
 -0.00036813   0.01657365
 -0.00035328   0.01663315
 -0.00033832   0.01669265
 -0.00032347   0.01675215
 -0.00030859   0.01681165
 -0.00029374   0.01687115
 -0.00027879   0.01693065
 -0.00026390   0.01699015
 -0.00024905   0.01704965
 -0.00023416   0.01710919
 -0.00021925   0.01716869
 -0.00020436   0.01722819
 -0.00018951   0.01728769
 -0.00017463   0.01734719
 -0.00015968   0.01740669
 -0.00014483   0.01746619
 -0.00012994   0.01752569
 -0.00011509   0.01758519
 -0.00010014   0.01764473
 -0.00008529   0.01770423
 -0.00007040   0.01776373
 -0.00005551   0.01782322
 -0.00004060   0.01788273
 -0.00002571   0.01794222
 -0.00001086   0.01800173
  0.00000402   0.01806123
  0.00001894   0.01812073
  0.00003382   0.01818023
  0.00004871   0.01823976
  0.00006356   0.01829926
  0.00007851   0.01835876
  0.00009336   0.01841826
  0.00010825   0.01847776
  0.00012310   0.01853726
  0.00013805   0.01859676
  0.00015290   0.01865626
  0.00016779   0.01871576
  0.00018268   0.01877530
  0.00019759   0.01883480
  0.00021248   0.01889424
  0.00022733   0.01895374
  0.00024221   0.01901324
  0.00025713   0.01907274
  0.00027201   0.01913224
  0.00028690   0.01919174
  0.00030175   0.01925124
  0.00031670   0.01931074
  0.00033155   0.01937027
  0.00034644   0.01942978
  0.00036129   0.01948928
  0.00037624   0.01954878
  0.00039113   0.01960828
  0.00040598   0.01966777
  0.00042086   0.01972727
  0.00043578   0.01978678
  0.00045066   0.01984628
  0.00046551   0.01990581
  0.00048040   0.01996531
  0.00049535   0.02002481
  0.00051020   0.02008431
  0.00052509   0.02014381
  0.00053994   0.02020331
  0.00055489   0.02026281
  0.00056974   0.02032231
  0.00058463   0.02038181
  0.00059948   0.02044131
  0.00061443   0.02050085
  0.00062931   0.02056035
  0.00064416   0.02061985
  0.00065905   0.02067935
  0.00067396   0.02073885
  0.00068885   0.02079835
  0.00070370   0.02085785
  0.00071859   0.02091735
  0.00073354   0.02097685
  0.00074839   0.02103639
  0.00076327   0.02109589
  0.00077812   0.02115539
  0.00079307   0.02121489
  0.00080792   0.02127439
  0.00082281   0.02133389
  0.00083770   0.02139339
  0.00085261   0.02145289
  0.00086750   0.02151239
  0.00088235   0.02157189
  0.00089724   0.02163142
  0.00091215   0.02169093
  0.00092704   0.02175043
  0.00094192   0.02180993
  0.00095677   0.02186942
  0.00097173   0.02192893
  0.00098657   0.02198842
  0.00100146   0.02204792
  0.00101631   0.02210743
  0.00103126   0.02216696
  0.00104611   0.02222646
  0.00106100   0.02228596
  0.00107589   0.02234546
  0.00109080   0.02240496
  0.00110569   0.02246446
  0.00112054   0.02252396
  0.00113542   0.02258346
  0.00115034   0.02264296
  0.00116522   0.02270246
  0.00118011   0.02276200
  0.00119496   0.02282150
  0.00120991   0.02288100
  0.00122476   0.02294050
  0.00123965   0.02300000
