 -0.03725000   0.02300000
 -0.03722867   0.02291479
 -0.03720744   0.02282959
 -0.03718611   0.02274446
 -0.03716479   0.02265924
 -0.03714346   0.02257403
 -0.03712223   0.02248883
 -0.03710090   0.02240362
 -0.03707959   0.02231841
 -0.03705834   0.02223329
 -0.03703703   0.02214806
 -0.03701569   0.02206286
 -0.03699446   0.02197765
 -0.03697313   0.02189244
 -0.03695180   0.02180724
 -0.03693049   0.02172211
 -0.03690924   0.02163689
 -0.03688793   0.02155168
 -0.03686659   0.02146647
 -0.03684536   0.02138127
 -0.03682403   0.02129606
 -0.03680272   0.02121094
 -0.03678139   0.02112571
 -0.03676016   0.02104051
 -0.03673883   0.02095530
 -0.03671749   0.02087009
 -0.03669626   0.02078489
 -0.03667493   0.02069976
 -0.03665362   0.02061454
 -0.03663229   0.02052933
 -0.03661106   0.02044413
 -0.03658973   0.02035892
 -0.03656841   0.02027371
 -0.03654716   0.02018859
 -0.03652585   0.02010336
 -0.03650452   0.02001816
 -0.03648329   0.01993295
 -0.03646196   0.01984774
 -0.03644063   0.01976254
 -0.03641931   0.01967741
 -0.03639806   0.01959221
 -0.03637675   0.01950698
 -0.03635542   0.01942178
 -0.03633419   0.01933657
 -0.03631286   0.01925136
 -0.03629154   0.01916624
 -0.03627021   0.01908103
 -0.03624898   0.01899581
 -0.03622765   0.01891060
 -0.03620634   0.01882539
 -0.03618509   0.01874019
 -0.03616376   0.01865506
 -0.03614244   0.01856986
 -0.03612111   0.01848463
 -0.03609988   0.01839943
 -0.03607855   0.01831422
 -0.03605724   0.01822901
 -0.03603599   0.01814389
 -0.03601467   0.01805868
 -0.03599334   0.01797346
 -0.03597211   0.01788825
 -0.03595078   0.01780304
 -0.03592945   0.01771784
 -0.03590814   0.01763271
 -0.03588689   0.01754751
 -0.03586557   0.01746228
 -0.03584424   0.01737707
 -0.03582301   0.01729187
 -0.03580168   0.01720666
 -0.03578037   0.01712154
 -0.03575904   0.01703633
 -0.03573781   0.01695111
 -0.03571647   0.01686590
 -0.03569516   0.01678069
 -0.03567391   0.01669549
 -0.03565258   0.01661036
 -0.03563127   0.01652516
 -0.03561002   0.01643995
 -0.03558871   0.01635473
 -0.03556737   0.01626952
 -0.03554606   0.01618439
 -0.03552481   0.01609919
 -0.03550350   0.01601398
 -0.03548217   0.01592877
 -0.03546094   0.01584355
 -0.03543961   0.01575834
 -0.03541829   0.01567322
 -0.03539696   0.01558801
 -0.03537571   0.01550281
 -0.03535440   0.01541760
 -0.03533307   0.01533238
 -0.03531184   0.01524717
 -0.03529051   0.01516204
 -0.03526919   0.01507684
 -0.03524786   0.01499163
 -0.03522663   0.01490642
 -0.03520530   0.01482120
 -0.03518399   0.01473599
 -0.03516274   0.01465087
 -0.03514141   0.01456566
 -0.03512009   0.01448046
 -0.03509884   0.01439525
 -0.03507753   0.01431003
 -0.03505620   0.01422482
 -0.03503489   0.01413969
 -0.03501364   0.01405449
 -0.03499232   0.01396928
 -0.03497099   0.01388408
 -0.03494976   0.01379885
 -0.03492843   0.01371364
 -0.03490710   0.01362852
 -0.03488562   0.01354335
 -0.03486411   0.01345822
 -0.03484234   0.01337313
 -0.03482045   0.01328807
 -0.03479851   0.01320305
 -0.03477633   0.01311815
 -0.03475403   0.01303323
 -0.03473157   0.01294834
 -0.03470906   0.01286349
 -0.03468632   0.01277869
 -0.03466346   0.01269394
 -0.03464052   0.01260932
 -0.03461737   0.01252466
 -0.03459409   0.01244005
 -0.03457076   0.01235550
 -0.03454719   0.01227101
 -0.03452350   0.01218655
 -0.03449966   0.01210225
 -0.03447578   0.01201791
 -0.03445168   0.01193364
 -0.03442728   0.01184949
 -0.03440234   0.01176549
 -0.03437684   0.01168164
 -0.03435083   0.01159800
 -0.03432418   0.01151450
 -0.03429693   0.01143124
 -0.03426921   0.01134811
 -0.03424088   0.01126521
 -0.03421200   0.01118254
 -0.03418250   0.01110002
 -0.03415256   0.01101773
 -0.03412199   0.01093567
 -0.03409089   0.01085378
 -0.03405918   0.01077209
 -0.03402693   0.01069067
 -0.03399423   0.01060946
 -0.03396084   0.01052849
 -0.03392699   0.01044768
 -0.03389261   0.01036719
 -0.03385761   0.01028693
 -0.03382209   0.01020685
 -0.03378604   0.01012707
 -0.03374946   0.01004754
 -0.03371235   0.00996826
 -0.03367470   0.00988923
 -0.03363655   0.00981043
 -0.03359776   0.00973188
 -0.03355856   0.00965366
 -0.03351873   0.00957568
 -0.03347845   0.00949803
 -0.03343759   0.00942056
 -0.03339627   0.00934341
 -0.03335435   0.00926662
 -0.03331198   0.00919004
 -0.03326902   0.00911374
 -0.03322561   0.00903778
 -0.03318169   0.00896214
 -0.03313724   0.00888677
 -0.03309228   0.00881166
 -0.03304681   0.00873694
 -0.03300080   0.00866251
 -0.03295438   0.00858841
 -0.03290735   0.00851456
 -0.03285989   0.00844107
 -0.03281191   0.00836791
 -0.03276351   0.00829509
 -0.03271451   0.00822264
 -0.03266507   0.00815052
 -0.03261521   0.00807866
 -0.03256476   0.00800723
 -0.03251388   0.00793606
 -0.03246249   0.00786535
 -0.03241068   0.00779487
 -0.03235834   0.00772486
 -0.03230553   0.00765518
 -0.03225226   0.00758585
 -0.03219851   0.00751688
 -0.03214434   0.00744825
 -0.03208974   0.00737999
 -0.03203455   0.00731216
 -0.03197903   0.00724468
 -0.03192302   0.00717757
 -0.03186649   0.00711088
 -0.03180963   0.00704457
 -0.03175221   0.00697869
 -0.03169442   0.00691307
 -0.03163616   0.00684799
 -0.03157748   0.00678329
 -0.03151832   0.00671892
 -0.03145882   0.00665501
 -0.03139882   0.00659145
 -0.03133842   0.00652835
 -0.03127752   0.00646569
 -0.03121630   0.00640340
 -0.03115460   0.00634155
 -0.03109248   0.00628014
 -0.03103004   0.00621910
 -0.03096713   0.00615852
 -0.03090381   0.00609837
 -0.03084007   0.00603869
 -0.03077593   0.00597944
 -0.03071141   0.00592058
 -0.03064647   0.00586224
 -0.03058124   0.00580426
 -0.03051552   0.00574676
 -0.03044948   0.00568971
 -0.03038296   0.00563309
 -0.03031612   0.00557694
 -0.03024891   0.00552132
 -0.03018137   0.00546607
 -0.03011337   0.00541129
 -0.03004505   0.00535704
 -0.02997635   0.00530316
 -0.02990733   0.00524984
 -0.02983795   0.00519696
 -0.02976815   0.00514454
 -0.02969807   0.00509267
 -0.02962761   0.00504116
 -0.02955683   0.00499020
 -0.02948566   0.00493970
 -0.02941422   0.00488974
 -0.02934246   0.00484025
 -0.02927033   0.00479120
 -0.02919783   0.00474272
 -0.02912502   0.00469469
 -0.02905191   0.00464713
 -0.02897853   0.00460010
 -0.02890484   0.00455361
 -0.02883077   0.00450752
 -0.02875642   0.00446204
 -0.02868179   0.00441704
 -0.02860678   0.00437250
 -0.02853158   0.00432851
 -0.02845599   0.00428506
 -0.02838021   0.00424209
 -0.02830406   0.00419965
 -0.02822772   0.00415779
 -0.02815098   0.00411648
 -0.02807406   0.00407559
 -0.02799692   0.00403512
 -0.02791943   0.00399501
 -0.02784178   0.00395541
 -0.02776395   0.00391614
 -0.02768579   0.00387724
 -0.02760747   0.00383886
 -0.02752891   0.00380080
 -0.02745009   0.00376327
 -0.02737110   0.00372608
 -0.02729187   0.00368932
 -0.02721238   0.00365290
 -0.02713272   0.00361701
 -0.02705282   0.00358154
 -0.02697276   0.00354649
 -0.02689251   0.00351179
 -0.02681202   0.00347762
 -0.02673137   0.00344379
 -0.02665046   0.00341046
 -0.02656939   0.00337756
 -0.02648807   0.00334503
 -0.02640665   0.00331298
 -0.02632501   0.00328137
 -0.02624318   0.00325012
 -0.02616118   0.00321937
 -0.02607902   0.00318906
 -0.02599661   0.00315925
 -0.02591412   0.00312979
 -0.02583144   0.00310077
 -0.02574854   0.00307224
 -0.02566554   0.00304415
 -0.02558230   0.00301649
 -0.02549896   0.00298927
 -0.02541545   0.00296248
 -0.02533178   0.00293617
 -0.02524803   0.00291033
 -0.02516404   0.00288489
 -0.02507994   0.00285989
 -0.02499569   0.00283541
 -0.02491135   0.00281134
 -0.02482683   0.00278771
 -0.02474215   0.00276459
 -0.02465739   0.00274191
 -0.02457246   0.00271964
 -0.02448746   0.00269781
 -0.02440227   0.00267682
 -0.02431692   0.00265626
 -0.02423157   0.00263571
 -0.02414612   0.00261527
 -0.02406075   0.00259494
 -0.02397532   0.00257472
 -0.02388985   0.00255459
 -0.02380440   0.00253449
 -0.02371885   0.00251458
 -0.02363338   0.00249469
 -0.02354783   0.00247499
 -0.02346228   0.00245530
 -0.02337673   0.00243573
 -0.02329108   0.00241626
 -0.02320551   0.00239689
 -0.02311986   0.00237754
 -0.02303419   0.00235839
 -0.02294846   0.00233926
 -0.02286279   0.00232031
 -0.02277704   0.00230138
 -0.02269128   0.00228257
 -0.02260553   0.00226386
 -0.02251976   0.00224524
 -0.02243391   0.00222665
 -0.02234814   0.00220826
 -0.02226229   0.00218988
 -0.02217642   0.00217161
 -0.02209049   0.00215351
 -0.02200462   0.00213546
 -0.02191867   0.00211750
 -0.02183270   0.00209956
 -0.02174675   0.00208182
 -0.02166078   0.00206417
 -0.02157473   0.00204655
 -0.02148868   0.00202903
 -0.02140271   0.00201171
 -0.02131656   0.00199441
 -0.02123051   0.00197721
 -0.02114444   0.00196011
 -0.02105829   0.00194303
 -0.02097214   0.00192615
 -0.02088598   0.00190929
 -0.02079983   0.00189261
 -0.02071366   0.00187596
 -0.02062741   0.00185942
 -0.02054116   0.00184298
 -0.02045499   0.00182663
 -0.02036866   0.00181041
 -0.02028239   0.00179418
 -0.02019612   0.00177817
 -0.02010977   0.00176217
 -0.02002342   0.00174634
 -0.01993707   0.00173056
 -0.01985072   0.00171487
 -0.01976435   0.00169930
 -0.01967790   0.00168381
 -0.01959155   0.00166836
 -0.01950510   0.00165311
 -0.01941863   0.00163786
 -0.01933218   0.00162281
 -0.01924565   0.00160778
 -0.01915918   0.00159285
 -0.01907263   0.00157802
 -0.01898608   0.00156331
 -0.01889953   0.00154869
 -0.01881298   0.00153410
 -0.01872643   0.00151971
 -0.01863980   0.00150533
 -0.01855315   0.00149114
 -0.01846658   0.00147696
 -0.01837993   0.00146291
 -0.01829328   0.00144893
 -0.01820655   0.00143509
 -0.01811990   0.00142126
 -0.01803317   0.00140762
 -0.01794642   0.00139398
 -0.01785977   0.00138056
 -0.01777294   0.00136714
 -0.01768619   0.00135384
 -0.01759944   0.00134064
 -0.01751261   0.00132754
 -0.01742586   0.00131454
 -0.01733903   0.00130166
 -0.01725217   0.00128880
 -0.01716534   0.00127614
 -0.01707849   0.00126347
 -0.01699156   0.00125101
 -0.01690471   0.00123857
 -0.01681778   0.00122623
 -0.01673085   0.00121400
 -0.01664392   0.00120179
 -0.01655699   0.00118977
 -0.01647006   0.00117786
 -0.01638311   0.00116596
 -0.01629609   0.00115425
 -0.01620914   0.00114256
 -0.01612211   0.00113099
 -0.01603508   0.00111953
 -0.01594805   0.00110816
 -0.01586102   0.00109689
 -0.01577391   0.00108566
 -0.01568687   0.00107459
 -0.01559976   0.00106364
 -0.01551273   0.00105273
 -0.01542560   0.00104189
 -0.01533849   0.00103120
 -0.01525136   0.00102061
 -0.01516424   0.00101009
 -0.01507703   0.00099966
 -0.01498990   0.00098931
 -0.01490279   0.00097898
 -0.01481557   0.00096883
 -0.01472836   0.00095866
 -0.01464117   0.00094867
 -0.01455396   0.00093871
 -0.01446674   0.00092880
 -0.01437953   0.00091899
 -0.01429226   0.00090929
 -0.01420504   0.00089956
 -0.01411775   0.00089002
 -0.01403054   0.00088056
 -0.01394324   0.00087111
 -0.01385595   0.00086175
 -0.01376867   0.00085247
 -0.01368138   0.00084337
 -0.01359409   0.00083427
 -0.01350671   0.00082519
 -0.01341942   0.00081625
 -0.01333204   0.00080741
 -0.01324475   0.00079859
 -0.01315738   0.00078992
 -0.01307000   0.00078126
 -0.01298263   0.00077279
 -0.01289525   0.00076431
 -0.01280788   0.00075592
 -0.01272050   0.00074761
 -0.01263302   0.00073931
 -0.01254565   0.00073118
 -0.01245819   0.00072313
 -0.01237082   0.00071510
 -0.01228336   0.00070723
 -0.01219591   0.00069936
 -0.01210843   0.00069159
 -0.01202098   0.00068391
 -0.01193352   0.00067632
 -0.01184606   0.00066881
 -0.01175859   0.00066139
 -0.01167105   0.00065396
 -0.01158359   0.00064672
 -0.01149606   0.00063947
 -0.01140858   0.00063241
 -0.01132104   0.00062533
 -0.01123351   0.00061837
 -0.01114603   0.00061147
 -0.01105849   0.00060467
 -0.01097094   0.00059795
 -0.01088340   0.00059133
 -0.01079578   0.00058469
 -0.01070823   0.00057826
 -0.01062069   0.00057180
 -0.01053305   0.00056553
 -0.01044551   0.00055925
 -0.01035796   0.00055307
 -0.01027034   0.00054698
 -0.01018270   0.00054097
 -0.01009516   0.00053496
 -0.01000753   0.00052913
 -0.00991991   0.00052339
 -0.00983227   0.00051764
 -0.00974463   0.00051207
 -0.00965701   0.00050651
 -0.00956937   0.00050104
 -0.00948176   0.00049565
 -0.00939404   0.00049034
 -0.00930640   0.00048514
 -0.00921878   0.00048001
 -0.00913106   0.00047489
 -0.00904343   0.00046994
 -0.00895573   0.00046500
 -0.00886809   0.00046022
 -0.00878037   0.00045544
 -0.00869265   0.00045084
 -0.00860503   0.00044626
 -0.00851731   0.00044166
 -0.00842959   0.00043716
 -0.00834187   0.00043267
 -0.00825426   0.00042809
 -0.00816654   0.00042369
 -0.00807882   0.00041923
 -0.00799110   0.00041483
 -0.00790338   0.00041047
 -0.00781568   0.00040609
 -0.00772804   0.00040173
 -0.00764032   0.00039744
 -0.00755261   0.00039316
 -0.00746489   0.00038890
 -0.00737717   0.00038464
 -0.00728945   0.00038046
 -0.00720173   0.00037629
 -0.00711403   0.00037213
 -0.00702631   0.00036797
 -0.00693859   0.00036391
 -0.00685088   0.00035976
 -0.00676316   0.00035572
 -0.00667544   0.00035174
 -0.00658772   0.00034771
 -0.00650000   0.00034375
 -0.00641228   0.00034771
 -0.00632456   0.00035174
 -0.00623684   0.00035572
 -0.00614912   0.00035976
 -0.00606141   0.00036391
 -0.00597369   0.00036797
 -0.00588597   0.00037213
 -0.00579827   0.00037629
 -0.00571055   0.00038046
 -0.00562283   0.00038464
 -0.00553511   0.00038890
 -0.00544739   0.00039316
 -0.00535967   0.00039744
 -0.00527196   0.00040173
 -0.00518432   0.00040609
 -0.00509662   0.00041047
 -0.00500890   0.00041483
 -0.00492118   0.00041923
 -0.00483346   0.00042369
 -0.00474574   0.00042809
 -0.00465813   0.00043267
 -0.00457041   0.00043716
 -0.00448269   0.00044166
 -0.00439497   0.00044626
 -0.00430735   0.00045084
 -0.00421963   0.00045544
 -0.00413191   0.00046022
 -0.00404428   0.00046500
 -0.00395658   0.00046994
 -0.00386894   0.00047489
 -0.00378122   0.00048001
 -0.00369360   0.00048514
 -0.00360596   0.00049034
 -0.00351824   0.00049565
 -0.00343062   0.00050104
 -0.00334299   0.00050651
 -0.00325537   0.00051207
 -0.00316773   0.00051764
 -0.00308009   0.00052339
 -0.00299247   0.00052913
 -0.00290484   0.00053496
 -0.00281730   0.00054097
 -0.00272966   0.00054698
 -0.00264204   0.00055307
 -0.00255449   0.00055925
 -0.00246695   0.00056553
 -0.00237931   0.00057180
 -0.00229178   0.00057826
 -0.00220422   0.00058469
 -0.00211660   0.00059133
 -0.00202906   0.00059795
 -0.00194151   0.00060467
 -0.00185397   0.00061147
 -0.00176649   0.00061837
 -0.00167896   0.00062533
 -0.00159142   0.00063241
 -0.00150394   0.00063947
 -0.00141641   0.00064672
 -0.00132895   0.00065396
 -0.00124141   0.00066139
 -0.00115394   0.00066881
 -0.00106648   0.00067632
 -0.00097903   0.00068391
 -0.00089157   0.00069159
 -0.00080409   0.00069936
 -0.00071664   0.00070723
 -0.00062918   0.00071510
 -0.00054181   0.00072313
 -0.00045435   0.00073118
 -0.00036697   0.00073931
 -0.00027950   0.00074761
 -0.00019213   0.00075592
 -0.00010475   0.00076431
 -0.00001738   0.00077279
  0.00007000   0.00078126
  0.00015737   0.00078992
  0.00024475   0.00079859
  0.00033204   0.00080741
  0.00041942   0.00081625
  0.00050671   0.00082519
  0.00059409   0.00083427
  0.00068138   0.00084337
  0.00076867   0.00085247
  0.00085595   0.00086175
  0.00094324   0.00087111
  0.00103054   0.00088056
  0.00111775   0.00089002
  0.00120504   0.00089956
  0.00129226   0.00090929
  0.00137953   0.00091899
  0.00146674   0.00092880
  0.00155396   0.00093871
  0.00164117   0.00094867
  0.00172836   0.00095866
  0.00181557   0.00096883
  0.00190279   0.00097898
  0.00198990   0.00098931
  0.00207703   0.00099966
  0.00216424   0.00101009
  0.00225136   0.00102061
  0.00233849   0.00103120
  0.00242560   0.00104189
  0.00251273   0.00105273
  0.00259976   0.00106364
  0.00268688   0.00107459
  0.00277391   0.00108566
  0.00286102   0.00109689
  0.00294805   0.00110816
  0.00303508   0.00111953
  0.00312211   0.00113099
  0.00320914   0.00114256
  0.00329609   0.00115425
  0.00338311   0.00116596
  0.00347006   0.00117786
  0.00355699   0.00118977
  0.00364392   0.00120179
  0.00373085   0.00121400
  0.00381778   0.00122623
  0.00390471   0.00123857
  0.00399156   0.00125101
  0.00407849   0.00126347
  0.00416534   0.00127614
  0.00425218   0.00128880
  0.00433902   0.00130166
  0.00442586   0.00131454
  0.00451261   0.00132754
  0.00459944   0.00134064
  0.00468619   0.00135384
  0.00477294   0.00136714
  0.00485977   0.00138056
  0.00494642   0.00139398
  0.00503317   0.00140762
  0.00511990   0.00142126
  0.00520655   0.00143509
  0.00529328   0.00144893
  0.00537993   0.00146291
  0.00546658   0.00147696
  0.00555315   0.00149114
  0.00563980   0.00150533
  0.00572643   0.00151971
  0.00581298   0.00153410
  0.00589953   0.00154869
  0.00598608   0.00156331
  0.00607263   0.00157802
  0.00615918   0.00159285
  0.00624565   0.00160778
  0.00633218   0.00162281
  0.00641863   0.00163786
  0.00650510   0.00165311
  0.00659155   0.00166836
  0.00667790   0.00168381
  0.00676435   0.00169930
  0.00685072   0.00171487
  0.00693707   0.00173056
  0.00702342   0.00174634
  0.00710977   0.00176217
  0.00719612   0.00177817
  0.00728239   0.00179418
  0.00736866   0.00181041
  0.00745499   0.00182663
  0.00754116   0.00184298
  0.00762741   0.00185942
  0.00771366   0.00187596
  0.00779982   0.00189261
  0.00788597   0.00190929
  0.00797214   0.00192615
  0.00805829   0.00194303
  0.00814444   0.00196011
  0.00823051   0.00197721
  0.00831656   0.00199441
  0.00840271   0.00201171
  0.00848868   0.00202903
  0.00857473   0.00204655
  0.00866078   0.00206417
  0.00874675   0.00208182
  0.00883270   0.00209956
  0.00891867   0.00211750
  0.00900462   0.00213546
  0.00909049   0.00215351
  0.00917642   0.00217161
  0.00926229   0.00218988
  0.00934814   0.00220826
  0.00943391   0.00222665
  0.00951976   0.00224524
  0.00960552   0.00226386
  0.00969128   0.00228257
  0.00977704   0.00230138
  0.00986279   0.00232031
  0.00994846   0.00233926
  0.01003419   0.00235839
  0.01011986   0.00237754
  0.01020551   0.00239689
  0.01029108   0.00241626
  0.01037673   0.00243573
  0.01046228   0.00245530
  0.01054783   0.00247499
  0.01063338   0.00249469
  0.01071885   0.00251458
  0.01080440   0.00253449
  0.01088985   0.00255459
  0.01097532   0.00257472
  0.01106075   0.00259494
  0.01114612   0.00261527
  0.01123157   0.00263571
  0.01131692   0.00265626
  0.01140227   0.00267682
  0.01148746   0.00269781
  0.01157246   0.00271964
  0.01165739   0.00274191
  0.01174215   0.00276459
  0.01182683   0.00278771
  0.01191135   0.00281134
  0.01199569   0.00283541
  0.01207994   0.00285989
  0.01216404   0.00288489
  0.01224803   0.00291033
  0.01233178   0.00293617
  0.01241545   0.00296248
  0.01249896   0.00298927
  0.01258230   0.00301649
  0.01266554   0.00304415
  0.01274854   0.00307224
  0.01283144   0.00310077
  0.01291412   0.00312979
  0.01299661   0.00315925
  0.01307902   0.00318906
  0.01316117   0.00321937
  0.01324318   0.00325012
  0.01332501   0.00328137
  0.01340665   0.00331298
  0.01348807   0.00334503
  0.01356939   0.00337756
  0.01365046   0.00341046
  0.01373138   0.00344379
  0.01381202   0.00347762
  0.01389251   0.00351179
  0.01397276   0.00354649
  0.01405282   0.00358154
  0.01413272   0.00361701
  0.01421238   0.00365290
  0.01429187   0.00368932
  0.01437110   0.00372608
  0.01445009   0.00376327
  0.01452891   0.00380080
  0.01460748   0.00383886
  0.01468579   0.00387724
  0.01476395   0.00391614
  0.01484178   0.00395541
  0.01491943   0.00399501
  0.01499692   0.00403512
  0.01507406   0.00407559
  0.01515098   0.00411648
  0.01522772   0.00415779
  0.01530406   0.00419965
  0.01538021   0.00424209
  0.01545599   0.00428506
  0.01553158   0.00432851
  0.01560678   0.00437250
  0.01568179   0.00441704
  0.01575642   0.00446204
  0.01583077   0.00450752
  0.01590484   0.00455361
  0.01597853   0.00460010
  0.01605191   0.00464713
  0.01612502   0.00469469
  0.01619782   0.00474272
  0.01627033   0.00479120
  0.01634246   0.00484025
  0.01641422   0.00488974
  0.01648566   0.00493970
  0.01655682   0.00499020
  0.01662761   0.00504116
  0.01669807   0.00509267
  0.01676815   0.00514454
  0.01683795   0.00519696
  0.01690733   0.00524984
  0.01697635   0.00530316
  0.01704505   0.00535704
  0.01711337   0.00541129
  0.01718137   0.00546607
  0.01724891   0.00552132
  0.01731613   0.00557694
  0.01738296   0.00563309
  0.01744948   0.00568971
  0.01751552   0.00574676
  0.01758124   0.00580426
  0.01764648   0.00586224
  0.01771141   0.00592058
  0.01777593   0.00597944
  0.01784007   0.00603869
  0.01790381   0.00609837
  0.01796713   0.00615852
  0.01803004   0.00621910
  0.01809248   0.00628014
  0.01815460   0.00634155
  0.01821630   0.00640340
  0.01827752   0.00646569
  0.01833842   0.00652835
  0.01839882   0.00659145
  0.01845882   0.00665501
  0.01851832   0.00671892
  0.01857748   0.00678329
  0.01863616   0.00684799
  0.01869443   0.00691307
  0.01875221   0.00697869
  0.01880963   0.00704457
  0.01886649   0.00711088
  0.01892302   0.00717757
  0.01897903   0.00724468
  0.01903455   0.00731216
  0.01908974   0.00737999
  0.01914434   0.00744825
  0.01919851   0.00751688
  0.01925226   0.00758585
  0.01930553   0.00765518
  0.01935834   0.00772486
  0.01941067   0.00779487
  0.01946249   0.00786535
  0.01951388   0.00793606
  0.01956476   0.00800723
  0.01961521   0.00807866
  0.01966507   0.00815052
  0.01971451   0.00822264
  0.01976351   0.00829509
  0.01981191   0.00836791
  0.01985989   0.00844107
  0.01990735   0.00851456
  0.01995438   0.00858841
  0.02000080   0.00866251
  0.02004681   0.00873694
  0.02009228   0.00881166
  0.02013724   0.00888677
  0.02018169   0.00896214
  0.02022561   0.00903778
  0.02026902   0.00911374
  0.02031198   0.00919004
  0.02035435   0.00926662
  0.02039627   0.00934341
  0.02043759   0.00942056
  0.02047845   0.00949803
  0.02051873   0.00957568
  0.02055856   0.00965366
  0.02059776   0.00973188
  0.02063655   0.00981043
  0.02067470   0.00988923
  0.02071235   0.00996826
  0.02074946   0.01004754
  0.02078604   0.01012707
  0.02082209   0.01020685
  0.02085761   0.01028693
  0.02089261   0.01036719
  0.02092699   0.01044768
  0.02096084   0.01052849
  0.02099422   0.01060946
  0.02102693   0.01069067
  0.02105918   0.01077209
  0.02109089   0.01085378
  0.02112199   0.01093567
  0.02115256   0.01101773
  0.02118250   0.01110002
  0.02121200   0.01118254
  0.02124088   0.01126521
  0.02126921   0.01134811
  0.02129693   0.01143124
  0.02132418   0.01151450
  0.02135083   0.01159800
  0.02137684   0.01168164
  0.02140234   0.01176549
  0.02142727   0.01184949
  0.02145168   0.01193364
  0.02147578   0.01201791
  0.02149966   0.01210225
  0.02152350   0.01218655
  0.02154719   0.01227101
  0.02157076   0.01235550
  0.02159409   0.01244005
  0.02161737   0.01252466
  0.02164052   0.01260932
  0.02166346   0.01269394
  0.02168632   0.01277869
  0.02170906   0.01286349
  0.02173157   0.01294834
  0.02175403   0.01303323
  0.02177633   0.01311815
  0.02179851   0.01320305
  0.02182045   0.01328807
  0.02184234   0.01337313
  0.02186411   0.01345822
  0.02188562   0.01354335
  0.02190710   0.01362852
  0.02192843   0.01371364
  0.02194976   0.01379885
  0.02197099   0.01388408
  0.02199233   0.01396928
  0.02201364   0.01405449
  0.02203489   0.01413969
  0.02205620   0.01422482
  0.02207753   0.01431003
  0.02209884   0.01439525
  0.02212009   0.01448046
  0.02214141   0.01456566
  0.02216274   0.01465087
  0.02218399   0.01473599
  0.02220530   0.01482120
  0.02222663   0.01490642
  0.02224786   0.01499163
  0.02226919   0.01507684
  0.02229051   0.01516204
  0.02231184   0.01524717
  0.02233307   0.01533238
  0.02235440   0.01541760
  0.02237571   0.01550281
  0.02239696   0.01558801
  0.02241829   0.01567322
  0.02243961   0.01575834
  0.02246094   0.01584355
  0.02248217   0.01592877
  0.02250350   0.01601398
  0.02252481   0.01609919
  0.02254606   0.01618439
  0.02256738   0.01626952
  0.02258871   0.01635473
  0.02261002   0.01643995
  0.02263127   0.01652516
  0.02265258   0.01661036
  0.02267391   0.01669549
  0.02269516   0.01678069
  0.02271648   0.01686590
  0.02273781   0.01695111
  0.02275904   0.01703633
  0.02278037   0.01712154
  0.02280168   0.01720666
  0.02282301   0.01729187
  0.02284424   0.01737707
  0.02286557   0.01746228
  0.02288689   0.01754751
  0.02290814   0.01763271
  0.02292945   0.01771784
  0.02295078   0.01780304
  0.02297211   0.01788825
  0.02299334   0.01797346
  0.02301467   0.01805868
  0.02303599   0.01814389
  0.02305724   0.01822901
  0.02307855   0.01831422
  0.02309988   0.01839943
  0.02312111   0.01848463
  0.02314244   0.01856986
  0.02316376   0.01865506
  0.02318509   0.01874019
  0.02320634   0.01882539
  0.02322765   0.01891060
  0.02324898   0.01899581
  0.02327021   0.01908103
  0.02329154   0.01916624
  0.02331286   0.01925136
  0.02333419   0.01933657
  0.02335542   0.01942178
  0.02337675   0.01950698
  0.02339806   0.01959221
  0.02341931   0.01967741
  0.02344063   0.01976254
  0.02346196   0.01984774
  0.02348329   0.01993295
  0.02350452   0.02001816
  0.02352585   0.02010336
  0.02354716   0.02018859
  0.02356841   0.02027371
  0.02358972   0.02035892
  0.02361106   0.02044413
  0.02363229   0.02052933
  0.02365362   0.02061454
  0.02367493   0.02069976
  0.02369626   0.02078489
  0.02371749   0.02087009
  0.02373882   0.02095530
  0.02376016   0.02104051
  0.02378139   0.02112571
  0.02380272   0.02121094
  0.02382403   0.02129606
  0.02384536   0.02138127
  0.02386659   0.02146647
  0.02388793   0.02155168
  0.02390924   0.02163689
  0.02393049   0.02172211
  0.02395180   0.02180724
  0.02397313   0.02189244
  0.02399446   0.02197765
  0.02401569   0.02206286
  0.02403702   0.02214806
  0.02405834   0.02223329
  0.02407959   0.02231841
  0.02410090   0.02240362
  0.02412223   0.02248883
  0.02414346   0.02257403
  0.02416479   0.02265924
  0.02418611   0.02274446
  0.02420744   0.02282959
  0.02422867   0.02291479
  0.02425000   0.02300000
