 -0.03727440   0.02300000
 -0.03726670   0.02296917
 -0.03725894   0.02293833
 -0.03725123   0.02290750
 -0.03724347   0.02287663
 -0.03723577   0.02284573
 -0.03722804   0.02281490
 -0.03722028   0.02278407
 -0.03721258   0.02275323
 -0.03720481   0.02272240
 -0.03719711   0.02269157
 -0.03718935   0.02266069
 -0.03718164   0.02262986
 -0.03717388   0.02259903
 -0.03716616   0.02256819
 -0.03715845   0.02253730
 -0.03715069   0.02250647
 -0.03714299   0.02247563
 -0.03713522   0.02244476
 -0.03712752   0.02241393
 -0.03711976   0.02238309
 -0.03711205   0.02235226
 -0.03710433   0.02232143
 -0.03709657   0.02229059
 -0.03708886   0.02225970
 -0.03708110   0.02222883
 -0.03707340   0.02219799
 -0.03706563   0.02216716
 -0.03705793   0.02213633
 -0.03705017   0.02210549
 -0.03704244   0.02207466
 -0.03703474   0.02204383
 -0.03702697   0.02201295
 -0.03701927   0.02198212
 -0.03701151   0.02195123
 -0.03700380   0.02192039
 -0.03699604   0.02188956
 -0.03698828   0.02185873
 -0.03698061   0.02182789
 -0.03697285   0.02179702
 -0.03696515   0.02176619
 -0.03695738   0.02173535
 -0.03694968   0.02170452
 -0.03694192   0.02167363
 -0.03693415   0.02164279
 -0.03692645   0.02161196
 -0.03691873   0.02158109
 -0.03691102   0.02155025
 -0.03690326   0.02151942
 -0.03689556   0.02148859
 -0.03688779   0.02145775
 -0.03688009   0.02142692
 -0.03687233   0.02139609
 -0.03686456   0.02136515
 -0.03685690   0.02133432
 -0.03684914   0.02130349
 -0.03684143   0.02127265
 -0.03683367   0.02124182
 -0.03682597   0.02121099
 -0.03681820   0.02118015
 -0.03681044   0.02114928
 -0.03680274   0.02111845
 -0.03679501   0.02108755
 -0.03678731   0.02105672
 -0.03677955   0.02102589
 -0.03677184   0.02099505
 -0.03676408   0.02096422
 -0.03675632   0.02093335
 -0.03674861   0.02090251
 -0.03674085   0.02087168
 -0.03673319   0.02084085
 -0.03672542   0.02081001
 -0.03671772   0.02077912
 -0.03670996   0.02074829
 -0.03670219   0.02071741
 -0.03669449   0.02068658
 -0.03668673   0.02065575
 -0.03667902   0.02062491
 -0.03667130   0.02059408
 -0.03666360   0.02056325
 -0.03665583   0.02053241
 -0.03664807   0.02050148
 -0.03664037   0.02047065
 -0.03663260   0.02043981
 -0.03662490   0.02040898
 -0.03661713   0.02037815
 -0.03660947   0.02034731
 -0.03660171   0.02031648
 -0.03659400   0.02028561
 -0.03658624   0.02025477
 -0.03657848   0.02022394
 -0.03657077   0.02019305
 -0.03656301   0.02016221
 -0.03655531   0.02013138
 -0.03654758   0.02010055
 -0.03653988   0.02006967
 -0.03653212   0.02003884
 -0.03652435   0.02000801
 -0.03651665   0.01997717
 -0.03650889   0.01994634
 -0.03650118   0.01991545
 -0.03649342   0.01988461
 -0.03648576   0.01985374
 -0.03647799   0.01982291
 -0.03647023   0.01979207
 -0.03646253   0.01976124
 -0.03645476   0.01973041
 -0.03644706   0.01969957
 -0.03643930   0.01966874
 -0.03643159   0.01963787
 -0.03642387   0.01960697
 -0.03641611   0.01957614
 -0.03640840   0.01954531
 -0.03640064   0.01951447
 -0.03639294   0.01948364
 -0.03638517   0.01945281
 -0.03637747   0.01942193
 -0.03636971   0.01939110
 -0.03636204   0.01936027
 -0.03635428   0.01932937
 -0.03634652   0.01929854
 -0.03633881   0.01926771
 -0.03633105   0.01923687
 -0.03632335   0.01920600
 -0.03631558   0.01917517
 -0.03630788   0.01914433
 -0.03630016   0.01911350
 -0.03629239   0.01908267
 -0.03628469   0.01905183
 -0.03627693   0.01902094
 -0.03626922   0.01899007
 -0.03626146   0.01895923
 -0.03625376   0.01892840
 -0.03624599   0.01889757
 -0.03623827   0.01886673
 -0.03623057   0.01883590
 -0.03622280   0.01880507
 -0.03621510   0.01877420
 -0.03620733   0.01874330
 -0.03619963   0.01871247
 -0.03619187   0.01868163
 -0.03618410   0.01865080
 -0.03617644   0.01861997
 -0.03616868   0.01858913
 -0.03616097   0.01855826
 -0.03615321   0.01852743
 -0.03614551   0.01849660
 -0.03613774   0.01846570
 -0.03612998   0.01843487
 -0.03612228   0.01840403
 -0.03611455   0.01837320
 -0.03610685   0.01834233
 -0.03609909   0.01831150
 -0.03609138   0.01828066
 -0.03608362   0.01824983
 -0.03607592   0.01821900
 -0.03606815   0.01818816
 -0.03606039   0.01815727
 -0.03605273   0.01812640
 -0.03604496   0.01809556
 -0.03603726   0.01806473
 -0.03602950   0.01803390
 -0.03602179   0.01800306
 -0.03601403   0.01797223
 -0.03600627   0.01794140
 -0.03599856   0.01791056
 -0.03599084   0.01787963
 -0.03598314   0.01784880
 -0.03597537   0.01781796
 -0.03596755   0.01778719
 -0.03595967   0.01775636
 -0.03595166   0.01772558
 -0.03594360   0.01769487
 -0.03593541   0.01766406
 -0.03592720   0.01763334
 -0.03591884   0.01760269
 -0.03591041   0.01757204
 -0.03590192   0.01754139
 -0.03589331   0.01751080
 -0.03588465   0.01748020
 -0.03587586   0.01744963
 -0.03586701   0.01741904
 -0.03585814   0.01738857
 -0.03584911   0.01735810
 -0.03584002   0.01732763
 -0.03583081   0.01729721
 -0.03582153   0.01726680
 -0.03581214   0.01723635
 -0.03580269   0.01720600
 -0.03579318   0.01717571
 -0.03578358   0.01714542
 -0.03577389   0.01711513
 -0.03576414   0.01708490
 -0.03575426   0.01705467
 -0.03574427   0.01702446
 -0.03573427   0.01699435
 -0.03572416   0.01696418
 -0.03571392   0.01693413
 -0.03570366   0.01690408
 -0.03569330   0.01687403
 -0.03568283   0.01684404
 -0.03567229   0.01681402
 -0.03566169   0.01678409
 -0.03565097   0.01675416
 -0.03564019   0.01672429
 -0.03562929   0.01669448
 -0.03561837   0.01666467
 -0.03560735   0.01663487
 -0.03559621   0.01660508
 -0.03558501   0.01657539
 -0.03557369   0.01654570
 -0.03556236   0.01651608
 -0.03555086   0.01648645
 -0.03553936   0.01645688
 -0.03552777   0.01642732
 -0.03551609   0.01639777
 -0.03550428   0.01636833
 -0.03549242   0.01633888
 -0.03548049   0.01630949
 -0.03546845   0.01628011
 -0.03545634   0.01625078
 -0.03544417   0.01622152
 -0.03543193   0.01619221
 -0.03541958   0.01616301
 -0.03540717   0.01613380
 -0.03539464   0.01610466
 -0.03538205   0.01607557
 -0.03536934   0.01604649
 -0.03535657   0.01601747
 -0.03534374   0.01598846
 -0.03533089   0.01595950
 -0.03531788   0.01593060
 -0.03530481   0.01590175
 -0.03529168   0.01587291
 -0.03527843   0.01584413
 -0.03526511   0.01581535
 -0.03525174   0.01578658
 -0.03523825   0.01575792
 -0.03522473   0.01572932
 -0.03521112   0.01570072
 -0.03519738   0.01567218
 -0.03518359   0.01564370
 -0.03516973   0.01561522
 -0.03515582   0.01558676
 -0.03514178   0.01555840
 -0.03512768   0.01553003
 -0.03511351   0.01550173
 -0.03509929   0.01547350
 -0.03508495   0.01544532
 -0.03507055   0.01541714
 -0.03505603   0.01538898
 -0.03504145   0.01536092
 -0.03502681   0.01533292
 -0.03501211   0.01530492
 -0.03499733   0.01527698
 -0.03498245   0.01524911
 -0.03496751   0.01522129
 -0.03495251   0.01519343
 -0.03493739   0.01516567
 -0.03492220   0.01513798
 -0.03490696   0.01511034
 -0.03489166   0.01508270
 -0.03487627   0.01505519
 -0.03486079   0.01502767
 -0.03484525   0.01500012
 -0.03482958   0.01497272
 -0.03481392   0.01494533
 -0.03479813   0.01491805
 -0.03478228   0.01489078
 -0.03476632   0.01486356
 -0.03475039   0.01483635
 -0.03473430   0.01480922
 -0.03471816   0.01478212
 -0.03470189   0.01475509
 -0.03468562   0.01472812
 -0.03466923   0.01470120
 -0.03465278   0.01467435
 -0.03463627   0.01464750
 -0.03461974   0.01462073
 -0.03460305   0.01459400
 -0.03458636   0.01456732
 -0.03456955   0.01454071
 -0.03455262   0.01451416
 -0.03453569   0.01448767
 -0.03451869   0.01446118
 -0.03450158   0.01443477
 -0.03448445   0.01440840
 -0.03446721   0.01438209
 -0.03444992   0.01435584
 -0.03443251   0.01432965
 -0.03441509   0.01430353
 -0.03439756   0.01427746
 -0.03437996   0.01425141
 -0.03436231   0.01422540
 -0.03434463   0.01419951
 -0.03432679   0.01417369
 -0.03430896   0.01414786
 -0.03429100   0.01412209
 -0.03427298   0.01409645
 -0.03425490   0.01407076
 -0.03423677   0.01404518
 -0.03421857   0.01401965
 -0.03420029   0.01399419
 -0.03418197   0.01396878
 -0.03416353   0.01394344
 -0.03414499   0.01391815
 -0.03412639   0.01389293
 -0.03410769   0.01386777
 -0.03408889   0.01384264
 -0.03406999   0.01381764
 -0.03405093   0.01379270
 -0.03403187   0.01376785
 -0.03401261   0.01374297
 -0.03399335   0.01371825
 -0.03397393   0.01369359
 -0.03395441   0.01366896
 -0.03393479   0.01364446
 -0.03391507   0.01362002
 -0.03389525   0.01359558
 -0.03387533   0.01357130
 -0.03385528   0.01354708
 -0.03383520   0.01352292
 -0.03381502   0.01349880
 -0.03379468   0.01347480
 -0.03377430   0.01345086
 -0.03375376   0.01342702
 -0.03373312   0.01340324
 -0.03371248   0.01337946
 -0.03369167   0.01335584
 -0.03367077   0.01333228
 -0.03364977   0.01330882
 -0.03362867   0.01328548
 -0.03360757   0.01326215
 -0.03358627   0.01323887
 -0.03356490   0.01321569
 -0.03354344   0.01319267
 -0.03352188   0.01316962
 -0.03350022   0.01314676
 -0.03347850   0.01312386
 -0.03345663   0.01310113
 -0.03343471   0.01307843
 -0.03341269   0.01305585
 -0.03339061   0.01303334
 -0.03336839   0.01301092
 -0.03334610   0.01298857
 -0.03332372   0.01296633
 -0.03330124   0.01294417
 -0.03327866   0.01292204
 -0.03325601   0.01290007
 -0.03323323   0.01287813
 -0.03321039   0.01285632
 -0.03318744   0.01283456
 -0.03316444   0.01281291
 -0.03314136   0.01279135
 -0.03311816   0.01276982
 -0.03309485   0.01274849
 -0.03307155   0.01272715
 -0.03304805   0.01270594
 -0.03302454   0.01268483
 -0.03300088   0.01266382
 -0.03297718   0.01264286
 -0.03295341   0.01262197
 -0.03292949   0.01260128
 -0.03290553   0.01258055
 -0.03288146   0.01255998
 -0.03285734   0.01253950
 -0.03283317   0.01251913
 -0.03280885   0.01249878
 -0.03278447   0.01247863
 -0.03276000   0.01245848
 -0.03273546   0.01243849
 -0.03271083   0.01241856
 -0.03268615   0.01239869
 -0.03266137   0.01237896
 -0.03263648   0.01235935
 -0.03261154   0.01233980
 -0.03258645   0.01232039
 -0.03256141   0.01230100
 -0.03253623   0.01228175
 -0.03251092   0.01226257
 -0.03248558   0.01224350
 -0.03246017   0.01222457
 -0.03243473   0.01220570
 -0.03240912   0.01218695
 -0.03238352   0.01216824
 -0.03235775   0.01214970
 -0.03233195   0.01213125
 -0.03230608   0.01211286
 -0.03228018   0.01209463
 -0.03225411   0.01207647
 -0.03222805   0.01205840
 -0.03220188   0.01204043
 -0.03217566   0.01202257
 -0.03214933   0.01200482
 -0.03212291   0.01198718
 -0.03209648   0.01196959
 -0.03206996   0.01195217
 -0.03204333   0.01193478
 -0.03201664   0.01191755
 -0.03198996   0.01190039
 -0.03196317   0.01188338
 -0.03193629   0.01186648
 -0.03190934   0.01184967
 -0.03188236   0.01183293
 -0.03185521   0.01181635
 -0.03182812   0.01179976
 -0.03180092   0.01178344
 -0.03177361   0.01176711
 -0.03174627   0.01175095
 -0.03171886   0.01173485
 -0.03169141   0.01171888
 -0.03166385   0.01170304
 -0.03163624   0.01168724
 -0.03160863   0.01167162
 -0.03158087   0.01165607
 -0.03155310   0.01164065
 -0.03152523   0.01162533
 -0.03149737   0.01161007
 -0.03146934   0.01159500
 -0.03144131   0.01158000
 -0.03141329   0.01156510
 -0.03138512   0.01155036
 -0.03135693   0.01153568
 -0.03132864   0.01152114
 -0.03130032   0.01150666
 -0.03127193   0.01149234
 -0.03124348   0.01147812
 -0.03121500   0.01146402
 -0.03118645   0.01145006
 -0.03115786   0.01143616
 -0.03112921   0.01142242
 -0.03110047   0.01140872
 -0.03107166   0.01139520
 -0.03104285   0.01138176
 -0.03101400   0.01136844
 -0.03098509   0.01135522
 -0.03095609   0.01134216
 -0.03092706   0.01132916
 -0.03089795   0.01131630
 -0.03086888   0.01130357
 -0.03083965   0.01129097
 -0.03081038   0.01127843
 -0.03078112   0.01126605
 -0.03075179   0.01125373
 -0.03072246   0.01124156
 -0.03069297   0.01122954
 -0.03066354   0.01121758
 -0.03063401   0.01120578
 -0.03060446   0.01119409
 -0.03057481   0.01118249
 -0.03054519   0.01117105
 -0.03051544   0.01115968
 -0.03048569   0.01114844
 -0.03045594   0.01113733
 -0.03042613   0.01112631
 -0.03039622   0.01111539
 -0.03036631   0.01110464
 -0.03033636   0.01109404
 -0.03030639   0.01108349
 -0.03027632   0.01107311
 -0.03024621   0.01106282
 -0.03021614   0.01105264
 -0.03018591   0.01104257
 -0.03015574   0.01103265
 -0.03012551   0.01102284
 -0.03009528   0.01101313
 -0.03006499   0.01100357
 -0.03003460   0.01099418
 -0.03000421   0.01098478
 -0.02997382   0.01097559
 -0.02994333   0.01096652
 -0.02991288   0.01095754
 -0.02988239   0.01094867
 -0.02985178   0.01093996
 -0.02982123   0.01093135
 -0.02979061   0.01092283
 -0.02976000   0.01091448
 -0.02972929   0.01090625
 -0.02969862   0.01089816
 -0.02966785   0.01089013
 -0.02963708   0.01088223
 -0.02960631   0.01087446
 -0.02957547   0.01086685
 -0.02954460   0.01085934
 -0.02951371   0.01085211
 -0.02948276   0.01084498
 -0.02945177   0.01083795
 -0.02942083   0.01083092
 -0.02938988   0.01082397
 -0.02935889   0.01081708
 -0.02932790   0.01081021
 -0.02929691   0.01080340
 -0.02926591   0.01079662
 -0.02923492   0.01078995
 -0.02920393   0.01078326
 -0.02917294   0.01077667
 -0.02914189   0.01077012
 -0.02911089   0.01076366
 -0.02907986   0.01075719
 -0.02904881   0.01075078
 -0.02901782   0.01074444
 -0.02898677   0.01075078
 -0.02895577   0.01075719
 -0.02892472   0.01076366
 -0.02889369   0.01077012
 -0.02886270   0.01077667
 -0.02883170   0.01078326
 -0.02880071   0.01078995
 -0.02876966   0.01079662
 -0.02873867   0.01080340
 -0.02870768   0.01081021
 -0.02867674   0.01081708
 -0.02864575   0.01082397
 -0.02861480   0.01083092
 -0.02858381   0.01083795
 -0.02855286   0.01084498
 -0.02852192   0.01085211
 -0.02849103   0.01085934
 -0.02846010   0.01086685
 -0.02842933   0.01087446
 -0.02839850   0.01088223
 -0.02836773   0.01089013
 -0.02833705   0.01089816
 -0.02830634   0.01090625
 -0.02827563   0.01091448
 -0.02824496   0.01092283
 -0.02821441   0.01093135
 -0.02818380   0.01093996
 -0.02815325   0.01094867
 -0.02812270   0.01095754
 -0.02809225   0.01096652
 -0.02806176   0.01097559
 -0.02803137   0.01098478
 -0.02800097   0.01099418
 -0.02797068   0.01100357
 -0.02794035   0.01101313
 -0.02791012   0.01102284
 -0.02787989   0.01103265
 -0.02784966   0.01104257
 -0.02781949   0.01105264
 -0.02778942   0.01106282
 -0.02775929   0.01107311
 -0.02772928   0.01108349
 -0.02769927   0.01109404
 -0.02766930   0.01110464
 -0.02763936   0.01111539
 -0.02760955   0.01112631
 -0.02757970   0.01113733
 -0.02754989   0.01114844
 -0.02752014   0.01115968
 -0.02749045   0.01117105
 -0.02746080   0.01118249
 -0.02743121   0.01119409
 -0.02740162   0.01120578
 -0.02737209   0.01121758
 -0.02734260   0.01122954
 -0.02731318   0.01124156
 -0.02728379   0.01125373
 -0.02725446   0.01126605
 -0.02722519   0.01127843
 -0.02719596   0.01129097
 -0.02716679   0.01130357
 -0.02713763   0.01131630
 -0.02710856   0.01132916
 -0.02707955   0.01134216
 -0.02705054   0.01135522
 -0.02702163   0.01136844
 -0.02699273   0.01138176
 -0.02696392   0.01139520
 -0.02693517   0.01140872
 -0.02690642   0.01142242
 -0.02687777   0.01143616
 -0.02684913   0.01145006
 -0.02682058   0.01146402
 -0.02679209   0.01147812
 -0.02676370   0.01149234
 -0.02673532   0.01150666
 -0.02670693   0.01152114
 -0.02667870   0.01153568
 -0.02665052   0.01155036
 -0.02662239   0.01156510
 -0.02659426   0.01158000
 -0.02656623   0.01159500
 -0.02653827   0.01161007
 -0.02651034   0.01162533
 -0.02648253   0.01164065
 -0.02645471   0.01165607
 -0.02642700   0.01167162
 -0.02639933   0.01168724
 -0.02637173   0.01170304
 -0.02634422   0.01171888
 -0.02631672   0.01173485
 -0.02628931   0.01175095
 -0.02626200   0.01176711
 -0.02623472   0.01178344
 -0.02620751   0.01179976
 -0.02618037   0.01181635
 -0.02615328   0.01183293
 -0.02612627   0.01184967
 -0.02609935   0.01186648
 -0.02607250   0.01188338
 -0.02604568   0.01190039
 -0.02601893   0.01191755
 -0.02599224   0.01193478
 -0.02596568   0.01195217
 -0.02593909   0.01196959
 -0.02591267   0.01198718
 -0.02588634   0.01200482
 -0.02585998   0.01202257
 -0.02583375   0.01204043
 -0.02580759   0.01205840
 -0.02578146   0.01207647
 -0.02575546   0.01209463
 -0.02572949   0.01211286
 -0.02570363   0.01213125
 -0.02567782   0.01214970
 -0.02565212   0.01216824
 -0.02562651   0.01218695
 -0.02560091   0.01220570
 -0.02557540   0.01222457
 -0.02555000   0.01224350
 -0.02552465   0.01226257
 -0.02549941   0.01228175
 -0.02547423   0.01230100
 -0.02544912   0.01232039
 -0.02542408   0.01233980
 -0.02539915   0.01235935
 -0.02537431   0.01237896
 -0.02534952   0.01239869
 -0.02532480   0.01241856
 -0.02530016   0.01243849
 -0.02527563   0.01245848
 -0.02525111   0.01247863
 -0.02522678   0.01249878
 -0.02520246   0.01251913
 -0.02517824   0.01253950
 -0.02515411   0.01255998
 -0.02513005   0.01258055
 -0.02510609   0.01260128
 -0.02508222   0.01262197
 -0.02505846   0.01264286
 -0.02503470   0.01266382
 -0.02501109   0.01268483
 -0.02498759   0.01270594
 -0.02496413   0.01272715
 -0.02494072   0.01274849
 -0.02491748   0.01276982
 -0.02489428   0.01279135
 -0.02487113   0.01281291
 -0.02484819   0.01283456
 -0.02482525   0.01285632
 -0.02480240   0.01287813
 -0.02477966   0.01290007
 -0.02475698   0.01292204
 -0.02473440   0.01294417
 -0.02471195   0.01296633
 -0.02468953   0.01298857
 -0.02466725   0.01301092
 -0.02464507   0.01303334
 -0.02462294   0.01305585
 -0.02460092   0.01307843
 -0.02457900   0.01310113
 -0.02455714   0.01312386
 -0.02453542   0.01314676
 -0.02451375   0.01316962
 -0.02449219   0.01319267
 -0.02447073   0.01321569
 -0.02444937   0.01323887
 -0.02442811   0.01326215
 -0.02440690   0.01328548
 -0.02438580   0.01330882
 -0.02436480   0.01333228
 -0.02434396   0.01335584
 -0.02432316   0.01337946
 -0.02430246   0.01340324
 -0.02428182   0.01342702
 -0.02426133   0.01345086
 -0.02424093   0.01347480
 -0.02422065   0.01349880
 -0.02420037   0.01352292
 -0.02418029   0.01354708
 -0.02416031   0.01357130
 -0.02414039   0.01359558
 -0.02412057   0.01362002
 -0.02410083   0.01364446
 -0.02408127   0.01366896
 -0.02406171   0.01369359
 -0.02404229   0.01371825
 -0.02402297   0.01374297
 -0.02400377   0.01376785
 -0.02398464   0.01379270
 -0.02396564   0.01381764
 -0.02394674   0.01384264
 -0.02392788   0.01386777
 -0.02390918   0.01389293
 -0.02389058   0.01391815
 -0.02387210   0.01394344
 -0.02385370   0.01396878
 -0.02383533   0.01399419
 -0.02381707   0.01401965
 -0.02379887   0.01404518
 -0.02378073   0.01407076
 -0.02376265   0.01409645
 -0.02374463   0.01412209
 -0.02372668   0.01414786
 -0.02370882   0.01417369
 -0.02369104   0.01419951
 -0.02367333   0.01422540
 -0.02365567   0.01425141
 -0.02363808   0.01427746
 -0.02362054   0.01430353
 -0.02360307   0.01432965
 -0.02358571   0.01435584
 -0.02356846   0.01438209
 -0.02355123   0.01440840
 -0.02353405   0.01443477
 -0.02351694   0.01446118
 -0.02349989   0.01448767
 -0.02348296   0.01451416
 -0.02346609   0.01454071
 -0.02344927   0.01456732
 -0.02343256   0.01459400
 -0.02341593   0.01462073
 -0.02339930   0.01464750
 -0.02338279   0.01467435
 -0.02336634   0.01470120
 -0.02335002   0.01472812
 -0.02333369   0.01475509
 -0.02331748   0.01478212
 -0.02330137   0.01480922
 -0.02328528   0.01483635
 -0.02326926   0.01486356
 -0.02325335   0.01489078
 -0.02323750   0.01491805
 -0.02322172   0.01494533
 -0.02320599   0.01497272
 -0.02319039   0.01500012
 -0.02317488   0.01502767
 -0.02315940   0.01505519
 -0.02314398   0.01508270
 -0.02312861   0.01511034
 -0.02311337   0.01513798
 -0.02309819   0.01516567
 -0.02308313   0.01519343
 -0.02306806   0.01522129
 -0.02305312   0.01524911
 -0.02303828   0.01527698
 -0.02302352   0.01530492
 -0.02300876   0.01533292
 -0.02299412   0.01536092
 -0.02297954   0.01538898
 -0.02296508   0.01541714
 -0.02295068   0.01544532
 -0.02293635   0.01547350
 -0.02292211   0.01550173
 -0.02290795   0.01553003
 -0.02289385   0.01555840
 -0.02287982   0.01558676
 -0.02286584   0.01561522
 -0.02285199   0.01564370
 -0.02283819   0.01567218
 -0.02282452   0.01570072
 -0.02281088   0.01572932
 -0.02279739   0.01575792
 -0.02278389   0.01578658
 -0.02277052   0.01581535
 -0.02275715   0.01584413
 -0.02274396   0.01587291
 -0.02273076   0.01590175
 -0.02271769   0.01593060
 -0.02270478   0.01595950
 -0.02269183   0.01598846
 -0.02267900   0.01601747
 -0.02266623   0.01604649
 -0.02265358   0.01607557
 -0.02264099   0.01610466
 -0.02262846   0.01613380
 -0.02261606   0.01616301
 -0.02260375   0.01619221
 -0.02259146   0.01622152
 -0.02257923   0.01625078
 -0.02256713   0.01628011
 -0.02255514   0.01630949
 -0.02254316   0.01633888
 -0.02253129   0.01636833
 -0.02251955   0.01639777
 -0.02250790   0.01642732
 -0.02249628   0.01645688
 -0.02248471   0.01648645
 -0.02247327   0.01651608
 -0.02246189   0.01654570
 -0.02245063   0.01657539
 -0.02243943   0.01660508
 -0.02242828   0.01663487
 -0.02241724   0.01666467
 -0.02240634   0.01669448
 -0.02239544   0.01672429
 -0.02238466   0.01675416
 -0.02237394   0.01678409
 -0.02236329   0.01681402
 -0.02235275   0.01684404
 -0.02234233   0.01687403
 -0.02233195   0.01690408
 -0.02232172   0.01693413
 -0.02231148   0.01696418
 -0.02230136   0.01699435
 -0.02229131   0.01702446
 -0.02228137   0.01705467
 -0.02227150   0.01708490
 -0.02226168   0.01711513
 -0.02225203   0.01714542
 -0.02224240   0.01717571
 -0.02223288   0.01720600
 -0.02222343   0.01723635
 -0.02221410   0.01726680
 -0.02220483   0.01729721
 -0.02219562   0.01732763
 -0.02218653   0.01735810
 -0.02217754   0.01738857
 -0.02216857   0.01741904
 -0.02215972   0.01744963
 -0.02215099   0.01748020
 -0.02214226   0.01751080
 -0.02213371   0.01754139
 -0.02212517   0.01757204
 -0.02211674   0.01760269
 -0.02210847   0.01763334
 -0.02210023   0.01766406
 -0.02209204   0.01769487
 -0.02208397   0.01772558
 -0.02207597   0.01775636
 -0.02206803   0.01778719
 -0.02206026   0.01781796
 -0.02205250   0.01784880
 -0.02204477   0.01787963
 -0.02203707   0.01791056
 -0.02202931   0.01794140
 -0.02202160   0.01797223
 -0.02201384   0.01800306
 -0.02200608   0.01803390
 -0.02199837   0.01806473
 -0.02199061   0.01809556
 -0.02198295   0.01812640
 -0.02197518   0.01815727
 -0.02196748   0.01818816
 -0.02195972   0.01821900
 -0.02195195   0.01824983
 -0.02194425   0.01828066
 -0.02193649   0.01831150
 -0.02192878   0.01834233
 -0.02192106   0.01837320
 -0.02191336   0.01840403
 -0.02190559   0.01843487
 -0.02189783   0.01846570
 -0.02189013   0.01849660
 -0.02188236   0.01852743
 -0.02187466   0.01855826
 -0.02186690   0.01858913
 -0.02185923   0.01861997
 -0.02185147   0.01865080
 -0.02184377   0.01868163
 -0.02183600   0.01871247
 -0.02182824   0.01874330
 -0.02182054   0.01877420
 -0.02181277   0.01880507
 -0.02180507   0.01883590
 -0.02179735   0.01886673
 -0.02178964   0.01889757
 -0.02178188   0.01892840
 -0.02177412   0.01895923
 -0.02176641   0.01899007
 -0.02175865   0.01902094
 -0.02175095   0.01905183
 -0.02174318   0.01908267
 -0.02173552   0.01911350
 -0.02172776   0.01914433
 -0.02171999   0.01917517
 -0.02171229   0.01920600
 -0.02170453   0.01923687
 -0.02169682   0.01926771
 -0.02168906   0.01929854
 -0.02168136   0.01932937
 -0.02167363   0.01936027
 -0.02166587   0.01939110
 -0.02165817   0.01942193
 -0.02165040   0.01945281
 -0.02164270   0.01948364
 -0.02163493   0.01951447
 -0.02162723   0.01954531
 -0.02161947   0.01957614
 -0.02161180   0.01960697
 -0.02160404   0.01963787
 -0.02159628   0.01966874
 -0.02158857   0.01969957
 -0.02158081   0.01973041
 -0.02157311   0.01976124
 -0.02156534   0.01979207
 -0.02155764   0.01982291
 -0.02154992   0.01985374
 -0.02154215   0.01988461
 -0.02153445   0.01991545
 -0.02152669   0.01994634
 -0.02151898   0.01997717
 -0.02151122   0.02000801
 -0.02150352   0.02003884
 -0.02149575   0.02006967
 -0.02148803   0.02010055
 -0.02148033   0.02013138
 -0.02147256   0.02016221
 -0.02146486   0.02019305
 -0.02145710   0.02022394
 -0.02144939   0.02025477
 -0.02144163   0.02028561
 -0.02143387   0.02031648
 -0.02142620   0.02034731
 -0.02141844   0.02037815
 -0.02141074   0.02040898
 -0.02140297   0.02043981
 -0.02139527   0.02047065
 -0.02138751   0.02050148
 -0.02137974   0.02053241
 -0.02137204   0.02056325
 -0.02136432   0.02059408
 -0.02135661   0.02062491
 -0.02134885   0.02065575
 -0.02134115   0.02068658
 -0.02133338   0.02071741
 -0.02132568   0.02074829
 -0.02131792   0.02077912
 -0.02131015   0.02081001
 -0.02130249   0.02084085
 -0.02129473   0.02087168
 -0.02128702   0.02090251
 -0.02127926   0.02093335
 -0.02127156   0.02096422
 -0.02126379   0.02099505
 -0.02125603   0.02102589
 -0.02124833   0.02105672
 -0.02124060   0.02108755
 -0.02123290   0.02111845
 -0.02122513   0.02114928
 -0.02121743   0.02118015
 -0.02120967   0.02121099
 -0.02120190   0.02124182
 -0.02119420   0.02127265
 -0.02118644   0.02130349
 -0.02117877   0.02133432
 -0.02117101   0.02136515
 -0.02116331   0.02139609
 -0.02115554   0.02142692
 -0.02114778   0.02145775
 -0.02114008   0.02148859
 -0.02113231   0.02151942
 -0.02112461   0.02155025
 -0.02111689   0.02158109
 -0.02110918   0.02161196
 -0.02110142   0.02164279
 -0.02109372   0.02167363
 -0.02108595   0.02170452
 -0.02107819   0.02173535
 -0.02107049   0.02176619
 -0.02106272   0.02179702
 -0.02105506   0.02182789
 -0.02104730   0.02185873
 -0.02103959   0.02188956
 -0.02103183   0.02192039
 -0.02102407   0.02195123
 -0.02101636   0.02198212
 -0.02100860   0.02201295
 -0.02100090   0.02204383
 -0.02099317   0.02207466
 -0.02098547   0.02210549
 -0.02097771   0.02213633
 -0.02096994   0.02216716
 -0.02096224   0.02219799
 -0.02095448   0.02222883
 -0.02094677   0.02225970
 -0.02093901   0.02229059
 -0.02093135   0.02232143
 -0.02092358   0.02235226
 -0.02091582   0.02238309
 -0.02090812   0.02241393
 -0.02090035   0.02244476
 -0.02089265   0.02247563
 -0.02088489   0.02250647
 -0.02087718   0.02253730
 -0.02086946   0.02256819
 -0.02086176   0.02259903
 -0.02085399   0.02262986
 -0.02084623   0.02266069
 -0.02083853   0.02269157
 -0.02083076   0.02272240
 -0.02082306   0.02275323
 -0.02081530   0.02278407
 -0.02080763   0.02281490
 -0.02079987   0.02284573
 -0.02079210   0.02287663
 -0.02078440   0.02290750
 -0.02077664   0.02293833
 -0.02076893   0.02296917
 -0.02076117   0.02300000
