 -0.03726888   0.02300000
 -0.03726241   0.02297417
 -0.03725591   0.02294833
 -0.03724945   0.02292250
 -0.03724294   0.02289661
 -0.03723648   0.02287073
 -0.03723003   0.02284490
 -0.03722353   0.02281907
 -0.03721707   0.02279323
 -0.03721056   0.02276740
 -0.03720410   0.02274157
 -0.03719759   0.02271568
 -0.03719113   0.02268984
 -0.03718463   0.02266401
 -0.03717818   0.02263818
 -0.03717172   0.02261230
 -0.03716521   0.02258647
 -0.03715875   0.02256063
 -0.03715225   0.02253474
 -0.03714578   0.02250891
 -0.03713928   0.02248308
 -0.03713282   0.02245724
 -0.03712637   0.02243141
 -0.03711986   0.02240558
 -0.03711340   0.02237970
 -0.03710690   0.02235381
 -0.03710044   0.02232798
 -0.03709393   0.02230214
 -0.03708747   0.02227631
 -0.03708096   0.02225048
 -0.03707452   0.02222464
 -0.03706805   0.02219881
 -0.03706155   0.02217292
 -0.03705509   0.02214709
 -0.03704858   0.02212121
 -0.03704212   0.02209538
 -0.03703562   0.02206954
 -0.03702911   0.02204371
 -0.03702271   0.02201788
 -0.03701620   0.02199199
 -0.03700974   0.02196615
 -0.03700323   0.02194032
 -0.03699677   0.02191449
 -0.03699027   0.02188861
 -0.03698376   0.02186278
 -0.03697730   0.02183694
 -0.03697085   0.02181105
 -0.03696439   0.02178522
 -0.03695789   0.02175939
 -0.03695142   0.02173355
 -0.03694492   0.02170772
 -0.03693846   0.02168189
 -0.03693195   0.02165605
 -0.03692545   0.02163012
 -0.03691904   0.02160429
 -0.03691254   0.02157845
 -0.03690608   0.02155262
 -0.03689957   0.02152679
 -0.03689311   0.02150095
 -0.03688660   0.02147512
 -0.03688010   0.02144923
 -0.03687364   0.02142340
 -0.03686719   0.02139752
 -0.03686073   0.02137169
 -0.03685422   0.02134585
 -0.03684776   0.02132002
 -0.03684126   0.02129419
 -0.03683475   0.02126830
 -0.03682829   0.02124246
 -0.03682178   0.02121663
 -0.03681538   0.02119080
 -0.03680887   0.02116496
 -0.03680241   0.02113909
 -0.03679591   0.02111325
 -0.03678940   0.02108736
 -0.03678294   0.02106153
 -0.03677644   0.02103570
 -0.03676997   0.02100986
 -0.03676353   0.02098403
 -0.03675706   0.02095820
 -0.03675056   0.02093236
 -0.03674405   0.02090643
 -0.03673759   0.02088060
 -0.03673109   0.02085476
 -0.03672463   0.02082893
 -0.03671812   0.02080310
 -0.03671172   0.02077726
 -0.03670521   0.02075143
 -0.03669875   0.02072554
 -0.03669224   0.02069971
 -0.03668574   0.02067387
 -0.03667928   0.02064800
 -0.03667277   0.02062216
 -0.03666631   0.02059633
 -0.03665986   0.02057050
 -0.03665340   0.02054461
 -0.03664690   0.02051877
 -0.03664039   0.02049294
 -0.03663393   0.02046711
 -0.03662742   0.02044127
 -0.03662096   0.02041540
 -0.03661446   0.02038956
 -0.03660805   0.02036367
 -0.03660155   0.02033784
 -0.03659504   0.02031201
 -0.03658858   0.02028617
 -0.03658208   0.02026034
 -0.03657561   0.02023451
 -0.03656911   0.02020867
 -0.03656265   0.02018278
 -0.03655620   0.02015691
 -0.03654969   0.02013107
 -0.03654323   0.02010524
 -0.03653673   0.02007941
 -0.03653027   0.02005357
 -0.03652376   0.02002774
 -0.03651730   0.02000185
 -0.03651079   0.01997602
 -0.03650439   0.01995018
 -0.03649788   0.01992431
 -0.03649138   0.01989847
 -0.03648492   0.01987264
 -0.03647841   0.01984681
 -0.03647195   0.01982092
 -0.03646545   0.01979508
 -0.03645898   0.01976925
 -0.03645254   0.01974342
 -0.03644603   0.01971758
 -0.03643957   0.01969175
 -0.03643306   0.01966587
 -0.03642660   0.01963998
 -0.03642010   0.01961415
 -0.03641364   0.01958832
 -0.03640713   0.01956248
 -0.03640068   0.01953665
 -0.03639422   0.01951082
 -0.03638772   0.01948498
 -0.03638125   0.01945909
 -0.03637475   0.01943322
 -0.03636829   0.01940738
 -0.03636178   0.01938155
 -0.03635528   0.01935572
 -0.03634887   0.01932988
 -0.03634237   0.01930405
 -0.03633591   0.01927816
 -0.03632940   0.01925233
 -0.03632294   0.01922649
 -0.03631643   0.01920062
 -0.03630993   0.01917478
 -0.03630347   0.01914895
 -0.03629702   0.01912312
 -0.03629056   0.01909723
 -0.03628405   0.01907139
 -0.03627759   0.01904556
 -0.03627109   0.01901973
 -0.03626462   0.01899389
 -0.03625812   0.01896806
 -0.03625161   0.01894218
 -0.03624521   0.01891629
 -0.03623870   0.01889046
 -0.03623224   0.01886463
 -0.03622574   0.01883879
 -0.03621928   0.01881296
 -0.03621277   0.01878713
 -0.03620627   0.01876129
 -0.03619980   0.01873546
 -0.03619336   0.01870953
 -0.03618690   0.01868369
 -0.03618039   0.01865786
 -0.03617384   0.01863207
 -0.03616725   0.01860624
 -0.03616057   0.01858045
 -0.03615385   0.01855470
 -0.03614704   0.01852885
 -0.03614025   0.01850311
 -0.03613331   0.01847740
 -0.03612633   0.01845170
 -0.03611930   0.01842600
 -0.03611219   0.01840034
 -0.03610504   0.01837468
 -0.03609780   0.01834900
 -0.03609051   0.01832334
 -0.03608324   0.01829777
 -0.03607583   0.01827220
 -0.03606837   0.01824662
 -0.03606082   0.01822109
 -0.03605324   0.01819556
 -0.03604556   0.01816997
 -0.03603784   0.01814449
 -0.03603008   0.01811904
 -0.03602229   0.01809360
 -0.03601440   0.01806816
 -0.03600647   0.01804276
 -0.03599845   0.01801736
 -0.03599034   0.01799194
 -0.03598223   0.01796663
 -0.03597404   0.01794127
 -0.03596576   0.01791600
 -0.03595749   0.01789073
 -0.03594912   0.01786546
 -0.03594067   0.01784023
 -0.03593217   0.01781495
 -0.03592363   0.01778977
 -0.03591500   0.01776458
 -0.03590633   0.01773944
 -0.03589757   0.01771435
 -0.03588883   0.01768925
 -0.03587999   0.01766415
 -0.03587106   0.01763904
 -0.03586208   0.01761403
 -0.03585302   0.01758902
 -0.03584396   0.01756405
 -0.03583477   0.01753909
 -0.03582558   0.01751416
 -0.03581636   0.01748924
 -0.03580704   0.01746430
 -0.03579763   0.01743946
 -0.03578818   0.01741463
 -0.03577869   0.01738983
 -0.03576911   0.01736504
 -0.03575949   0.01734029
 -0.03574982   0.01731558
 -0.03574012   0.01729082
 -0.03573033   0.01726615
 -0.03572049   0.01724149
 -0.03571056   0.01721687
 -0.03570059   0.01719229
 -0.03569053   0.01716771
 -0.03568044   0.01714318
 -0.03567029   0.01711863
 -0.03566016   0.01709414
 -0.03564989   0.01706970
 -0.03563957   0.01704529
 -0.03562921   0.01702089
 -0.03561877   0.01699653
 -0.03560828   0.01697217
 -0.03559774   0.01694779
 -0.03558713   0.01692352
 -0.03557652   0.01689929
 -0.03556581   0.01687506
 -0.03555502   0.01685087
 -0.03554418   0.01682672
 -0.03553330   0.01680258
 -0.03552238   0.01677842
 -0.03551137   0.01675436
 -0.03550032   0.01673031
 -0.03548924   0.01670629
 -0.03547810   0.01668232
 -0.03546687   0.01665839
 -0.03545560   0.01663447
 -0.03544425   0.01661053
 -0.03543285   0.01658668
 -0.03542141   0.01656289
 -0.03540992   0.01653909
 -0.03539840   0.01651533
 -0.03538679   0.01649162
 -0.03537513   0.01646796
 -0.03536343   0.01644423
 -0.03535164   0.01642061
 -0.03533981   0.01639703
 -0.03532793   0.01637349
 -0.03531601   0.01634995
 -0.03530406   0.01632650
 -0.03529201   0.01630305
 -0.03527992   0.01627954
 -0.03526774   0.01625617
 -0.03525557   0.01623281
 -0.03524330   0.01620953
 -0.03523099   0.01618625
 -0.03521860   0.01616302
 -0.03520626   0.01613978
 -0.03519378   0.01611658
 -0.03518125   0.01609343
 -0.03516864   0.01607033
 -0.03515603   0.01604727
 -0.03514333   0.01602425
 -0.03513059   0.01600127
 -0.03511780   0.01597830
 -0.03510503   0.01595535
 -0.03509212   0.01593246
 -0.03507920   0.01590962
 -0.03506620   0.01588682
 -0.03505311   0.01586406
 -0.03504002   0.01584134
 -0.03502689   0.01581863
 -0.03501367   0.01579594
 -0.03500047   0.01577332
 -0.03498716   0.01575073
 -0.03497382   0.01572819
 -0.03496038   0.01570569
 -0.03494695   0.01568324
 -0.03493342   0.01566082
 -0.03491986   0.01563840
 -0.03490625   0.01561603
 -0.03489266   0.01559375
 -0.03487892   0.01557151
 -0.03486518   0.01554927
 -0.03485136   0.01552708
 -0.03483749   0.01550497
 -0.03482358   0.01548280
 -0.03480962   0.01546074
 -0.03479563   0.01543872
 -0.03478160   0.01541674
 -0.03476751   0.01539480
 -0.03475334   0.01537291
 -0.03473907   0.01535106
 -0.03472476   0.01532926
 -0.03471034   0.01530749
 -0.03469583   0.01528579
 -0.03468121   0.01526417
 -0.03466646   0.01524259
 -0.03465170   0.01522112
 -0.03463674   0.01519959
 -0.03462178   0.01517820
 -0.03460668   0.01515685
 -0.03459148   0.01513556
 -0.03457618   0.01511436
 -0.03456078   0.01509320
 -0.03454528   0.01507204
 -0.03452968   0.01505103
 -0.03451399   0.01503005
 -0.03449825   0.01500912
 -0.03448240   0.01498825
 -0.03446642   0.01496747
 -0.03445037   0.01494672
 -0.03443418   0.01492608
 -0.03441790   0.01490548
 -0.03440161   0.01488488
 -0.03438518   0.01486443
 -0.03436865   0.01484402
 -0.03435202   0.01482370
 -0.03433529   0.01480348
 -0.03431855   0.01478325
 -0.03430162   0.01476307
 -0.03428465   0.01474299
 -0.03426758   0.01472305
 -0.03425040   0.01470305
 -0.03423313   0.01468326
 -0.03421581   0.01466340
 -0.03419834   0.01464369
 -0.03418082   0.01462404
 -0.03416320   0.01460447
 -0.03414554   0.01458495
 -0.03412772   0.01456553
 -0.03410986   0.01454615
 -0.03409190   0.01452686
 -0.03407384   0.01450768
 -0.03405568   0.01448849
 -0.03403748   0.01446944
 -0.03401911   0.01445044
 -0.03400071   0.01443154
 -0.03398221   0.01441267
 -0.03396366   0.01439391
 -0.03394500   0.01437525
 -0.03392625   0.01435657
 -0.03390740   0.01433810
 -0.03388856   0.01431962
 -0.03386951   0.01430123
 -0.03385046   0.01428294
 -0.03383127   0.01426475
 -0.03381202   0.01424660
 -0.03379273   0.01422850
 -0.03377330   0.01421060
 -0.03375381   0.01419264
 -0.03373422   0.01417482
 -0.03371458   0.01415711
 -0.03369489   0.01413949
 -0.03367506   0.01412186
 -0.03365518   0.01410443
 -0.03363519   0.01408700
 -0.03361517   0.01406971
 -0.03359504   0.01405247
 -0.03357486   0.01403527
 -0.03355458   0.01401823
 -0.03353420   0.01400127
 -0.03351378   0.01398436
 -0.03349321   0.01396760
 -0.03347269   0.01395083
 -0.03345201   0.01393422
 -0.03343124   0.01391765
 -0.03341042   0.01390117
 -0.03338956   0.01388484
 -0.03336864   0.01386856
 -0.03334757   0.01385236
 -0.03332651   0.01383622
 -0.03330530   0.01382022
 -0.03328404   0.01380433
 -0.03326273   0.01378847
 -0.03324137   0.01377276
 -0.03321986   0.01375710
 -0.03319835   0.01374153
 -0.03317675   0.01372606
 -0.03315510   0.01371070
 -0.03313335   0.01369542
 -0.03311149   0.01368024
 -0.03308964   0.01366510
 -0.03306769   0.01365011
 -0.03304564   0.01363517
 -0.03302355   0.01362038
 -0.03300146   0.01360563
 -0.03297926   0.01359102
 -0.03295697   0.01357651
 -0.03293463   0.01356211
 -0.03291224   0.01354774
 -0.03288970   0.01353352
 -0.03286721   0.01351930
 -0.03284462   0.01350533
 -0.03282194   0.01349135
 -0.03279921   0.01347752
 -0.03277643   0.01346373
 -0.03275359   0.01345009
 -0.03273067   0.01343654
 -0.03270769   0.01342305
 -0.03268470   0.01340969
 -0.03266158   0.01339645
 -0.03263846   0.01338329
 -0.03261523   0.01337023
 -0.03259201   0.01335721
 -0.03256864   0.01334439
 -0.03254528   0.01333162
 -0.03252191   0.01331895
 -0.03249838   0.01330641
 -0.03247487   0.01329393
 -0.03245126   0.01328160
 -0.03242760   0.01326931
 -0.03240389   0.01325717
 -0.03238013   0.01324512
 -0.03235632   0.01323317
 -0.03233247   0.01322137
 -0.03230856   0.01320961
 -0.03228460   0.01319799
 -0.03226055   0.01318644
 -0.03223645   0.01317501
 -0.03221236   0.01316370
 -0.03218820   0.01315247
 -0.03216401   0.01314134
 -0.03213971   0.01313036
 -0.03211542   0.01311942
 -0.03209103   0.01310863
 -0.03206669   0.01309794
 -0.03204220   0.01308740
 -0.03201766   0.01307690
 -0.03199312   0.01306654
 -0.03196854   0.01305623
 -0.03194396   0.01304608
 -0.03191923   0.01303607
 -0.03189454   0.01302610
 -0.03186976   0.01301628
 -0.03184499   0.01300655
 -0.03182012   0.01299693
 -0.03179524   0.01298745
 -0.03177027   0.01297801
 -0.03174530   0.01296873
 -0.03172033   0.01295954
 -0.03169531   0.01295044
 -0.03167020   0.01294145
 -0.03164509   0.01293260
 -0.03161991   0.01292389
 -0.03159476   0.01291524
 -0.03156950   0.01290672
 -0.03154419   0.01289831
 -0.03151893   0.01288999
 -0.03149353   0.01288177
 -0.03146817   0.01287369
 -0.03144277   0.01286571
 -0.03141737   0.01285784
 -0.03139193   0.01285010
 -0.03136639   0.01284251
 -0.03134084   0.01283492
 -0.03131530   0.01282753
 -0.03128966   0.01282022
 -0.03126407   0.01281302
 -0.03123842   0.01280592
 -0.03121269   0.01279896
 -0.03118701   0.01279209
 -0.03116128   0.01278533
 -0.03113555   0.01277872
 -0.03110972   0.01277218
 -0.03108394   0.01276581
 -0.03105807   0.01275948
 -0.03103220   0.01275330
 -0.03100632   0.01274722
 -0.03098041   0.01274127
 -0.03095443   0.01273543
 -0.03092847   0.01272981
 -0.03090247   0.01272430
 -0.03087641   0.01271888
 -0.03085039   0.01271347
 -0.03082439   0.01270817
 -0.03079833   0.01270291
 -0.03077227   0.01269772
 -0.03074621   0.01269258
 -0.03072015   0.01268749
 -0.03069409   0.01268250
 -0.03066803   0.01267753
 -0.03064197   0.01267265
 -0.03061587   0.01266784
 -0.03058981   0.01266312
 -0.03056369   0.01265841
 -0.03053759   0.01265375
 -0.03051152   0.01264921
 -0.03048542   0.01265375
 -0.03045936   0.01265841
 -0.03043326   0.01266312
 -0.03040714   0.01266784
 -0.03038108   0.01267265
 -0.03035502   0.01267753
 -0.03032896   0.01268250
 -0.03030286   0.01268749
 -0.03027680   0.01269258
 -0.03025074   0.01269772
 -0.03022472   0.01270291
 -0.03019866   0.01270817
 -0.03017266   0.01271347
 -0.03014660   0.01271888
 -0.03012059   0.01272430
 -0.03009458   0.01272981
 -0.03006862   0.01273543
 -0.03004260   0.01274127
 -0.03001673   0.01274722
 -0.02999081   0.01275330
 -0.02996494   0.01275948
 -0.02993916   0.01276581
 -0.02991333   0.01277218
 -0.02988750   0.01277872
 -0.02986173   0.01278533
 -0.02983604   0.01279209
 -0.02981031   0.01279896
 -0.02978463   0.01280592
 -0.02975894   0.01281302
 -0.02973335   0.01282022
 -0.02970771   0.01282753
 -0.02968216   0.01283492
 -0.02965662   0.01284251
 -0.02963118   0.01285010
 -0.02960568   0.01285784
 -0.02958028   0.01286571
 -0.02955488   0.01287369
 -0.02952948   0.01288177
 -0.02950412   0.01288999
 -0.02947886   0.01289831
 -0.02945356   0.01290672
 -0.02942835   0.01291524
 -0.02940314   0.01292389
 -0.02937798   0.01293260
 -0.02935281   0.01294145
 -0.02932779   0.01295044
 -0.02930272   0.01295954
 -0.02927771   0.01296873
 -0.02925274   0.01297801
 -0.02922781   0.01298745
 -0.02920294   0.01299693
 -0.02917812   0.01300655
 -0.02915329   0.01301628
 -0.02912851   0.01302610
 -0.02910378   0.01303607
 -0.02907909   0.01304608
 -0.02905447   0.01305623
 -0.02902988   0.01306654
 -0.02900534   0.01307690
 -0.02898086   0.01308740
 -0.02895642   0.01309794
 -0.02893198   0.01310863
 -0.02890764   0.01311942
 -0.02888334   0.01313036
 -0.02885904   0.01314134
 -0.02883485   0.01315247
 -0.02881065   0.01316370
 -0.02878655   0.01317501
 -0.02876250   0.01318644
 -0.02873845   0.01319799
 -0.02871449   0.01320961
 -0.02869054   0.01322137
 -0.02866668   0.01323317
 -0.02864287   0.01324512
 -0.02861916   0.01325717
 -0.02859545   0.01326931
 -0.02857174   0.01328160
 -0.02854818   0.01329393
 -0.02852467   0.01330641
 -0.02850120   0.01331895
 -0.02847773   0.01333162
 -0.02845436   0.01334439
 -0.02843104   0.01335721
 -0.02840777   0.01337023
 -0.02838459   0.01338329
 -0.02836143   0.01339645
 -0.02833835   0.01340969
 -0.02831532   0.01342305
 -0.02829234   0.01343654
 -0.02826946   0.01345009
 -0.02824658   0.01346373
 -0.02822380   0.01347752
 -0.02820112   0.01349135
 -0.02817842   0.01350533
 -0.02815584   0.01351930
 -0.02813331   0.01353352
 -0.02811081   0.01354774
 -0.02808843   0.01356211
 -0.02806608   0.01357651
 -0.02804385   0.01359102
 -0.02802159   0.01360563
 -0.02799946   0.01362038
 -0.02797736   0.01363517
 -0.02795536   0.01365011
 -0.02793336   0.01366510
 -0.02791151   0.01368024
 -0.02788976   0.01369542
 -0.02786795   0.01371070
 -0.02784630   0.01372606
 -0.02782470   0.01374153
 -0.02780315   0.01375710
 -0.02778168   0.01377276
 -0.02776027   0.01378847
 -0.02773897   0.01380433
 -0.02771770   0.01382022
 -0.02769654   0.01383622
 -0.02767548   0.01385236
 -0.02765441   0.01386856
 -0.02763345   0.01388484
 -0.02761258   0.01390117
 -0.02759176   0.01391765
 -0.02757104   0.01393422
 -0.02755036   0.01395083
 -0.02752980   0.01396760
 -0.02750928   0.01398436
 -0.02748885   0.01400127
 -0.02746853   0.01401823
 -0.02744825   0.01403527
 -0.02742801   0.01405247
 -0.02740789   0.01406971
 -0.02738786   0.01408700
 -0.02736783   0.01410443
 -0.02734799   0.01412186
 -0.02732816   0.01413949
 -0.02730842   0.01415711
 -0.02728879   0.01417482
 -0.02726920   0.01419264
 -0.02724971   0.01421060
 -0.02723032   0.01422850
 -0.02721103   0.01424660
 -0.02719174   0.01426475
 -0.02717259   0.01428294
 -0.02715354   0.01430123
 -0.02713455   0.01431962
 -0.02711560   0.01433810
 -0.02709680   0.01435657
 -0.02707805   0.01437525
 -0.02705935   0.01439391
 -0.02704084   0.01441267
 -0.02702234   0.01443154
 -0.02700394   0.01445044
 -0.02698563   0.01446944
 -0.02696737   0.01448849
 -0.02694921   0.01450768
 -0.02693121   0.01452686
 -0.02691319   0.01454615
 -0.02689533   0.01456553
 -0.02687757   0.01458495
 -0.02685985   0.01460447
 -0.02684223   0.01462404
 -0.02682471   0.01464369
 -0.02680724   0.01466340
 -0.02678992   0.01468326
 -0.02677265   0.01470305
 -0.02675547   0.01472305
 -0.02673840   0.01474299
 -0.02672143   0.01476307
 -0.02670455   0.01478325
 -0.02668772   0.01480348
 -0.02667099   0.01482370
 -0.02665436   0.01484402
 -0.02663787   0.01486443
 -0.02662144   0.01488488
 -0.02660511   0.01490548
 -0.02658882   0.01492608
 -0.02657268   0.01494672
 -0.02655665   0.01496747
 -0.02654070   0.01498825
 -0.02652476   0.01500912
 -0.02650901   0.01503005
 -0.02649337   0.01505103
 -0.02647777   0.01507204
 -0.02646227   0.01509320
 -0.02644688   0.01511436
 -0.02643162   0.01513556
 -0.02641637   0.01515685
 -0.02640127   0.01517820
 -0.02638626   0.01519959
 -0.02637135   0.01522112
 -0.02635655   0.01524259
 -0.02634183   0.01526417
 -0.02632722   0.01528579
 -0.02631266   0.01530749
 -0.02629825   0.01532926
 -0.02628393   0.01535106
 -0.02626971   0.01537291
 -0.02625559   0.01539480
 -0.02624146   0.01541674
 -0.02622742   0.01543872
 -0.02621343   0.01546074
 -0.02619947   0.01548280
 -0.02618556   0.01550497
 -0.02617169   0.01552708
 -0.02615787   0.01554927
 -0.02614414   0.01557151
 -0.02613045   0.01559375
 -0.02611680   0.01561603
 -0.02610319   0.01563840
 -0.02608963   0.01566082
 -0.02607610   0.01568324
 -0.02606263   0.01570569
 -0.02604923   0.01572819
 -0.02603594   0.01575073
 -0.02602264   0.01577332
 -0.02600938   0.01579594
 -0.02599616   0.01581863
 -0.02598298   0.01584134
 -0.02596990   0.01586406
 -0.02595685   0.01588682
 -0.02594385   0.01590962
 -0.02593095   0.01593246
 -0.02591808   0.01595535
 -0.02590520   0.01597830
 -0.02589242   0.01600127
 -0.02587968   0.01602425
 -0.02586702   0.01604727
 -0.02585437   0.01607033
 -0.02584180   0.01609343
 -0.02582933   0.01611658
 -0.02581685   0.01613978
 -0.02580441   0.01616302
 -0.02579206   0.01618625
 -0.02577975   0.01620953
 -0.02576748   0.01623281
 -0.02575526   0.01625617
 -0.02574313   0.01627954
 -0.02573109   0.01630305
 -0.02571904   0.01632650
 -0.02570704   0.01634995
 -0.02569508   0.01637349
 -0.02568320   0.01639703
 -0.02567137   0.01642061
 -0.02565962   0.01644423
 -0.02564788   0.01646796
 -0.02563622   0.01649162
 -0.02562466   0.01651533
 -0.02561313   0.01653909
 -0.02560160   0.01656289
 -0.02559016   0.01658668
 -0.02557876   0.01661053
 -0.02556745   0.01663447
 -0.02555618   0.01665839
 -0.02554495   0.01668232
 -0.02553383   0.01670629
 -0.02552273   0.01673031
 -0.02551168   0.01675436
 -0.02550067   0.01677842
 -0.02548970   0.01680258
 -0.02547882   0.01682672
 -0.02546799   0.01685087
 -0.02545724   0.01687506
 -0.02544654   0.01689929
 -0.02543592   0.01692352
 -0.02542531   0.01694779
 -0.02541477   0.01697217
 -0.02540424   0.01699653
 -0.02539384   0.01702089
 -0.02538343   0.01704529
 -0.02537312   0.01706970
 -0.02536294   0.01709414
 -0.02535271   0.01711863
 -0.02534257   0.01714318
 -0.02533247   0.01716771
 -0.02532246   0.01719229
 -0.02531249   0.01721687
 -0.02530256   0.01724149
 -0.02529272   0.01726615
 -0.02528298   0.01729082
 -0.02527323   0.01731558
 -0.02526352   0.01734029
 -0.02525390   0.01736504
 -0.02524436   0.01738983
 -0.02523482   0.01741463
 -0.02522537   0.01743946
 -0.02521601   0.01746430
 -0.02520675   0.01748924
 -0.02519747   0.01751416
 -0.02518823   0.01753909
 -0.02517909   0.01756405
 -0.02516998   0.01758902
 -0.02516097   0.01761403
 -0.02515199   0.01763904
 -0.02514306   0.01766415
 -0.02513423   0.01768925
 -0.02512548   0.01771435
 -0.02511672   0.01773944
 -0.02510805   0.01776458
 -0.02509942   0.01778977
 -0.02509084   0.01781495
 -0.02508234   0.01784023
 -0.02507393   0.01786546
 -0.02506557   0.01789073
 -0.02505729   0.01791600
 -0.02504901   0.01794127
 -0.02504082   0.01796663
 -0.02503267   0.01799194
 -0.02502460   0.01801736
 -0.02501658   0.01804276
 -0.02500861   0.01806816
 -0.02500077   0.01809360
 -0.02499292   0.01811904
 -0.02498516   0.01814449
 -0.02497745   0.01816997
 -0.02496981   0.01819556
 -0.02496223   0.01822109
 -0.02495468   0.01824662
 -0.02494722   0.01827220
 -0.02493987   0.01829777
 -0.02493250   0.01832334
 -0.02492521   0.01834900
 -0.02491801   0.01837468
 -0.02491081   0.01840034
 -0.02490375   0.01842600
 -0.02489668   0.01845170
 -0.02488970   0.01847740
 -0.02488286   0.01850311
 -0.02487601   0.01852885
 -0.02486920   0.01855470
 -0.02486248   0.01858045
 -0.02485580   0.01860624
 -0.02484916   0.01863207
 -0.02484266   0.01865786
 -0.02483615   0.01868369
 -0.02482971   0.01870953
 -0.02482324   0.01873546
 -0.02481674   0.01876129
 -0.02481028   0.01878713
 -0.02480377   0.01881296
 -0.02479727   0.01883879
 -0.02479081   0.01886463
 -0.02478430   0.01889046
 -0.02477790   0.01891629
 -0.02477139   0.01894218
 -0.02476493   0.01896806
 -0.02475842   0.01899389
 -0.02475192   0.01901973
 -0.02474546   0.01904556
 -0.02473895   0.01907139
 -0.02473249   0.01909723
 -0.02472604   0.01912312
 -0.02471958   0.01914895
 -0.02471308   0.01917478
 -0.02470657   0.01920062
 -0.02470011   0.01922649
 -0.02469360   0.01925233
 -0.02468714   0.01927816
 -0.02468064   0.01930405
 -0.02467423   0.01932988
 -0.02466773   0.01935572
 -0.02466127   0.01938155
 -0.02465476   0.01940738
 -0.02464826   0.01943322
 -0.02464180   0.01945909
 -0.02463529   0.01948498
 -0.02462883   0.01951082
 -0.02462238   0.01953665
 -0.02461592   0.01956248
 -0.02460941   0.01958832
 -0.02460291   0.01961415
 -0.02459645   0.01963998
 -0.02458994   0.01966587
 -0.02458348   0.01969175
 -0.02457698   0.01971758
 -0.02457057   0.01974342
 -0.02456407   0.01976925
 -0.02455756   0.01979508
 -0.02455110   0.01982092
 -0.02454459   0.01984681
 -0.02453813   0.01987264
 -0.02453163   0.01989847
 -0.02452517   0.01992431
 -0.02451872   0.01995018
 -0.02451221   0.01997602
 -0.02450575   0.02000185
 -0.02449925   0.02002774
 -0.02449278   0.02005357
 -0.02448628   0.02007941
 -0.02447982   0.02010524
 -0.02447331   0.02013107
 -0.02446691   0.02015691
 -0.02446040   0.02018278
 -0.02445390   0.02020867
 -0.02444744   0.02023451
 -0.02444093   0.02026034
 -0.02443447   0.02028617
 -0.02442796   0.02031201
 -0.02442150   0.02033784
 -0.02441505   0.02036367
 -0.02440855   0.02038956
 -0.02440209   0.02041540
 -0.02439558   0.02044127
 -0.02438912   0.02046711
 -0.02438262   0.02049294
 -0.02437615   0.02051877
 -0.02436965   0.02054461
 -0.02436320   0.02057050
 -0.02435674   0.02059633
 -0.02435023   0.02062216
 -0.02434377   0.02064800
 -0.02433727   0.02067387
 -0.02433081   0.02069971
 -0.02432430   0.02072554
 -0.02431780   0.02075143
 -0.02431139   0.02077726
 -0.02430489   0.02080310
 -0.02429842   0.02082893
 -0.02429192   0.02085476
 -0.02428546   0.02088060
 -0.02427895   0.02090643
 -0.02427245   0.02093236
 -0.02426599   0.02095820
 -0.02425954   0.02098403
 -0.02425308   0.02100986
 -0.02424657   0.02103570
 -0.02424011   0.02106153
 -0.02423360   0.02108736
 -0.02422714   0.02111325
 -0.02422064   0.02113909
 -0.02421413   0.02116496
 -0.02420773   0.02119080
 -0.02420122   0.02121663
 -0.02419476   0.02124246
 -0.02418826   0.02126830
 -0.02418179   0.02129419
 -0.02417529   0.02132002
 -0.02416878   0.02134585
 -0.02416232   0.02137169
 -0.02415587   0.02139752
 -0.02414941   0.02142340
 -0.02414291   0.02144923
 -0.02413645   0.02147512
 -0.02412994   0.02150095
 -0.02412344   0.02152679
 -0.02411697   0.02155262
 -0.02411047   0.02157845
 -0.02410406   0.02160429
 -0.02409756   0.02163012
 -0.02409110   0.02165605
 -0.02408459   0.02168189
 -0.02407809   0.02170772
 -0.02407163   0.02173355
 -0.02406512   0.02175939
 -0.02405866   0.02178522
 -0.02405221   0.02181105
 -0.02404575   0.02183694
 -0.02403924   0.02186278
 -0.02403278   0.02188861
 -0.02402628   0.02191449
 -0.02401977   0.02194032
 -0.02401331   0.02196615
 -0.02400681   0.02199199
 -0.02400040   0.02201788
 -0.02399390   0.02204371
 -0.02398743   0.02206954
 -0.02398093   0.02209538
 -0.02397442   0.02212121
 -0.02396796   0.02214709
 -0.02396146   0.02217292
 -0.02395500   0.02219881
 -0.02394855   0.02222464
 -0.02394209   0.02225048
 -0.02393558   0.02227631
 -0.02392908   0.02230214
 -0.02392261   0.02232798
 -0.02391611   0.02235381
 -0.02390965   0.02237970
 -0.02390314   0.02240558
 -0.02389674   0.02243141
 -0.02389023   0.02245724
 -0.02388373   0.02248308
 -0.02387727   0.02250891
 -0.02387076   0.02253474
 -0.02386430   0.02256063
 -0.02385779   0.02258647
 -0.02385133   0.02261230
 -0.02384488   0.02263818
 -0.02383842   0.02266401
 -0.02383192   0.02268984
 -0.02382541   0.02271568
 -0.02381895   0.02274157
 -0.02381245   0.02276740
 -0.02380598   0.02279323
 -0.02379948   0.02281907
 -0.02379307   0.02284490
 -0.02378657   0.02287073
 -0.02378006   0.02289661
 -0.02377360   0.02292250
 -0.02376710   0.02294833
 -0.02376064   0.02297417
 -0.02375413   0.02300000
