 -0.03725000   0.02300000
 -0.03723115   0.02292457
 -0.03721234   0.02284915
 -0.03719343   0.02277376
 -0.03717457   0.02269834
 -0.03715572   0.02262291
 -0.03713691   0.02254748
 -0.03711800   0.02247205
 -0.03709915   0.02239663
 -0.03708034   0.02232125
 -0.03706148   0.02224582
 -0.03704257   0.02217039
 -0.03702376   0.02209496
 -0.03700491   0.02201954
 -0.03698605   0.02194411
 -0.03696715   0.02186873
 -0.03694834   0.02179330
 -0.03692948   0.02171787
 -0.03691063   0.02164245
 -0.03689176   0.02156702
 -0.03687291   0.02149159
 -0.03685405   0.02141621
 -0.03683520   0.02134078
 -0.03681634   0.02126535
 -0.03679748   0.02118993
 -0.03677863   0.02111450
 -0.03675982   0.02103907
 -0.03674091   0.02096369
 -0.03672205   0.02088826
 -0.03670320   0.02081284
 -0.03668439   0.02073741
 -0.03666548   0.02066198
 -0.03664663   0.02058655
 -0.03662782   0.02051117
 -0.03660896   0.02043575
 -0.03659005   0.02036032
 -0.03657125   0.02028489
 -0.03655239   0.02020946
 -0.03653354   0.02013404
 -0.03651463   0.02005865
 -0.03649582   0.01998323
 -0.03647696   0.01990780
 -0.03645811   0.01983237
 -0.03643925   0.01975695
 -0.03642039   0.01968152
 -0.03640154   0.01960614
 -0.03638268   0.01953071
 -0.03636382   0.01945528
 -0.03634496   0.01937985
 -0.03632611   0.01930443
 -0.03630730   0.01922900
 -0.03628839   0.01915362
 -0.03626954   0.01907819
 -0.03625068   0.01900276
 -0.03623187   0.01892734
 -0.03621296   0.01885191
 -0.03619411   0.01877648
 -0.03617530   0.01870110
 -0.03615645   0.01862567
 -0.03613754   0.01855025
 -0.03611873   0.01847482
 -0.03609987   0.01839939
 -0.03608102   0.01832396
 -0.03606211   0.01824858
 -0.03604330   0.01817315
 -0.03602445   0.01809773
 -0.03600559   0.01802230
 -0.03598673   0.01794687
 -0.03596787   0.01787145
 -0.03594902   0.01779606
 -0.03593016   0.01772069
 -0.03591130   0.01764526
 -0.03589245   0.01756984
 -0.03587359   0.01749441
 -0.03585478   0.01741898
 -0.03583587   0.01734360
 -0.03581702   0.01726817
 -0.03579821   0.01719275
 -0.03577935   0.01711732
 -0.03576045   0.01704189
 -0.03574159   0.01696651
 -0.03572278   0.01689108
 -0.03570393   0.01681565
 -0.03568502   0.01674023
 -0.03566621   0.01666480
 -0.03564735   0.01658937
 -0.03562850   0.01651399
 -0.03560959   0.01643856
 -0.03559078   0.01636314
 -0.03557193   0.01628771
 -0.03555307   0.01621228
 -0.03553421   0.01613685
 -0.03551535   0.01606147
 -0.03549650   0.01598605
 -0.03547765   0.01591062
 -0.03545878   0.01583519
 -0.03543993   0.01575976
 -0.03542107   0.01568434
 -0.03540226   0.01560895
 -0.03538335   0.01553353
 -0.03536450   0.01545810
 -0.03534569   0.01538267
 -0.03532684   0.01530725
 -0.03530793   0.01523182
 -0.03528907   0.01515644
 -0.03527026   0.01508101
 -0.03525141   0.01500558
 -0.03523250   0.01493015
 -0.03521369   0.01485473
 -0.03519484   0.01477930
 -0.03517598   0.01470392
 -0.03515707   0.01462849
 -0.03513826   0.01455306
 -0.03511941   0.01447764
 -0.03510055   0.01440221
 -0.03508169   0.01432678
 -0.03506284   0.01425140
 -0.03504398   0.01417597
 -0.03502513   0.01410055
 -0.03500626   0.01402512
 -0.03498741   0.01394969
 -0.03496855   0.01387426
 -0.03494975   0.01379888
 -0.03493084   0.01372345
 -0.03491198   0.01364803
 -0.03489317   0.01357260
 -0.03487432   0.01349717
 -0.03485541   0.01342175
 -0.03483655   0.01334636
 -0.03481775   0.01327094
 -0.03479889   0.01319551
 -0.03477989   0.01312013
 -0.03476072   0.01304479
 -0.03474132   0.01296950
 -0.03472169   0.01289430
 -0.03470174   0.01281915
 -0.03468156   0.01274408
 -0.03466105   0.01266912
 -0.03464004   0.01259425
 -0.03461864   0.01251957
 -0.03459669   0.01244500
 -0.03457440   0.01237057
 -0.03455156   0.01229629
 -0.03452834   0.01222205
 -0.03450467   0.01214807
 -0.03448051   0.01207418
 -0.03445600   0.01200044
 -0.03443090   0.01192689
 -0.03440545   0.01185339
 -0.03437962   0.01178014
 -0.03435324   0.01170708
 -0.03432646   0.01163407
 -0.03429925   0.01156131
 -0.03427158   0.01148869
 -0.03424347   0.01141622
 -0.03421497   0.01134395
 -0.03418603   0.01127182
 -0.03415659   0.01119989
 -0.03412681   0.01112810
 -0.03409654   0.01105656
 -0.03406586   0.01098522
 -0.03403470   0.01091397
 -0.03400319   0.01084297
 -0.03397119   0.01077216
 -0.03393879   0.01070150
 -0.03390595   0.01063109
 -0.03387272   0.01056087
 -0.03383909   0.01049085
 -0.03380502   0.01042102
 -0.03377050   0.01035139
 -0.03373559   0.01028200
 -0.03370024   0.01021281
 -0.03366448   0.01014386
 -0.03362829   0.01007506
 -0.03359170   0.01000656
 -0.03355472   0.00993825
 -0.03351734   0.00987014
 -0.03347952   0.00980232
 -0.03344130   0.00973469
 -0.03340268   0.00966726
 -0.03336363   0.00960013
 -0.03332423   0.00953319
 -0.03328438   0.00946655
 -0.03324419   0.00940005
 -0.03320355   0.00933389
 -0.03316247   0.00926793
 -0.03312105   0.00920226
 -0.03307923   0.00913679
 -0.03303701   0.00907156
 -0.03299445   0.00900664
 -0.03295145   0.00894195
 -0.03290809   0.00887755
 -0.03286435   0.00881335
 -0.03282015   0.00874950
 -0.03277566   0.00868589
 -0.03273068   0.00862257
 -0.03268545   0.00855945
 -0.03263978   0.00849667
 -0.03259371   0.00843419
 -0.03254730   0.00837190
 -0.03250054   0.00830995
 -0.03245333   0.00824825
 -0.03240583   0.00818690
 -0.03235788   0.00812578
 -0.03230964   0.00806496
 -0.03226100   0.00800449
 -0.03221202   0.00794425
 -0.03216268   0.00788432
 -0.03211295   0.00782473
 -0.03206288   0.00776537
 -0.03201246   0.00770636
 -0.03196170   0.00764770
 -0.03191054   0.00758928
 -0.03185908   0.00753120
 -0.03180727   0.00747342
 -0.03175507   0.00741593
 -0.03170257   0.00735878
 -0.03164968   0.00730198
 -0.03159649   0.00724547
 -0.03154295   0.00718930
 -0.03148912   0.00713343
 -0.03143489   0.00707790
 -0.03138036   0.00702271
 -0.03132549   0.00696782
 -0.03127032   0.00691332
 -0.03121480   0.00685911
 -0.03115894   0.00680525
 -0.03110283   0.00675172
 -0.03104632   0.00669849
 -0.03098951   0.00664565
 -0.03093241   0.00659316
 -0.03087501   0.00654101
 -0.03081725   0.00648925
 -0.03075921   0.00643779
 -0.03070087   0.00638672
 -0.03064218   0.00633594
 -0.03058325   0.00628555
 -0.03052395   0.00623551
 -0.03046442   0.00618585
 -0.03040459   0.00613650
 -0.03034441   0.00608758
 -0.03028398   0.00603901
 -0.03022321   0.00599073
 -0.03016224   0.00594289
 -0.03010092   0.00589545
 -0.03003935   0.00584829
 -0.02997748   0.00580158
 -0.02991536   0.00575521
 -0.02985290   0.00570924
 -0.02979024   0.00566365
 -0.02972727   0.00561841
 -0.02966402   0.00557356
 -0.02960051   0.00552915
 -0.02953680   0.00548509
 -0.02947275   0.00544132
 -0.02940849   0.00539804
 -0.02934394   0.00535515
 -0.02927914   0.00531265
 -0.02921408   0.00527050
 -0.02914878   0.00522879
 -0.02908324   0.00518743
 -0.02901744   0.00514650
 -0.02895139   0.00510596
 -0.02888515   0.00506582
 -0.02881865   0.00502607
 -0.02875190   0.00498671
 -0.02868495   0.00494780
 -0.02861771   0.00490927
 -0.02855026   0.00487114
 -0.02848257   0.00483340
 -0.02841473   0.00479615
 -0.02834664   0.00475925
 -0.02827829   0.00472274
 -0.02820975   0.00468666
 -0.02814100   0.00465104
 -0.02807201   0.00461579
 -0.02800286   0.00458100
 -0.02793352   0.00454655
 -0.02786393   0.00451258
 -0.02779413   0.00447906
 -0.02772414   0.00444594
 -0.02765399   0.00441320
 -0.02758359   0.00438091
 -0.02751305   0.00434905
 -0.02744235   0.00431759
 -0.02737140   0.00428657
 -0.02730030   0.00425600
 -0.02722900   0.00422586
 -0.02715755   0.00419617
 -0.02708589   0.00416687
 -0.02701409   0.00413801
 -0.02694214   0.00410959
 -0.02686998   0.00408162
 -0.02679767   0.00405404
 -0.02672516   0.00402713
 -0.02665251   0.00400066
 -0.02657975   0.00397436
 -0.02650683   0.00394827
 -0.02643390   0.00392245
 -0.02636076   0.00389688
 -0.02628763   0.00387153
 -0.02621433   0.00384639
 -0.02614098   0.00382156
 -0.02606752   0.00379690
 -0.02599395   0.00377255
 -0.02592028   0.00374841
 -0.02584655   0.00372448
 -0.02577273   0.00370082
 -0.02569884   0.00367742
 -0.02562479   0.00365418
 -0.02555069   0.00363125
 -0.02547649   0.00360855
 -0.02540223   0.00358609
 -0.02532786   0.00356391
 -0.02525345   0.00354194
 -0.02517892   0.00352017
 -0.02510434   0.00349873
 -0.02502965   0.00347745
 -0.02495491   0.00345647
 -0.02488006   0.00343572
 -0.02480516   0.00341517
 -0.02473016   0.00339494
 -0.02465510   0.00337492
 -0.02457999   0.00335516
 -0.02450477   0.00333563
 -0.02442950   0.00331635
 -0.02435417   0.00329738
 -0.02427875   0.00327858
 -0.02420326   0.00326005
 -0.02412772   0.00324193
 -0.02405203   0.00322414
 -0.02397633   0.00320639
 -0.02390068   0.00318869
 -0.02382494   0.00317105
 -0.02374925   0.00315355
 -0.02367350   0.00313610
 -0.02359775   0.00311875
 -0.02352195   0.00310139
 -0.02344616   0.00308419
 -0.02337032   0.00306704
 -0.02329457   0.00304993
 -0.02321868   0.00303292
 -0.02314284   0.00301596
 -0.02306699   0.00299915
 -0.02299105   0.00298235
 -0.02291515   0.00296568
 -0.02283921   0.00294902
 -0.02276332   0.00293245
 -0.02268737   0.00291594
 -0.02261138   0.00289957
 -0.02253544   0.00288315
 -0.02245939   0.00286694
 -0.02238340   0.00285072
 -0.02230735   0.00283465
 -0.02223126   0.00281857
 -0.02215522   0.00280260
 -0.02207913   0.00278673
 -0.02200304   0.00277090
 -0.02192695   0.00275517
 -0.02185080   0.00273945
 -0.02177465   0.00272386
 -0.02169852   0.00270834
 -0.02162233   0.00269295
 -0.02154618   0.00267757
 -0.02146994   0.00266224
 -0.02139375   0.00264705
 -0.02131751   0.00263186
 -0.02124126   0.00261678
 -0.02116497   0.00260179
 -0.02108868   0.00258685
 -0.02101244   0.00257201
 -0.02093610   0.00255722
 -0.02085981   0.00254253
 -0.02078346   0.00252788
 -0.02070713   0.00251334
 -0.02063078   0.00249889
 -0.02055439   0.00248449
 -0.02047800   0.00247015
 -0.02040161   0.00245595
 -0.02032522   0.00244175
 -0.02024873   0.00242764
 -0.02017234   0.00241364
 -0.02009585   0.00239968
 -0.02001935   0.00238577
 -0.01994286   0.00237197
 -0.01986637   0.00235826
 -0.01978988   0.00234460
 -0.01971339   0.00233099
 -0.01963680   0.00231753
 -0.01956031   0.00230406
 -0.01948372   0.00229075
 -0.01940713   0.00227744
 -0.01933054   0.00226427
 -0.01925395   0.00225115
 -0.01917731   0.00223804
 -0.01910072   0.00222506
 -0.01902403   0.00221219
 -0.01894744   0.00219937
 -0.01887075   0.00218660
 -0.01879405   0.00217393
 -0.01871736   0.00216130
 -0.01864067   0.00214877
 -0.01856394   0.00213635
 -0.01848725   0.00212396
 -0.01841055   0.00211164
 -0.01833376   0.00209940
 -0.01825697   0.00208727
 -0.01818024   0.00207524
 -0.01810345   0.00206320
 -0.01802665   0.00205126
 -0.01794986   0.00203943
 -0.01787303   0.00202764
 -0.01779618   0.00201590
 -0.01771935   0.00200431
 -0.01764250   0.00199276
 -0.01756566   0.00198127
 -0.01748877   0.00196988
 -0.01741188   0.00195854
 -0.01733499   0.00194734
 -0.01725810   0.00193614
 -0.01718116   0.00192499
 -0.01710422   0.00191399
 -0.01702728   0.00190304
 -0.01695039   0.00189214
 -0.01687340   0.00188138
 -0.01679641   0.00187063
 -0.01671942   0.00186002
 -0.01664243   0.00184946
 -0.01656544   0.00183895
 -0.01648845   0.00182855
 -0.01641141   0.00181814
 -0.01633442   0.00180787
 -0.01625733   0.00179771
 -0.01618034   0.00178755
 -0.01610325   0.00177753
 -0.01602615   0.00176756
 -0.01594906   0.00175765
 -0.01587197   0.00174783
 -0.01579488   0.00173811
 -0.01571779   0.00172844
 -0.01564070   0.00171886
 -0.01556356   0.00170929
 -0.01548642   0.00169986
 -0.01540928   0.00169049
 -0.01533214   0.00168121
 -0.01525495   0.00167204
 -0.01517775   0.00166285
 -0.01510061   0.00165377
 -0.01502342   0.00164479
 -0.01494623   0.00163591
 -0.01486904   0.00162707
 -0.01479180   0.00161829
 -0.01471455   0.00160965
 -0.01463736   0.00160102
 -0.01456007   0.00159247
 -0.01448288   0.00158404
 -0.01440564   0.00157565
 -0.01432835   0.00156735
 -0.01425105   0.00155911
 -0.01417381   0.00155092
 -0.01409652   0.00154287
 -0.01401923   0.00153487
 -0.01394194   0.00152693
 -0.01386459   0.00151907
 -0.01378730   0.00151127
 -0.01371001   0.00150357
 -0.01363266   0.00149597
 -0.01355527   0.00148842
 -0.01347798   0.00148091
 -0.01340064   0.00147355
 -0.01332325   0.00146620
 -0.01324590   0.00145894
 -0.01316851   0.00145178
 -0.01309116   0.00144472
 -0.01301372   0.00143765
 -0.01293633   0.00143074
 -0.01285898   0.00142387
 -0.01278154   0.00141706
 -0.01270415   0.00141030
 -0.01262670   0.00140359
 -0.01254930   0.00139684
 -0.01247191   0.00139023
 -0.01239446   0.00138363
 -0.01231702   0.00137707
 -0.01223957   0.00137057
 -0.01216213   0.00136413
 -0.01208473   0.00135768
 -0.01200728   0.00135134
 -0.01192978   0.00134499
 -0.01185234   0.00133875
 -0.01177489   0.00133246
 -0.01169739   0.00132633
 -0.01161995   0.00132019
 -0.01154245   0.00131411
 -0.01146495   0.00130803
 -0.01138750   0.00130205
 -0.01131000   0.00129607
 -0.01123250   0.00129015
 -0.01115500   0.00128432
 -0.01107750   0.00127850
 -0.01100000   0.00127273
 -0.01092250   0.00127850
 -0.01084500   0.00128432
 -0.01076750   0.00129015
 -0.01069000   0.00129607
 -0.01061250   0.00130205
 -0.01053505   0.00130803
 -0.01045755   0.00131411
 -0.01038005   0.00132019
 -0.01030261   0.00132633
 -0.01022511   0.00133246
 -0.01014766   0.00133875
 -0.01007022   0.00134499
 -0.00999272   0.00135134
 -0.00991527   0.00135768
 -0.00983787   0.00136413
 -0.00976043   0.00137057
 -0.00968298   0.00137707
 -0.00960554   0.00138363
 -0.00952809   0.00139023
 -0.00945070   0.00139684
 -0.00937330   0.00140359
 -0.00929585   0.00141030
 -0.00921846   0.00141706
 -0.00914102   0.00142387
 -0.00906367   0.00143074
 -0.00898628   0.00143765
 -0.00890884   0.00144472
 -0.00883149   0.00145178
 -0.00875410   0.00145894
 -0.00867675   0.00146620
 -0.00859936   0.00147355
 -0.00852202   0.00148091
 -0.00844473   0.00148842
 -0.00836734   0.00149597
 -0.00828999   0.00150357
 -0.00821270   0.00151127
 -0.00813541   0.00151907
 -0.00805806   0.00152693
 -0.00798077   0.00153487
 -0.00790348   0.00154287
 -0.00782619   0.00155092
 -0.00774895   0.00155911
 -0.00767165   0.00156735
 -0.00759436   0.00157565
 -0.00751712   0.00158404
 -0.00743993   0.00159247
 -0.00736264   0.00160102
 -0.00728545   0.00160965
 -0.00720820   0.00161829
 -0.00713096   0.00162707
 -0.00705377   0.00163591
 -0.00697658   0.00164479
 -0.00689939   0.00165377
 -0.00682225   0.00166285
 -0.00674505   0.00167204
 -0.00666786   0.00168121
 -0.00659072   0.00169049
 -0.00651358   0.00169986
 -0.00643644   0.00170929
 -0.00635930   0.00171886
 -0.00628221   0.00172844
 -0.00620512   0.00173811
 -0.00612803   0.00174783
 -0.00605094   0.00175765
 -0.00597385   0.00176756
 -0.00589675   0.00177753
 -0.00581966   0.00178755
 -0.00574267   0.00179771
 -0.00566558   0.00180787
 -0.00558859   0.00181814
 -0.00551155   0.00182855
 -0.00543456   0.00183895
 -0.00535757   0.00184946
 -0.00528058   0.00186002
 -0.00520359   0.00187063
 -0.00512660   0.00188138
 -0.00504961   0.00189214
 -0.00497272   0.00190304
 -0.00489578   0.00191399
 -0.00481884   0.00192499
 -0.00474190   0.00193614
 -0.00466501   0.00194734
 -0.00458812   0.00195854
 -0.00451123   0.00196988
 -0.00443434   0.00198127
 -0.00435750   0.00199276
 -0.00428065   0.00200431
 -0.00420382   0.00201590
 -0.00412697   0.00202764
 -0.00405014   0.00203943
 -0.00397335   0.00205126
 -0.00389655   0.00206320
 -0.00381976   0.00207524
 -0.00374303   0.00208727
 -0.00366624   0.00209940
 -0.00358945   0.00211164
 -0.00351275   0.00212396
 -0.00343606   0.00213635
 -0.00335933   0.00214877
 -0.00328264   0.00216130
 -0.00320595   0.00217393
 -0.00312925   0.00218660
 -0.00305256   0.00219937
 -0.00297597   0.00221219
 -0.00289928   0.00222506
 -0.00282269   0.00223804
 -0.00274605   0.00225115
 -0.00266946   0.00226427
 -0.00259287   0.00227744
 -0.00251628   0.00229075
 -0.00243969   0.00230406
 -0.00236320   0.00231753
 -0.00228661   0.00233099
 -0.00221012   0.00234460
 -0.00213363   0.00235826
 -0.00205714   0.00237197
 -0.00198065   0.00238577
 -0.00190415   0.00239968
 -0.00182766   0.00241364
 -0.00175127   0.00242764
 -0.00167478   0.00244175
 -0.00159839   0.00245595
 -0.00152200   0.00247015
 -0.00144561   0.00248449
 -0.00136922   0.00249889
 -0.00129287   0.00251334
 -0.00121654   0.00252788
 -0.00114019   0.00254253
 -0.00106390   0.00255722
 -0.00098756   0.00257201
 -0.00091132   0.00258685
 -0.00083503   0.00260179
 -0.00075874   0.00261678
 -0.00068249   0.00263186
 -0.00060625   0.00264705
 -0.00053006   0.00266224
 -0.00045382   0.00267757
 -0.00037767   0.00269295
 -0.00030148   0.00270834
 -0.00022535   0.00272386
 -0.00014920   0.00273945
 -0.00007305   0.00275517
  0.00000304   0.00277090
  0.00007913   0.00278673
  0.00015522   0.00280260
  0.00023126   0.00281857
  0.00030735   0.00283465
  0.00038340   0.00285072
  0.00045939   0.00286694
  0.00053544   0.00288315
  0.00061138   0.00289957
  0.00068737   0.00291594
  0.00076332   0.00293245
  0.00083921   0.00294902
  0.00091515   0.00296568
  0.00099105   0.00298235
  0.00106699   0.00299915
  0.00114284   0.00301596
  0.00121868   0.00303292
  0.00129457   0.00304993
  0.00137032   0.00306704
  0.00144616   0.00308419
  0.00152195   0.00310139
  0.00159775   0.00311875
  0.00167350   0.00313610
  0.00174925   0.00315355
  0.00182494   0.00317105
  0.00190068   0.00318869
  0.00197633   0.00320639
  0.00205203   0.00322414
  0.00212772   0.00324193
  0.00220326   0.00326005
  0.00227875   0.00327858
  0.00235417   0.00329738
  0.00242950   0.00331635
  0.00250477   0.00333563
  0.00257999   0.00335516
  0.00265510   0.00337492
  0.00273016   0.00339494
  0.00280516   0.00341517
  0.00288006   0.00343572
  0.00295491   0.00345647
  0.00302965   0.00347745
  0.00310434   0.00349873
  0.00317892   0.00352017
  0.00325345   0.00354194
  0.00332786   0.00356391
  0.00340223   0.00358609
  0.00347649   0.00360855
  0.00355069   0.00363125
  0.00362479   0.00365418
  0.00369884   0.00367742
  0.00377273   0.00370082
  0.00384655   0.00372448
  0.00392028   0.00374841
  0.00399395   0.00377255
  0.00406752   0.00379690
  0.00414098   0.00382156
  0.00421433   0.00384639
  0.00428763   0.00387153
  0.00436076   0.00389688
  0.00443390   0.00392245
  0.00450683   0.00394827
  0.00457975   0.00397436
  0.00465251   0.00400066
  0.00472516   0.00402713
  0.00479767   0.00405404
  0.00486998   0.00408162
  0.00494214   0.00410959
  0.00501409   0.00413801
  0.00508589   0.00416687
  0.00515755   0.00419617
  0.00522900   0.00422586
  0.00530030   0.00425600
  0.00537140   0.00428657
  0.00544235   0.00431759
  0.00551305   0.00434905
  0.00558359   0.00438091
  0.00565399   0.00441320
  0.00572414   0.00444594
  0.00579413   0.00447906
  0.00586393   0.00451258
  0.00593352   0.00454655
  0.00600286   0.00458100
  0.00607201   0.00461579
  0.00614100   0.00465104
  0.00620975   0.00468666
  0.00627829   0.00472274
  0.00634664   0.00475925
  0.00641473   0.00479615
  0.00648257   0.00483340
  0.00655026   0.00487114
  0.00661771   0.00490927
  0.00668495   0.00494780
  0.00675190   0.00498671
  0.00681865   0.00502607
  0.00688515   0.00506582
  0.00695139   0.00510596
  0.00701744   0.00514650
  0.00708324   0.00518743
  0.00714878   0.00522879
  0.00721408   0.00527050
  0.00727914   0.00531265
  0.00734394   0.00535515
  0.00740849   0.00539804
  0.00747275   0.00544132
  0.00753680   0.00548509
  0.00760051   0.00552915
  0.00766402   0.00557356
  0.00772727   0.00561841
  0.00779024   0.00566365
  0.00785290   0.00570924
  0.00791536   0.00575521
  0.00797748   0.00580158
  0.00803935   0.00584829
  0.00810092   0.00589545
  0.00816224   0.00594289
  0.00822321   0.00599073
  0.00828398   0.00603901
  0.00834441   0.00608758
  0.00840459   0.00613650
  0.00846442   0.00618585
  0.00852395   0.00623551
  0.00858325   0.00628555
  0.00864218   0.00633594
  0.00870087   0.00638672
  0.00875921   0.00643779
  0.00881725   0.00648925
  0.00887501   0.00654101
  0.00893241   0.00659316
  0.00898951   0.00664565
  0.00904632   0.00669849
  0.00910283   0.00675172
  0.00915894   0.00680525
  0.00921480   0.00685911
  0.00927032   0.00691332
  0.00932549   0.00696782
  0.00938036   0.00702271
  0.00943489   0.00707790
  0.00948912   0.00713343
  0.00954295   0.00718930
  0.00959649   0.00724547
  0.00964968   0.00730198
  0.00970257   0.00735878
  0.00975507   0.00741593
  0.00980727   0.00747342
  0.00985908   0.00753120
  0.00991054   0.00758928
  0.00996170   0.00764770
  0.01001246   0.00770636
  0.01006288   0.00776537
  0.01011295   0.00782473
  0.01016268   0.00788432
  0.01021202   0.00794425
  0.01026100   0.00800449
  0.01030964   0.00806496
  0.01035788   0.00812578
  0.01040583   0.00818690
  0.01045333   0.00824825
  0.01050054   0.00830995
  0.01054730   0.00837190
  0.01059371   0.00843419
  0.01063978   0.00849667
  0.01068545   0.00855945
  0.01073068   0.00862257
  0.01077566   0.00868589
  0.01082015   0.00874950
  0.01086435   0.00881335
  0.01090809   0.00887755
  0.01095145   0.00894195
  0.01099445   0.00900664
  0.01103701   0.00907156
  0.01107923   0.00913679
  0.01112105   0.00920226
  0.01116247   0.00926793
  0.01120355   0.00933389
  0.01124419   0.00940005
  0.01128438   0.00946655
  0.01132423   0.00953319
  0.01136363   0.00960013
  0.01140268   0.00966726
  0.01144130   0.00973469
  0.01147952   0.00980232
  0.01151734   0.00987014
  0.01155472   0.00993825
  0.01159170   0.01000656
  0.01162829   0.01007506
  0.01166448   0.01014386
  0.01170024   0.01021281
  0.01173559   0.01028200
  0.01177050   0.01035139
  0.01180502   0.01042102
  0.01183909   0.01049085
  0.01187272   0.01056087
  0.01190595   0.01063109
  0.01193879   0.01070150
  0.01197119   0.01077216
  0.01200319   0.01084297
  0.01203470   0.01091397
  0.01206586   0.01098522
  0.01209654   0.01105656
  0.01212681   0.01112810
  0.01215659   0.01119989
  0.01218603   0.01127182
  0.01221497   0.01134395
  0.01224347   0.01141622
  0.01227158   0.01148869
  0.01229925   0.01156131
  0.01232646   0.01163407
  0.01235324   0.01170708
  0.01237962   0.01178014
  0.01240545   0.01185339
  0.01243090   0.01192689
  0.01245600   0.01200044
  0.01248051   0.01207418
  0.01250467   0.01214807
  0.01252834   0.01222205
  0.01255156   0.01229629
  0.01257440   0.01237057
  0.01259669   0.01244500
  0.01261864   0.01251957
  0.01264004   0.01259425
  0.01266105   0.01266912
  0.01268156   0.01274408
  0.01270174   0.01281915
  0.01272169   0.01289430
  0.01274132   0.01296950
  0.01276072   0.01304479
  0.01277989   0.01312013
  0.01279889   0.01319551
  0.01281775   0.01327094
  0.01283655   0.01334636
  0.01285541   0.01342175
  0.01287432   0.01349717
  0.01289317   0.01357260
  0.01291198   0.01364803
  0.01293084   0.01372345
  0.01294975   0.01379888
  0.01296855   0.01387426
  0.01298741   0.01394969
  0.01300626   0.01402512
  0.01302513   0.01410055
  0.01304398   0.01417597
  0.01306284   0.01425140
  0.01308169   0.01432678
  0.01310055   0.01440221
  0.01311941   0.01447764
  0.01313826   0.01455306
  0.01315707   0.01462849
  0.01317598   0.01470392
  0.01319484   0.01477930
  0.01321369   0.01485473
  0.01323250   0.01493015
  0.01325141   0.01500558
  0.01327026   0.01508101
  0.01328907   0.01515644
  0.01330793   0.01523182
  0.01332684   0.01530725
  0.01334569   0.01538267
  0.01336450   0.01545810
  0.01338335   0.01553353
  0.01340226   0.01560895
  0.01342107   0.01568434
  0.01343993   0.01575976
  0.01345878   0.01583519
  0.01347765   0.01591062
  0.01349650   0.01598605
  0.01351535   0.01606147
  0.01353421   0.01613685
  0.01355307   0.01621228
  0.01357193   0.01628771
  0.01359078   0.01636314
  0.01360959   0.01643856
  0.01362850   0.01651399
  0.01364735   0.01658937
  0.01366621   0.01666480
  0.01368502   0.01674023
  0.01370393   0.01681565
  0.01372278   0.01689108
  0.01374159   0.01696651
  0.01376045   0.01704189
  0.01377935   0.01711732
  0.01379821   0.01719275
  0.01381702   0.01726817
  0.01383587   0.01734360
  0.01385478   0.01741898
  0.01387359   0.01749441
  0.01389245   0.01756984
  0.01391130   0.01764526
  0.01393016   0.01772069
  0.01394902   0.01779606
  0.01396787   0.01787145
  0.01398673   0.01794687
  0.01400559   0.01802230
  0.01402445   0.01809773
  0.01404330   0.01817315
  0.01406211   0.01824858
  0.01408102   0.01832396
  0.01409987   0.01839939
  0.01411873   0.01847482
  0.01413754   0.01855025
  0.01415645   0.01862567
  0.01417530   0.01870110
  0.01419411   0.01877648
  0.01421296   0.01885191
  0.01423187   0.01892734
  0.01425068   0.01900276
  0.01426954   0.01907819
  0.01428839   0.01915362
  0.01430730   0.01922900
  0.01432611   0.01930443
  0.01434496   0.01937985
  0.01436382   0.01945528
  0.01438268   0.01953071
  0.01440154   0.01960614
  0.01442039   0.01968152
  0.01443925   0.01975695
  0.01445811   0.01983237
  0.01447696   0.01990780
  0.01449582   0.01998323
  0.01451463   0.02005865
  0.01453354   0.02013404
  0.01455239   0.02020946
  0.01457125   0.02028489
  0.01459005   0.02036032
  0.01460896   0.02043575
  0.01462782   0.02051117
  0.01464663   0.02058655
  0.01466548   0.02066198
  0.01468439   0.02073741
  0.01470320   0.02081284
  0.01472205   0.02088826
  0.01474091   0.02096369
  0.01475982   0.02103907
  0.01477863   0.02111450
  0.01479748   0.02118993
  0.01481634   0.02126535
  0.01483520   0.02134078
  0.01485405   0.02141621
  0.01487291   0.02149159
  0.01489176   0.02156702
  0.01491063   0.02164245
  0.01492948   0.02171787
  0.01494834   0.02179330
  0.01496715   0.02186873
  0.01498605   0.02194411
  0.01500491   0.02201954
  0.01502376   0.02209496
  0.01504257   0.02217039
  0.01506148   0.02224582
  0.01508034   0.02232125
  0.01509915   0.02239663
  0.01511800   0.02247205
  0.01513691   0.02254748
  0.01515572   0.02262291
  0.01517457   0.02269834
  0.01519343   0.02277376
  0.01521234   0.02284915
  0.01523115   0.02292457
  0.01525000   0.02300000
