 -0.03567480   0.02300000
 -0.03567190   0.02288480
 -0.03566900   0.02276950
 -0.03566610   0.02265430
 -0.03566330   0.02253910
 -0.03566040   0.02242380
 -0.03565750   0.02230860
 -0.03565460   0.02219340
 -0.03565180   0.02207810
 -0.03564890   0.02196290
 -0.03564600   0.02184770
 -0.03564310   0.02173240
 -0.03564030   0.02161720
 -0.03563740   0.02150200
 -0.03563450   0.02138670
 -0.03563160   0.02127150
 -0.03562870   0.02115630
 -0.03562590   0.02104100
 -0.03562300   0.02092580
 -0.03562010   0.02081060
 -0.03561720   0.02069530
 -0.03561440   0.02058010
 -0.03561150   0.02046490
 -0.03560860   0.02034960
 -0.03560570   0.02023440
 -0.03560290   0.02011920
 -0.03560000   0.02000390
 -0.03559710   0.01988870
 -0.03559420   0.01977350
 -0.03559130   0.01965820
 -0.03558850   0.01954300
 -0.03558560   0.01942780
 -0.03558270   0.01931250
 -0.03557980   0.01919730
 -0.03557700   0.01908210
 -0.03557410   0.01896680
 -0.03557120   0.01885160
 -0.03556830   0.01873640
 -0.03556540   0.01862110
 -0.03556260   0.01850590
 -0.03555970   0.01839070
 -0.03555680   0.01827540
 -0.03555390   0.01816020
 -0.03555110   0.01804500
 -0.03554820   0.01792970
 -0.03554530   0.01781450
 -0.03554240   0.01769930
 -0.03553960   0.01758400
 -0.03553670   0.01746880
 -0.03553380   0.01735360
 -0.03553090   0.01723830
 -0.03552800   0.01712310
 -0.03552520   0.01700790
 -0.03552230   0.01689260
 -0.03551940   0.01677740
 -0.03551650   0.01666220
 -0.03551370   0.01654690
 -0.03551080   0.01643170
 -0.03550790   0.01631650
 -0.03550500   0.01620120
 -0.03550210   0.01608600
 -0.03549930   0.01597080
 -0.03549640   0.01585550
 -0.03549350   0.01574030
 -0.03549060   0.01562510
 -0.03548780   0.01550980
 -0.03548490   0.01539460
 -0.03548200   0.01527940
 -0.03547910   0.01516410
 -0.03547550   0.01504890
 -0.03547090   0.01493370
 -0.03546520   0.01481860
 -0.03545850   0.01470350
 -0.03545080   0.01458850
 -0.03544210   0.01447360
 -0.03543240   0.01435870
 -0.03542160   0.01424390
 -0.03540990   0.01412930
 -0.03539710   0.01401470
 -0.03538330   0.01390030
 -0.03536840   0.01378600
 -0.03535260   0.01367180
 -0.03533580   0.01355780
 -0.03531790   0.01344390
 -0.03529910   0.01333020
 -0.03527920   0.01321660
 -0.03525830   0.01310330
 -0.03523640   0.01299010
 -0.03521360   0.01287710
 -0.03518970   0.01276430
 -0.03516480   0.01265180
 -0.03513890   0.01253950
 -0.03511200   0.01242740
 -0.03508420   0.01231550
 -0.03505530   0.01220390
 -0.03502550   0.01209260
 -0.03499460   0.01198150
 -0.03496280   0.01187070
 -0.03493000   0.01176020
 -0.03489630   0.01165000
 -0.03486150   0.01154010
 -0.03482580   0.01143050
 -0.03478910   0.01132120
 -0.03475140   0.01121230
 -0.03471280   0.01110370
 -0.03467320   0.01099540
 -0.03463270   0.01088750
 -0.03459120   0.01078000
 -0.03454870   0.01067280
 -0.03450530   0.01056600
 -0.03446100   0.01045960
 -0.03441570   0.01035360
 -0.03436950   0.01024800
 -0.03432230   0.01014290
 -0.03427420   0.01003810
 -0.03422520   0.00993380
 -0.03417530   0.00982990
 -0.03412440   0.00972640
 -0.03407260   0.00962350
 -0.03401990   0.00952090
 -0.03396630   0.00941890
 -0.03391180   0.00931730
 -0.03385640   0.00921620
 -0.03380020   0.00911560
 -0.03374300   0.00901550
 -0.03368490   0.00891600
 -0.03362600   0.00881690
 -0.03356610   0.00871840
 -0.03350550   0.00862040
 -0.03344390   0.00852290
 -0.03338150   0.00842600
 -0.03331820   0.00832970
 -0.03325410   0.00823390
 -0.03318910   0.00813870
 -0.03312330   0.00804410
 -0.03305660   0.00795000
 -0.03298910   0.00785660
 -0.03292080   0.00776370
 -0.03285170   0.00767150
 -0.03278170   0.00757990
 -0.03271100   0.00748890
 -0.03263940   0.00739850
 -0.03256710   0.00730880
 -0.03249390   0.00721970
 -0.03242000   0.00713120
 -0.03234530   0.00704350
 -0.03226980   0.00695640
 -0.03219350   0.00686990
 -0.03211650   0.00678420
 -0.03203870   0.00669910
 -0.03196020   0.00661470
 -0.03188090   0.00653110
 -0.03180090   0.00644810
 -0.03172010   0.00636580
 -0.03163860   0.00628430
 -0.03155640   0.00620350
 -0.03147350   0.00612340
 -0.03138990   0.00604410
 -0.03130560   0.00596550
 -0.03122060   0.00588760
 -0.03113490   0.00581050
 -0.03104850   0.00573420
 -0.03096140   0.00565870
 -0.03087370   0.00558390
 -0.03078530   0.00550990
 -0.03069630   0.00543670
 -0.03060660   0.00536420
 -0.03051630   0.00529260
 -0.03042540   0.00522180
 -0.03033380   0.00515180
 -0.03024160   0.00508260
 -0.03014880   0.00501420
 -0.03005540   0.00494670
 -0.02996140   0.00487990
 -0.02986680   0.00481410
 -0.02977170   0.00474900
 -0.02967590   0.00468480
 -0.02957960   0.00462150
 -0.02948270   0.00455900
 -0.02938530   0.00449740
 -0.02928740   0.00443660
 -0.02918890   0.00437670
 -0.02908990   0.00431770
 -0.02899030   0.00425960
 -0.02889030   0.00420230
 -0.02878970   0.00414600
 -0.02868870   0.00409050
 -0.02858720   0.00403590
 -0.02848510   0.00398230
 -0.02838270   0.00392950
 -0.02827970   0.00387760
 -0.02817630   0.00382670
 -0.02807250   0.00377670
 -0.02796820   0.00372760
 -0.02786340   0.00367940
 -0.02775830   0.00363220
 -0.02765270   0.00358590
 -0.02754680   0.00354050
 -0.02744040   0.00349610
 -0.02733360   0.00345260
 -0.02722650   0.00341010
 -0.02711900   0.00336850
 -0.02701110   0.00332790
 -0.02690290   0.00328830
 -0.02679430   0.00324960
 -0.02668540   0.00321180
 -0.02657610   0.00317500
 -0.02646660   0.00313920
 -0.02635670   0.00310440
 -0.02624650   0.00307060
 -0.02613600   0.00303770
 -0.02602530   0.00300580
 -0.02591420   0.00297490
 -0.02580290   0.00294500
 -0.02569130   0.00291590
 -0.02557970   0.00288720
 -0.02546810   0.00285850
 -0.02535640   0.00283010
 -0.02524460   0.00280180
 -0.02513280   0.00277360
 -0.02502100   0.00274570
 -0.02490910   0.00271780
 -0.02479720   0.00269020
 -0.02468530   0.00266270
 -0.02457330   0.00263540
 -0.02446130   0.00260820
 -0.02434920   0.00258120
 -0.02423710   0.00255430
 -0.02412500   0.00252760
 -0.02401280   0.00250110
 -0.02390060   0.00247480
 -0.02378840   0.00244860
 -0.02367610   0.00242250
 -0.02356370   0.00239660
 -0.02345140   0.00237090
 -0.02333900   0.00234540
 -0.02322650   0.00232000
 -0.02311410   0.00229470
 -0.02300160   0.00226970
 -0.02288900   0.00224480
 -0.02277640   0.00222000
 -0.02266380   0.00219540
 -0.02255120   0.00217100
 -0.02243850   0.00214680
 -0.02232570   0.00212270
 -0.02221300   0.00209870
 -0.02210020   0.00207500
 -0.02198740   0.00205140
 -0.02187450   0.00202790
 -0.02176160   0.00200460
 -0.02164870   0.00198150
 -0.02153570   0.00195860
 -0.02142270   0.00193580
 -0.02130970   0.00191310
 -0.02119660   0.00189070
 -0.02108360   0.00186840
 -0.02097040   0.00184620
 -0.02085730   0.00182420
 -0.02074410   0.00180240
 -0.02063090   0.00178080
 -0.02051760   0.00175930
 -0.02040430   0.00173800
 -0.02029100   0.00171680
 -0.02017770   0.00169580
 -0.02006430   0.00167500
 -0.01995090   0.00165430
 -0.01983750   0.00163380
 -0.01972400   0.00161340
 -0.01961050   0.00159320
 -0.01949700   0.00157320
 -0.01938350   0.00155340
 -0.01926990   0.00153370
 -0.01915630   0.00151410
 -0.01904270   0.00149480
 -0.01892900   0.00147560
 -0.01881530   0.00145650
 -0.01870160   0.00143770
 -0.01858790   0.00141900
 -0.01847410   0.00140040
 -0.01836030   0.00138200
 -0.01824650   0.00136380
 -0.01813260   0.00134580
 -0.01801880   0.00132790
 -0.01790490   0.00131010
 -0.01779090   0.00129260
 -0.01767700   0.00127520
 -0.01756300   0.00125800
 -0.01744900   0.00124090
 -0.01733500   0.00122400
 -0.01722100   0.00120720
 -0.01710690   0.00119070
 -0.01699280   0.00117430
 -0.01687870   0.00115800
 -0.01676450   0.00114190
 -0.01665040   0.00112600
 -0.01653620   0.00111030
 -0.01642200   0.00109470
 -0.01630770   0.00107920
 -0.01619350   0.00106400
 -0.01607920   0.00104890
 -0.01596490   0.00103400
 -0.01585060   0.00101920
 -0.01573620   0.00100460
 -0.01562190   0.00099020
 -0.01550750   0.00097590
 -0.01539310   0.00096180
 -0.01527870   0.00094780
 -0.01516420   0.00093410
 -0.01504980   0.00092040
 -0.01493530   0.00090700
 -0.01482080   0.00089370
 -0.01470630   0.00088060
 -0.01459170   0.00086760
 -0.01447720   0.00085490
 -0.01436260   0.00084220
 -0.01424800   0.00082980
 -0.01413340   0.00081750
 -0.01401870   0.00080540
 -0.01390410   0.00079340
 -0.01378940   0.00078160
 -0.01367480   0.00077000
 -0.01356010   0.00075850
 -0.01344530   0.00074720
 -0.01333060   0.00073610
 -0.01321590   0.00072510
 -0.01310110   0.00071430
 -0.01298630   0.00070370
 -0.01287150   0.00069320
 -0.01275670   0.00068290
 -0.01264190   0.00067270
 -0.01252710   0.00066280
 -0.01241220   0.00065290
 -0.01229740   0.00064330
 -0.01218250   0.00063380
 -0.01206760   0.00062450
 -0.01195270   0.00061530
 -0.01183780   0.00060640
 -0.01172280   0.00059750
 -0.01160790   0.00058890
 -0.01149290   0.00058040
 -0.01137800   0.00057210
 -0.01126300   0.00056390
 -0.01114800   0.00055590
 -0.01103300   0.00054810
 -0.01091800   0.00054050
 -0.01080290   0.00053300
 -0.01068790   0.00052560
 -0.01057290   0.00051850
 -0.01045780   0.00051150
 -0.01034270   0.00050470
 -0.01022770   0.00049810
 -0.01011260   0.00049150
 -0.00999750   0.00048490
 -0.00988240   0.00047840
 -0.00976730   0.00047190
 -0.00965220   0.00046540
 -0.00953710   0.00045900
 -0.00942200   0.00045270
 -0.00930690   0.00044640
 -0.00919180   0.00044010
 -0.00907670   0.00043390
 -0.00896160   0.00042770
 -0.00884650   0.00042160
 -0.00873140   0.00041550
 -0.00861630   0.00040950
 -0.00850120   0.00040350
 -0.00838610   0.00039750
 -0.00827100   0.00039160
 -0.00815580   0.00038570
 -0.00804070   0.00037990
 -0.00792560   0.00037410
 -0.00781050   0.00036840
 -0.00769530   0.00036270
 -0.00758020   0.00035710
 -0.00746510   0.00035150
 -0.00734990   0.00034590
 -0.00723480   0.00034040
 -0.00711970   0.00033490
 -0.00700450   0.00032950
 -0.00688940   0.00032410
 -0.00677420   0.00031880
 -0.00665910   0.00031350
 -0.00654390   0.00030830
 -0.00642880   0.00030310
 -0.00631360   0.00029790
 -0.00619850   0.00029280
 -0.00608330   0.00028770
 -0.00596820   0.00028270
 -0.00585300   0.00027770
 -0.00573780   0.00027280
 -0.00562270   0.00026790
 -0.00550750   0.00026300
 -0.00539230   0.00025820
 -0.00527720   0.00025350
 -0.00516200   0.00024880
 -0.00504680   0.00024410
 -0.00493160   0.00023950
 -0.00481650   0.00023490
 -0.00470130   0.00023030
 -0.00458610   0.00022580
 -0.00447090   0.00022140
 -0.00435570   0.00021700
 -0.00424050   0.00021260
 -0.00412530   0.00020830
 -0.00401020   0.00020400
 -0.00389500   0.00019980
 -0.00377980   0.00019560
 -0.00366460   0.00019150
 -0.00354940   0.00018740
 -0.00343420   0.00018330
 -0.00331900   0.00017930
 -0.00320380   0.00017540
 -0.00308860   0.00017140
 -0.00297340   0.00016760
 -0.00285820   0.00016370
 -0.00274300   0.00016000
 -0.00262780   0.00015620
 -0.00251250   0.00015250
 -0.00239730   0.00014890
 -0.00228210   0.00014530
 -0.00216690   0.00014170
 -0.00205170   0.00013820
 -0.00193650   0.00013470
 -0.00182130   0.00013130
 -0.00170600   0.00012790
 -0.00159080   0.00012450
 -0.00147560   0.00012120
 -0.00136040   0.00011800
 -0.00124510   0.00011480
 -0.00112990   0.00011160
 -0.00101470   0.00010850
 -0.00089950   0.00010540
 -0.00078420   0.00010240
 -0.00066900   0.00009940
 -0.00055380   0.00009640
 -0.00043850   0.00009350
 -0.00032330   0.00009070
 -0.00020810   0.00008790
 -0.00009280   0.00008510
  0.00002240   0.00008240
  0.00013760   0.00007970
  0.00025290   0.00007710
  0.00036810   0.00007450
  0.00048340   0.00007190
  0.00059860   0.00006940
  0.00071390   0.00006700
  0.00082910   0.00006460
  0.00094430   0.00006220
  0.00105960   0.00005990
  0.00117480   0.00005760
  0.00129010   0.00005530
  0.00140530   0.00005320
  0.00152060   0.00005100
  0.00163580   0.00004890
  0.00175110   0.00004680
  0.00186630   0.00004480
  0.00198160   0.00004290
  0.00209680   0.00004090
  0.00221210   0.00003900
  0.00232730   0.00003720
  0.00244260   0.00003540
  0.00255790   0.00003370
  0.00267310   0.00003200
  0.00278840   0.00003030
  0.00290360   0.00002870
  0.00301890   0.00002710
  0.00313420   0.00002560
  0.00324940   0.00002410
  0.00336470   0.00002270
  0.00347990   0.00002130
  0.00359520   0.00001990
  0.00371050   0.00001860
  0.00382570   0.00001740
  0.00394100   0.00001610
  0.00405620   0.00001500
  0.00417150   0.00001380
  0.00428680   0.00001270
  0.00440200   0.00001170
  0.00451730   0.00001070
  0.00463260   0.00000980
  0.00474780   0.00000890
  0.00486310   0.00000800
  0.00497840   0.00000720
  0.00509360   0.00000640
  0.00520890   0.00000570
  0.00532420   0.00000500
  0.00543940   0.00000430
  0.00555470   0.00000370
  0.00567000   0.00000320
  0.00578520   0.00000270
  0.00590050   0.00000220
  0.00601580   0.00000180
  0.00613100   0.00000140
  0.00624630   0.00000110
  0.00636160   0.00000080
  0.00647690   0.00000060
  0.00659210   0.00000040
  0.00670740   0.00000020
  0.00682270   0.00000010
  0.00693790  -0.00000000
  0.00705320  -0.00000000
  0.00725697  -0.00000000
  0.00746205  -0.00000000
  0.00766707  -0.00000000
  0.00787215  -0.00000000
  0.00807725  -0.00000000
  0.00828225  -0.00000000
  0.00848735  -0.00000000
  0.00869235  -0.00000000
  0.00889745  -0.00000000
  0.00910252  -0.00000000
  0.00930755  -0.00000000
  0.00951262  -0.00000000
  0.00971772  -0.00000000
  0.00992272  -0.00000000
  0.01012782  -0.00000000
  0.01033285  -0.00000000
  0.01053792  -0.00000000
  0.01074302  -0.00000000
  0.01094802  -0.00000000
  0.01115312  -0.00000000
  0.01135812  -0.00000000
  0.01156322  -0.00000000
  0.01176829  -0.00000000
  0.01197332  -0.00000000
  0.01217839  -0.00000000
  0.01238342  -0.00000000
  0.01258849  -0.00000000
  0.01279359  -0.00000000
  0.01299859  -0.00000000
  0.01320369  -0.00000000
  0.01340872  -0.00000000
  0.01361379  -0.00000000
  0.01381889  -0.00000000
  0.01402389  -0.00000000
  0.01422899  -0.00000000
  0.01443399  -0.00000000
  0.01463909  -0.00000000
  0.01484417  -0.00000000
  0.01504919  -0.00000000
  0.01525427  -0.00000000
  0.01545929  -0.00000000
  0.01566437  -0.00000000
  0.01586947  -0.00000000
  0.01607447  -0.00000000
  0.01627957  -0.00000000
  0.01648459  -0.00000000
  0.01668967  -0.00000000
  0.01689477  -0.00000000
  0.01709977  -0.00000000
  0.01730487  -0.00000000
  0.01750987  -0.00000000
  0.01771497  -0.00000000
  0.01792004  -0.00000000
  0.01812507  -0.00000000
  0.01833014  -0.00000000
  0.01853517  -0.00000000
  0.01874024  -0.00000000
  0.01894534  -0.00000000
  0.01915034  -0.00000000
  0.01935544  -0.00000000
  0.01956047  -0.00000000
  0.01976554  -0.00000000
  0.01997064  -0.00000000
  0.02017564  -0.00000000
  0.02038074  -0.00000000
  0.02058574  -0.00000000
  0.02079084  -0.00000000
  0.02099591  -0.00000000
  0.02120094  -0.00000000
  0.02140601  -0.00000000
  0.02161104  -0.00000000
  0.02181611  -0.00000000
  0.02202121  -0.00000000
  0.02222621  -0.00000000
  0.02243131  -0.00000000
  0.02263634  -0.00000000
  0.02284141  -0.00000000
  0.02304651  -0.00000000
  0.02325151  -0.00000000
  0.02345661  -0.00000000
  0.02366161  -0.00000000
  0.02386671  -0.00000000
  0.02407179   0.00000003
  0.02427681   0.00000005
  0.02448189   0.00000010
  0.02468691   0.00000018
  0.02489199   0.00000026
  0.02509709   0.00000037
  0.02530209   0.00000050
  0.02550719   0.00000063
  0.02571219   0.00000079
  0.02591729   0.00000094
  0.02612236   0.00000113
  0.02632739   0.00000134
  0.02653249   0.00000154
  0.02673749   0.00000178
  0.02694259   0.00000204
  0.02714766   0.00000230
  0.02735266   0.00000259
  0.02755776   0.00000288
  0.02776276   0.00000319
  0.02796786   0.00000353
  0.02817294   0.00000390
  0.02837796   0.00000427
  0.02858304   0.00000463
  0.02878806   0.00000503
  0.02899314   0.00000544
  0.02919824   0.00000589
  0.02940324   0.00000633
  0.02960831   0.00000681
  0.02981341   0.00000728
  0.03001841   0.00000777
  0.03022351   0.00000830
  0.03042851   0.00000882
  0.03063358   0.00000937
  0.03083868   0.00000995
  0.03104368   0.00001052
  0.03124876   0.00001113
  0.03145378   0.00001175
  0.03165886   0.00001238
  0.03186393   0.00001301
  0.03206896   0.00001369
  0.03227403   0.00001437
  0.03247903   0.00001505
  0.03268413   0.00001578
  0.03288920   0.00001652
  0.03309420   0.00001725
  0.03329928   0.00001801
  0.03350430   0.00001880
  0.03370938   0.00001961
  0.03391445   0.00002042
  0.03411945   0.00002123
  0.03432453   0.00002209
  0.03452953   0.00002296
  0.03473460   0.00002382
  0.03493970   0.00002471
  0.03514470   0.00002563
  0.03534977   0.00002657
  0.03555477   0.00002751
  0.03575985   0.00002848
  0.03596492   0.00002945
  0.03616992   0.00003044
  0.03637500   0.00003147
  0.03658000   0.00003249
  0.03678507   0.00003353
  0.03699014   0.00003458
  0.03719514   0.00003568
  0.03740022   0.00003675
  0.03760519   0.00003788
  0.03781026   0.00003900
  0.03801534   0.00004016
  0.03822034   0.00004131
  0.03842541   0.00004249
  0.03863041   0.00004366
  0.03883546   0.00004489
  0.03904053   0.00004612
  0.03924553   0.00004735
  0.03945058   0.00004861
  0.03965558   0.00004989
  0.03986065   0.00005118
  0.04006570   0.00005249
  0.04027070   0.00005382
  0.04047578   0.00005516
  0.04068075   0.00005652
  0.04088582   0.00005790
  0.04109087   0.00005929
  0.04129587   0.00006071
  0.04150092   0.00006212
  0.04170589   0.00006356
  0.04191097   0.00006502
  0.04211601   0.00006649
  0.04232101   0.00006798
  0.04252606   0.00006950
  0.04273104   0.00007102
  0.04293611   0.00007256
  0.04314116   0.00007411
  0.04334613   0.00007568
  0.04355118   0.00007728
  0.04375615   0.00007887
  0.04396120   0.00008050
  0.04416627   0.00008214
  0.04437125   0.00008379
  0.04457630   0.00008547
  0.04478127   0.00008717
  0.04498632   0.00008887
  0.04519136   0.00009057
  0.04539634   0.00009233
  0.04560139   0.00009408
  0.04580633   0.00009586
  0.04601138   0.00009764
  0.04621643   0.00009945
  0.04642140   0.00010125
  0.04662645   0.00010311
  0.04683140   0.00010495
  0.04703645   0.00010683
  0.04724149   0.00010871
  0.04744644   0.00011063
  0.04765149   0.00011254
  0.04785644   0.00011447
  0.04806148   0.00011644
  0.04826651   0.00011840
  0.04847148   0.00012039
  0.04867650   0.00012238
  0.04888155   0.00012440
  0.04908650   0.00012644
  0.04929152   0.00012851
  0.04949647   0.00013057
  0.04970151   0.00013264
  0.04990653   0.00013479
  0.05011148   0.00013701
  0.05031648   0.00013929
  0.05052143   0.00014162
  0.05072645   0.00014403
  0.05093144   0.00014649
  0.05113636   0.00014903
  0.05134136   0.00015162
  0.05154628   0.00015426
  0.05175125   0.00015696
  0.05195624   0.00015973
  0.05216114   0.00016259
  0.05236611   0.00016547
  0.05257100   0.00016843
  0.05277597   0.00017146
  0.05298092   0.00017455
  0.05318579   0.00017769
  0.05339075   0.00018089
  0.05359560   0.00018416
  0.05380054   0.00018748
  0.05400546   0.00019089
  0.05421033   0.00019434
  0.05441524   0.00019785
  0.05462006   0.00020144
  0.05482498   0.00020507
  0.05502987   0.00020877
  0.05523468   0.00021253
  0.05543957   0.00021636
  0.05564437   0.00022023
  0.05584926   0.00022418
  0.05605412   0.00022819
  0.05625888   0.00023227
  0.05646375   0.00023641
  0.05666851   0.00024060
  0.05687335   0.00024484
  0.05707819   0.00024916
  0.05728293   0.00025355
  0.05748774   0.00025798
  0.05769248   0.00026248
  0.05789726   0.00026704
  0.05810205   0.00027167
  0.05830676   0.00027658
  0.05851155   0.00028154
  0.05871623   0.00028680
  0.05892099   0.00029218
  0.05912573   0.00029787
  0.05933041   0.00030358
  0.05953515   0.00030959
  0.05973978   0.00031576
  0.05994449   0.00032219
  0.06014912   0.00032868
  0.06035383   0.00033545
  0.06055844   0.00034237
  0.06076312   0.00034948
  0.06096770   0.00035682
  0.06117238   0.00036434
  0.06137693   0.00037204
  0.06158159   0.00037991
  0.06178614   0.00038800
  0.06199067   0.00039630
  0.06219530   0.00040474
  0.06239983   0.00041336
  0.06260433   0.00042224
  0.06280884   0.00043129
  0.06301341   0.00044049
  0.06321789   0.00044989
  0.06342236   0.00045951
  0.06362682   0.00046926
  0.06383129   0.00047929
  0.06403572   0.00048944
  0.06424014   0.00049982
  0.06444456   0.00051033
  0.06464899   0.00052106
  0.06485336   0.00053199
  0.06505776   0.00054312
  0.06526213   0.00055445
  0.06546643   0.00056593
  0.06567077   0.00057761
  0.06587509   0.00058952
  0.06607936   0.00060156
  0.06628366   0.00061387
  0.06648790   0.00062630
  0.06669220   0.00063889
  0.06689639   0.00065175
  0.06710058   0.00066474
  0.06730475   0.00067796
  0.06750899   0.00069137
  0.06771316   0.00070491
  0.06791727   0.00071875
  0.06812141   0.00073272
  0.06832553   0.00074681
  0.06852962   0.00076120
  0.06873363   0.00077572
  0.06893769   0.00079044
  0.06914176   0.00080538
  0.06934574   0.00082045
  0.06954978   0.00083573
  0.06975372   0.00085120
  0.06995773   0.00086689
  0.07016164   0.00088279
  0.07036552   0.00089884
  0.07056943   0.00091506
  0.07077329   0.00093144
  0.07097715   0.00094812
  0.07118100   0.00096489
  0.07138483   0.00098189
  0.07158857   0.00099910
  0.07179237   0.00101645
  0.07199608   0.00103400
  0.07219986   0.00105176
  0.07240353   0.00106971
  0.07260719   0.00108782
  0.07281084   0.00110613
  0.07301451   0.00112474
  0.07321796   0.00114384
  0.07342138   0.00116340
  0.07362467   0.00118353
  0.07382780   0.00120464
  0.07403080   0.00122664
  0.07423360   0.00124941
  0.07443630   0.00127300
  0.07463886   0.00129747
  0.07484122   0.00132282
  0.07504337   0.00134896
  0.07524539   0.00137591
  0.07544718   0.00140378
  0.07564885   0.00143239
  0.07585028   0.00146194
  0.07605157   0.00149222
  0.07625262   0.00152343
  0.07645345   0.00155535
  0.07665411   0.00158822
  0.07685450   0.00162186
  0.07705470   0.00165630
  0.07725468   0.00169160
  0.07745443   0.00172765
  0.07765393   0.00176457
  0.07785314   0.00180227
  0.07805219   0.00184082
  0.07825089   0.00188020
  0.07844940   0.00192037
  0.07864763   0.00196130
  0.07884568   0.00200308
  0.07904335   0.00204562
  0.07924075   0.00208899
  0.07943795   0.00213319
  0.07963477   0.00217808
  0.07983137   0.00222389
  0.08002767   0.00227044
  0.08022361   0.00231772
  0.08041931   0.00236585
  0.08061463   0.00241472
  0.08080972   0.00246439
  0.08100452   0.00251481
  0.08119888   0.00256597
  0.08139296   0.00261803
  0.08158671   0.00267073
  0.08178015   0.00272422
  0.08197322   0.00277855
  0.08216599   0.00283351
  0.08235842   0.00288933
  0.08255044   0.00294589
  0.08274213   0.00300314
  0.08293348   0.00306115
  0.08312439   0.00311998
  0.08331497   0.00317944
  0.08350519   0.00323971
  0.08369504   0.00330065
  0.08388449   0.00336238
  0.08407357   0.00342480
  0.08426229   0.00348801
  0.08445056   0.00355190
  0.08463841   0.00361646
  0.08482594   0.00368178
  0.08501304   0.00374780
  0.08519968   0.00381455
  0.08538596   0.00388192
  0.08557178   0.00395010
  0.08575721   0.00401886
  0.08594220   0.00408839
  0.08612678   0.00415863
  0.08631092   0.00422954
  0.08649465   0.00430111
  0.08667784   0.00437330
  0.08686065   0.00444654
  0.08704237   0.00452248
  0.08722290   0.00460150
  0.08740230   0.00468353
  0.08758047   0.00476861
  0.08775727   0.00485669
  0.08793277   0.00494777
  0.08810685   0.00504176
  0.08827948   0.00513871
  0.08845057   0.00523858
  0.08862008   0.00534129
  0.08878798   0.00544696
  0.08895430   0.00555537
  0.08911885   0.00566660
  0.08928174   0.00578066
  0.08944271   0.00589744
  0.08960186   0.00601694
  0.08975920   0.00613910
  0.08991451   0.00626401
  0.09006790   0.00639148
  0.09021918   0.00652159
  0.09036844   0.00665417
  0.09051555   0.00678934
  0.09066055   0.00692698
  0.09080331   0.00706711
  0.09094382   0.00720964
  0.09108201   0.00735456
  0.09121794   0.00750187
  0.09135144   0.00765145
  0.09148255   0.00780326
  0.09161123   0.00795728
  0.09173743   0.00811355
  0.09186109   0.00827189
  0.09198215   0.00843240
  0.09210065   0.00859496
  0.09221647   0.00875947
  0.09232971   0.00892602
  0.09244022   0.00909447
  0.09254798   0.00926477
  0.09265293   0.00943697
  0.09275513   0.00961095
  0.09285452   0.00978665
  0.09295102   0.00996402
  0.09304463   0.01014307
  0.09313537   0.01032370
  0.09322311   0.01050584
  0.09330792   0.01068950
  0.09338976   0.01087466
  0.09346855   0.01106115
  0.09354423   0.01124907
  0.09361695   0.01143827
  0.09368659   0.01162866
  0.09375355   0.01182030
  0.09381771   0.01201297
  0.09387916   0.01220682
  0.09393778   0.01240173
  0.09399367   0.01259758
  0.09404663   0.01279438
  0.09409683   0.01299215
  0.09414418   0.01319065
  0.09418855   0.01338997
  0.09423012   0.01359010
  0.09426883   0.01379081
  0.09430457   0.01399227
  0.09433742   0.01419427
  0.09436735   0.01439683
  0.09439430   0.01459984
  0.09441830   0.01480329
  0.09443944   0.01500711
  0.09445753   0.01521130
  0.09447267   0.01541571
  0.09448488   0.01562041
  0.09449404   0.01582519
  0.09450034   0.01603019
  0.09450544   0.01623522
  0.09451054   0.01644022
  0.09451566   0.01664514
  0.09452083   0.01685014
  0.09452593   0.01705514
  0.09453106   0.01726014
  0.09453615   0.01746514
  0.09454125   0.01767014
  0.09454638   0.01787514
  0.09455155   0.01808017
  0.09455667   0.01828517
  0.09456177   0.01849010
  0.09456687   0.01869510
  0.09457199   0.01890010
  0.09457709   0.01910510
  0.09458219   0.01931010
  0.09458739   0.01951510
  0.09459248   0.01972010
  0.09459758   0.01992510
  0.09460271   0.02013012
  0.09460780   0.02033505
  0.09461290   0.02054005
  0.09461803   0.02074505
  0.09462320   0.02095005
  0.09462832   0.02115505
  0.09463342   0.02136005
  0.09463852   0.02156505
  0.09464364   0.02177005
  0.09464874   0.02197505
  0.09465391   0.02218000
  0.09465904   0.02238500
  0.09466413   0.02259000
  0.09466923   0.02279500
  0.09467435   0.02300000
