 -0.03725000   0.02300000
 -0.03722574   0.02290317
 -0.03720159   0.02280634
 -0.03717733   0.02270951
 -0.03715317   0.02261259
 -0.03712891   0.02251576
 -0.03710476   0.02241892
 -0.03708050   0.02232209
 -0.03705634   0.02222526
 -0.03703209   0.02212844
 -0.03700792   0.02203151
 -0.03698367   0.02193468
 -0.03695951   0.02183785
 -0.03693526   0.02174102
 -0.03691100   0.02164419
 -0.03688684   0.02154736
 -0.03686259   0.02145044
 -0.03683843   0.02135361
 -0.03681417   0.02125677
 -0.03679001   0.02115994
 -0.03676576   0.02106311
 -0.03674159   0.02096629
 -0.03671734   0.02086936
 -0.03669318   0.02077253
 -0.03666892   0.02067570
 -0.03664467   0.02057887
 -0.03662051   0.02048204
 -0.03659626   0.02038521
 -0.03657209   0.02028829
 -0.03654784   0.02019146
 -0.03652368   0.02009463
 -0.03649943   0.01999779
 -0.03647526   0.01990096
 -0.03645101   0.01980414
 -0.03642685   0.01970721
 -0.03640259   0.01961038
 -0.03637844   0.01951355
 -0.03635418   0.01941672
 -0.03632993   0.01931989
 -0.03630576   0.01922306
 -0.03628151   0.01912623
 -0.03625735   0.01902931
 -0.03623309   0.01893248
 -0.03620894   0.01883564
 -0.03618468   0.01873881
 -0.03616052   0.01864199
 -0.03613626   0.01854516
 -0.03611211   0.01844823
 -0.03608785   0.01835140
 -0.03606369   0.01825457
 -0.03603944   0.01815774
 -0.03601518   0.01806091
 -0.03599102   0.01796408
 -0.03596676   0.01786716
 -0.03594261   0.01777033
 -0.03591835   0.01767349
 -0.03589419   0.01757666
 -0.03586994   0.01747984
 -0.03584578   0.01738301
 -0.03582152   0.01728608
 -0.03579736   0.01718925
 -0.03577311   0.01709242
 -0.03574885   0.01699559
 -0.03572469   0.01689876
 -0.03570044   0.01680193
 -0.03567628   0.01670501
 -0.03565202   0.01660817
 -0.03562786   0.01651134
 -0.03560361   0.01641451
 -0.03557944   0.01631769
 -0.03555519   0.01622086
 -0.03553103   0.01612393
 -0.03550678   0.01602710
 -0.03548261   0.01593027
 -0.03545836   0.01583344
 -0.03543411   0.01573661
 -0.03540994   0.01563978
 -0.03538569   0.01554295
 -0.03536153   0.01544603
 -0.03533728   0.01534919
 -0.03531311   0.01525237
 -0.03528886   0.01515554
 -0.03526470   0.01505871
 -0.03524044   0.01496187
 -0.03521629   0.01486495
 -0.03519203   0.01476812
 -0.03516787   0.01467129
 -0.03514361   0.01457446
 -0.03511936   0.01447763
 -0.03509520   0.01438080
 -0.03507094   0.01428388
 -0.03504679   0.01418704
 -0.03502253   0.01409022
 -0.03499837   0.01399339
 -0.03497411   0.01389656
 -0.03494996   0.01379972
 -0.03492570   0.01370280
 -0.03490154   0.01360597
 -0.03487729   0.01350914
 -0.03485303   0.01341231
 -0.03482887   0.01331548
 -0.03480462   0.01321865
 -0.03478046   0.01312173
 -0.03475620   0.01302489
 -0.03473204   0.01292807
 -0.03470779   0.01283124
 -0.03468362   0.01273441
 -0.03465937   0.01263758
 -0.03463521   0.01254065
 -0.03461096   0.01244382
 -0.03458670   0.01234699
 -0.03456169   0.01225035
 -0.03453613   0.01215389
 -0.03450972   0.01205763
 -0.03448265   0.01196154
 -0.03445493   0.01186565
 -0.03442646   0.01176995
 -0.03439733   0.01167453
 -0.03436744   0.01157929
 -0.03433691   0.01148424
 -0.03430562   0.01138947
 -0.03427368   0.01129489
 -0.03424099   0.01120059
 -0.03420764   0.01110648
 -0.03417364   0.01101265
 -0.03413898   0.01091910
 -0.03410357   0.01082583
 -0.03406750   0.01073275
 -0.03403068   0.01064005
 -0.03399331   0.01054753
 -0.03395518   0.01045539
 -0.03391638   0.01036344
 -0.03387689   0.01027187
 -0.03383662   0.01018059
 -0.03379576   0.01008960
 -0.03375411   0.00999890
 -0.03371186   0.00990859
 -0.03366883   0.00981856
 -0.03362521   0.00972883
 -0.03358080   0.00963949
 -0.03353570   0.00955053
 -0.03349001   0.00946186
 -0.03344354   0.00937357
 -0.03339647   0.00928568
 -0.03334871   0.00919807
 -0.03330026   0.00911094
 -0.03325112   0.00902411
 -0.03320139   0.00893767
 -0.03315097   0.00885161
 -0.03309986   0.00876594
 -0.03304806   0.00868066
 -0.03299567   0.00859585
 -0.03294259   0.00851134
 -0.03288891   0.00842732
 -0.03283455   0.00834368
 -0.03277950   0.00826052
 -0.03272395   0.00817776
 -0.03266761   0.00809537
 -0.03261078   0.00801348
 -0.03255326   0.00793197
 -0.03249505   0.00785096
 -0.03243634   0.00777041
 -0.03237694   0.00769026
 -0.03231695   0.00761069
 -0.03225628   0.00753142
 -0.03219509   0.00745272
 -0.03213323   0.00737451
 -0.03207087   0.00729669
 -0.03200782   0.00721944
 -0.03194418   0.00714268
 -0.03188003   0.00706632
 -0.03181520   0.00699053
 -0.03174987   0.00691523
 -0.03168395   0.00684041
 -0.03161744   0.00676618
 -0.03155033   0.00669233
 -0.03148273   0.00661907
 -0.03141453   0.00654639
 -0.03134574   0.00647419
 -0.03127646   0.00640248
 -0.03120658   0.00633136
 -0.03113621   0.00626071
 -0.03106524   0.00619075
 -0.03099377   0.00612118
 -0.03092172   0.00605228
 -0.03084926   0.00598388
 -0.03077611   0.00591605
 -0.03070256   0.00584881
 -0.03062852   0.00578205
 -0.03055389   0.00571597
 -0.03047875   0.00565038
 -0.03040313   0.00558538
 -0.03032709   0.00552104
 -0.03025047   0.00545721
 -0.03017336   0.00539404
 -0.03009583   0.00533147
 -0.03001773   0.00526937
 -0.02993921   0.00520797
 -0.02986021   0.00514724
 -0.02978079   0.00508699
 -0.02970089   0.00502743
 -0.02962049   0.00496845
 -0.02953969   0.00491015
 -0.02945839   0.00485244
 -0.02937670   0.00479540
 -0.02929460   0.00473895
 -0.02921201   0.00468309
 -0.02912902   0.00462790
 -0.02904563   0.00457339
 -0.02896183   0.00451948
 -0.02887754   0.00446624
 -0.02879286   0.00441359
 -0.02870786   0.00436171
 -0.02862238   0.00431042
 -0.02853659   0.00425971
 -0.02845039   0.00420978
 -0.02836381   0.00416053
 -0.02827681   0.00411187
 -0.02818943   0.00406389
 -0.02810173   0.00401659
 -0.02801364   0.00396997
 -0.02792524   0.00392404
 -0.02783645   0.00387879
 -0.02774735   0.00383421
 -0.02765786   0.00379042
 -0.02756815   0.00374721
 -0.02747795   0.00370469
 -0.02738754   0.00366294
 -0.02729683   0.00362178
 -0.02720572   0.00358140
 -0.02711431   0.00354170
 -0.02702269   0.00350269
 -0.02693068   0.00346445
 -0.02683846   0.00342680
 -0.02674593   0.00339003
 -0.02665309   0.00335384
 -0.02655996   0.00331842
 -0.02646663   0.00328370
 -0.02637299   0.00324966
 -0.02627904   0.00321639
 -0.02618489   0.00318382
 -0.02609054   0.00315202
 -0.02599588   0.00312090
 -0.02590111   0.00309056
 -0.02580594   0.00306091
 -0.02571066   0.00303204
 -0.02561508   0.00300385
 -0.02551939   0.00297654
 -0.02542331   0.00295038
 -0.02532711   0.00292434
 -0.02523099   0.00289843
 -0.02513476   0.00287263
 -0.02503851   0.00284706
 -0.02494215   0.00282152
 -0.02484577   0.00279619
 -0.02474938   0.00277108
 -0.02465296   0.00274600
 -0.02455644   0.00272114
 -0.02445990   0.00269641
 -0.02436334   0.00267179
 -0.02426667   0.00264730
 -0.02416999   0.00262303
 -0.02407329   0.00259889
 -0.02397658   0.00257487
 -0.02387976   0.00255097
 -0.02378293   0.00252729
 -0.02368608   0.00250374
 -0.02358911   0.00248031
 -0.02349214   0.00245701
 -0.02339514   0.00243393
 -0.02329805   0.00241087
 -0.02320103   0.00238804
 -0.02310391   0.00236543
 -0.02300668   0.00234284
 -0.02290953   0.00232048
 -0.02281226   0.00229825
 -0.02271499   0.00227614
 -0.02261762   0.00225424
 -0.02252032   0.00223239
 -0.02242292   0.00221075
 -0.02232550   0.00218924
 -0.02222798   0.00216794
 -0.02213045   0.00214678
 -0.02203291   0.00212564
 -0.02193536   0.00210482
 -0.02183779   0.00208404
 -0.02174012   0.00206347
 -0.02164244   0.00204303
 -0.02154475   0.00202272
 -0.02144696   0.00200253
 -0.02134915   0.00198257
 -0.02125134   0.00196273
 -0.02115351   0.00194302
 -0.02105568   0.00192343
 -0.02095774   0.00190409
 -0.02085979   0.00188488
 -0.02076184   0.00186576
 -0.02066379   0.00184674
 -0.02056575   0.00182792
 -0.02046779   0.00180919
 -0.02036965   0.00179057
 -0.02027160   0.00177204
 -0.02017345   0.00175371
 -0.02007531   0.00173547
 -0.01997716   0.00171734
 -0.01987901   0.00169930
 -0.01978086   0.00168146
 -0.01968261   0.00166371
 -0.01958436   0.00164607
 -0.01948611   0.00162852
 -0.01938777   0.00161117
 -0.01928951   0.00159391
 -0.01919117   0.00157676
 -0.01909282   0.00155971
 -0.01899438   0.00154284
 -0.01889603   0.00152608
 -0.01879758   0.00150942
 -0.01869913   0.00149285
 -0.01860069   0.00147648
 -0.01850224   0.00146021
 -0.01840369   0.00144403
 -0.01830524   0.00142796
 -0.01820669   0.00141208
 -0.01810814   0.00139630
 -0.01800950   0.00138061
 -0.01791095   0.00136513
 -0.01781231   0.00134964
 -0.01771366   0.00133435
 -0.01761501   0.00131916
 -0.01751636   0.00130416
 -0.01741761   0.00128926
 -0.01731896   0.00127446
 -0.01722022   0.00125976
 -0.01712147   0.00124516
 -0.01702272   0.00123075
 -0.01692387   0.00121644
 -0.01682513   0.00120223
 -0.01672628   0.00118821
 -0.01662743   0.00117429
 -0.01652858   0.00116048
 -0.01642974   0.00114676
 -0.01633088   0.00113323
 -0.01623194   0.00111971
 -0.01613299   0.00110648
 -0.01603404   0.00109324
 -0.01593509   0.00108012
 -0.01583614   0.00106718
 -0.01573719   0.00105434
 -0.01563815   0.00104170
 -0.01553910   0.00102906
 -0.01544015   0.00101661
 -0.01534110   0.00100436
 -0.01524196   0.00099211
 -0.01514291   0.00098006
 -0.01504385   0.00096811
 -0.01494471   0.00095625
 -0.01484556   0.00094449
 -0.01474641   0.00093293
 -0.01464726   0.00092147
 -0.01454811   0.00091010
 -0.01444896   0.00089893
 -0.01434980   0.00088786
 -0.01425055   0.00087689
 -0.01415131   0.00086601
 -0.01405206   0.00085533
 -0.01395281   0.00084466
 -0.01385355   0.00083427
 -0.01375430   0.00082388
 -0.01365504   0.00081369
 -0.01355569   0.00080351
 -0.01345644   0.00079361
 -0.01335709   0.00078372
 -0.01325774   0.00077402
 -0.01315839   0.00076442
 -0.01305903   0.00075492
 -0.01295968   0.00074552
 -0.01286032   0.00073631
 -0.01276088   0.00072720
 -0.01266152   0.00071829
 -0.01256207   0.00070937
 -0.01246261   0.00070066
 -0.01236316   0.00069204
 -0.01226371   0.00068352
 -0.01216425   0.00067520
 -0.01206479   0.00066697
 -0.01196534   0.00065884
 -0.01186588   0.00065091
 -0.01176633   0.00064298
 -0.01166687   0.00063525
 -0.01156732   0.00062761
 -0.01146776   0.00062017
 -0.01136821   0.00061283
 -0.01126865   0.00060558
 -0.01116909   0.00059844
 -0.01106953   0.00059148
 -0.01096998   0.00058454
 -0.01087041   0.00057779
 -0.01077086   0.00057123
 -0.01067120   0.00056467
 -0.01057164   0.00055840
 -0.01047198   0.00055223
 -0.01037242   0.00054607
 -0.01027276   0.00053991
 -0.01017310   0.00053376
 -0.01007354   0.00052771
 -0.00997388   0.00052176
 -0.00987421   0.00051571
 -0.00977464   0.00050977
 -0.00967498   0.00050393
 -0.00957532   0.00049800
 -0.00947566   0.00049217
 -0.00937608   0.00048644
 -0.00927642   0.00048061
 -0.00917675   0.00047489
 -0.00907709   0.00046918
 -0.00897742   0.00046356
 -0.00887775   0.00045795
 -0.00877817   0.00045234
 -0.00867851   0.00044684
 -0.00857884   0.00044134
 -0.00847916   0.00043594
 -0.00837949   0.00043045
 -0.00827982   0.00042506
 -0.00818015   0.00041977
 -0.00808048   0.00041439
 -0.00798080   0.00040911
 -0.00788113   0.00040394
 -0.00778145   0.00039876
 -0.00768178   0.00039359
 -0.00758210   0.00038843
 -0.00748232   0.00038336
 -0.00738265   0.00037831
 -0.00728297   0.00037326
 -0.00718329   0.00036830
 -0.00708361   0.00036336
 -0.00698393   0.00035841
 -0.00688416   0.00035357
 -0.00678447   0.00034873
 -0.00668479   0.00034399
 -0.00658511   0.00033926
 -0.00648534   0.00033454
 -0.00638565   0.00032981
 -0.00628597   0.00032519
 -0.00618628   0.00032057
 -0.00608651   0.00031606
 -0.00598682   0.00031146
 -0.00588713   0.00030704
 -0.00578736   0.00030254
 -0.00568767   0.00029814
 -0.00558789   0.00029375
 -0.00548820   0.00028946
 -0.00538851   0.00028507
 -0.00528873   0.00028088
 -0.00518904   0.00027660
 -0.00508925   0.00027243
 -0.00498956   0.00026825
 -0.00488978   0.00026418
 -0.00479009   0.00026011
 -0.00469030   0.00025604
 -0.00459061   0.00025198
 -0.00449083   0.00024802
 -0.00439113   0.00024417
 -0.00429134   0.00024022
 -0.00419156   0.00023638
 -0.00409186   0.00023253
 -0.00399207   0.00022879
 -0.00389238   0.00022505
 -0.00379259   0.00022132
 -0.00369280   0.00021769
 -0.00359311   0.00021406
 -0.00349331   0.00021044
 -0.00339352   0.00020692
 -0.00329382   0.00020340
 -0.00319404   0.00019989
 -0.00309424   0.00019639
 -0.00299445   0.00019299
 -0.00289476   0.00018968
 -0.00279496   0.00018628
 -0.00269517   0.00018298
 -0.00259537   0.00017978
 -0.00249568   0.00017647
 -0.00239589   0.00017327
 -0.00229609   0.00017016
 -0.00219630   0.00016696
 -0.00209651   0.00016394
 -0.00199681   0.00016084
 -0.00189702   0.00015783
 -0.00179723   0.00015482
 -0.00169743   0.00015181
 -0.00159764   0.00014890
 -0.00149784   0.00014599
 -0.00139805   0.00014308
 -0.00129826   0.00014027
 -0.00119856   0.00013746
 -0.00109876   0.00013464
 -0.00099897   0.00013193
 -0.00089918   0.00012921
 -0.00079938   0.00012659
 -0.00069959   0.00012389
 -0.00059979   0.00012136
 -0.00050000   0.00011875
 -0.00040021   0.00012136
 -0.00030041   0.00012389
 -0.00020062   0.00012659
 -0.00010082   0.00012921
 -0.00000103   0.00013193
  0.00009876   0.00013464
  0.00019856   0.00013746
  0.00029826   0.00014027
  0.00039805   0.00014308
  0.00049784   0.00014599
  0.00059764   0.00014890
  0.00069743   0.00015181
  0.00079722   0.00015482
  0.00089702   0.00015783
  0.00099681   0.00016084
  0.00109651   0.00016394
  0.00119630   0.00016696
  0.00129609   0.00017016
  0.00139589   0.00017327
  0.00149568   0.00017647
  0.00159538   0.00017978
  0.00169517   0.00018298
  0.00179496   0.00018628
  0.00189476   0.00018968
  0.00199445   0.00019299
  0.00209424   0.00019639
  0.00219404   0.00019989
  0.00229382   0.00020340
  0.00239352   0.00020692
  0.00249331   0.00021044
  0.00259311   0.00021406
  0.00269280   0.00021769
  0.00279259   0.00022132
  0.00289238   0.00022505
  0.00299207   0.00022879
  0.00309186   0.00023253
  0.00319156   0.00023638
  0.00329134   0.00024022
  0.00339113   0.00024417
  0.00349083   0.00024802
  0.00359061   0.00025198
  0.00369030   0.00025604
  0.00379009   0.00026011
  0.00388978   0.00026418
  0.00398956   0.00026825
  0.00408925   0.00027243
  0.00418904   0.00027660
  0.00428873   0.00028088
  0.00438851   0.00028507
  0.00448820   0.00028946
  0.00458789   0.00029375
  0.00468767   0.00029814
  0.00478736   0.00030254
  0.00488713   0.00030704
  0.00498682   0.00031146
  0.00508651   0.00031606
  0.00518628   0.00032057
  0.00528597   0.00032519
  0.00538565   0.00032981
  0.00548534   0.00033454
  0.00558511   0.00033926
  0.00568479   0.00034399
  0.00578447   0.00034873
  0.00588416   0.00035357
  0.00598393   0.00035841
  0.00608361   0.00036336
  0.00618329   0.00036830
  0.00628297   0.00037326
  0.00638265   0.00037831
  0.00648232   0.00038336
  0.00658210   0.00038843
  0.00668178   0.00039359
  0.00678145   0.00039876
  0.00688113   0.00040394
  0.00698080   0.00040911
  0.00708048   0.00041439
  0.00718015   0.00041977
  0.00727982   0.00042506
  0.00737949   0.00043045
  0.00747916   0.00043594
  0.00757884   0.00044134
  0.00767851   0.00044684
  0.00777818   0.00045234
  0.00787775   0.00045795
  0.00797742   0.00046356
  0.00807709   0.00046918
  0.00817675   0.00047489
  0.00827642   0.00048061
  0.00837608   0.00048644
  0.00847566   0.00049217
  0.00857532   0.00049800
  0.00867498   0.00050393
  0.00877464   0.00050977
  0.00887421   0.00051571
  0.00897387   0.00052176
  0.00907354   0.00052771
  0.00917310   0.00053376
  0.00927276   0.00053991
  0.00937242   0.00054607
  0.00947198   0.00055223
  0.00957164   0.00055840
  0.00967120   0.00056467
  0.00977086   0.00057123
  0.00987041   0.00057779
  0.00996998   0.00058454
  0.01006953   0.00059148
  0.01016909   0.00059844
  0.01026865   0.00060558
  0.01036821   0.00061283
  0.01046776   0.00062017
  0.01056732   0.00062761
  0.01066687   0.00063525
  0.01076633   0.00064298
  0.01086588   0.00065091
  0.01096534   0.00065884
  0.01106479   0.00066697
  0.01116425   0.00067520
  0.01126371   0.00068352
  0.01136316   0.00069204
  0.01146261   0.00070066
  0.01156207   0.00070937
  0.01166152   0.00071829
  0.01176087   0.00072720
  0.01186033   0.00073631
  0.01195968   0.00074552
  0.01205903   0.00075492
  0.01215839   0.00076442
  0.01225774   0.00077402
  0.01235709   0.00078372
  0.01245644   0.00079361
  0.01255569   0.00080351
  0.01265504   0.00081369
  0.01275430   0.00082388
  0.01285355   0.00083427
  0.01295281   0.00084466
  0.01305206   0.00085533
  0.01315131   0.00086601
  0.01325055   0.00087689
  0.01334980   0.00088786
  0.01344896   0.00089893
  0.01354811   0.00091010
  0.01364726   0.00092147
  0.01374641   0.00093293
  0.01384556   0.00094449
  0.01394471   0.00095625
  0.01404385   0.00096811
  0.01414291   0.00098006
  0.01424196   0.00099211
  0.01434110   0.00100436
  0.01444015   0.00101661
  0.01453910   0.00102906
  0.01463815   0.00104170
  0.01473719   0.00105434
  0.01483614   0.00106718
  0.01493509   0.00108012
  0.01503404   0.00109324
  0.01513299   0.00110648
  0.01523194   0.00111971
  0.01533088   0.00113323
  0.01542974   0.00114676
  0.01552858   0.00116048
  0.01562743   0.00117429
  0.01572628   0.00118821
  0.01582512   0.00120223
  0.01592388   0.00121644
  0.01602272   0.00123075
  0.01612147   0.00124516
  0.01622022   0.00125976
  0.01631896   0.00127446
  0.01641761   0.00128926
  0.01651636   0.00130416
  0.01661501   0.00131916
  0.01671366   0.00133435
  0.01681231   0.00134964
  0.01691095   0.00136513
  0.01700950   0.00138061
  0.01710814   0.00139630
  0.01720669   0.00141208
  0.01730524   0.00142796
  0.01740369   0.00144403
  0.01750224   0.00146021
  0.01760069   0.00147648
  0.01769913   0.00149285
  0.01779758   0.00150942
  0.01789602   0.00152608
  0.01799438   0.00154284
  0.01809282   0.00155971
  0.01819117   0.00157676
  0.01828951   0.00159391
  0.01838777   0.00161117
  0.01848611   0.00162852
  0.01858436   0.00164607
  0.01868261   0.00166371
  0.01878086   0.00168146
  0.01887901   0.00169930
  0.01897716   0.00171734
  0.01907531   0.00173547
  0.01917345   0.00175371
  0.01927160   0.00177204
  0.01936965   0.00179057
  0.01946779   0.00180919
  0.01956575   0.00182792
  0.01966379   0.00184674
  0.01976184   0.00186576
  0.01985979   0.00188488
  0.01995774   0.00190409
  0.02005568   0.00192343
  0.02015351   0.00194302
  0.02025134   0.00196273
  0.02034915   0.00198257
  0.02044696   0.00200253
  0.02054475   0.00202272
  0.02064244   0.00204303
  0.02074012   0.00206347
  0.02083779   0.00208404
  0.02093536   0.00210482
  0.02103291   0.00212564
  0.02113045   0.00214678
  0.02122798   0.00216794
  0.02132550   0.00218924
  0.02142292   0.00221075
  0.02152032   0.00223239
  0.02161762   0.00225424
  0.02171499   0.00227614
  0.02181226   0.00229825
  0.02190952   0.00232048
  0.02200668   0.00234284
  0.02210391   0.00236543
  0.02220103   0.00238804
  0.02229805   0.00241087
  0.02239514   0.00243393
  0.02249214   0.00245701
  0.02258911   0.00248031
  0.02268608   0.00250374
  0.02278292   0.00252729
  0.02287976   0.00255097
  0.02297658   0.00257487
  0.02307329   0.00259889
  0.02316999   0.00262303
  0.02326668   0.00264730
  0.02336334   0.00267179
  0.02345990   0.00269641
  0.02355644   0.00272114
  0.02365296   0.00274600
  0.02374938   0.00277108
  0.02384577   0.00279619
  0.02394215   0.00282152
  0.02403851   0.00284706
  0.02413476   0.00287263
  0.02423099   0.00289843
  0.02432711   0.00292434
  0.02442331   0.00295038
  0.02451939   0.00297654
  0.02461508   0.00300385
  0.02471066   0.00303204
  0.02480594   0.00306091
  0.02490111   0.00309056
  0.02499588   0.00312090
  0.02509054   0.00315202
  0.02518489   0.00318382
  0.02527904   0.00321639
  0.02537299   0.00324966
  0.02546663   0.00328370
  0.02555996   0.00331842
  0.02565309   0.00335384
  0.02574592   0.00339003
  0.02583846   0.00342680
  0.02593068   0.00346445
  0.02602269   0.00350269
  0.02611431   0.00354170
  0.02620572   0.00358140
  0.02629683   0.00362178
  0.02638754   0.00366294
  0.02647795   0.00370469
  0.02656815   0.00374721
  0.02665786   0.00379042
  0.02674735   0.00383421
  0.02683645   0.00387879
  0.02692524   0.00392404
  0.02701364   0.00396997
  0.02710173   0.00401659
  0.02718943   0.00406389
  0.02727681   0.00411187
  0.02736381   0.00416053
  0.02745039   0.00420978
  0.02753659   0.00425971
  0.02762238   0.00431042
  0.02770786   0.00436171
  0.02779286   0.00441359
  0.02787754   0.00446624
  0.02796183   0.00451948
  0.02804563   0.00457339
  0.02812902   0.00462790
  0.02821201   0.00468309
  0.02829460   0.00473895
  0.02837670   0.00479540
  0.02845839   0.00485244
  0.02853969   0.00491015
  0.02862049   0.00496845
  0.02870089   0.00502743
  0.02878079   0.00508699
  0.02886021   0.00514724
  0.02893921   0.00520797
  0.02901773   0.00526937
  0.02909583   0.00533147
  0.02917336   0.00539404
  0.02925047   0.00545721
  0.02932709   0.00552104
  0.02940312   0.00558538
  0.02947875   0.00565038
  0.02955389   0.00571597
  0.02962852   0.00578205
  0.02970256   0.00584881
  0.02977611   0.00591605
  0.02984926   0.00598388
  0.02992172   0.00605228
  0.02999378   0.00612118
  0.03006524   0.00619075
  0.03013621   0.00626071
  0.03020658   0.00633136
  0.03027646   0.00640248
  0.03034574   0.00647419
  0.03041453   0.00654639
  0.03048273   0.00661907
  0.03055033   0.00669233
  0.03061744   0.00676618
  0.03068395   0.00684041
  0.03074987   0.00691523
  0.03081520   0.00699053
  0.03088003   0.00706632
  0.03094418   0.00714268
  0.03100782   0.00721944
  0.03107087   0.00729669
  0.03113323   0.00737451
  0.03119509   0.00745272
  0.03125628   0.00753142
  0.03131695   0.00761069
  0.03137694   0.00769026
  0.03143634   0.00777041
  0.03149505   0.00785096
  0.03155326   0.00793197
  0.03161078   0.00801348
  0.03166761   0.00809537
  0.03172395   0.00817776
  0.03177950   0.00826052
  0.03183455   0.00834368
  0.03188891   0.00842732
  0.03194259   0.00851134
  0.03199567   0.00859585
  0.03204806   0.00868066
  0.03209986   0.00876594
  0.03215097   0.00885161
  0.03220139   0.00893767
  0.03225112   0.00902411
  0.03230026   0.00911094
  0.03234871   0.00919807
  0.03239647   0.00928568
  0.03244354   0.00937357
  0.03249001   0.00946186
  0.03253570   0.00955053
  0.03258080   0.00963949
  0.03262521   0.00972883
  0.03266883   0.00981856
  0.03271186   0.00990859
  0.03275411   0.00999890
  0.03279576   0.01008960
  0.03283662   0.01018059
  0.03287689   0.01027187
  0.03291638   0.01036344
  0.03295518   0.01045539
  0.03299331   0.01054753
  0.03303068   0.01064005
  0.03306750   0.01073275
  0.03310357   0.01082583
  0.03313898   0.01091910
  0.03317364   0.01101265
  0.03320764   0.01110648
  0.03324099   0.01120059
  0.03327368   0.01129489
  0.03330562   0.01138947
  0.03333691   0.01148424
  0.03336744   0.01157929
  0.03339733   0.01167453
  0.03342646   0.01176995
  0.03345493   0.01186565
  0.03348265   0.01196154
  0.03350972   0.01205763
  0.03353613   0.01215389
  0.03356169   0.01225035
  0.03358670   0.01234699
  0.03361096   0.01244382
  0.03363521   0.01254065
  0.03365937   0.01263758
  0.03368363   0.01273441
  0.03370779   0.01283124
  0.03373204   0.01292807
  0.03375620   0.01302489
  0.03378046   0.01312173
  0.03380462   0.01321865
  0.03382887   0.01331548
  0.03385303   0.01341231
  0.03387729   0.01350914
  0.03390154   0.01360597
  0.03392570   0.01370280
  0.03394996   0.01379972
  0.03397411   0.01389656
  0.03399837   0.01399339
  0.03402253   0.01409022
  0.03404679   0.01418704
  0.03407094   0.01428388
  0.03409520   0.01438080
  0.03411936   0.01447763
  0.03414361   0.01457446
  0.03416787   0.01467129
  0.03419203   0.01476812
  0.03421629   0.01486495
  0.03424044   0.01496187
  0.03426470   0.01505871
  0.03428886   0.01515554
  0.03431311   0.01525237
  0.03433728   0.01534919
  0.03436153   0.01544603
  0.03438569   0.01554295
  0.03440994   0.01563978
  0.03443411   0.01573661
  0.03445836   0.01583344
  0.03448261   0.01593027
  0.03450678   0.01602710
  0.03453103   0.01612393
  0.03455519   0.01622086
  0.03457944   0.01631769
  0.03460361   0.01641451
  0.03462786   0.01651134
  0.03465202   0.01660817
  0.03467627   0.01670501
  0.03470044   0.01680193
  0.03472469   0.01689876
  0.03474885   0.01699559
  0.03477311   0.01709242
  0.03479736   0.01718925
  0.03482152   0.01728608
  0.03484578   0.01738301
  0.03486994   0.01747984
  0.03489419   0.01757666
  0.03491835   0.01767349
  0.03494261   0.01777033
  0.03496676   0.01786716
  0.03499102   0.01796408
  0.03501518   0.01806091
  0.03503944   0.01815774
  0.03506369   0.01825457
  0.03508785   0.01835140
  0.03511211   0.01844823
  0.03513626   0.01854516
  0.03516052   0.01864199
  0.03518468   0.01873881
  0.03520894   0.01883564
  0.03523309   0.01893248
  0.03525735   0.01902931
  0.03528151   0.01912623
  0.03530576   0.01922306
  0.03532993   0.01931989
  0.03535418   0.01941672
  0.03537844   0.01951355
  0.03540259   0.01961038
  0.03542685   0.01970721
  0.03545101   0.01980414
  0.03547526   0.01990096
  0.03549943   0.01999779
  0.03552368   0.02009463
  0.03554784   0.02019146
  0.03557209   0.02028829
  0.03559626   0.02038521
  0.03562051   0.02048204
  0.03564467   0.02057887
  0.03566892   0.02067570
  0.03569318   0.02077253
  0.03571734   0.02086936
  0.03574159   0.02096629
  0.03576576   0.02106311
  0.03579001   0.02115994
  0.03581417   0.02125677
  0.03583843   0.02135361
  0.03586259   0.02145044
  0.03588684   0.02154736
  0.03591100   0.02164419
  0.03593526   0.02174102
  0.03595951   0.02183785
  0.03598367   0.02193468
  0.03600792   0.02203151
  0.03603209   0.02212844
  0.03605634   0.02222526
  0.03608050   0.02232209
  0.03610476   0.02241892
  0.03612891   0.02251576
  0.03615317   0.02261259
  0.03617733   0.02270951
  0.03620159   0.02280634
  0.03622574   0.02290317
  0.03625000   0.02300000
