 -0.03727331   0.02300000
 -0.03726016   0.02294730
 -0.03724695   0.02289460
 -0.03723376   0.02284190
 -0.03722055   0.02278920
 -0.03720740   0.02273644
 -0.03719419   0.02268374
 -0.03718094   0.02263104
 -0.03716779   0.02257834
 -0.03715458   0.02252564
 -0.03714142   0.02247294
 -0.03712817   0.02242024
 -0.03711502   0.02236754
 -0.03710181   0.02231484
 -0.03708860   0.02226214
 -0.03707541   0.02220938
 -0.03706220   0.02215668
 -0.03704905   0.02210398
 -0.03703584   0.02205127
 -0.03702265   0.02199857
 -0.03700944   0.02194588
 -0.03699629   0.02189318
 -0.03698308   0.02184048
 -0.03696983   0.02178778
 -0.03695667   0.02173501
 -0.03694346   0.02168231
 -0.03693031   0.02162961
 -0.03691706   0.02157691
 -0.03690391   0.02152421
 -0.03689070   0.02147151
 -0.03687749   0.02141881
 -0.03686430   0.02136611
 -0.03685109   0.02131341
 -0.03683794   0.02126071
 -0.03682473   0.02120795
 -0.03681154   0.02115525
 -0.03679833   0.02110255
 -0.03678511   0.02104985
 -0.03677196   0.02099715
 -0.03675871   0.02094445
 -0.03674556   0.02089175
 -0.03673235   0.02083905
 -0.03671920   0.02078635
 -0.03670595   0.02073359
 -0.03669274   0.02068089
 -0.03667959   0.02062819
 -0.03666638   0.02057549
 -0.03665319   0.02052279
 -0.03663997   0.02047009
 -0.03662683   0.02041739
 -0.03661361   0.02036469
 -0.03660042   0.02031199
 -0.03658721   0.02025929
 -0.03657400   0.02020652
 -0.03656085   0.02015383
 -0.03654760   0.02010113
 -0.03653445   0.02004843
 -0.03652124   0.01999572
 -0.03650809   0.01994303
 -0.03649484   0.01989033
 -0.03648162   0.01983763
 -0.03646848   0.01978492
 -0.03645526   0.01973216
 -0.03644208   0.01967946
 -0.03642886   0.01962676
 -0.03641571   0.01957406
 -0.03640250   0.01952136
 -0.03638925   0.01946866
 -0.03637610   0.01941596
 -0.03636289   0.01936326
 -0.03634974   0.01931060
 -0.03633649   0.01925790
 -0.03632334   0.01920514
 -0.03631012   0.01915244
 -0.03629691   0.01909974
 -0.03628373   0.01904704
 -0.03627051   0.01899434
 -0.03625736   0.01894164
 -0.03624415   0.01888894
 -0.03623096   0.01883624
 -0.03621775   0.01878354
 -0.03620454   0.01873077
 -0.03619139   0.01867807
 -0.03617814   0.01862538
 -0.03616499   0.01857267
 -0.03615178   0.01851998
 -0.03613863   0.01846727
 -0.03612538   0.01841458
 -0.03611223   0.01836188
 -0.03609901   0.01830918
 -0.03608580   0.01825648
 -0.03607261   0.01820371
 -0.03605940   0.01815101
 -0.03604625   0.01809831
 -0.03603304   0.01804561
 -0.03601985   0.01799291
 -0.03600664   0.01794021
 -0.03599342   0.01788751
 -0.03598028   0.01783481
 -0.03596703   0.01778211
 -0.03595387   0.01772935
 -0.03594066   0.01767665
 -0.03592751   0.01762395
 -0.03591426   0.01757125
 -0.03590105   0.01751855
 -0.03588790   0.01746585
 -0.03587469   0.01741315
 -0.03586150   0.01736045
 -0.03584829   0.01730775
 -0.03583514   0.01725505
 -0.03582192   0.01720229
 -0.03580867   0.01714959
 -0.03579553   0.01709689
 -0.03578231   0.01704419
 -0.03576916   0.01699149
 -0.03575591   0.01693879
 -0.03574276   0.01688609
 -0.03572955   0.01683339
 -0.03571640   0.01678069
 -0.03570315   0.01672792
 -0.03568994   0.01667523
 -0.03567679   0.01662253
 -0.03566358   0.01656983
 -0.03565039   0.01651713
 -0.03563718   0.01646443
 -0.03562403   0.01641172
 -0.03561081   0.01635902
 -0.03559756   0.01630632
 -0.03558441   0.01625363
 -0.03557120   0.01620086
 -0.03555805   0.01614816
 -0.03554480   0.01609546
 -0.03553165   0.01604276
 -0.03551844   0.01599006
 -0.03550523   0.01593736
 -0.03549204   0.01588466
 -0.03547882   0.01583196
 -0.03546556   0.01577930
 -0.03545209   0.01572658
 -0.03543856   0.01567399
 -0.03542479   0.01562144
 -0.03541090   0.01556893
 -0.03539689   0.01551645
 -0.03538270   0.01546398
 -0.03536846   0.01541161
 -0.03535397   0.01535925
 -0.03533944   0.01530693
 -0.03532465   0.01525461
 -0.03530975   0.01520236
 -0.03529480   0.01515019
 -0.03527960   0.01509809
 -0.03526435   0.01504599
 -0.03524889   0.01499396
 -0.03523334   0.01494197
 -0.03521758   0.01489002
 -0.03520176   0.01483815
 -0.03518574   0.01478631
 -0.03516956   0.01473449
 -0.03515334   0.01468273
 -0.03513690   0.01463107
 -0.03512037   0.01457946
 -0.03510364   0.01452789
 -0.03508685   0.01447639
 -0.03506985   0.01442493
 -0.03505270   0.01437350
 -0.03503550   0.01432219
 -0.03501809   0.01427085
 -0.03500063   0.01421961
 -0.03498295   0.01416845
 -0.03496506   0.01411742
 -0.03494700   0.01406638
 -0.03492866   0.01401546
 -0.03491011   0.01396469
 -0.03489133   0.01391389
 -0.03487233   0.01386326
 -0.03485309   0.01381274
 -0.03483364   0.01376225
 -0.03481401   0.01371188
 -0.03479411   0.01366160
 -0.03477400   0.01361140
 -0.03475365   0.01356134
 -0.03473313   0.01351129
 -0.03471239   0.01346144
 -0.03469141   0.01341163
 -0.03467023   0.01336192
 -0.03464876   0.01331233
 -0.03462713   0.01326284
 -0.03460525   0.01321339
 -0.03458316   0.01316408
 -0.03456090   0.01311494
 -0.03453840   0.01306584
 -0.03451569   0.01301685
 -0.03449280   0.01296796
 -0.03446964   0.01291919
 -0.03444624   0.01287055
 -0.03442269   0.01282205
 -0.03439894   0.01277356
 -0.03437491   0.01272528
 -0.03435067   0.01267710
 -0.03432630   0.01262896
 -0.03430165   0.01258100
 -0.03427679   0.01253311
 -0.03425179   0.01248540
 -0.03422651   0.01243773
 -0.03420106   0.01239023
 -0.03417538   0.01234290
 -0.03414951   0.01229561
 -0.03412344   0.01224844
 -0.03409712   0.01220144
 -0.03407064   0.01215454
 -0.03404391   0.01210775
 -0.03401708   0.01206114
 -0.03398990   0.01201460
 -0.03396265   0.01196820
 -0.03393513   0.01192191
 -0.03390743   0.01187576
 -0.03387949   0.01182979
 -0.03385138   0.01178392
 -0.03382309   0.01173820
 -0.03379456   0.01169255
 -0.03376586   0.01164708
 -0.03373699   0.01160178
 -0.03370787   0.01155655
 -0.03367859   0.01151150
 -0.03364913   0.01146656
 -0.03361943   0.01142176
 -0.03358955   0.01137714
 -0.03355948   0.01133259
 -0.03352919   0.01128821
 -0.03349873   0.01124401
 -0.03346813   0.01119992
 -0.03343729   0.01115598
 -0.03340624   0.01111224
 -0.03337505   0.01106858
 -0.03334366   0.01102509
 -0.03331206   0.01098168
 -0.03328032   0.01093848
 -0.03324831   0.01089541
 -0.03321616   0.01085253
 -0.03318388   0.01080975
 -0.03315131   0.01076715
 -0.03311861   0.01072473
 -0.03308574   0.01068237
 -0.03305272   0.01064024
 -0.03301948   0.01059828
 -0.03298605   0.01055639
 -0.03295243   0.01051471
 -0.03291869   0.01047317
 -0.03288471   0.01043185
 -0.03285060   0.01039064
 -0.03281625   0.01034956
 -0.03278176   0.01030870
 -0.03274710   0.01026801
 -0.03271230   0.01022744
 -0.03267726   0.01018700
 -0.03264209   0.01014678
 -0.03260674   0.01010676
 -0.03257125   0.01006683
 -0.03253552   0.01002706
 -0.03249966   0.00998751
 -0.03246366   0.00994814
 -0.03242749   0.00990887
 -0.03239111   0.00986985
 -0.03235460   0.00983094
 -0.03231791   0.00979218
 -0.03228103   0.00975361
 -0.03224406   0.00971524
 -0.03220686   0.00967706
 -0.03216953   0.00963900
 -0.03213199   0.00960115
 -0.03209438   0.00956345
 -0.03205656   0.00952595
 -0.03201858   0.00948860
 -0.03198039   0.00945142
 -0.03194213   0.00941446
 -0.03190366   0.00937764
 -0.03186506   0.00934106
 -0.03182633   0.00930456
 -0.03178745   0.00926834
 -0.03174834   0.00923226
 -0.03170919   0.00919636
 -0.03166984   0.00916064
 -0.03163025   0.00912512
 -0.03159062   0.00908979
 -0.03155086   0.00905456
 -0.03151090   0.00901961
 -0.03147080   0.00898481
 -0.03143056   0.00895019
 -0.03139019   0.00891578
 -0.03134961   0.00888154
 -0.03130900   0.00884747
 -0.03126819   0.00881363
 -0.03122724   0.00877999
 -0.03118615   0.00874646
 -0.03114493   0.00871321
 -0.03110354   0.00868018
 -0.03106208   0.00864725
 -0.03102041   0.00861450
 -0.03097865   0.00858203
 -0.03093671   0.00854970
 -0.03089471   0.00851755
 -0.03085254   0.00848561
 -0.03081024   0.00845389
 -0.03076782   0.00842234
 -0.03072525   0.00839100
 -0.03068254   0.00835987
 -0.03063973   0.00832892
 -0.03059681   0.00829819
 -0.03055376   0.00826760
 -0.03051058   0.00823725
 -0.03046722   0.00820711
 -0.03042384   0.00817719
 -0.03038025   0.00814738
 -0.03033662   0.00811788
 -0.03029284   0.00808855
 -0.03024891   0.00805934
 -0.03020489   0.00803044
 -0.03016076   0.00800171
 -0.03011650   0.00797314
 -0.03007214   0.00794484
 -0.03002761   0.00791671
 -0.02998305   0.00788880
 -0.02993835   0.00786104
 -0.02989353   0.00783355
 -0.02984863   0.00780627
 -0.02980356   0.00777917
 -0.02975840   0.00775233
 -0.02971320   0.00772559
 -0.02966784   0.00769913
 -0.02962234   0.00767295
 -0.02957674   0.00764706
 -0.02953104   0.00762130
 -0.02948538   0.00759554
 -0.02943955   0.00756988
 -0.02939370   0.00754431
 -0.02934775   0.00751891
 -0.02930174   0.00749351
 -0.02925563   0.00746824
 -0.02920949   0.00744304
 -0.02916325   0.00741796
 -0.02911699   0.00739289
 -0.02907063   0.00736798
 -0.02902420   0.00734316
 -0.02897771   0.00731845
 -0.02893113   0.00729380
 -0.02888451   0.00726931
 -0.02883780   0.00724482
 -0.02879106   0.00722044
 -0.02874422   0.00719618
 -0.02869732   0.00717199
 -0.02865036   0.00714789
 -0.02860330   0.00712393
 -0.02855621   0.00710003
 -0.02850909   0.00707622
 -0.02846184   0.00705249
 -0.02841453   0.00702891
 -0.02836721   0.00700537
 -0.02831977   0.00698196
 -0.02827234   0.00695865
 -0.02822474   0.00693540
 -0.02817714   0.00691225
 -0.02812951   0.00688920
 -0.02808172   0.00686631
 -0.02803394   0.00684343
 -0.02798605   0.00682066
 -0.02793814   0.00679804
 -0.02789023   0.00677544
 -0.02784215   0.00675297
 -0.02779401   0.00673064
 -0.02774588   0.00670834
 -0.02769761   0.00668616
 -0.02764935   0.00666409
 -0.02760103   0.00664211
 -0.02755260   0.00662020
 -0.02750415   0.00659845
 -0.02745560   0.00657680
 -0.02740699   0.00655521
 -0.02735838   0.00653372
 -0.02730970   0.00651234
 -0.02726090   0.00649101
 -0.02721206   0.00646981
 -0.02716320   0.00644875
 -0.02711430   0.00642775
 -0.02706528   0.00640687
 -0.02701625   0.00638607
 -0.02696710   0.00636540
 -0.02691795   0.00634479
 -0.02686874   0.00632427
 -0.02681949   0.00630393
 -0.02677015   0.00628364
 -0.02672077   0.00626349
 -0.02667134   0.00624336
 -0.02662184   0.00622337
 -0.02657227   0.00620351
 -0.02652265   0.00618371
 -0.02647303   0.00616401
 -0.02642330   0.00614447
 -0.02637355   0.00612498
 -0.02632370   0.00610560
 -0.02627385   0.00608633
 -0.02622394   0.00606718
 -0.02617396   0.00604812
 -0.02612392   0.00602917
 -0.02607389   0.00601029
 -0.02602373   0.00599156
 -0.02597359   0.00597284
 -0.02592333   0.00595437
 -0.02587304   0.00593591
 -0.02582271   0.00591757
 -0.02577233   0.00589934
 -0.02572194   0.00588120
 -0.02567143   0.00586319
 -0.02562087   0.00584521
 -0.02557036   0.00582746
 -0.02551969   0.00580971
 -0.02546905   0.00579212
 -0.02541831   0.00577464
 -0.02536758   0.00575721
 -0.02531671   0.00573995
 -0.02526585   0.00572275
 -0.02521499   0.00570565
 -0.02516403   0.00568871
 -0.02511304   0.00567184
 -0.02506199   0.00565506
 -0.02501090   0.00563839
 -0.02495975   0.00562184
 -0.02490854   0.00560539
 -0.02485733   0.00558910
 -0.02480605   0.00557287
 -0.02475478   0.00555675
 -0.02470344   0.00554075
 -0.02465204   0.00552479
 -0.02460054   0.00550905
 -0.02454908   0.00549331
 -0.02449758   0.00547774
 -0.02444601   0.00546226
 -0.02439439   0.00544691
 -0.02434270   0.00543166
 -0.02429101   0.00541651
 -0.02423932   0.00540149
 -0.02418751   0.00538656
 -0.02413570   0.00537170
 -0.02408385   0.00535700
 -0.02403198   0.00534240
 -0.02398006   0.00532786
 -0.02392803   0.00531353
 -0.02387605   0.00529921
 -0.02382401   0.00528506
 -0.02377191   0.00527101
 -0.02371975   0.00525706
 -0.02366765   0.00524324
 -0.02361542   0.00522951
 -0.02356316   0.00521589
 -0.02351094   0.00520239
 -0.02345861   0.00518895
 -0.02340626   0.00517565
 -0.02335388   0.00516248
 -0.02330149   0.00514946
 -0.02324904   0.00513645
 -0.02319652   0.00512366
 -0.02314401   0.00511091
 -0.02309150   0.00509829
 -0.02303886   0.00508576
 -0.02298625   0.00507336
 -0.02293361   0.00506106
 -0.02288097   0.00504886
 -0.02282824   0.00503683
 -0.02277544   0.00502491
 -0.02272268   0.00501300
 -0.02266987   0.00500129
 -0.02261701   0.00498970
 -0.02256415   0.00497817
 -0.02251129   0.00496679
 -0.02245830   0.00495552
 -0.02240534   0.00494432
 -0.02235235   0.00493323
 -0.02229936   0.00492229
 -0.02224627   0.00491151
 -0.02219323   0.00490080
 -0.02214007   0.00489019
 -0.02208693   0.00487964
 -0.02203381   0.00486925
 -0.02198060   0.00485903
 -0.02192739   0.00484886
 -0.02187411   0.00483899
 -0.02182078   0.00482921
 -0.02176744   0.00481950
 -0.02171416   0.00480983
 -0.02166079   0.00480015
 -0.02160745   0.00479061
 -0.02155411   0.00478097
 -0.02150074   0.00477147
 -0.02144740   0.00476197
 -0.02139403   0.00475257
 -0.02134065   0.00474311
 -0.02128731   0.00473375
 -0.02123387   0.00472443
 -0.02118050   0.00471516
 -0.02112713   0.00470588
 -0.02107369   0.00469669
 -0.02102031   0.00468750
 -0.02096687   0.00469669
 -0.02091350   0.00470588
 -0.02086006   0.00471516
 -0.02080669   0.00472443
 -0.02075331   0.00473375
 -0.02069997   0.00474311
 -0.02064660   0.00475257
 -0.02059316   0.00476197
 -0.02053983   0.00477147
 -0.02048645   0.00478097
 -0.02043318   0.00479061
 -0.02037984   0.00480015
 -0.02032646   0.00480983
 -0.02027312   0.00481950
 -0.02021979   0.00482921
 -0.02016651   0.00483899
 -0.02011324   0.00484886
 -0.02005996   0.00485903
 -0.02000681   0.00486925
 -0.01995364   0.00487964
 -0.01990049   0.00489019
 -0.01984740   0.00490080
 -0.01979435   0.00491151
 -0.01974126   0.00492229
 -0.01968821   0.00493323
 -0.01963529   0.00494432
 -0.01958226   0.00495552
 -0.01952934   0.00496679
 -0.01947641   0.00497817
 -0.01942355   0.00498970
 -0.01937069   0.00500129
 -0.01931789   0.00501300
 -0.01926512   0.00502491
 -0.01921239   0.00503683
 -0.01915965   0.00504886
 -0.01910701   0.00506106
 -0.01905437   0.00507336
 -0.01900170   0.00508576
 -0.01894912   0.00509829
 -0.01889661   0.00511091
 -0.01884404   0.00512366
 -0.01879159   0.00513645
 -0.01873914   0.00514946
 -0.01868669   0.00516248
 -0.01863430   0.00517565
 -0.01858201   0.00518895
 -0.01852969   0.00520239
 -0.01847740   0.00521589
 -0.01842514   0.00522951
 -0.01837298   0.00524324
 -0.01832081   0.00525706
 -0.01826871   0.00527101
 -0.01821661   0.00528506
 -0.01816458   0.00529921
 -0.01811254   0.00531353
 -0.01806056   0.00532786
 -0.01800859   0.00534240
 -0.01795671   0.00535700
 -0.01790486   0.00537170
 -0.01785305   0.00538656
 -0.01780130   0.00540149
 -0.01774955   0.00541651
 -0.01769786   0.00543166
 -0.01764624   0.00544691
 -0.01759461   0.00546226
 -0.01754305   0.00547774
 -0.01749149   0.00549331
 -0.01744002   0.00550905
 -0.01738859   0.00552479
 -0.01733719   0.00554075
 -0.01728585   0.00555675
 -0.01723451   0.00557287
 -0.01718324   0.00558910
 -0.01713202   0.00560539
 -0.01708088   0.00562184
 -0.01702972   0.00563839
 -0.01697857   0.00565506
 -0.01692759   0.00567184
 -0.01687660   0.00568871
 -0.01682564   0.00570565
 -0.01677471   0.00572275
 -0.01672385   0.00573995
 -0.01667305   0.00575721
 -0.01662225   0.00577464
 -0.01657157   0.00579212
 -0.01652087   0.00580971
 -0.01647026   0.00582746
 -0.01641969   0.00584521
 -0.01636914   0.00586319
 -0.01631869   0.00588120
 -0.01626824   0.00589934
 -0.01621785   0.00591757
 -0.01616753   0.00593591
 -0.01611730   0.00595437
 -0.01606704   0.00597284
 -0.01601684   0.00599156
 -0.01596674   0.00601029
 -0.01591664   0.00602917
 -0.01586666   0.00604812
 -0.01581669   0.00606718
 -0.01576678   0.00608633
 -0.01571686   0.00610560
 -0.01566701   0.00612498
 -0.01561733   0.00614447
 -0.01556754   0.00616401
 -0.01551791   0.00618371
 -0.01546835   0.00620351
 -0.01541879   0.00622337
 -0.01536929   0.00624336
 -0.01531985   0.00626349
 -0.01527041   0.00628364
 -0.01522114   0.00630393
 -0.01517183   0.00632427
 -0.01512261   0.00634479
 -0.01507346   0.00636540
 -0.01502438   0.00638607
 -0.01497535   0.00640687
 -0.01492633   0.00642775
 -0.01487736   0.00644875
 -0.01482850   0.00646981
 -0.01477966   0.00649101
 -0.01473093   0.00651234
 -0.01468225   0.00653372
 -0.01463358   0.00655521
 -0.01458496   0.00657680
 -0.01453648   0.00659845
 -0.01448803   0.00662020
 -0.01443960   0.00664211
 -0.01439127   0.00666409
 -0.01434295   0.00668616
 -0.01429475   0.00670834
 -0.01424655   0.00673064
 -0.01419847   0.00675297
 -0.01415040   0.00677544
 -0.01410242   0.00679804
 -0.01405451   0.00682066
 -0.01400662   0.00684343
 -0.01395884   0.00686631
 -0.01391111   0.00688920
 -0.01386349   0.00691225
 -0.01381583   0.00693540
 -0.01376829   0.00695865
 -0.01372085   0.00698196
 -0.01367341   0.00700537
 -0.01362604   0.00702891
 -0.01357879   0.00705249
 -0.01353154   0.00707622
 -0.01348435   0.00710003
 -0.01343732   0.00712393
 -0.01339026   0.00714789
 -0.01334330   0.00717199
 -0.01329640   0.00719618
 -0.01324956   0.00722044
 -0.01320283   0.00724482
 -0.01315611   0.00726931
 -0.01310950   0.00729380
 -0.01306291   0.00731845
 -0.01301642   0.00734316
 -0.01297000   0.00736798
 -0.01292364   0.00739289
 -0.01287738   0.00741796
 -0.01283114   0.00744304
 -0.01278500   0.00746824
 -0.01273889   0.00749351
 -0.01269287   0.00751891
 -0.01264693   0.00754431
 -0.01260108   0.00756988
 -0.01255525   0.00759554
 -0.01250953   0.00762130
 -0.01246382   0.00764706
 -0.01241823   0.00767295
 -0.01237279   0.00769913
 -0.01232742   0.00772559
 -0.01228216   0.00775233
 -0.01223700   0.00777917
 -0.01219200   0.00780627
 -0.01214704   0.00783355
 -0.01210228   0.00786104
 -0.01205751   0.00788880
 -0.01201295   0.00791671
 -0.01196849   0.00794484
 -0.01192412   0.00797314
 -0.01187986   0.00800171
 -0.01183568   0.00803044
 -0.01179171   0.00805934
 -0.01174779   0.00808855
 -0.01170400   0.00811788
 -0.01166031   0.00814738
 -0.01161679   0.00817719
 -0.01157334   0.00820711
 -0.01153005   0.00823725
 -0.01148686   0.00826760
 -0.01144375   0.00829819
 -0.01140084   0.00832892
 -0.01135803   0.00835987
 -0.01131538   0.00839100
 -0.01127280   0.00842234
 -0.01123032   0.00845389
 -0.01118809   0.00848561
 -0.01114591   0.00851755
 -0.01110391   0.00854970
 -0.01106198   0.00858203
 -0.01102021   0.00861450
 -0.01097855   0.00864725
 -0.01093702   0.00868018
 -0.01089570   0.00871321
 -0.01085448   0.00874646
 -0.01081339   0.00877999
 -0.01077244   0.00881363
 -0.01073163   0.00884747
 -0.01069095   0.00888154
 -0.01065044   0.00891578
 -0.01061006   0.00895019
 -0.01056982   0.00898481
 -0.01052972   0.00901961
 -0.01048976   0.00905456
 -0.01044994   0.00908979
 -0.01041031   0.00912512
 -0.01037079   0.00916064
 -0.01033144   0.00919636
 -0.01029222   0.00923226
 -0.01025318   0.00926834
 -0.01021424   0.00930456
 -0.01017550   0.00934106
 -0.01013690   0.00937764
 -0.01009850   0.00941446
 -0.01006018   0.00945142
 -0.01002205   0.00948860
 -0.00998406   0.00952595
 -0.00994625   0.00956345
 -0.00990857   0.00960115
 -0.00987110   0.00963900
 -0.00983376   0.00967706
 -0.00979656   0.00971524
 -0.00975954   0.00975361
 -0.00972271   0.00979218
 -0.00968602   0.00983094
 -0.00964951   0.00986985
 -0.00961314   0.00990887
 -0.00957690   0.00994814
 -0.00954090   0.00998751
 -0.00950504   0.01002706
 -0.00946937   0.01006683
 -0.00943383   0.01010676
 -0.00939847   0.01014678
 -0.00936330   0.01018700
 -0.00932833   0.01022744
 -0.00929346   0.01026801
 -0.00925880   0.01030870
 -0.00922431   0.01034956
 -0.00919003   0.01039064
 -0.00915591   0.01043185
 -0.00912194   0.01047317
 -0.00908814   0.01051471
 -0.00905457   0.01055639
 -0.00902115   0.01059828
 -0.00898790   0.01064024
 -0.00895483   0.01068237
 -0.00892195   0.01072473
 -0.00888925   0.01076715
 -0.00885675   0.01080975
 -0.00882440   0.01085253
 -0.00879231   0.01089541
 -0.00876030   0.01093848
 -0.00872856   0.01098168
 -0.00869690   0.01102509
 -0.00866557   0.01106858
 -0.00863432   0.01111224
 -0.00860327   0.01115598
 -0.00857250   0.01119992
 -0.00854184   0.01124401
 -0.00851137   0.01128821
 -0.00848109   0.01133259
 -0.00845108   0.01137714
 -0.00842120   0.01142176
 -0.00839150   0.01146656
 -0.00836204   0.01151150
 -0.00833275   0.01155655
 -0.00830364   0.01160178
 -0.00827470   0.01164708
 -0.00824600   0.01169255
 -0.00821754   0.01173820
 -0.00818919   0.01178392
 -0.00816108   0.01182979
 -0.00813320   0.01187576
 -0.00810550   0.01192191
 -0.00807798   0.01196820
 -0.00805066   0.01201460
 -0.00802355   0.01206114
 -0.00799665   0.01210775
 -0.00796999   0.01215454
 -0.00794350   0.01220144
 -0.00791719   0.01224844
 -0.00789105   0.01229561
 -0.00786525   0.01234290
 -0.00783956   0.01239023
 -0.00781411   0.01243773
 -0.00778884   0.01248540
 -0.00776377   0.01253311
 -0.00773891   0.01258100
 -0.00771433   0.01262896
 -0.00768989   0.01267710
 -0.00766571   0.01272528
 -0.00764169   0.01277356
 -0.00761794   0.01282205
 -0.00759433   0.01287055
 -0.00757099   0.01291919
 -0.00754782   0.01296796
 -0.00752488   0.01301685
 -0.00750216   0.01306584
 -0.00747966   0.01311494
 -0.00745740   0.01316408
 -0.00743531   0.01321339
 -0.00741350   0.01326284
 -0.00739186   0.01331233
 -0.00737040   0.01336192
 -0.00734921   0.01341163
 -0.00732824   0.01346144
 -0.00730744   0.01351129
 -0.00728691   0.01356134
 -0.00726662   0.01361140
 -0.00724645   0.01366160
 -0.00722661   0.01371188
 -0.00720692   0.01376225
 -0.00718748   0.01381274
 -0.00716830   0.01386326
 -0.00714930   0.01391389
 -0.00713051   0.01396469
 -0.00711196   0.01401546
 -0.00709363   0.01406638
 -0.00707550   0.01411742
 -0.00705768   0.01416845
 -0.00704000   0.01421961
 -0.00702248   0.01427085
 -0.00700512   0.01432219
 -0.00698786   0.01437350
 -0.00697077   0.01442493
 -0.00695378   0.01447639
 -0.00693693   0.01452789
 -0.00692025   0.01457946
 -0.00690366   0.01463107
 -0.00688729   0.01468273
 -0.00687100   0.01473449
 -0.00685489   0.01478631
 -0.00683886   0.01483815
 -0.00682299   0.01489002
 -0.00680729   0.01494197
 -0.00679167   0.01499396
 -0.00677627   0.01504599
 -0.00676096   0.01509809
 -0.00674583   0.01515019
 -0.00673081   0.01520236
 -0.00671591   0.01525461
 -0.00670119   0.01530693
 -0.00668659   0.01535925
 -0.00667216   0.01541161
 -0.00665786   0.01546398
 -0.00664374   0.01551645
 -0.00662966   0.01556893
 -0.00661584   0.01562144
 -0.00660206   0.01567399
 -0.00658847   0.01572658
 -0.00657506   0.01577930
 -0.00656174   0.01583196
 -0.00654859   0.01588466
 -0.00653534   0.01593736
 -0.00652219   0.01599006
 -0.00650898   0.01604276
 -0.00649576   0.01609546
 -0.00648257   0.01614816
 -0.00646936   0.01620086
 -0.00645621   0.01625363
 -0.00644300   0.01630632
 -0.00642981   0.01635902
 -0.00641660   0.01641172
 -0.00640339   0.01646443
 -0.00639024   0.01651713
 -0.00637699   0.01656983
 -0.00636384   0.01662253
 -0.00635062   0.01667523
 -0.00633748   0.01672792
 -0.00632423   0.01678069
 -0.00631101   0.01683339
 -0.00629786   0.01688609
 -0.00628465   0.01693879
 -0.00627146   0.01699149
 -0.00625825   0.01704419
 -0.00624510   0.01709689
 -0.00623189   0.01714959
 -0.00621870   0.01720229
 -0.00620549   0.01725505
 -0.00619228   0.01730775
 -0.00617913   0.01736045
 -0.00616587   0.01741315
 -0.00615272   0.01746585
 -0.00613951   0.01751855
 -0.00612636   0.01757125
 -0.00611311   0.01762395
 -0.00609990   0.01767665
 -0.00608675   0.01772935
 -0.00607354   0.01778211
 -0.00606035   0.01783481
 -0.00604714   0.01788751
 -0.00603399   0.01794021
 -0.00602078   0.01799291
 -0.00600752   0.01804561
 -0.00599438   0.01809831
 -0.00598116   0.01815101
 -0.00596801   0.01820371
 -0.00595476   0.01825648
 -0.00594161   0.01830918
 -0.00592840   0.01836188
 -0.00591519   0.01841458
 -0.00590200   0.01846727
 -0.00588879   0.01851998
 -0.00587564   0.01857267
 -0.00586243   0.01862538
 -0.00584924   0.01867807
 -0.00583603   0.01873077
 -0.00582281   0.01878354
 -0.00580966   0.01883624
 -0.00579641   0.01888894
 -0.00578326   0.01894164
 -0.00577005   0.01899434
 -0.00575690   0.01904704
 -0.00574365   0.01909974
 -0.00573050   0.01915244
 -0.00571729   0.01920514
 -0.00570407   0.01925790
 -0.00569089   0.01931060
 -0.00567768   0.01936326
 -0.00566452   0.01941596
 -0.00565131   0.01946866
 -0.00563812   0.01952136
 -0.00562491   0.01957406
 -0.00561170   0.01962676
 -0.00559855   0.01967946
 -0.00558530   0.01973216
 -0.00557215   0.01978492
 -0.00555894   0.01983763
 -0.00554579   0.01989033
 -0.00553254   0.01994303
 -0.00551933   0.01999572
 -0.00550617   0.02004843
 -0.00549296   0.02010113
 -0.00547977   0.02015383
 -0.00546656   0.02020652
 -0.00545341   0.02025929
 -0.00544020   0.02031199
 -0.00542695   0.02036469
 -0.00541380   0.02041739
 -0.00540059   0.02047009
 -0.00538744   0.02052279
 -0.00537419   0.02057549
 -0.00536104   0.02062819
 -0.00534782   0.02068089
 -0.00533468   0.02073359
 -0.00532142   0.02078635
 -0.00530821   0.02083905
 -0.00529506   0.02089175
 -0.00528185   0.02094445
 -0.00526866   0.02099715
 -0.00525545   0.02104985
 -0.00524230   0.02110255
 -0.00522909   0.02115525
 -0.00521584   0.02120795
 -0.00520269   0.02126071
 -0.00518947   0.02131341
 -0.00517633   0.02136611
 -0.00516308   0.02141881
 -0.00514993   0.02147151
 -0.00513671   0.02152421
 -0.00512350   0.02157691
 -0.00511031   0.02162961
 -0.00509710   0.02168231
 -0.00508395   0.02173501
 -0.00507074   0.02178778
 -0.00505755   0.02184048
 -0.00504434   0.02189318
 -0.00503112   0.02194588
 -0.00501798   0.02199857
 -0.00500472   0.02205127
 -0.00499157   0.02210398
 -0.00497836   0.02215668
 -0.00496521   0.02220938
 -0.00495196   0.02226214
 -0.00493881   0.02231484
 -0.00492560   0.02236754
 -0.00491239   0.02242024
 -0.00489920   0.02247294
 -0.00488599   0.02252564
 -0.00487284   0.02257834
 -0.00485962   0.02263104
 -0.00484644   0.02268374
 -0.00483323   0.02273644
 -0.00482001   0.02278920
 -0.00480686   0.02284190
 -0.00479361   0.02289460
 -0.00478046   0.02294730
 -0.00476725   0.02300000
