 -0.03567480   0.02300000
 -0.03567190   0.02288480
 -0.03566900   0.02276950
 -0.03566610   0.02265430
 -0.03566330   0.02253910
 -0.03566040   0.02242380
 -0.03565750   0.02230860
 -0.03565460   0.02219340
 -0.03565180   0.02207810
 -0.03564890   0.02196290
 -0.03564600   0.02184770
 -0.03564310   0.02173240
 -0.03564030   0.02161720
 -0.03563740   0.02150200
 -0.03563450   0.02138670
 -0.03563160   0.02127150
 -0.03562870   0.02115630
 -0.03562590   0.02104100
 -0.03562300   0.02092580
 -0.03562010   0.02081060
 -0.03561720   0.02069530
 -0.03561440   0.02058010
 -0.03561150   0.02046490
 -0.03560860   0.02034960
 -0.03560570   0.02023440
 -0.03560290   0.02011920
 -0.03560000   0.02000390
 -0.03559710   0.01988870
 -0.03559420   0.01977350
 -0.03559130   0.01965820
 -0.03558850   0.01954300
 -0.03558560   0.01942780
 -0.03558270   0.01931250
 -0.03557980   0.01919730
 -0.03557700   0.01908210
 -0.03557410   0.01896680
 -0.03557120   0.01885160
 -0.03556830   0.01873640
 -0.03556540   0.01862110
 -0.03556260   0.01850590
 -0.03555970   0.01839070
 -0.03555680   0.01827540
 -0.03555390   0.01816020
 -0.03555110   0.01804500
 -0.03554820   0.01792970
 -0.03554530   0.01781450
 -0.03554240   0.01769930
 -0.03553960   0.01758400
 -0.03553670   0.01746880
 -0.03553380   0.01735360
 -0.03553090   0.01723830
 -0.03552800   0.01712310
 -0.03552520   0.01700790
 -0.03552230   0.01689260
 -0.03551940   0.01677740
 -0.03551650   0.01666220
 -0.03551370   0.01654690
 -0.03551080   0.01643170
 -0.03550790   0.01631650
 -0.03550500   0.01620120
 -0.03550210   0.01608600
 -0.03549930   0.01597080
 -0.03549640   0.01585550
 -0.03549350   0.01574030
 -0.03549060   0.01562510
 -0.03548780   0.01550980
 -0.03548490   0.01539460
 -0.03548200   0.01527940
 -0.03547910   0.01516410
 -0.03547550   0.01504890
 -0.03547090   0.01493370
 -0.03546520   0.01481860
 -0.03545850   0.01470350
 -0.03545080   0.01458850
 -0.03544210   0.01447360
 -0.03543240   0.01435870
 -0.03542160   0.01424390
 -0.03540990   0.01412930
 -0.03539710   0.01401470
 -0.03538330   0.01390030
 -0.03536840   0.01378600
 -0.03535260   0.01367180
 -0.03533580   0.01355780
 -0.03531790   0.01344390
 -0.03529910   0.01333020
 -0.03527920   0.01321660
 -0.03525830   0.01310330
 -0.03523640   0.01299010
 -0.03521360   0.01287710
 -0.03518970   0.01276430
 -0.03516480   0.01265180
 -0.03513890   0.01253950
 -0.03511200   0.01242740
 -0.03508420   0.01231550
 -0.03505530   0.01220390
 -0.03502550   0.01209260
 -0.03499460   0.01198150
 -0.03496280   0.01187070
 -0.03493000   0.01176020
 -0.03489630   0.01165000
 -0.03486150   0.01154010
 -0.03482580   0.01143050
 -0.03478910   0.01132120
 -0.03475140   0.01121230
 -0.03471280   0.01110370
 -0.03467320   0.01099540
 -0.03463270   0.01088750
 -0.03459120   0.01078000
 -0.03454870   0.01067280
 -0.03450530   0.01056600
 -0.03446100   0.01045960
 -0.03441570   0.01035360
 -0.03436950   0.01024800
 -0.03432230   0.01014290
 -0.03427420   0.01003810
 -0.03422520   0.00993380
 -0.03417530   0.00982990
 -0.03412440   0.00972640
 -0.03407260   0.00962350
 -0.03401990   0.00952090
 -0.03396630   0.00941890
 -0.03391180   0.00931730
 -0.03385640   0.00921620
 -0.03380020   0.00911560
 -0.03374300   0.00901550
 -0.03368490   0.00891600
 -0.03362600   0.00881690
 -0.03356610   0.00871840
 -0.03350550   0.00862040
 -0.03344390   0.00852290
 -0.03338150   0.00842600
 -0.03331820   0.00832970
 -0.03325410   0.00823390
 -0.03318910   0.00813870
 -0.03312330   0.00804410
 -0.03305660   0.00795000
 -0.03298910   0.00785660
 -0.03292080   0.00776370
 -0.03285170   0.00767150
 -0.03278170   0.00757990
 -0.03271100   0.00748890
 -0.03263940   0.00739850
 -0.03256710   0.00730880
 -0.03249390   0.00721970
 -0.03242000   0.00713120
 -0.03234530   0.00704350
 -0.03226980   0.00695640
 -0.03219350   0.00686990
 -0.03211650   0.00678420
 -0.03203870   0.00669910
 -0.03196020   0.00661470
 -0.03188090   0.00653110
 -0.03180090   0.00644810
 -0.03172010   0.00636580
 -0.03163860   0.00628430
 -0.03155640   0.00620350
 -0.03147350   0.00612340
 -0.03138990   0.00604410
 -0.03130560   0.00596550
 -0.03122060   0.00588760
 -0.03113490   0.00581050
 -0.03104850   0.00573420
 -0.03096140   0.00565870
 -0.03087370   0.00558390
 -0.03078530   0.00550990
 -0.03069630   0.00543670
 -0.03060660   0.00536420
 -0.03051630   0.00529260
 -0.03042540   0.00522180
 -0.03033380   0.00515180
 -0.03024160   0.00508260
 -0.03014880   0.00501420
 -0.03005540   0.00494670
 -0.02996140   0.00487990
 -0.02986680   0.00481410
 -0.02977170   0.00474900
 -0.02967590   0.00468480
 -0.02957960   0.00462150
 -0.02948270   0.00455900
 -0.02938530   0.00449740
 -0.02928740   0.00443660
 -0.02918890   0.00437670
 -0.02908990   0.00431770
 -0.02899030   0.00425960
 -0.02889030   0.00420230
 -0.02878970   0.00414600
 -0.02868870   0.00409050
 -0.02858720   0.00403590
 -0.02848510   0.00398230
 -0.02838270   0.00392950
 -0.02827970   0.00387760
 -0.02817630   0.00382670
 -0.02807250   0.00377670
 -0.02796820   0.00372760
 -0.02786340   0.00367940
 -0.02775830   0.00363220
 -0.02765270   0.00358590
 -0.02754680   0.00354050
 -0.02744040   0.00349610
 -0.02733360   0.00345260
 -0.02722650   0.00341010
 -0.02711900   0.00336850
 -0.02701110   0.00332790
 -0.02690290   0.00328830
 -0.02679430   0.00324960
 -0.02668540   0.00321180
 -0.02657610   0.00317500
 -0.02646660   0.00313920
 -0.02635670   0.00310440
 -0.02624650   0.00307060
 -0.02613600   0.00303770
 -0.02602530   0.00300580
 -0.02591420   0.00297490
 -0.02580290   0.00294500
 -0.02569130   0.00291590
 -0.02557970   0.00288720
 -0.02546810   0.00285850
 -0.02535640   0.00283010
 -0.02524460   0.00280180
 -0.02513280   0.00277360
 -0.02502100   0.00274570
 -0.02490910   0.00271780
 -0.02479720   0.00269020
 -0.02468530   0.00266270
 -0.02457330   0.00263540
 -0.02446130   0.00260820
 -0.02434920   0.00258120
 -0.02423710   0.00255430
 -0.02412500   0.00252760
 -0.02401280   0.00250110
 -0.02390060   0.00247480
 -0.02378840   0.00244860
 -0.02367610   0.00242250
 -0.02356370   0.00239660
 -0.02345140   0.00237090
 -0.02333900   0.00234540
 -0.02322650   0.00232000
 -0.02311410   0.00229470
 -0.02300160   0.00226970
 -0.02288900   0.00224480
 -0.02277640   0.00222000
 -0.02266380   0.00219540
 -0.02255120   0.00217100
 -0.02243850   0.00214680
 -0.02232570   0.00212270
 -0.02221300   0.00209870
 -0.02210020   0.00207500
 -0.02198740   0.00205140
 -0.02187450   0.00202790
 -0.02176160   0.00200460
 -0.02164870   0.00198150
 -0.02153570   0.00195860
 -0.02142270   0.00193580
 -0.02130970   0.00191310
 -0.02119660   0.00189070
 -0.02108360   0.00186840
 -0.02097040   0.00184620
 -0.02085730   0.00182420
 -0.02074410   0.00180240
 -0.02063090   0.00178080
 -0.02051760   0.00175930
 -0.02040430   0.00173800
 -0.02029100   0.00171680
 -0.02017770   0.00169580
 -0.02006430   0.00167500
 -0.01995090   0.00165430
 -0.01983750   0.00163380
 -0.01972400   0.00161340
 -0.01961050   0.00159320
 -0.01949700   0.00157320
 -0.01938350   0.00155340
 -0.01926990   0.00153370
 -0.01915630   0.00151410
 -0.01904270   0.00149480
 -0.01892900   0.00147560
 -0.01881530   0.00145650
 -0.01870160   0.00143770
 -0.01858790   0.00141900
 -0.01847410   0.00140040
 -0.01836030   0.00138200
 -0.01824650   0.00136380
 -0.01813260   0.00134580
 -0.01801880   0.00132790
 -0.01790490   0.00131010
 -0.01779090   0.00129260
 -0.01767700   0.00127520
 -0.01756300   0.00125800
 -0.01744900   0.00124090
 -0.01733500   0.00122400
 -0.01722100   0.00120720
 -0.01710690   0.00119070
 -0.01699280   0.00117430
 -0.01687870   0.00115800
 -0.01676450   0.00114190
 -0.01665040   0.00112600
 -0.01653620   0.00111030
 -0.01642200   0.00109470
 -0.01630770   0.00107920
 -0.01619350   0.00106400
 -0.01607920   0.00104890
 -0.01596490   0.00103400
 -0.01585060   0.00101920
 -0.01573620   0.00100460
 -0.01562190   0.00099020
 -0.01550750   0.00097590
 -0.01539310   0.00096180
 -0.01527870   0.00094780
 -0.01516420   0.00093410
 -0.01504980   0.00092040
 -0.01493530   0.00090700
 -0.01482080   0.00089370
 -0.01470630   0.00088060
 -0.01459170   0.00086760
 -0.01447720   0.00085490
 -0.01436260   0.00084220
 -0.01424800   0.00082980
 -0.01413340   0.00081750
 -0.01401870   0.00080540
 -0.01390410   0.00079340
 -0.01378940   0.00078160
 -0.01367480   0.00077000
 -0.01356010   0.00075850
 -0.01344530   0.00074720
 -0.01333060   0.00073610
 -0.01321590   0.00072510
 -0.01310110   0.00071430
 -0.01298630   0.00070370
 -0.01287150   0.00069320
 -0.01275670   0.00068290
 -0.01264190   0.00067270
 -0.01252710   0.00066280
 -0.01241220   0.00065290
 -0.01229740   0.00064330
 -0.01218250   0.00063380
 -0.01206760   0.00062450
 -0.01195270   0.00061530
 -0.01183780   0.00060640
 -0.01172280   0.00059750
 -0.01160790   0.00058890
 -0.01149290   0.00058040
 -0.01137800   0.00057210
 -0.01126300   0.00056390
 -0.01114800   0.00055590
 -0.01103300   0.00054810
 -0.01091800   0.00054050
 -0.01080290   0.00053300
 -0.01068790   0.00052560
 -0.01057290   0.00051850
 -0.01045780   0.00051150
 -0.01034270   0.00050470
 -0.01022770   0.00049810
 -0.01011260   0.00049150
 -0.00999750   0.00048490
 -0.00988240   0.00047840
 -0.00976730   0.00047190
 -0.00965220   0.00046540
 -0.00953710   0.00045900
 -0.00942200   0.00045270
 -0.00930690   0.00044640
 -0.00919180   0.00044010
 -0.00907670   0.00043390
 -0.00896160   0.00042770
 -0.00884650   0.00042160
 -0.00873140   0.00041550
 -0.00861630   0.00040950
 -0.00850120   0.00040350
 -0.00838610   0.00039750
 -0.00827100   0.00039160
 -0.00815580   0.00038570
 -0.00804070   0.00037990
 -0.00792560   0.00037410
 -0.00781050   0.00036840
 -0.00769530   0.00036270
 -0.00758020   0.00035710
 -0.00746510   0.00035150
 -0.00734990   0.00034590
 -0.00723480   0.00034040
 -0.00711970   0.00033490
 -0.00700450   0.00032950
 -0.00688940   0.00032410
 -0.00677420   0.00031880
 -0.00665910   0.00031350
 -0.00654390   0.00030830
 -0.00642880   0.00030310
 -0.00631360   0.00029790
 -0.00619850   0.00029280
 -0.00608330   0.00028770
 -0.00596820   0.00028270
 -0.00585300   0.00027770
 -0.00573780   0.00027280
 -0.00562270   0.00026790
 -0.00550750   0.00026300
 -0.00539230   0.00025820
 -0.00527720   0.00025350
 -0.00516200   0.00024880
 -0.00504680   0.00024410
 -0.00493160   0.00023950
 -0.00481650   0.00023490
 -0.00470130   0.00023030
 -0.00458610   0.00022580
 -0.00447090   0.00022140
 -0.00435570   0.00021700
 -0.00424050   0.00021260
 -0.00412530   0.00020830
 -0.00401020   0.00020400
 -0.00389500   0.00019980
 -0.00377980   0.00019560
 -0.00366460   0.00019150
 -0.00354940   0.00018740
 -0.00343420   0.00018330
 -0.00331900   0.00017930
 -0.00320380   0.00017540
 -0.00308860   0.00017140
 -0.00297340   0.00016760
 -0.00285820   0.00016370
 -0.00274300   0.00016000
 -0.00262780   0.00015620
 -0.00251250   0.00015250
 -0.00239730   0.00014890
 -0.00228210   0.00014530
 -0.00216690   0.00014170
 -0.00205170   0.00013820
 -0.00193650   0.00013470
 -0.00182130   0.00013130
 -0.00170600   0.00012790
 -0.00159080   0.00012450
 -0.00147560   0.00012120
 -0.00136040   0.00011800
 -0.00124510   0.00011480
 -0.00112990   0.00011160
 -0.00101470   0.00010850
 -0.00089950   0.00010540
 -0.00078420   0.00010240
 -0.00066900   0.00009940
 -0.00055380   0.00009640
 -0.00043850   0.00009350
 -0.00032330   0.00009070
 -0.00020810   0.00008790
 -0.00009280   0.00008510
  0.00002240   0.00008240
  0.00013760   0.00007970
  0.00025290   0.00007710
  0.00036810   0.00007450
  0.00048340   0.00007190
  0.00059860   0.00006940
  0.00071390   0.00006700
  0.00082910   0.00006460
  0.00094430   0.00006220
  0.00105960   0.00005990
  0.00117480   0.00005760
  0.00129010   0.00005530
  0.00140530   0.00005320
  0.00152060   0.00005100
  0.00163580   0.00004890
  0.00175110   0.00004680
  0.00186630   0.00004480
  0.00198160   0.00004290
  0.00209680   0.00004090
  0.00221210   0.00003900
  0.00232730   0.00003720
  0.00244260   0.00003540
  0.00255790   0.00003370
  0.00267310   0.00003200
  0.00278840   0.00003030
  0.00290360   0.00002870
  0.00301890   0.00002710
  0.00313420   0.00002560
  0.00324940   0.00002410
  0.00336470   0.00002270
  0.00347990   0.00002130
  0.00359520   0.00001990
  0.00371050   0.00001860
  0.00382570   0.00001740
  0.00394100   0.00001610
  0.00405620   0.00001500
  0.00417150   0.00001380
  0.00428680   0.00001270
  0.00440200   0.00001170
  0.00451730   0.00001070
  0.00463260   0.00000980
  0.00474780   0.00000890
  0.00486310   0.00000800
  0.00497840   0.00000720
  0.00509360   0.00000640
  0.00520890   0.00000570
  0.00532420   0.00000500
  0.00543940   0.00000430
  0.00555470   0.00000370
  0.00567000   0.00000320
  0.00578520   0.00000270
  0.00590050   0.00000220
  0.00601580   0.00000180
  0.00613100   0.00000140
  0.00624630   0.00000110
  0.00636160   0.00000080
  0.00647690   0.00000060
  0.00659210   0.00000040
  0.00670740   0.00000020
  0.00682270   0.00000010
  0.00693790  -0.00000000
  0.00705320  -0.00000000
  0.00720992  -0.00000000
  0.00736694  -0.00000000
  0.00752402  -0.00000000
  0.00768104  -0.00000000
  0.00783814  -0.00000000
  0.00799514  -0.00000000
  0.00815224  -0.00000000
  0.00830924  -0.00000000
  0.00846634  -0.00000000
  0.00862336  -0.00000000
  0.00878044  -0.00000000
  0.00893746  -0.00000000
  0.00909456  -0.00000000
  0.00925156  -0.00000000
  0.00940866  -0.00000000
  0.00956574  -0.00000000
  0.00972276  -0.00000000
  0.00987986  -0.00000000
  0.01003686  -0.00000000
  0.01019396  -0.00000000
  0.01035096  -0.00000000
  0.01050806  -0.00000000
  0.01066508  -0.00000000
  0.01082216  -0.00000000
  0.01097918  -0.00000000
  0.01113626  -0.00000000
  0.01129328  -0.00000000
  0.01145038  -0.00000000
  0.01160738  -0.00000000
  0.01176448  -0.00000000
  0.01192156  -0.00000000
  0.01207858  -0.00000000
  0.01223568  -0.00000000
  0.01239268  -0.00000000
  0.01254978  -0.00000000
  0.01270678  -0.00000000
  0.01286388  -0.00000000
  0.01302090  -0.00000000
  0.01317798  -0.00000000
  0.01333500  -0.00000000
  0.01349208  -0.00000000
  0.01364910  -0.00000000
  0.01380620  -0.00000000
  0.01396320  -0.00000000
  0.01412030  -0.00000000
  0.01427738  -0.00000000
  0.01443440  -0.00000000
  0.01459150  -0.00000000
  0.01474850  -0.00000000
  0.01490560  -0.00000000
  0.01506260  -0.00000000
  0.01521970  -0.00000000
  0.01537672  -0.00000000
  0.01553380  -0.00000000
  0.01569082  -0.00000000
  0.01584790  -0.00000000
  0.01600492  -0.00000000
  0.01616202  -0.00000000
  0.01631902  -0.00000000
  0.01647612  -0.00000000
  0.01663320  -0.00000000
  0.01679022  -0.00000000
  0.01694732  -0.00000000
  0.01710432  -0.00000000
  0.01726142  -0.00000000
  0.01741842  -0.00000000
  0.01757552  -0.00000000
  0.01773255  -0.00000000
  0.01788962  -0.00000000
  0.01804665  -0.00000000
  0.01820372  -0.00000000
  0.01836075  -0.00000000
  0.01851785  -0.00000000
  0.01867485  -0.00000000
  0.01883195  -0.00000000
  0.01898902  -0.00000000
  0.01914605  -0.00000000
  0.01930315  -0.00000000
  0.01946015  -0.00000000
  0.01961725  -0.00000000
  0.01977425  -0.00000000
  0.01993135  -0.00000000
  0.02008837   0.00000008
  0.02024545   0.00000016
  0.02040247   0.00000032
  0.02055955   0.00000055
  0.02071657   0.00000079
  0.02087367   0.00000110
  0.02103067   0.00000150
  0.02118777   0.00000189
  0.02134477   0.00000236
  0.02150187   0.00000284
  0.02165889   0.00000339
  0.02181597   0.00000402
  0.02197307   0.00000465
  0.02213007   0.00000536
  0.02228717   0.00000614
  0.02244419   0.00000693
  0.02260119   0.00000780
  0.02275829   0.00000866
  0.02291529   0.00000961
  0.02307239   0.00001063
  0.02322941   0.00001173
  0.02338649   0.00001284
  0.02354351   0.00001394
  0.02370059   0.00001512
  0.02385761   0.00001638
  0.02401471   0.00001772
  0.02417171   0.00001906
  0.02432873   0.00002048
  0.02448583   0.00002189
  0.02464283   0.00002339
  0.02479993   0.00002496
  0.02495693   0.00002654
  0.02511395   0.00002819
  0.02527105   0.00002993
  0.02542805   0.00003166
  0.02558507   0.00003347
  0.02574215   0.00003536
  0.02589917   0.00003725
  0.02605619   0.00003914
  0.02621327   0.00004119
  0.02637029   0.00004323
  0.02652729   0.00004528
  0.02668439   0.00004749
  0.02684142   0.00004969
  0.02699842   0.00005190
  0.02715544   0.00005418
  0.02731252   0.00005654
  0.02746954   0.00005898
  0.02762656   0.00006143
  0.02778356   0.00006387
  0.02794058   0.00006647
  0.02809758   0.00006906
  0.02825460   0.00007166
  0.02841170   0.00007434
  0.02856870   0.00007710
  0.02872572   0.00007993
  0.02888272   0.00008277
  0.02903974   0.00008568
  0.02919676   0.00008860
  0.02935376   0.00009159
  0.02951078   0.00009466
  0.02966778   0.00009773
  0.02982481   0.00010088
  0.02998183   0.00010403
  0.03013883   0.00010734
  0.03029585   0.00011057
  0.03045277   0.00011395
  0.03060979   0.00011734
  0.03076681   0.00012080
  0.03092381   0.00012427
  0.03108083   0.00012781
  0.03123783   0.00013136
  0.03139478   0.00013506
  0.03155180   0.00013876
  0.03170880   0.00014246
  0.03186574   0.00014624
  0.03202274   0.00015010
  0.03217976   0.00015396
  0.03233670   0.00015790
  0.03249370   0.00016191
  0.03265072   0.00016593
  0.03280765   0.00017002
  0.03296467   0.00017420
  0.03312161   0.00017837
  0.03327861   0.00018262
  0.03343555   0.00018688
  0.03359247   0.00019121
  0.03374949   0.00019562
  0.03390644   0.00020003
  0.03406344   0.00020452
  0.03422038   0.00020908
  0.03437730   0.00021365
  0.03453432   0.00021830
  0.03469126   0.00022295
  0.03484819   0.00022767
  0.03500513   0.00023247
  0.03516205   0.00023728
  0.03531899   0.00024216
  0.03547601   0.00024712
  0.03563293   0.00025208
  0.03578988   0.00025712
  0.03594680   0.00026224
  0.03610374   0.00026736
  0.03626068   0.00027248
  0.03641760   0.00027776
  0.03657455   0.00028303
  0.03673139   0.00028839
  0.03688833   0.00029374
  0.03704527   0.00029918
  0.03720220   0.00030461
  0.03735914   0.00031020
  0.03751598   0.00031571
  0.03767292   0.00032138
  0.03782987   0.00032705
  0.03798671   0.00033280
  0.03814365   0.00033855
  0.03830049   0.00034438
  0.03845744   0.00035029
  0.03861430   0.00035619
  0.03877122   0.00036218
  0.03892808   0.00036816
  0.03908503   0.00037423
  0.03924187   0.00038037
  0.03939873   0.00038659
  0.03955558   0.00039281
  0.03971252   0.00039903
  0.03986938   0.00040549
  0.04002622   0.00041218
  0.04018301   0.00041904
  0.04033985   0.00042604
  0.04049672   0.00043329
  0.04065350   0.00044069
  0.04081026   0.00044833
  0.04096705   0.00045613
  0.04112381   0.00046408
  0.04128052   0.00047219
  0.04143730   0.00048054
  0.04159399   0.00048912
  0.04175070   0.00049779
  0.04190738   0.00050669
  0.04206409   0.00051582
  0.04222071   0.00052511
  0.04237732   0.00053456
  0.04253403   0.00054417
  0.04269055   0.00055402
  0.04284718   0.00056402
  0.04300373   0.00057425
  0.04316034   0.00058465
  0.04331689   0.00059520
  0.04347333   0.00060599
  0.04362988   0.00061694
  0.04378635   0.00062804
  0.04394280   0.00063938
  0.04409927   0.00065088
  0.04425564   0.00066254
  0.04441211   0.00067443
  0.04456850   0.00068648
  0.04472479   0.00069876
  0.04488119   0.00071120
  0.04503748   0.00072380
  0.04519379   0.00073656
  0.04535010   0.00074956
  0.04550631   0.00076279
  0.04566255   0.00077609
  0.04581876   0.00078964
  0.04597492   0.00080334
  0.04613107   0.00081728
  0.04628720   0.00083144
  0.04644336   0.00084576
  0.04659941   0.00086038
  0.04675549   0.00087517
  0.04691149   0.00089027
  0.04706754   0.00090545
  0.04722354   0.00092092
  0.04737944   0.00093665
  0.04753536   0.00095261
  0.04769125   0.00096872
  0.04784717   0.00098505
  0.04800299   0.00100164
  0.04815883   0.00101843
  0.04831457   0.00103550
  0.04847041   0.00105269
  0.04862607   0.00107022
  0.04878183   0.00108787
  0.04893750   0.00110579
  0.04909308   0.00112392
  0.04924876   0.00114230
  0.04940434   0.00116081
  0.04955985   0.00117967
  0.04971535   0.00119865
  0.04987088   0.00121790
  0.05002630   0.00123734
  0.05018173   0.00125706
  0.05033707   0.00127696
  0.05049250   0.00129708
  0.05064776   0.00131738
  0.05080303   0.00133795
  0.05095830   0.00135871
  0.05111357   0.00137975
  0.05126868   0.00140098
  0.05142386   0.00142242
  0.05157897   0.00144405
  0.05173406   0.00146594
  0.05188909   0.00148804
  0.05204405   0.00151041
  0.05219906   0.00153296
  0.05235393   0.00155573
  0.05250886   0.00157868
  0.05266374   0.00160189
  0.05281851   0.00162532
  0.05297328   0.00164893
  0.05312798   0.00167281
  0.05328269   0.00169690
  0.05343739   0.00172116
  0.05359193   0.00174573
  0.05374654   0.00177047
  0.05390108   0.00179540
  0.05405554   0.00182062
  0.05420998   0.00184602
  0.05436436   0.00187162
  0.05451874   0.00189750
  0.05467310   0.00192356
  0.05482740   0.00194982
  0.05498160   0.00197628
  0.05513582   0.00200302
  0.05528994   0.00202995
  0.05544399   0.00205715
  0.05559811   0.00208447
  0.05575207   0.00211204
  0.05590604   0.00213991
  0.05606000   0.00216789
  0.05621389   0.00219614
  0.05636768   0.00222459
  0.05652148   0.00225330
  0.05667519   0.00228222
  0.05682892   0.00231133
  0.05698255   0.00234064
  0.05713610   0.00237020
  0.05728965   0.00239997
  0.05744306   0.00243025
  0.05759620   0.00246160
  0.05774904   0.00249415
  0.05790149   0.00252779
  0.05805368   0.00256278
  0.05820547   0.00259903
  0.05835685   0.00263642
  0.05850792   0.00267504
  0.05865859   0.00271492
  0.05880885   0.00275604
  0.05895869   0.00279832
  0.05910814   0.00284182
  0.05925709   0.00288652
  0.05940566   0.00293243
  0.05955372   0.00297954
  0.05970140   0.00302785
  0.05984850   0.00307735
  0.05999518   0.00312799
  0.06014132   0.00317990
  0.06028688   0.00323288
  0.06043203   0.00328709
  0.06057655   0.00334247
  0.06072057   0.00339893
  0.06086402   0.00345656
  0.06100682   0.00351533
  0.06114915   0.00357529
  0.06129080   0.00363633
  0.06143191   0.00369853
  0.06157236   0.00376180
  0.06171226   0.00382624
  0.06185141   0.00389175
  0.06198999   0.00395836
  0.06212793   0.00402606
  0.06226513   0.00409482
  0.06240169   0.00416476
  0.06253753   0.00423570
  0.06267269   0.00430764
  0.06280715   0.00438075
  0.06294085   0.00445485
  0.06307385   0.00452996
  0.06320619   0.00460615
  0.06333762   0.00468333
  0.06346841   0.00476163
  0.06359838   0.00484082
  0.06372763   0.00492103
  0.06385598   0.00500233
  0.06398361   0.00508452
  0.06411043   0.00516767
  0.06423642   0.00525189
  0.06436160   0.00533695
  0.06448597   0.00542308
  0.06460943   0.00551009
  0.06473208   0.00559800
  0.06485385   0.00568692
  0.06497473   0.00577667
  0.06509478   0.00586737
  0.06521394   0.00595897
  0.06533221   0.00605152
  0.06544950   0.00614490
  0.06556595   0.00623911
  0.06568146   0.00633419
  0.06579606   0.00643017
  0.06590968   0.00652694
  0.06602240   0.00662460
  0.06613414   0.00672306
  0.06624492   0.00682226
  0.06635478   0.00692239
  0.06646360   0.00702323
  0.06657151   0.00712490
  0.06667838   0.00722732
  0.06678423   0.00733043
  0.06688912   0.00743448
  0.06699278   0.00753980
  0.06709523   0.00764658
  0.06719651   0.00775480
  0.06729650   0.00786432
  0.06739518   0.00797527
  0.06749256   0.00808759
  0.06758867   0.00820124
  0.06768344   0.00831618
  0.06777676   0.00843245
  0.06786878   0.00855003
  0.06795934   0.00866890
  0.06804859   0.00878898
  0.06813633   0.00891030
  0.06822267   0.00903294
  0.06830746   0.00915671
  0.06839080   0.00928162
  0.06847269   0.00940773
  0.06855294   0.00953505
  0.06863177   0.00966347
  0.06870893   0.00979300
  0.06878458   0.00992353
  0.06885861   0.01005524
  0.06893111   0.01018793
  0.06900190   0.01032170
  0.06907112   0.01045645
  0.06913860   0.01059217
  0.06920450   0.01072886
  0.06926870   0.01086656
  0.06933116   0.01100512
  0.06939191   0.01114452
  0.06945102   0.01128486
  0.06950834   0.01142601
  0.06956383   0.01156807
  0.06961767   0.01171086
  0.06966967   0.01185449
  0.06971992   0.01199886
  0.06976840   0.01214392
  0.06981501   0.01228972
  0.06985982   0.01243621
  0.06990276   0.01258342
  0.06994391   0.01273121
  0.06998315   0.01287961
  0.07002056   0.01302865
  0.07005615   0.01317821
  0.07008974   0.01332827
  0.07012156   0.01347891
  0.07015145   0.01363006
  0.07017940   0.01378159
  0.07020546   0.01393360
  0.07022959   0.01408606
  0.07025213   0.01423885
  0.07027382   0.01439200
  0.07029471   0.01454545
  0.07031489   0.01469924
  0.07033419   0.01485341
  0.07035269   0.01500778
  0.07037043   0.01516242
  0.07038730   0.01531734
  0.07040342   0.01547247
  0.07041862   0.01562783
  0.07043300   0.01578343
  0.07044664   0.01593920
  0.07045934   0.01609518
  0.07047122   0.01625138
  0.07048233   0.01640768
  0.07049251   0.01656411
  0.07050184   0.01672066
  0.07051041   0.01687732
  0.07051804   0.01703409
  0.07052482   0.01719092
  0.07053083   0.01734783
  0.07053589   0.01750477
  0.07054019   0.01766177
  0.07054408   0.01781885
  0.07054797   0.01797585
  0.07055194   0.01813283
  0.07055585   0.01828983
  0.07055974   0.01844683
  0.07056370   0.01860383
  0.07056759   0.01876083
  0.07057148   0.01891783
  0.07057545   0.01907483
  0.07057936   0.01923191
  0.07058333   0.01938891
  0.07058722   0.01954588
  0.07059110   0.01970288
  0.07059507   0.01985988
  0.07059896   0.02001688
  0.07060285   0.02017388
  0.07060684   0.02033088
  0.07061073   0.02048788
  0.07061462   0.02064488
  0.07061858   0.02080196
  0.07062247   0.02095894
  0.07062636   0.02111594
  0.07063033   0.02127294
  0.07063424   0.02142994
  0.07063821   0.02158694
  0.07064209   0.02174394
  0.07064598   0.02190094
  0.07064995   0.02205794
  0.07065384   0.02221494
  0.07065775   0.02237200
  0.07066172   0.02252900
  0.07066561   0.02268600
  0.07066949   0.02284300
  0.07067346   0.02300000
