 -0.03575574   0.02300000
 -0.03575173   0.02288569
 -0.03574772   0.02277129
 -0.03574371   0.02265699
 -0.03573980   0.02254268
 -0.03573579   0.02242828
 -0.03573179   0.02231397
 -0.03572778   0.02219966
 -0.03572387   0.02208526
 -0.03571986   0.02197096
 -0.03571586   0.02185665
 -0.03571185   0.02174225
 -0.03570794   0.02162794
 -0.03570393   0.02151363
 -0.03569992   0.02139923
 -0.03569591   0.02128493
 -0.03569190   0.02117062
 -0.03568799   0.02105621
 -0.03568398   0.02094191
 -0.03567998   0.02082760
 -0.03567597   0.02071320
 -0.03567206   0.02059890
 -0.03566805   0.02048458
 -0.03566404   0.02037018
 -0.03566003   0.02025588
 -0.03565612   0.02014157
 -0.03565211   0.02002717
 -0.03564810   0.01991287
 -0.03564410   0.01979855
 -0.03564009   0.01968415
 -0.03563618   0.01956985
 -0.03563217   0.01945554
 -0.03562816   0.01934114
 -0.03562415   0.01922684
 -0.03562024   0.01911252
 -0.03561623   0.01899812
 -0.03561223   0.01888382
 -0.03560822   0.01876951
 -0.03560421   0.01865511
 -0.03560030   0.01854080
 -0.03559629   0.01842650
 -0.03559229   0.01831209
 -0.03558828   0.01819779
 -0.03558437   0.01808348
 -0.03558036   0.01796908
 -0.03557635   0.01785477
 -0.03557234   0.01774047
 -0.03556843   0.01762606
 -0.03556442   0.01751176
 -0.03556042   0.01739745
 -0.03555641   0.01728305
 -0.03555240   0.01716874
 -0.03554849   0.01705444
 -0.03554448   0.01694003
 -0.03554047   0.01682573
 -0.03553646   0.01671142
 -0.03553255   0.01659702
 -0.03552854   0.01648271
 -0.03552454   0.01636841
 -0.03552053   0.01625400
 -0.03551652   0.01613970
 -0.03551261   0.01602539
 -0.03550860   0.01591099
 -0.03550459   0.01579668
 -0.03550058   0.01568238
 -0.03549667   0.01556797
 -0.03549266   0.01545367
 -0.03548866   0.01533936
 -0.03548465   0.01522496
 -0.03547998   0.01511065
 -0.03547436   0.01499635
 -0.03546770   0.01488213
 -0.03546008   0.01476792
 -0.03545152   0.01465380
 -0.03544201   0.01453978
 -0.03543155   0.01442576
 -0.03542005   0.01431183
 -0.03540770   0.01419810
 -0.03539430   0.01408436
 -0.03537995   0.01397081
 -0.03536456   0.01385736
 -0.03534831   0.01374400
 -0.03533112   0.01363083
 -0.03531288   0.01351776
 -0.03529380   0.01340487
 -0.03527366   0.01329208
 -0.03525258   0.01317958
 -0.03523055   0.01306717
 -0.03520766   0.01295495
 -0.03518373   0.01284292
 -0.03515885   0.01273117
 -0.03513303   0.01261962
 -0.03510626   0.01250825
 -0.03507863   0.01239708
 -0.03504996   0.01228619
 -0.03502043   0.01217558
 -0.03498986   0.01206516
 -0.03495844   0.01195503
 -0.03492607   0.01184518
 -0.03489284   0.01173562
 -0.03485858   0.01162634
 -0.03482345   0.01151734
 -0.03478738   0.01140863
 -0.03475036   0.01130030
 -0.03471249   0.01119225
 -0.03467367   0.01108449
 -0.03463399   0.01097711
 -0.03459337   0.01087011
 -0.03455180   0.01076339
 -0.03450937   0.01065705
 -0.03446609   0.01055109
 -0.03442181   0.01044552
 -0.03437666   0.01034035
 -0.03433051   0.01023565
 -0.03428346   0.01013125
 -0.03423553   0.01002734
 -0.03418671   0.00992381
 -0.03413690   0.00982068
 -0.03408619   0.00971813
 -0.03403460   0.00961588
 -0.03398211   0.00951421
 -0.03392873   0.00941292
 -0.03387445   0.00931213
 -0.03381938   0.00921183
 -0.03376333   0.00911201
 -0.03370638   0.00901278
 -0.03364864   0.00891394
 -0.03358991   0.00881568
 -0.03353048   0.00871792
 -0.03347006   0.00862064
 -0.03340885   0.00852395
 -0.03334675   0.00842784
 -0.03328385   0.00833222
 -0.03322006   0.00823719
 -0.03315548   0.00814275
 -0.03309000   0.00804879
 -0.03302373   0.00795552
 -0.03295667   0.00786274
 -0.03288881   0.00777063
 -0.03282006   0.00767912
 -0.03275061   0.00758820
 -0.03268027   0.00749786
 -0.03260923   0.00740821
 -0.03253730   0.00731914
 -0.03246468   0.00723066
 -0.03239126   0.00714297
 -0.03231704   0.00705586
 -0.03224204   0.00696934
 -0.03216633   0.00688360
 -0.03208983   0.00679844
 -0.03201263   0.00671398
 -0.03193464   0.00663030
 -0.03185595   0.00654720
 -0.03177647   0.00646479
 -0.03169629   0.00638316
 -0.03161541   0.00630222
 -0.03153384   0.00622197
 -0.03145157   0.00614249
 -0.03136861   0.00606371
 -0.03128494   0.00598561
 -0.03120058   0.00590829
 -0.03111552   0.00583176
 -0.03102977   0.00575601
 -0.03094342   0.00568095
 -0.03085636   0.00560667
 -0.03076871   0.00553318
 -0.03068037   0.00546037
 -0.03059142   0.00538845
 -0.03050187   0.00531731
 -0.03041163   0.00524695
 -0.03032079   0.00517738
 -0.03022935   0.00510859
 -0.03013731   0.00504069
 -0.03004467   0.00497347
 -0.02995143   0.00490723
 -0.02985769   0.00484168
 -0.02976326   0.00477701
 -0.02966832   0.00471323
 -0.02957278   0.00465023
 -0.02947674   0.00458811
 -0.02938020   0.00452678
 -0.02928306   0.00446633
 -0.02918542   0.00440677
 -0.02908718   0.00434809
 -0.02898853   0.00429020
 -0.02888929   0.00423328
 -0.02878964   0.00417715
 -0.02868949   0.00412191
 -0.02858875   0.00406764
 -0.02848769   0.00401417
 -0.02838603   0.00396158
 -0.02828397   0.00390996
 -0.02818152   0.00385924
 -0.02807855   0.00380939
 -0.02797509   0.00376044
 -0.02787132   0.00371246
 -0.02776704   0.00366536
 -0.02766246   0.00361916
 -0.02755738   0.00357394
 -0.02745191   0.00352959
 -0.02734612   0.00348623
 -0.02723992   0.00344376
 -0.02713333   0.00340227
 -0.02702642   0.00336176
 -0.02691912   0.00332214
 -0.02681151   0.00328341
 -0.02670349   0.00324565
 -0.02659526   0.00320888
 -0.02648664   0.00317309
 -0.02637771   0.00313829
 -0.02626847   0.00310437
 -0.02615902   0.00307143
 -0.02604917   0.00303948
 -0.02593911   0.00300852
 -0.02582875   0.00297834
 -0.02571836   0.00294858
 -0.02560796   0.00291885
 -0.02549744   0.00288945
 -0.02538681   0.00286017
 -0.02527616   0.00283103
 -0.02516549   0.00280220
 -0.02505471   0.00277341
 -0.02494391   0.00274494
 -0.02483309   0.00271661
 -0.02472216   0.00268850
 -0.02461122   0.00266052
 -0.02450016   0.00263276
 -0.02438909   0.00260514
 -0.02427800   0.00257775
 -0.02416680   0.00255058
 -0.02405558   0.00252363
 -0.02394435   0.00249682
 -0.02383300   0.00247015
 -0.02372155   0.00244369
 -0.02361018   0.00241747
 -0.02349870   0.00239148
 -0.02338711   0.00236561
 -0.02327561   0.00233988
 -0.02316399   0.00231447
 -0.02305227   0.00228920
 -0.02294053   0.00226405
 -0.02282878   0.00223914
 -0.02271702   0.00221445
 -0.02260516   0.00218999
 -0.02249318   0.00216567
 -0.02238129   0.00214148
 -0.02226929   0.00211761
 -0.02215729   0.00209388
 -0.02204517   0.00207031
 -0.02193305   0.00204693
 -0.02182093   0.00202375
 -0.02170871   0.00200076
 -0.02159649   0.00197788
 -0.02148426   0.00195509
 -0.02137195   0.00193260
 -0.02125972   0.00191021
 -0.02114731   0.00188792
 -0.02103498   0.00186583
 -0.02092256   0.00184393
 -0.02081015   0.00182223
 -0.02069763   0.00180062
 -0.02058511   0.00177922
 -0.02047259   0.00175792
 -0.02036007   0.00173681
 -0.02024745   0.00171590
 -0.02013483   0.00169509
 -0.02002221   0.00167448
 -0.01990949   0.00165396
 -0.01979678   0.00163364
 -0.01968406   0.00161353
 -0.01957133   0.00159360
 -0.01945852   0.00157377
 -0.01934570   0.00155406
 -0.01923288   0.00153462
 -0.01911996   0.00151529
 -0.01900704   0.00149607
 -0.01889412   0.00147713
 -0.01878120   0.00145829
 -0.01866819   0.00143955
 -0.01855517   0.00142102
 -0.01844215   0.00140267
 -0.01832903   0.00138453
 -0.01821600   0.00136648
 -0.01810289   0.00134853
 -0.01798967   0.00133089
 -0.01787655   0.00131333
 -0.01776333   0.00129598
 -0.01765011   0.00127872
 -0.01753690   0.00126166
 -0.01742367   0.00124470
 -0.01731035   0.00122804
 -0.01719703   0.00121148
 -0.01708371   0.00119501
 -0.01697030   0.00117874
 -0.01685698   0.00116267
 -0.01674356   0.00114680
 -0.01663014   0.00113102
 -0.01651662   0.00111535
 -0.01640320   0.00109997
 -0.01628968   0.00108469
 -0.01617616   0.00106960
 -0.01606264   0.00105462
 -0.01594902   0.00103983
 -0.01583550   0.00102524
 -0.01572188   0.00101075
 -0.01560826   0.00099646
 -0.01549464   0.00098227
 -0.01538092   0.00096837
 -0.01526730   0.00095447
 -0.01515358   0.00094087
 -0.01503985   0.00092737
 -0.01492613   0.00091406
 -0.01481231   0.00090086
 -0.01469859   0.00088794
 -0.01458477   0.00087503
 -0.01447095   0.00086242
 -0.01435712   0.00084990
 -0.01424320   0.00083758
 -0.01412938   0.00082537
 -0.01401546   0.00081334
 -0.01390163   0.00080152
 -0.01378771   0.00078979
 -0.01367369   0.00077827
 -0.01355977   0.00076694
 -0.01344584   0.00075570
 -0.01333182   0.00074467
 -0.01321780   0.00073383
 -0.01310377   0.00072309
 -0.01298975   0.00071255
 -0.01287573   0.00070212
 -0.01276170   0.00069197
 -0.01264758   0.00068183
 -0.01253355   0.00067198
 -0.01241942   0.00066223
 -0.01230530   0.00065267
 -0.01219117   0.00064322
 -0.01207705   0.00063406
 -0.01196282   0.00062491
 -0.01184869   0.00061605
 -0.01173447   0.00060728
 -0.01162034   0.00059872
 -0.01150612   0.00059025
 -0.01139189   0.00058198
 -0.01127766   0.00057392
 -0.01116343   0.00056604
 -0.01104910   0.00055826
 -0.01093487   0.00055059
 -0.01082065   0.00054321
 -0.01070632   0.00053593
 -0.01059199   0.00052884
 -0.01047776   0.00052195
 -0.01036343   0.00051507
 -0.01024909   0.00050820
 -0.01013476   0.00050142
 -0.01002044   0.00049466
 -0.00990610   0.00048790
 -0.00979177   0.00048123
 -0.00967743   0.00047468
 -0.00956310   0.00046812
 -0.00944876   0.00046158
 -0.00933443   0.00045514
 -0.00922009   0.00044870
 -0.00910575   0.00044236
 -0.00899142   0.00043603
 -0.00887708   0.00042981
 -0.00876274   0.00042358
 -0.00864840   0.00041737
 -0.00853406   0.00041125
 -0.00841962   0.00040515
 -0.00830528   0.00039914
 -0.00819094   0.00039314
 -0.00807659   0.00038724
 -0.00796215   0.00038135
 -0.00784781   0.00037556
 -0.00773347   0.00036978
 -0.00761903   0.00036400
 -0.00750468   0.00035832
 -0.00739033   0.00035265
 -0.00727589   0.00034709
 -0.00716154   0.00034152
 -0.00704710   0.00033606
 -0.00693275   0.00033061
 -0.00681830   0.00032526
 -0.00670395   0.00031991
 -0.00658951   0.00031457
 -0.00647516   0.00030934
 -0.00636071   0.00030411
 -0.00624636   0.00029897
 -0.00613191   0.00029385
 -0.00601746   0.00028883
 -0.00590311   0.00028381
 -0.00578866   0.00027881
 -0.00567421   0.00027390
 -0.00555985   0.00026909
 -0.00544541   0.00026429
 -0.00533096   0.00025949
 -0.00521651   0.00025480
 -0.00510215   0.00025012
 -0.00498770   0.00024544
 -0.00487325   0.00024087
 -0.00475879   0.00023639
 -0.00464434   0.00023192
 -0.00452989   0.00022745
 -0.00441543   0.00022307
 -0.00430108   0.00021870
 -0.00418662   0.00021443
 -0.00407217   0.00021015
 -0.00395772   0.00020597
 -0.00384326   0.00020180
 -0.00372881   0.00019763
 -0.00361435   0.00019355
 -0.00349990   0.00018957
 -0.00338545   0.00018549
 -0.00327099   0.00018161
 -0.00315654   0.00017764
 -0.00304208   0.00017385
 -0.00292763   0.00016998
 -0.00281308   0.00016619
 -0.00269863   0.00016251
 -0.00258417   0.00015883
 -0.00246972   0.00015515
 -0.00235526   0.00015156
 -0.00224081   0.00014798
 -0.00212635   0.00014450
 -0.00201180   0.00014101
 -0.00189735   0.00013753
 -0.00178289   0.00013415
 -0.00166844   0.00013086
 -0.00155389   0.00012757
 -0.00143943   0.00012429
 -0.00132497   0.00012110
 -0.00121052   0.00011791
 -0.00109597   0.00011482
 -0.00098151   0.00011173
 -0.00086706   0.00010864
 -0.00075251   0.00010565
 -0.00063805   0.00010276
 -0.00052359   0.00009987
 -0.00040904   0.00009698
 -0.00029459   0.00009419
 -0.00018013   0.00009139
 -0.00006558   0.00008870
  0.00004888   0.00008600
  0.00016343   0.00008331
  0.00027789   0.00008072
  0.00039244   0.00007822
  0.00050689   0.00007572
  0.00062135   0.00007323
  0.00073590   0.00007083
  0.00085036   0.00006843
  0.00096491   0.00006604
  0.00107936   0.00006383
  0.00119392   0.00006154
  0.00130837   0.00005934
  0.00142293   0.00005714
  0.00153738   0.00005504
  0.00165194   0.00005303
  0.00176639   0.00005094
  0.00188095   0.00004893
  0.00199540   0.00004702
  0.00210996   0.00004512
  0.00222451   0.00004332
  0.00233897   0.00004151
  0.00245352   0.00003971
  0.00256798   0.00003800
  0.00268253   0.00003630
  0.00279708   0.00003469
  0.00291154   0.00003308
  0.00302610   0.00003157
  0.00314055   0.00003007
  0.00325511   0.00002856
  0.00336966   0.00002715
  0.00348412   0.00002584
  0.00359867   0.00002443
  0.00371313   0.00002321
  0.00382769   0.00002190
  0.00394224   0.00002070
  0.00405670   0.00001958
  0.00417125   0.00001846
  0.00428581   0.00001745
  0.00440026   0.00001643
  0.00451482   0.00001542
  0.00462937   0.00001451
  0.00474383   0.00001359
  0.00485839   0.00001278
  0.00497294   0.00001196
  0.00508740   0.00001114
  0.00520195   0.00001043
  0.00531651   0.00000980
  0.00543097   0.00000918
  0.00554552   0.00000857
  0.00566008   0.00000804
  0.00577454   0.00000752
  0.00588909   0.00000710
  0.00600364   0.00000668
  0.00611820   0.00000635
  0.00623266   0.00000603
  0.00634721   0.00000571
  0.00646177   0.00000548
  0.00657623   0.00000527
  0.00669078   0.00000514
  0.00682659   0.00000527
  0.00696230   0.00000539
  0.00709810   0.00000552
  0.00723381   0.00000565
  0.00736961   0.00000579
  0.00750532   0.00000592
  0.00764113   0.00000606
  0.00777683   0.00000620
  0.00791263   0.00000634
  0.00804834   0.00000648
  0.00818415   0.00000662
  0.00831986   0.00000677
  0.00845566   0.00000692
  0.00859137   0.00000707
  0.00872717   0.00000721
  0.00886297   0.00000737
  0.00899868   0.00000752
  0.00913448   0.00000768
  0.00927019   0.00000783
  0.00940600   0.00000799
  0.00954170   0.00000815
  0.00967751   0.00000831
  0.00981321   0.00000848
  0.00994902   0.00000865
  0.01008472   0.00000881
  0.01022053   0.00000898
  0.01035624   0.00000916
  0.01049204   0.00000933
  0.01062774   0.00000951
  0.01076355   0.00000968
  0.01089935   0.00000986
  0.01103506   0.00001004
  0.01117086   0.00001022
  0.01130657   0.00001041
  0.01144237   0.00001059
  0.01157808   0.00001078
  0.01171388   0.00001097
  0.01184958   0.00001116
  0.01198539   0.00001135
  0.01212109   0.00001154
  0.01225690   0.00001174
  0.01239260   0.00001194
  0.01252840   0.00001214
  0.01266411   0.00001234
  0.01279991   0.00001254
  0.01293571   0.00001274
  0.01307142   0.00001295
  0.01320722   0.00001316
  0.01334293   0.00001336
  0.01347873   0.00001358
  0.01361443   0.00001379
  0.01375023   0.00001401
  0.01388594   0.00001422
  0.01402174   0.00001444
  0.01415745   0.00001466
  0.01429325   0.00001489
  0.01442895   0.00001511
  0.01456475   0.00001533
  0.01470046   0.00001556
  0.01483626   0.00001579
  0.01497206   0.00001602
  0.01510776   0.00001625
  0.01524356   0.00001648
  0.01537927   0.00001672
  0.01551507   0.00001696
  0.01565077   0.00001720
  0.01578657   0.00001744
  0.01592228   0.00001768
  0.01605808   0.00001793
  0.01619378   0.00001817
  0.01632958   0.00001842
  0.01646529   0.00001867
  0.01660109   0.00001892
  0.01673679   0.00001918
  0.01687259   0.00001943
  0.01700839   0.00001968
  0.01714409   0.00001995
  0.01727989   0.00002020
  0.01741559   0.00002047
  0.01755139   0.00002073
  0.01768710   0.00002100
  0.01782290   0.00002126
  0.01795860   0.00002162
  0.01809439   0.00002199
  0.01823010   0.00002245
  0.01836590   0.00002301
  0.01850160   0.00002357
  0.01863740   0.00002423
  0.01877310   0.00002499
  0.01890890   0.00002574
  0.01904460   0.00002659
  0.01918040   0.00002745
  0.01931610   0.00002839
  0.01945190   0.00002944
  0.01958770   0.00003049
  0.01972340   0.00003163
  0.01985919   0.00003288
  0.01999490   0.00003412
  0.02013060   0.00003546
  0.02026640   0.00003680
  0.02040210   0.00003824
  0.02053789   0.00003978
  0.02067360   0.00004142
  0.02080939   0.00004307
  0.02094509   0.00004473
  0.02108088   0.00004649
  0.02121658   0.00004835
  0.02135238   0.00005031
  0.02148807   0.00005228
  0.02162377   0.00005434
  0.02175957   0.00005642
  0.02189527   0.00005859
  0.02203105   0.00006087
  0.02216675   0.00006316
  0.02230245   0.00006554
  0.02243824   0.00006803
  0.02257393   0.00007052
  0.02270962   0.00007311
  0.02284541   0.00007581
  0.02298111   0.00007852
  0.02311680   0.00008122
  0.02325259   0.00008413
  0.02338828   0.00008704
  0.02352397   0.00008996
  0.02365975   0.00009307
  0.02379544   0.00009620
  0.02393113   0.00009932
  0.02406682   0.00010255
  0.02420260   0.00010588
  0.02433829   0.00010932
  0.02447397   0.00011275
  0.02460966   0.00011620
  0.02474535   0.00011984
  0.02488103   0.00012349
  0.02501671   0.00012714
  0.02515249   0.00013090
  0.02528817   0.00013475
  0.02542386   0.00013871
  0.02555954   0.00014268
  0.02569522   0.00014674
  0.02583090   0.00015081
  0.02596658   0.00015499
  0.02610225   0.00015926
  0.02623793   0.00016354
  0.02637361   0.00016793
  0.02650929   0.00017232
  0.02664496   0.00017690
  0.02678064   0.00018140
  0.02691622   0.00018609
  0.02705189   0.00019079
  0.02718756   0.00019559
  0.02732323   0.00020040
  0.02745891   0.00020531
  0.02759457   0.00021022
  0.02773015   0.00021534
  0.02786582   0.00022046
  0.02800148   0.00022558
  0.02813706   0.00023080
  0.02827272   0.00023614
  0.02840839   0.00024147
  0.02854395   0.00024690
  0.02867962   0.00025244
  0.02881528   0.00025798
  0.02895085   0.00026362
  0.02908651   0.00026937
  0.02922207   0.00027512
  0.02935773   0.00028098
  0.02949329   0.00028684
  0.02962886   0.00029280
  0.02976451   0.00029886
  0.02990007   0.00030493
  0.03003573   0.00031110
  0.03017128   0.00031737
  0.03030684   0.00032365
  0.03044249   0.00033003
  0.03057805   0.00033642
  0.03071360   0.00034290
  0.03084916   0.00034949
  0.03098471   0.00035608
  0.03112026   0.00036278
  0.03125590   0.00036958
  0.03139145   0.00037639
  0.03152700   0.00038329
  0.03166255   0.00039030
  0.03179809   0.00039731
  0.03193364   0.00040433
  0.03206918   0.00041154
  0.03220473   0.00041877
  0.03234017   0.00042609
  0.03247571   0.00043342
  0.03261125   0.00044085
  0.03274679   0.00044829
  0.03288233   0.00045592
  0.03301777   0.00046347
  0.03315330   0.00047121
  0.03328883   0.00047896
  0.03342427   0.00048681
  0.03355980   0.00049466
  0.03369524   0.00050262
  0.03383077   0.00051068
  0.03396620   0.00051874
  0.03410173   0.00052691
  0.03423716   0.00053508
  0.03437268   0.00054335
  0.03450811   0.00055173
  0.03464354   0.00056021
  0.03477896   0.00056869
  0.03491448   0.00057718
  0.03504990   0.00058596
  0.03518532   0.00059503
  0.03532065   0.00060429
  0.03545607   0.00061376
  0.03559149   0.00062351
  0.03572681   0.00063346
  0.03586213   0.00064370
  0.03599745   0.00065414
  0.03613277   0.00066477
  0.03626799   0.00067561
  0.03640331   0.00068673
  0.03653853   0.00069813
  0.03667374   0.00070965
  0.03680896   0.00072145
  0.03694417   0.00073355
  0.03707929   0.00074584
  0.03721441   0.00075833
  0.03734962   0.00077101
  0.03748464   0.00078398
  0.03761975   0.00079715
  0.03775477   0.00081061
  0.03788988   0.00082427
  0.03802489   0.00083813
  0.03815981   0.00085227
  0.03829482   0.00086661
  0.03842974   0.00088115
  0.03856465   0.00089597
  0.03869956   0.00091099
  0.03883438   0.00092622
  0.03896928   0.00094173
  0.03910410   0.00095743
  0.03923881   0.00097343
  0.03937362   0.00098962
  0.03950834   0.00100602
  0.03964305   0.00102260
  0.03977776   0.00103948
  0.03991237   0.00105665
  0.04004698   0.00107391
  0.04018159   0.00109147
  0.04031611   0.00110923
  0.04045062   0.00112727
  0.04058513   0.00114552
  0.04071964   0.00116396
  0.04085406   0.00118269
  0.04098847   0.00120161
  0.04112276   0.00122088
  0.04125715   0.00124029
  0.04139142   0.00126002
  0.04152560   0.00128008
  0.04165975   0.00130036
  0.04179390   0.00132088
  0.04192804   0.00134162
  0.04206207   0.00136268
  0.04219609   0.00138397
  0.04233000   0.00140559
  0.04246398   0.00142734
  0.04259777   0.00144950
  0.04273164   0.00147180
  0.04286540   0.00149441
  0.04299904   0.00151726
  0.04313278   0.00154043
  0.04326639   0.00156373
  0.04339990   0.00158745
  0.04353340   0.00161129
  0.04366687   0.00163547
  0.04380024   0.00165986
  0.04393359   0.00168458
  0.04406683   0.00170953
  0.04420015   0.00173469
  0.04433325   0.00176009
  0.04446635   0.00178581
  0.04459942   0.00181175
  0.04473248   0.00183801
  0.04486532   0.00186450
  0.04499825   0.00189122
  0.04513106   0.00191816
  0.04526385   0.00194542
  0.04539652   0.00197290
  0.04552908   0.00200070
  0.04566172   0.00202873
  0.04579415   0.00205698
  0.04592665   0.00208546
  0.04605904   0.00211426
  0.04619130   0.00214328
  0.04632355   0.00217252
  0.04645568   0.00220208
  0.04658779   0.00223187
  0.04671987   0.00226187
  0.04685175   0.00229220
  0.04698370   0.00232275
  0.04711553   0.00235352
  0.04724724   0.00238461
  0.04737892   0.00241592
  0.04751049   0.00244745
  0.04764204   0.00247930
  0.04777356   0.00251137
  0.04790496   0.00254367
  0.04803624   0.00257618
  0.04816750   0.00260901
  0.04829864   0.00264207
  0.04842965   0.00267543
  0.04856074   0.00270893
  0.04869161   0.00274274
  0.04882245   0.00277686
  0.04895327   0.00281111
  0.04908396   0.00284567
  0.04921454   0.00288046
  0.04934508   0.00291556
  0.04947551   0.00295087
  0.04960591   0.00298641
  0.04973618   0.00302216
  0.04986633   0.00305823
  0.04999646   0.00309452
  0.05012636   0.00313140
  0.05025595   0.00316955
  0.05038514   0.00320914
  0.05051382   0.00325000
  0.05064218   0.00329231
  0.05077005   0.00333597
  0.05089741   0.00338089
  0.05102435   0.00342717
  0.05115080   0.00347480
  0.05127674   0.00352379
  0.05140217   0.00357403
  0.05152711   0.00362563
  0.05165143   0.00367849
  0.05177526   0.00373270
  0.05189848   0.00378817
  0.05202120   0.00384500
  0.05214323   0.00390308
  0.05226474   0.00396242
  0.05238556   0.00402311
  0.05250569   0.00408496
  0.05262530   0.00414817
  0.05274412   0.00421263
  0.05286235   0.00427825
  0.05297987   0.00434513
  0.05309661   0.00441326
  0.05321274   0.00448266
  0.05332808   0.00455321
  0.05344272   0.00462502
  0.05355657   0.00469798
  0.05366972   0.00477220
  0.05378198   0.00484758
  0.05389355   0.00492412
  0.05400431   0.00500182
  0.05411420   0.00508068
  0.05422329   0.00516078
  0.05433149   0.00524196
  0.05443889   0.00532419
  0.05454541   0.00540768
  0.05465103   0.00549223
  0.05475577   0.00557784
  0.05485972   0.00566461
  0.05496258   0.00575244
  0.05506465   0.00584143
  0.05516573   0.00593138
  0.05526593   0.00602240
  0.05536504   0.00611457
  0.05546327   0.00620770
  0.05556050   0.00630180
  0.05565676   0.00639705
  0.05575202   0.00649317
  0.05584630   0.00659045
  0.05593951   0.00668860
  0.05603172   0.00678771
  0.05612286   0.00688787
  0.05621291   0.00698891
  0.05630197   0.00709091
  0.05638996   0.00719387
  0.05647687   0.00729779
  0.05656260   0.00740259
  0.05664734   0.00750824
  0.05673090   0.00761477
  0.05681339   0.00772225
  0.05689469   0.00783050
  0.05697492   0.00793972
  0.05705396   0.00804970
  0.05713183   0.00816046
  0.05720863   0.00827217
  0.05728414   0.00838456
  0.05735858   0.00849781
  0.05743174   0.00861183
  0.05750377   0.00872652
  0.05757465   0.00884206
  0.05764430   0.00895827
  0.05771281   0.00907523
  0.05778019   0.00919295
  0.05784633   0.00931124
  0.05791124   0.00943029
  0.05797491   0.00955001
  0.05803745   0.00967038
  0.05809875   0.00979133
  0.05815873   0.00991294
  0.05821757   0.01003522
  0.05827508   0.01015806
  0.05833145   0.01028148
  0.05838649   0.01040546
  0.05844031   0.01053010
  0.05849278   0.01065522
  0.05854404   0.01078082
  0.05859405   0.01090698
  0.05864264   0.01103372
  0.05869009   0.01116093
  0.05873613   0.01128861
  0.05878093   0.01141667
  0.05882440   0.01154530
  0.05886664   0.01167431
  0.05890745   0.01180380
  0.05894703   0.01193366
  0.05898518   0.01206390
  0.05902211   0.01219453
  0.05905770   0.01232562
  0.05909188   0.01245700
  0.05912472   0.01258867
  0.05915634   0.01272072
  0.05918652   0.01285305
  0.05921529   0.01298576
  0.05924283   0.01311866
  0.05926894   0.01325194
  0.05929372   0.01338540
  0.05931717   0.01351907
  0.05933921   0.01365301
  0.05935991   0.01378714
  0.05937919   0.01392156
  0.05939714   0.01405607
  0.05941367   0.01419077
  0.05942887   0.01432567
  0.05944274   0.01446065
  0.05945510   0.01459573
  0.05946622   0.01473100
  0.05947592   0.01486637
  0.05948420   0.01500173
  0.05949115   0.01513720
  0.05949667   0.01527275
  0.05950125   0.01540831
  0.05950573   0.01554386
  0.05951021   0.01567942
  0.05951479   0.01581497
  0.05951927   0.01595063
  0.05952375   0.01608618
  0.05952833   0.01622174
  0.05953281   0.01635729
  0.05953739   0.01649285
  0.05954187   0.01662840
  0.05954635   0.01676396
  0.05955093   0.01689952
  0.05955541   0.01703507
  0.05955989   0.01717072
  0.05956447   0.01730628
  0.05956895   0.01744183
  0.05957343   0.01757739
  0.05957801   0.01771295
  0.05958249   0.01784850
  0.05958697   0.01798406
  0.05959155   0.01811961
  0.05959603   0.01825517
  0.05960061   0.01839072
  0.05960509   0.01852638
  0.05960957   0.01866193
  0.05961415   0.01879749
  0.05961863   0.01893304
  0.05962311   0.01906860
  0.05962769   0.01920415
  0.05963217   0.01933971
  0.05963665   0.01947527
  0.05964122   0.01961082
  0.05964571   0.01974647
  0.05965029   0.01988203
  0.05965477   0.02001758
  0.05965925   0.02015314
  0.05966382   0.02028870
  0.05966831   0.02042425
  0.05967279   0.02055981
  0.05967737   0.02069536
  0.05968185   0.02083092
  0.05968633   0.02096648
  0.05969090   0.02110213
  0.05969539   0.02123768
  0.05969987   0.02137324
  0.05970445   0.02150879
  0.05970893   0.02164435
  0.05971350   0.02177991
  0.05971799   0.02191546
  0.05972247   0.02205102
  0.05972705   0.02218657
  0.05973153   0.02232213
  0.05973601   0.02245778
  0.05974058   0.02259334
  0.05974507   0.02272889
  0.05974955   0.02286445
  0.05975413   0.02300000
