 -0.03725000   0.02300000
 -0.03722998   0.02291999
 -0.03721005   0.02283998
 -0.03719001   0.02276005
 -0.03716999   0.02268005
 -0.03714997   0.02260004
 -0.03713004   0.02252003
 -0.03711000   0.02244002
 -0.03708998   0.02236001
 -0.03707005   0.02228008
 -0.03705003   0.02220007
 -0.03702999   0.02212006
 -0.03701005   0.02204005
 -0.03699004   0.02196005
 -0.03697002   0.02188004
 -0.03694998   0.02180011
 -0.03693005   0.02172010
 -0.03691003   0.02164009
 -0.03689001   0.02156008
 -0.03687005   0.02148007
 -0.03685004   0.02140006
 -0.03683002   0.02132014
 -0.03681000   0.02124013
 -0.03679005   0.02116012
 -0.03677003   0.02108011
 -0.03675001   0.02100010
 -0.03673007   0.02092009
 -0.03671004   0.02084016
 -0.03669002   0.02076015
 -0.03667000   0.02068015
 -0.03665006   0.02060014
 -0.03663003   0.02052013
 -0.03661001   0.02044012
 -0.03659007   0.02036019
 -0.03657005   0.02028018
 -0.03655002   0.02020017
 -0.03653008   0.02012016
 -0.03651006   0.02004015
 -0.03649005   0.01996015
 -0.03647001   0.01988022
 -0.03645007   0.01980021
 -0.03643005   0.01972020
 -0.03641004   0.01964019
 -0.03639008   0.01956018
 -0.03637006   0.01948017
 -0.03635005   0.01940025
 -0.03633003   0.01932024
 -0.03631007   0.01924023
 -0.03629005   0.01916022
 -0.03627004   0.01908021
 -0.03625010   0.01900020
 -0.03623006   0.01892027
 -0.03621005   0.01884026
 -0.03619003   0.01876025
 -0.03617009   0.01868025
 -0.03615005   0.01860024
 -0.03613004   0.01852023
 -0.03611010   0.01844030
 -0.03609008   0.01836029
 -0.03607005   0.01828028
 -0.03605011   0.01820027
 -0.03603009   0.01812026
 -0.03601007   0.01804025
 -0.03599004   0.01796033
 -0.03597010   0.01788032
 -0.03595008   0.01780031
 -0.03593006   0.01772030
 -0.03591011   0.01764029
 -0.03589009   0.01756028
 -0.03587007   0.01748035
 -0.03585005   0.01740036
 -0.03583010   0.01732035
 -0.03581008   0.01724035
 -0.03579006   0.01716034
 -0.03577013   0.01708033
 -0.03575009   0.01700040
 -0.03573007   0.01692039
 -0.03571014   0.01684038
 -0.03569012   0.01676037
 -0.03567008   0.01668036
 -0.03565006   0.01660044
 -0.03563013   0.01652043
 -0.03561011   0.01644042
 -0.03559007   0.01636041
 -0.03557014   0.01628040
 -0.03555012   0.01620039
 -0.03553010   0.01612046
 -0.03551006   0.01604045
 -0.03549013   0.01596045
 -0.03547011   0.01588044
 -0.03545009   0.01580043
 -0.03543014   0.01572042
 -0.03541012   0.01564049
 -0.03539010   0.01556048
 -0.03537008   0.01548047
 -0.03535013   0.01540046
 -0.03533011   0.01532045
 -0.03531009   0.01524045
 -0.03529015   0.01516052
 -0.03527012   0.01508051
 -0.03525010   0.01500050
 -0.03523016   0.01492049
 -0.03521015   0.01484048
 -0.03519011   0.01476047
 -0.03517009   0.01468055
 -0.03515015   0.01460054
 -0.03513014   0.01452053
 -0.03511010   0.01444052
 -0.03509016   0.01436051
 -0.03507015   0.01428050
 -0.03505013   0.01420057
 -0.03503009   0.01412056
 -0.03501015   0.01404055
 -0.03499014   0.01396055
 -0.03497012   0.01388054
 -0.03495016   0.01380053
 -0.03493015   0.01372060
 -0.03491013   0.01364059
 -0.03489011   0.01356058
 -0.03487015   0.01348057
 -0.03485014   0.01340056
 -0.03483012   0.01332055
 -0.03481018   0.01324063
 -0.03479015   0.01316062
 -0.03477013   0.01308061
 -0.03475019   0.01300060
 -0.03473017   0.01292059
 -0.03471014   0.01284058
 -0.03469012   0.01276065
 -0.03467018   0.01268065
 -0.03465016   0.01260064
 -0.03462996   0.01252071
 -0.03460937   0.01244086
 -0.03458837   0.01236110
 -0.03456696   0.01228150
 -0.03454505   0.01220198
 -0.03452265   0.01212263
 -0.03449988   0.01204337
 -0.03447655   0.01196428
 -0.03445275   0.01188539
 -0.03442836   0.01180660
 -0.03440360   0.01172799
 -0.03437825   0.01164956
 -0.03435245   0.01157122
 -0.03432609   0.01149309
 -0.03429924   0.01141513
 -0.03427200   0.01133735
 -0.03424410   0.01125976
 -0.03421582   0.01118226
 -0.03418707   0.01110505
 -0.03415775   0.01102803
 -0.03412795   0.01095109
 -0.03409768   0.01087444
 -0.03406693   0.01079796
 -0.03403569   0.01072167
 -0.03400399   0.01064558
 -0.03397181   0.01056967
 -0.03393906   0.01049396
 -0.03390594   0.01041850
 -0.03387225   0.01034325
 -0.03383815   0.01026827
 -0.03380350   0.01019339
 -0.03376846   0.01011879
 -0.03373286   0.01004445
 -0.03369686   0.00997030
 -0.03366032   0.00989636
 -0.03362337   0.00982269
 -0.03358596   0.00974928
 -0.03354807   0.00967607
 -0.03350970   0.00960306
 -0.03347086   0.00953040
 -0.03343155   0.00945794
 -0.03339183   0.00938575
 -0.03335156   0.00931375
 -0.03331090   0.00924205
 -0.03326977   0.00917062
 -0.03322825   0.00909945
 -0.03318617   0.00902857
 -0.03314370   0.00895796
 -0.03310083   0.00888755
 -0.03305741   0.00881751
 -0.03301361   0.00874766
 -0.03296933   0.00867818
 -0.03292466   0.00860888
 -0.03287952   0.00853996
 -0.03283389   0.00847131
 -0.03278788   0.00840295
 -0.03274141   0.00833486
 -0.03269454   0.00826705
 -0.03264728   0.00819955
 -0.03259948   0.00813238
 -0.03255136   0.00806552
 -0.03250278   0.00799892
 -0.03245372   0.00793270
 -0.03240435   0.00786676
 -0.03235443   0.00780119
 -0.03230422   0.00773582
 -0.03225353   0.00767089
 -0.03220244   0.00760626
 -0.03215090   0.00754190
 -0.03209905   0.00747792
 -0.03204671   0.00741422
 -0.03199401   0.00735090
 -0.03194083   0.00728793
 -0.03188735   0.00722525
 -0.03183340   0.00716296
 -0.03177907   0.00710102
 -0.03172443   0.00703937
 -0.03166932   0.00697811
 -0.03161383   0.00691719
 -0.03155795   0.00685665
 -0.03150170   0.00679650
 -0.03144505   0.00673663
 -0.03138803   0.00667720
 -0.03133069   0.00661807
 -0.03127289   0.00655931
 -0.03121479   0.00650093
 -0.03115623   0.00644293
 -0.03109736   0.00638529
 -0.03103812   0.00632810
 -0.03097857   0.00627121
 -0.03091856   0.00621470
 -0.03085825   0.00615864
 -0.03079756   0.00610287
 -0.03073657   0.00604757
 -0.03067520   0.00599264
 -0.03061345   0.00593808
 -0.03055141   0.00588397
 -0.03048897   0.00583016
 -0.03042624   0.00577682
 -0.03036314   0.00572385
 -0.03029974   0.00567134
 -0.03023602   0.00561922
 -0.03017194   0.00556746
 -0.03010749   0.00551617
 -0.03004273   0.00546525
 -0.02997768   0.00541472
 -0.02991232   0.00536464
 -0.02984667   0.00531502
 -0.02978066   0.00526570
 -0.02971434   0.00521693
 -0.02964773   0.00516854
 -0.02958074   0.00512051
 -0.02951355   0.00507296
 -0.02944597   0.00502588
 -0.02937818   0.00497916
 -0.02931003   0.00493293
 -0.02924165   0.00488714
 -0.02917290   0.00484175
 -0.02910395   0.00479682
 -0.02903469   0.00475234
 -0.02896507   0.00470825
 -0.02889524   0.00466472
 -0.02882520   0.00462156
 -0.02875478   0.00457877
 -0.02868416   0.00453655
 -0.02861325   0.00449472
 -0.02854205   0.00445342
 -0.02847063   0.00441250
 -0.02839893   0.00437206
 -0.02832695   0.00433201
 -0.02825475   0.00429250
 -0.02818226   0.00425345
 -0.02810958   0.00421487
 -0.02803668   0.00417669
 -0.02796350   0.00413904
 -0.02789012   0.00410180
 -0.02781644   0.00406509
 -0.02774255   0.00402885
 -0.02766839   0.00399300
 -0.02759411   0.00395772
 -0.02751955   0.00392288
 -0.02744476   0.00388845
 -0.02736978   0.00385455
 -0.02729460   0.00382115
 -0.02721914   0.00378826
 -0.02714355   0.00375580
 -0.02706777   0.00372378
 -0.02699171   0.00369233
 -0.02691551   0.00366135
 -0.02683905   0.00363085
 -0.02676246   0.00360080
 -0.02668566   0.00357124
 -0.02660868   0.00354222
 -0.02653158   0.00351366
 -0.02645420   0.00348559
 -0.02637670   0.00345800
 -0.02629900   0.00343095
 -0.02622118   0.00340439
 -0.02614316   0.00337829
 -0.02606496   0.00335274
 -0.02598665   0.00332766
 -0.02590813   0.00330307
 -0.02582949   0.00327895
 -0.02575065   0.00325571
 -0.02567164   0.00323295
 -0.02559258   0.00321025
 -0.02551341   0.00318769
 -0.02543430   0.00316528
 -0.02535505   0.00314303
 -0.02527581   0.00312091
 -0.02519651   0.00309886
 -0.02511713   0.00307705
 -0.02503777   0.00305530
 -0.02495832   0.00303378
 -0.02487883   0.00301234
 -0.02479932   0.00299103
 -0.02471971   0.00296987
 -0.02464015   0.00294887
 -0.02456046   0.00292793
 -0.02448076   0.00290722
 -0.02440096   0.00288658
 -0.02432121   0.00286616
 -0.02424135   0.00284584
 -0.02416148   0.00282565
 -0.02408157   0.00280559
 -0.02400165   0.00278571
 -0.02392162   0.00276588
 -0.02384164   0.00274629
 -0.02376155   0.00272677
 -0.02368145   0.00270739
 -0.02360125   0.00268825
 -0.02352110   0.00266917
 -0.02344086   0.00265025
 -0.02336059   0.00263141
 -0.02328030   0.00261278
 -0.02319999   0.00259433
 -0.02311958   0.00257593
 -0.02303915   0.00255768
 -0.02295877   0.00253971
 -0.02287821   0.00252185
 -0.02279771   0.00250406
 -0.02271723   0.00248636
 -0.02263665   0.00246868
 -0.02255608   0.00245118
 -0.02247550   0.00243370
 -0.02239492   0.00241638
 -0.02231432   0.00239906
 -0.02223365   0.00238186
 -0.02215297   0.00236475
 -0.02207239   0.00234771
 -0.02199163   0.00233077
 -0.02191095   0.00231385
 -0.02183026   0.00229712
 -0.02174948   0.00228038
 -0.02166872   0.00226383
 -0.02158794   0.00224727
 -0.02150717   0.00223082
 -0.02142639   0.00221445
 -0.02134553   0.00219819
 -0.02126475   0.00218192
 -0.02118386   0.00216585
 -0.02110300   0.00214977
 -0.02102212   0.00213388
 -0.02094115   0.00211799
 -0.02086027   0.00210220
 -0.02077931   0.00208651
 -0.02069835   0.00207090
 -0.02061738   0.00205539
 -0.02053640   0.00203988
 -0.02045542   0.00202455
 -0.02037437   0.00200925
 -0.02029331   0.00199412
 -0.02021233   0.00197899
 -0.02013125   0.00196395
 -0.02005018   0.00194902
 -0.01996904   0.00193415
 -0.01988795   0.00191933
 -0.01980679   0.00190466
 -0.01972563   0.00189002
 -0.01964455   0.00187554
 -0.01956330   0.00186107
 -0.01948214   0.00184671
 -0.01940095   0.00183243
 -0.01931971   0.00181825
 -0.01923853   0.00180416
 -0.01915726   0.00179016
 -0.01907600   0.00177618
 -0.01899474   0.00176238
 -0.01891347   0.00174858
 -0.01883211   0.00173495
 -0.01875085   0.00172135
 -0.01866948   0.00170783
 -0.01858812   0.00169439
 -0.01850675   0.00168099
 -0.01842539   0.00166775
 -0.01834403   0.00165460
 -0.01826266   0.00164146
 -0.01818120   0.00162851
 -0.01809984   0.00161555
 -0.01801837   0.00160272
 -0.01793691   0.00158995
 -0.01785545   0.00157729
 -0.01777398   0.00156472
 -0.01769244   0.00155215
 -0.01761097   0.00153975
 -0.01752941   0.00152746
 -0.01744795   0.00151519
 -0.01736638   0.00150300
 -0.01728482   0.00149091
 -0.01720325   0.00147890
 -0.01712169   0.00146699
 -0.01704005   0.00145518
 -0.01695848   0.00144345
 -0.01687692   0.00143175
 -0.01679525   0.00142020
 -0.01671359   0.00140869
 -0.01663195   0.00139735
 -0.01655028   0.00138600
 -0.01646862   0.00137475
 -0.01638695   0.00136361
 -0.01630521   0.00135255
 -0.01622353   0.00134150
 -0.01614178   0.00133064
 -0.01606010   0.00131985
 -0.01597835   0.00130909
 -0.01589659   0.00129843
 -0.01581483   0.00128785
 -0.01573306   0.00127745
 -0.01565130   0.00126705
 -0.01556945   0.00125666
 -0.01548767   0.00124646
 -0.01540583   0.00123635
 -0.01532406   0.00122625
 -0.01524220   0.00121633
 -0.01516034   0.00120641
 -0.01507847   0.00119667
 -0.01499661   0.00118695
 -0.01491475   0.00117732
 -0.01483288   0.00116778
 -0.01475094   0.00115825
 -0.01466907   0.00114889
 -0.01458711   0.00113964
 -0.01450525   0.00113038
 -0.01442328   0.00112131
 -0.01434132   0.00111225
 -0.01425935   0.00110328
 -0.01417739   0.00109441
 -0.01409543   0.00108564
 -0.01401346   0.00107695
 -0.01393150   0.00106835
 -0.01384945   0.00105976
 -0.01376747   0.00105135
 -0.01368543   0.00104296
 -0.01360345   0.00103474
 -0.01352138   0.00102655
 -0.01343932   0.00101842
 -0.01335734   0.00101039
 -0.01327527   0.00100246
 -0.01319321   0.00099464
 -0.01311115   0.00098689
 -0.01302900   0.00097916
 -0.01294692   0.00097162
 -0.01286485   0.00096407
 -0.01278269   0.00095669
 -0.01270063   0.00094935
 -0.01261855   0.00094208
 -0.01253638   0.00093492
 -0.01245422   0.00092784
 -0.01237214   0.00092077
 -0.01228997   0.00091389
 -0.01220781   0.00090709
 -0.01212565   0.00090031
 -0.01204346   0.00089369
 -0.01196130   0.00088709
 -0.01187914   0.00088059
 -0.01179695   0.00087419
 -0.01171469   0.00086787
 -0.01163253   0.00086164
 -0.01155035   0.00085552
 -0.01146808   0.00084940
 -0.01138590   0.00084345
 -0.01130364   0.00083753
 -0.01122145   0.00083177
 -0.01113917   0.00082602
 -0.01105691   0.00082045
 -0.01097473   0.00081489
 -0.01089245   0.00080935
 -0.01081018   0.00080390
 -0.01072790   0.00079846
 -0.01064570   0.00079295
 -0.01056344   0.00078761
 -0.01048115   0.00078221
 -0.01039887   0.00077689
 -0.01031659   0.00077159
 -0.01023431   0.00076631
 -0.01015211   0.00076103
 -0.01006983   0.00075585
 -0.00998753   0.00075066
 -0.00990525   0.00074552
 -0.00982296   0.00074035
 -0.00974066   0.00073531
 -0.00965838   0.00073026
 -0.00957608   0.00072524
 -0.00949378   0.00072021
 -0.00941150   0.00071528
 -0.00932920   0.00071029
 -0.00924690   0.00070538
 -0.00916460   0.00070057
 -0.00908230   0.00069570
 -0.00900000   0.00069091
 -0.00891770   0.00069570
 -0.00883540   0.00070057
 -0.00875310   0.00070538
 -0.00867080   0.00071029
 -0.00858850   0.00071528
 -0.00850622   0.00072021
 -0.00842392   0.00072524
 -0.00834162   0.00073026
 -0.00825934   0.00073531
 -0.00817704   0.00074035
 -0.00809475   0.00074552
 -0.00801247   0.00075066
 -0.00793017   0.00075585
 -0.00784789   0.00076103
 -0.00776569   0.00076631
 -0.00768341   0.00077159
 -0.00760113   0.00077689
 -0.00751885   0.00078221
 -0.00743656   0.00078761
 -0.00735430   0.00079295
 -0.00727210   0.00079846
 -0.00718982   0.00080390
 -0.00710755   0.00080935
 -0.00702527   0.00081489
 -0.00694309   0.00082045
 -0.00686083   0.00082602
 -0.00677855   0.00083177
 -0.00669636   0.00083753
 -0.00661410   0.00084345
 -0.00653192   0.00084940
 -0.00644965   0.00085552
 -0.00636747   0.00086164
 -0.00628531   0.00086787
 -0.00620305   0.00087419
 -0.00612086   0.00088059
 -0.00603870   0.00088709
 -0.00595654   0.00089369
 -0.00587435   0.00090031
 -0.00579219   0.00090709
 -0.00571003   0.00091389
 -0.00562786   0.00092077
 -0.00554578   0.00092784
 -0.00546362   0.00093492
 -0.00538145   0.00094208
 -0.00529937   0.00094935
 -0.00521731   0.00095669
 -0.00513515   0.00096407
 -0.00505308   0.00097162
 -0.00497100   0.00097916
 -0.00488885   0.00098689
 -0.00480679   0.00099464
 -0.00472473   0.00100246
 -0.00464266   0.00101039
 -0.00456068   0.00101842
 -0.00447862   0.00102655
 -0.00439655   0.00103474
 -0.00431457   0.00104296
 -0.00423253   0.00105135
 -0.00415055   0.00105976
 -0.00406850   0.00106835
 -0.00398654   0.00107695
 -0.00390457   0.00108564
 -0.00382261   0.00109441
 -0.00374065   0.00110328
 -0.00365868   0.00111225
 -0.00357672   0.00112131
 -0.00349475   0.00113038
 -0.00341289   0.00113964
 -0.00333093   0.00114889
 -0.00324906   0.00115825
 -0.00316712   0.00116778
 -0.00308525   0.00117732
 -0.00300339   0.00118695
 -0.00292153   0.00119667
 -0.00283966   0.00120641
 -0.00275780   0.00121633
 -0.00267594   0.00122625
 -0.00259417   0.00123635
 -0.00251233   0.00124646
 -0.00243055   0.00125666
 -0.00234870   0.00126705
 -0.00226694   0.00127745
 -0.00218517   0.00128785
 -0.00210341   0.00129843
 -0.00202165   0.00130909
 -0.00193990   0.00131985
 -0.00185822   0.00133064
 -0.00177647   0.00134150
 -0.00169479   0.00135255
 -0.00161305   0.00136361
 -0.00153138   0.00137475
 -0.00144972   0.00138600
 -0.00136805   0.00139735
 -0.00128641   0.00140869
 -0.00120475   0.00142020
 -0.00112308   0.00143175
 -0.00104152   0.00144345
 -0.00095995   0.00145518
 -0.00087831   0.00146699
 -0.00079675   0.00147890
 -0.00071518   0.00149091
 -0.00063362   0.00150300
 -0.00055205   0.00151519
 -0.00047059   0.00152746
 -0.00038903   0.00153975
 -0.00030756   0.00155215
 -0.00022602   0.00156472
 -0.00014455   0.00157729
 -0.00006309   0.00158995
  0.00001837   0.00160272
  0.00009984   0.00161555
  0.00018120   0.00162851
  0.00026266   0.00164146
  0.00034403   0.00165460
  0.00042539   0.00166775
  0.00050675   0.00168099
  0.00058812   0.00169439
  0.00066948   0.00170783
  0.00075085   0.00172135
  0.00083211   0.00173495
  0.00091347   0.00174858
  0.00099474   0.00176238
  0.00107600   0.00177618
  0.00115726   0.00179016
  0.00123853   0.00180416
  0.00131971   0.00181825
  0.00140095   0.00183243
  0.00148214   0.00184671
  0.00156330   0.00186107
  0.00164455   0.00187554
  0.00172563   0.00189002
  0.00180679   0.00190466
  0.00188795   0.00191933
  0.00196904   0.00193415
  0.00205018   0.00194902
  0.00213125   0.00196395
  0.00221233   0.00197899
  0.00229331   0.00199412
  0.00237437   0.00200925
  0.00245542   0.00202455
  0.00253640   0.00203988
  0.00261738   0.00205539
  0.00269835   0.00207090
  0.00277931   0.00208651
  0.00286027   0.00210220
  0.00294115   0.00211799
  0.00302212   0.00213388
  0.00310300   0.00214977
  0.00318386   0.00216585
  0.00326475   0.00218192
  0.00334553   0.00219819
  0.00342639   0.00221445
  0.00350717   0.00223082
  0.00358794   0.00224727
  0.00366872   0.00226383
  0.00374948   0.00228038
  0.00383026   0.00229712
  0.00391095   0.00231385
  0.00399163   0.00233077
  0.00407239   0.00234771
  0.00415297   0.00236475
  0.00423365   0.00238186
  0.00431432   0.00239906
  0.00439492   0.00241638
  0.00447550   0.00243370
  0.00455608   0.00245118
  0.00463665   0.00246868
  0.00471723   0.00248636
  0.00479771   0.00250406
  0.00487821   0.00252185
  0.00495877   0.00253971
  0.00503915   0.00255768
  0.00511958   0.00257593
  0.00519999   0.00259433
  0.00528030   0.00261278
  0.00536059   0.00263141
  0.00544086   0.00265025
  0.00552110   0.00266917
  0.00560125   0.00268825
  0.00568145   0.00270739
  0.00576155   0.00272677
  0.00584164   0.00274629
  0.00592162   0.00276588
  0.00600165   0.00278571
  0.00608157   0.00280559
  0.00616148   0.00282565
  0.00624135   0.00284584
  0.00632121   0.00286616
  0.00640096   0.00288658
  0.00648076   0.00290722
  0.00656046   0.00292793
  0.00664015   0.00294887
  0.00671971   0.00296987
  0.00679932   0.00299103
  0.00687883   0.00301234
  0.00695832   0.00303378
  0.00703777   0.00305530
  0.00711713   0.00307705
  0.00719651   0.00309886
  0.00727581   0.00312091
  0.00735505   0.00314303
  0.00743430   0.00316528
  0.00751341   0.00318769
  0.00759258   0.00321025
  0.00767164   0.00323295
  0.00775065   0.00325571
  0.00782949   0.00327895
  0.00790813   0.00330307
  0.00798665   0.00332766
  0.00806496   0.00335274
  0.00814316   0.00337829
  0.00822118   0.00340439
  0.00829900   0.00343095
  0.00837670   0.00345800
  0.00845420   0.00348559
  0.00853158   0.00351366
  0.00860868   0.00354222
  0.00868566   0.00357124
  0.00876246   0.00360080
  0.00883905   0.00363085
  0.00891551   0.00366135
  0.00899171   0.00369233
  0.00906777   0.00372378
  0.00914355   0.00375580
  0.00921914   0.00378826
  0.00929460   0.00382115
  0.00936978   0.00385455
  0.00944476   0.00388845
  0.00951955   0.00392288
  0.00959411   0.00395772
  0.00966839   0.00399300
  0.00974255   0.00402885
  0.00981644   0.00406509
  0.00989012   0.00410180
  0.00996350   0.00413904
  0.01003668   0.00417669
  0.01010958   0.00421487
  0.01018226   0.00425345
  0.01025475   0.00429250
  0.01032695   0.00433201
  0.01039893   0.00437206
  0.01047063   0.00441250
  0.01054205   0.00445342
  0.01061325   0.00449472
  0.01068416   0.00453655
  0.01075478   0.00457877
  0.01082520   0.00462156
  0.01089524   0.00466472
  0.01096507   0.00470825
  0.01103469   0.00475234
  0.01110395   0.00479682
  0.01117290   0.00484175
  0.01124165   0.00488714
  0.01131003   0.00493293
  0.01137818   0.00497916
  0.01144597   0.00502588
  0.01151355   0.00507296
  0.01158074   0.00512051
  0.01164773   0.00516854
  0.01171434   0.00521693
  0.01178066   0.00526570
  0.01184667   0.00531502
  0.01191232   0.00536464
  0.01197768   0.00541472
  0.01204273   0.00546525
  0.01210749   0.00551617
  0.01217194   0.00556746
  0.01223602   0.00561922
  0.01229974   0.00567134
  0.01236314   0.00572385
  0.01242624   0.00577682
  0.01248897   0.00583016
  0.01255141   0.00588397
  0.01261345   0.00593808
  0.01267520   0.00599264
  0.01273657   0.00604757
  0.01279756   0.00610287
  0.01285825   0.00615864
  0.01291856   0.00621470
  0.01297857   0.00627121
  0.01303812   0.00632810
  0.01309736   0.00638529
  0.01315623   0.00644293
  0.01321479   0.00650093
  0.01327289   0.00655931
  0.01333069   0.00661807
  0.01338803   0.00667720
  0.01344505   0.00673663
  0.01350170   0.00679650
  0.01355795   0.00685665
  0.01361383   0.00691719
  0.01366932   0.00697811
  0.01372443   0.00703937
  0.01377907   0.00710102
  0.01383340   0.00716296
  0.01388735   0.00722525
  0.01394083   0.00728793
  0.01399401   0.00735090
  0.01404671   0.00741422
  0.01409905   0.00747792
  0.01415090   0.00754190
  0.01420244   0.00760626
  0.01425353   0.00767089
  0.01430422   0.00773582
  0.01435443   0.00780119
  0.01440435   0.00786676
  0.01445372   0.00793270
  0.01450278   0.00799892
  0.01455136   0.00806552
  0.01459948   0.00813238
  0.01464728   0.00819955
  0.01469454   0.00826705
  0.01474141   0.00833486
  0.01478788   0.00840295
  0.01483389   0.00847131
  0.01487952   0.00853996
  0.01492466   0.00860888
  0.01496933   0.00867818
  0.01501361   0.00874766
  0.01505741   0.00881751
  0.01510083   0.00888755
  0.01514370   0.00895796
  0.01518617   0.00902857
  0.01522825   0.00909945
  0.01526977   0.00917062
  0.01531090   0.00924205
  0.01535156   0.00931375
  0.01539183   0.00938575
  0.01543155   0.00945794
  0.01547086   0.00953040
  0.01550970   0.00960306
  0.01554807   0.00967607
  0.01558596   0.00974928
  0.01562337   0.00982269
  0.01566032   0.00989636
  0.01569686   0.00997030
  0.01573286   0.01004445
  0.01576846   0.01011879
  0.01580350   0.01019339
  0.01583815   0.01026827
  0.01587225   0.01034325
  0.01590594   0.01041850
  0.01593906   0.01049396
  0.01597181   0.01056967
  0.01600399   0.01064558
  0.01603569   0.01072167
  0.01606693   0.01079796
  0.01609768   0.01087444
  0.01612795   0.01095109
  0.01615775   0.01102803
  0.01618707   0.01110505
  0.01621582   0.01118226
  0.01624410   0.01125976
  0.01627200   0.01133735
  0.01629924   0.01141513
  0.01632609   0.01149309
  0.01635245   0.01157122
  0.01637825   0.01164956
  0.01640360   0.01172799
  0.01642836   0.01180660
  0.01645275   0.01188539
  0.01647655   0.01196428
  0.01649988   0.01204337
  0.01652265   0.01212263
  0.01654505   0.01220198
  0.01656696   0.01228150
  0.01658837   0.01236110
  0.01660937   0.01244086
  0.01662996   0.01252071
  0.01665016   0.01260064
  0.01667018   0.01268065
  0.01669012   0.01276065
  0.01671014   0.01284058
  0.01673017   0.01292059
  0.01675019   0.01300060
  0.01677013   0.01308061
  0.01679015   0.01316062
  0.01681018   0.01324063
  0.01683012   0.01332055
  0.01685014   0.01340056
  0.01687015   0.01348057
  0.01689011   0.01356058
  0.01691013   0.01364059
  0.01693015   0.01372060
  0.01695016   0.01380053
  0.01697012   0.01388054
  0.01699014   0.01396055
  0.01701015   0.01404055
  0.01703009   0.01412056
  0.01705013   0.01420057
  0.01707015   0.01428050
  0.01709016   0.01436051
  0.01711010   0.01444052
  0.01713014   0.01452053
  0.01715015   0.01460054
  0.01717009   0.01468055
  0.01719011   0.01476047
  0.01721015   0.01484048
  0.01723016   0.01492049
  0.01725010   0.01500050
  0.01727012   0.01508051
  0.01729015   0.01516052
  0.01731009   0.01524045
  0.01733011   0.01532045
  0.01735013   0.01540046
  0.01737008   0.01548047
  0.01739010   0.01556048
  0.01741012   0.01564049
  0.01743014   0.01572042
  0.01745009   0.01580043
  0.01747011   0.01588044
  0.01749013   0.01596045
  0.01751006   0.01604045
  0.01753010   0.01612046
  0.01755012   0.01620039
  0.01757014   0.01628040
  0.01759007   0.01636041
  0.01761011   0.01644042
  0.01763013   0.01652043
  0.01765006   0.01660044
  0.01767008   0.01668036
  0.01769012   0.01676037
  0.01771014   0.01684038
  0.01773007   0.01692039
  0.01775009   0.01700040
  0.01777013   0.01708033
  0.01779006   0.01716034
  0.01781008   0.01724035
  0.01783010   0.01732035
  0.01785005   0.01740036
  0.01787007   0.01748035
  0.01789009   0.01756028
  0.01791011   0.01764029
  0.01793006   0.01772030
  0.01795008   0.01780031
  0.01797010   0.01788032
  0.01799004   0.01796033
  0.01801007   0.01804025
  0.01803009   0.01812026
  0.01805011   0.01820027
  0.01807005   0.01828028
  0.01809008   0.01836029
  0.01811010   0.01844030
  0.01813004   0.01852023
  0.01815005   0.01860024
  0.01817009   0.01868025
  0.01819003   0.01876025
  0.01821005   0.01884026
  0.01823006   0.01892027
  0.01825010   0.01900020
  0.01827004   0.01908021
  0.01829005   0.01916022
  0.01831007   0.01924023
  0.01833003   0.01932024
  0.01835005   0.01940025
  0.01837006   0.01948017
  0.01839008   0.01956018
  0.01841004   0.01964019
  0.01843005   0.01972020
  0.01845007   0.01980021
  0.01847001   0.01988022
  0.01849005   0.01996015
  0.01851006   0.02004015
  0.01853008   0.02012016
  0.01855002   0.02020017
  0.01857005   0.02028018
  0.01859007   0.02036019
  0.01861001   0.02044012
  0.01863003   0.02052013
  0.01865006   0.02060014
  0.01867000   0.02068015
  0.01869002   0.02076015
  0.01871004   0.02084016
  0.01873007   0.02092009
  0.01875001   0.02100010
  0.01877003   0.02108011
  0.01879005   0.02116012
  0.01881000   0.02124013
  0.01883002   0.02132014
  0.01885004   0.02140006
  0.01887005   0.02148007
  0.01889001   0.02156008
  0.01891003   0.02164009
  0.01893005   0.02172010
  0.01894998   0.02180011
  0.01897002   0.02188004
  0.01899004   0.02196005
  0.01901005   0.02204005
  0.01902999   0.02212006
  0.01905003   0.02220007
  0.01907005   0.02228008
  0.01908998   0.02236001
  0.01911000   0.02244002
  0.01913004   0.02252003
  0.01914997   0.02260004
  0.01916999   0.02268005
  0.01919001   0.02276005
  0.01921005   0.02283998
  0.01922998   0.02291999
  0.01925000   0.02300000
