 -0.03567480   0.02300000
 -0.03567190   0.02288480
 -0.03566900   0.02276950
 -0.03566610   0.02265430
 -0.03566330   0.02253910
 -0.03566040   0.02242380
 -0.03565750   0.02230860
 -0.03565460   0.02219340
 -0.03565180   0.02207810
 -0.03564890   0.02196290
 -0.03564600   0.02184770
 -0.03564310   0.02173240
 -0.03564030   0.02161720
 -0.03563740   0.02150200
 -0.03563450   0.02138670
 -0.03563160   0.02127150
 -0.03562870   0.02115630
 -0.03562590   0.02104100
 -0.03562300   0.02092580
 -0.03562010   0.02081060
 -0.03561720   0.02069530
 -0.03561440   0.02058010
 -0.03561150   0.02046490
 -0.03560860   0.02034960
 -0.03560570   0.02023440
 -0.03560290   0.02011920
 -0.03560000   0.02000390
 -0.03559710   0.01988870
 -0.03559420   0.01977350
 -0.03559130   0.01965820
 -0.03558850   0.01954300
 -0.03558560   0.01942780
 -0.03558270   0.01931250
 -0.03557980   0.01919730
 -0.03557700   0.01908210
 -0.03557410   0.01896680
 -0.03557120   0.01885160
 -0.03556830   0.01873640
 -0.03556540   0.01862110
 -0.03556260   0.01850590
 -0.03555970   0.01839070
 -0.03555680   0.01827540
 -0.03555390   0.01816020
 -0.03555110   0.01804500
 -0.03554820   0.01792970
 -0.03554530   0.01781450
 -0.03554240   0.01769930
 -0.03553960   0.01758400
 -0.03553670   0.01746880
 -0.03553380   0.01735360
 -0.03553090   0.01723830
 -0.03552800   0.01712310
 -0.03552520   0.01700790
 -0.03552230   0.01689260
 -0.03551940   0.01677740
 -0.03551650   0.01666220
 -0.03551370   0.01654690
 -0.03551080   0.01643170
 -0.03550790   0.01631650
 -0.03550500   0.01620120
 -0.03550210   0.01608600
 -0.03549930   0.01597080
 -0.03549640   0.01585550
 -0.03549350   0.01574030
 -0.03549060   0.01562510
 -0.03548780   0.01550980
 -0.03548490   0.01539460
 -0.03548200   0.01527940
 -0.03547910   0.01516410
 -0.03547550   0.01504890
 -0.03547090   0.01493370
 -0.03546520   0.01481860
 -0.03545850   0.01470350
 -0.03545080   0.01458850
 -0.03544210   0.01447360
 -0.03543240   0.01435870
 -0.03542160   0.01424390
 -0.03540990   0.01412930
 -0.03539710   0.01401470
 -0.03538330   0.01390030
 -0.03536840   0.01378600
 -0.03535260   0.01367180
 -0.03533580   0.01355780
 -0.03531790   0.01344390
 -0.03529910   0.01333020
 -0.03527920   0.01321660
 -0.03525830   0.01310330
 -0.03523640   0.01299010
 -0.03521360   0.01287710
 -0.03518970   0.01276430
 -0.03516480   0.01265180
 -0.03513890   0.01253950
 -0.03511200   0.01242740
 -0.03508420   0.01231550
 -0.03505530   0.01220390
 -0.03502550   0.01209260
 -0.03499460   0.01198150
 -0.03496280   0.01187070
 -0.03493000   0.01176020
 -0.03489630   0.01165000
 -0.03486150   0.01154010
 -0.03482580   0.01143050
 -0.03478910   0.01132120
 -0.03475140   0.01121230
 -0.03471280   0.01110370
 -0.03467320   0.01099540
 -0.03463270   0.01088750
 -0.03459120   0.01078000
 -0.03454870   0.01067280
 -0.03450530   0.01056600
 -0.03446100   0.01045960
 -0.03441570   0.01035360
 -0.03436950   0.01024800
 -0.03432230   0.01014290
 -0.03427420   0.01003810
 -0.03422520   0.00993380
 -0.03417530   0.00982990
 -0.03412440   0.00972640
 -0.03407260   0.00962350
 -0.03401990   0.00952090
 -0.03396630   0.00941890
 -0.03391180   0.00931730
 -0.03385640   0.00921620
 -0.03380020   0.00911560
 -0.03374300   0.00901550
 -0.03368490   0.00891600
 -0.03362600   0.00881690
 -0.03356610   0.00871840
 -0.03350550   0.00862040
 -0.03344390   0.00852290
 -0.03338150   0.00842600
 -0.03331820   0.00832970
 -0.03325410   0.00823390
 -0.03318910   0.00813870
 -0.03312330   0.00804410
 -0.03305660   0.00795000
 -0.03298910   0.00785660
 -0.03292080   0.00776370
 -0.03285170   0.00767150
 -0.03278170   0.00757990
 -0.03271100   0.00748890
 -0.03263940   0.00739850
 -0.03256710   0.00730880
 -0.03249390   0.00721970
 -0.03242000   0.00713120
 -0.03234530   0.00704350
 -0.03226980   0.00695640
 -0.03219350   0.00686990
 -0.03211650   0.00678420
 -0.03203870   0.00669910
 -0.03196020   0.00661470
 -0.03188090   0.00653110
 -0.03180090   0.00644810
 -0.03172010   0.00636580
 -0.03163860   0.00628430
 -0.03155640   0.00620350
 -0.03147350   0.00612340
 -0.03138990   0.00604410
 -0.03130560   0.00596550
 -0.03122060   0.00588760
 -0.03113490   0.00581050
 -0.03104850   0.00573420
 -0.03096140   0.00565870
 -0.03087370   0.00558390
 -0.03078530   0.00550990
 -0.03069630   0.00543670
 -0.03060660   0.00536420
 -0.03051630   0.00529260
 -0.03042540   0.00522180
 -0.03033380   0.00515180
 -0.03024160   0.00508260
 -0.03014880   0.00501420
 -0.03005540   0.00494670
 -0.02996140   0.00487990
 -0.02986680   0.00481410
 -0.02977170   0.00474900
 -0.02967590   0.00468480
 -0.02957960   0.00462150
 -0.02948270   0.00455900
 -0.02938530   0.00449740
 -0.02928740   0.00443660
 -0.02918890   0.00437670
 -0.02908990   0.00431770
 -0.02899030   0.00425960
 -0.02889030   0.00420230
 -0.02878970   0.00414600
 -0.02868870   0.00409050
 -0.02858720   0.00403590
 -0.02848510   0.00398230
 -0.02838270   0.00392950
 -0.02827970   0.00387760
 -0.02817630   0.00382670
 -0.02807250   0.00377670
 -0.02796820   0.00372760
 -0.02786340   0.00367940
 -0.02775830   0.00363220
 -0.02765270   0.00358590
 -0.02754680   0.00354050
 -0.02744040   0.00349610
 -0.02733360   0.00345260
 -0.02722650   0.00341010
 -0.02711900   0.00336850
 -0.02701110   0.00332790
 -0.02690290   0.00328830
 -0.02679430   0.00324960
 -0.02668540   0.00321180
 -0.02657610   0.00317500
 -0.02646660   0.00313920
 -0.02635670   0.00310440
 -0.02624650   0.00307060
 -0.02613600   0.00303770
 -0.02602530   0.00300580
 -0.02591420   0.00297490
 -0.02580290   0.00294500
 -0.02569130   0.00291590
 -0.02557970   0.00288720
 -0.02546810   0.00285850
 -0.02535640   0.00283010
 -0.02524460   0.00280180
 -0.02513280   0.00277360
 -0.02502100   0.00274570
 -0.02490910   0.00271780
 -0.02479720   0.00269020
 -0.02468530   0.00266270
 -0.02457330   0.00263540
 -0.02446130   0.00260820
 -0.02434920   0.00258120
 -0.02423710   0.00255430
 -0.02412500   0.00252760
 -0.02401280   0.00250110
 -0.02390060   0.00247480
 -0.02378840   0.00244860
 -0.02367610   0.00242250
 -0.02356370   0.00239660
 -0.02345140   0.00237090
 -0.02333900   0.00234540
 -0.02322650   0.00232000
 -0.02311410   0.00229470
 -0.02300160   0.00226970
 -0.02288900   0.00224480
 -0.02277640   0.00222000
 -0.02266380   0.00219540
 -0.02255120   0.00217100
 -0.02243850   0.00214680
 -0.02232570   0.00212270
 -0.02221300   0.00209870
 -0.02210020   0.00207500
 -0.02198740   0.00205140
 -0.02187450   0.00202790
 -0.02176160   0.00200460
 -0.02164870   0.00198150
 -0.02153570   0.00195860
 -0.02142270   0.00193580
 -0.02130970   0.00191310
 -0.02119660   0.00189070
 -0.02108360   0.00186840
 -0.02097040   0.00184620
 -0.02085730   0.00182420
 -0.02074410   0.00180240
 -0.02063090   0.00178080
 -0.02051760   0.00175930
 -0.02040430   0.00173800
 -0.02029100   0.00171680
 -0.02017770   0.00169580
 -0.02006430   0.00167500
 -0.01995090   0.00165430
 -0.01983750   0.00163380
 -0.01972400   0.00161340
 -0.01961050   0.00159320
 -0.01949700   0.00157320
 -0.01938350   0.00155340
 -0.01926990   0.00153370
 -0.01915630   0.00151410
 -0.01904270   0.00149480
 -0.01892900   0.00147560
 -0.01881530   0.00145650
 -0.01870160   0.00143770
 -0.01858790   0.00141900
 -0.01847410   0.00140040
 -0.01836030   0.00138200
 -0.01824650   0.00136380
 -0.01813260   0.00134580
 -0.01801880   0.00132790
 -0.01790490   0.00131010
 -0.01779090   0.00129260
 -0.01767700   0.00127520
 -0.01756300   0.00125800
 -0.01744900   0.00124090
 -0.01733500   0.00122400
 -0.01722100   0.00120720
 -0.01710690   0.00119070
 -0.01699280   0.00117430
 -0.01687870   0.00115800
 -0.01676450   0.00114190
 -0.01665040   0.00112600
 -0.01653620   0.00111030
 -0.01642200   0.00109470
 -0.01630770   0.00107920
 -0.01619350   0.00106400
 -0.01607920   0.00104890
 -0.01596490   0.00103400
 -0.01585060   0.00101920
 -0.01573620   0.00100460
 -0.01562190   0.00099020
 -0.01550750   0.00097590
 -0.01539310   0.00096180
 -0.01527870   0.00094780
 -0.01516420   0.00093410
 -0.01504980   0.00092040
 -0.01493530   0.00090700
 -0.01482080   0.00089370
 -0.01470630   0.00088060
 -0.01459170   0.00086760
 -0.01447720   0.00085490
 -0.01436260   0.00084220
 -0.01424800   0.00082980
 -0.01413340   0.00081750
 -0.01401870   0.00080540
 -0.01390410   0.00079340
 -0.01378940   0.00078160
 -0.01367480   0.00077000
 -0.01356010   0.00075850
 -0.01344530   0.00074720
 -0.01333060   0.00073610
 -0.01321590   0.00072510
 -0.01310110   0.00071430
 -0.01298630   0.00070370
 -0.01287150   0.00069320
 -0.01275670   0.00068290
 -0.01264190   0.00067270
 -0.01252710   0.00066280
 -0.01241220   0.00065290
 -0.01229740   0.00064330
 -0.01218250   0.00063380
 -0.01206760   0.00062450
 -0.01195270   0.00061530
 -0.01183780   0.00060640
 -0.01172280   0.00059750
 -0.01160790   0.00058890
 -0.01149290   0.00058040
 -0.01137800   0.00057210
 -0.01126300   0.00056390
 -0.01114800   0.00055590
 -0.01103300   0.00054810
 -0.01091800   0.00054050
 -0.01080290   0.00053300
 -0.01068790   0.00052560
 -0.01057290   0.00051850
 -0.01045780   0.00051150
 -0.01034270   0.00050470
 -0.01022770   0.00049810
 -0.01011260   0.00049150
 -0.00999750   0.00048490
 -0.00988240   0.00047840
 -0.00976730   0.00047190
 -0.00965220   0.00046540
 -0.00953710   0.00045900
 -0.00942200   0.00045270
 -0.00930690   0.00044640
 -0.00919180   0.00044010
 -0.00907670   0.00043390
 -0.00896160   0.00042770
 -0.00884650   0.00042160
 -0.00873140   0.00041550
 -0.00861630   0.00040950
 -0.00850120   0.00040350
 -0.00838610   0.00039750
 -0.00827100   0.00039160
 -0.00815580   0.00038570
 -0.00804070   0.00037990
 -0.00792560   0.00037410
 -0.00781050   0.00036840
 -0.00769530   0.00036270
 -0.00758020   0.00035710
 -0.00746510   0.00035150
 -0.00734990   0.00034590
 -0.00723480   0.00034040
 -0.00711970   0.00033490
 -0.00700450   0.00032950
 -0.00688940   0.00032410
 -0.00677420   0.00031880
 -0.00665910   0.00031350
 -0.00654390   0.00030830
 -0.00642880   0.00030310
 -0.00631360   0.00029790
 -0.00619850   0.00029280
 -0.00608330   0.00028770
 -0.00596820   0.00028270
 -0.00585300   0.00027770
 -0.00573780   0.00027280
 -0.00562270   0.00026790
 -0.00550750   0.00026300
 -0.00539230   0.00025820
 -0.00527720   0.00025350
 -0.00516200   0.00024880
 -0.00504680   0.00024410
 -0.00493160   0.00023950
 -0.00481650   0.00023490
 -0.00470130   0.00023030
 -0.00458610   0.00022580
 -0.00447090   0.00022140
 -0.00435570   0.00021700
 -0.00424050   0.00021260
 -0.00412530   0.00020830
 -0.00401020   0.00020400
 -0.00389500   0.00019980
 -0.00377980   0.00019560
 -0.00366460   0.00019150
 -0.00354940   0.00018740
 -0.00343420   0.00018330
 -0.00331900   0.00017930
 -0.00320380   0.00017540
 -0.00308860   0.00017140
 -0.00297340   0.00016760
 -0.00285820   0.00016370
 -0.00274300   0.00016000
 -0.00262780   0.00015620
 -0.00251250   0.00015250
 -0.00239730   0.00014890
 -0.00228210   0.00014530
 -0.00216690   0.00014170
 -0.00205170   0.00013820
 -0.00193650   0.00013470
 -0.00182130   0.00013130
 -0.00170600   0.00012790
 -0.00159080   0.00012450
 -0.00147560   0.00012120
 -0.00136040   0.00011800
 -0.00124510   0.00011480
 -0.00112990   0.00011160
 -0.00101470   0.00010850
 -0.00089950   0.00010540
 -0.00078420   0.00010240
 -0.00066900   0.00009940
 -0.00055380   0.00009640
 -0.00043850   0.00009350
 -0.00032330   0.00009070
 -0.00020810   0.00008790
 -0.00009280   0.00008510
  0.00002240   0.00008240
  0.00013760   0.00007970
  0.00025290   0.00007710
  0.00036810   0.00007450
  0.00048340   0.00007190
  0.00059860   0.00006940
  0.00071390   0.00006700
  0.00082910   0.00006460
  0.00094430   0.00006220
  0.00105960   0.00005990
  0.00117480   0.00005760
  0.00129010   0.00005530
  0.00140530   0.00005320
  0.00152060   0.00005100
  0.00163580   0.00004890
  0.00175110   0.00004680
  0.00186630   0.00004480
  0.00198160   0.00004290
  0.00209680   0.00004090
  0.00221210   0.00003900
  0.00232730   0.00003720
  0.00244260   0.00003540
  0.00255790   0.00003370
  0.00267310   0.00003200
  0.00278840   0.00003030
  0.00290360   0.00002870
  0.00301890   0.00002710
  0.00313420   0.00002560
  0.00324940   0.00002410
  0.00336470   0.00002270
  0.00347990   0.00002130
  0.00359520   0.00001990
  0.00371050   0.00001860
  0.00382570   0.00001740
  0.00394100   0.00001610
  0.00405620   0.00001500
  0.00417150   0.00001380
  0.00428680   0.00001270
  0.00440200   0.00001170
  0.00451730   0.00001070
  0.00463260   0.00000980
  0.00474780   0.00000890
  0.00486310   0.00000800
  0.00497840   0.00000720
  0.00509360   0.00000640
  0.00520890   0.00000570
  0.00532420   0.00000500
  0.00543940   0.00000430
  0.00555470   0.00000370
  0.00567000   0.00000320
  0.00578520   0.00000270
  0.00590050   0.00000220
  0.00601580   0.00000180
  0.00613100   0.00000140
  0.00624630   0.00000110
  0.00636160   0.00000080
  0.00647690   0.00000060
  0.00659210   0.00000040
  0.00670740   0.00000020
  0.00682270   0.00000010
  0.00693790  -0.00000000
  0.00705320  -0.00000000
  0.00723933  -0.00000000
  0.00742638  -0.00000000
  0.00761343  -0.00000000
  0.00780048  -0.00000000
  0.00798758  -0.00000000
  0.00817458  -0.00000000
  0.00836168  -0.00000000
  0.00854868  -0.00000000
  0.00873578  -0.00000000
  0.00892283  -0.00000000
  0.00910988  -0.00000000
  0.00929693  -0.00000000
  0.00948403  -0.00000000
  0.00967103  -0.00000000
  0.00985813  -0.00000000
  0.01004518  -0.00000000
  0.01023223  -0.00000000
  0.01041933  -0.00000000
  0.01060633  -0.00000000
  0.01079343  -0.00000000
  0.01098043  -0.00000000
  0.01116753  -0.00000000
  0.01135459  -0.00000000
  0.01154163  -0.00000000
  0.01172869  -0.00000000
  0.01191573  -0.00000000
  0.01210279  -0.00000000
  0.01228989  -0.00000000
  0.01247689  -0.00000000
  0.01266399  -0.00000000
  0.01285103  -0.00000000
  0.01303809  -0.00000000
  0.01322519  -0.00000000
  0.01341219  -0.00000000
  0.01359929  -0.00000000
  0.01378629  -0.00000000
  0.01397339  -0.00000000
  0.01416044  -0.00000000
  0.01434749  -0.00000000
  0.01453454  -0.00000000
  0.01472159  -0.00000000
  0.01490864  -0.00000000
  0.01509574  -0.00000000
  0.01528274  -0.00000000
  0.01546984  -0.00000000
  0.01565689  -0.00000000
  0.01584394  -0.00000000
  0.01603104  -0.00000000
  0.01621804  -0.00000000
  0.01640514  -0.00000000
  0.01659214  -0.00000000
  0.01677924  -0.00000000
  0.01696630  -0.00000000
  0.01715334  -0.00000000
  0.01734040  -0.00000000
  0.01752744  -0.00000000
  0.01771450  -0.00000000
  0.01790160  -0.00000000
  0.01808860  -0.00000000
  0.01827570  -0.00000000
  0.01846274  -0.00000000
  0.01864980  -0.00000000
  0.01883690  -0.00000000
  0.01902390  -0.00000000
  0.01921100  -0.00000000
  0.01939800  -0.00000000
  0.01958510  -0.00000000
  0.01977215  -0.00000000
  0.01995920  -0.00000000
  0.02014625  -0.00000000
  0.02033330  -0.00000000
  0.02052035  -0.00000000
  0.02070745  -0.00000000
  0.02089445  -0.00000000
  0.02108155  -0.00000000
  0.02126860  -0.00000000
  0.02145565  -0.00000000
  0.02164275  -0.00000000
  0.02182975  -0.00000000
  0.02201685  -0.00000000
  0.02220385  -0.00000000
  0.02239095  -0.00000000
  0.02257800   0.00000005
  0.02276505   0.00000009
  0.02295210   0.00000018
  0.02313915   0.00000032
  0.02332620   0.00000046
  0.02351330   0.00000064
  0.02370030   0.00000087
  0.02388740   0.00000110
  0.02407440   0.00000138
  0.02426150   0.00000165
  0.02444856   0.00000197
  0.02463560   0.00000234
  0.02482270   0.00000271
  0.02500970   0.00000312
  0.02519680   0.00000358
  0.02538386   0.00000404
  0.02557086   0.00000454
  0.02575796   0.00000505
  0.02594496   0.00000560
  0.02613206   0.00000620
  0.02631911   0.00000684
  0.02650616   0.00000748
  0.02669321   0.00000812
  0.02688026   0.00000881
  0.02706731   0.00000955
  0.02725441   0.00001033
  0.02744141   0.00001111
  0.02762847   0.00001193
  0.02781557   0.00001276
  0.02800257   0.00001363
  0.02818967   0.00001455
  0.02837667   0.00001547
  0.02856372   0.00001643
  0.02875082   0.00001744
  0.02893782   0.00001845
  0.02912488   0.00001950
  0.02931192   0.00002061
  0.02949898   0.00002171
  0.02968603   0.00002281
  0.02987308   0.00002400
  0.03006013   0.00002520
  0.03024713   0.00002639
  0.03043423   0.00002767
  0.03062128   0.00002896
  0.03080828   0.00003024
  0.03099534   0.00003157
  0.03118238   0.00003295
  0.03136944   0.00003437
  0.03155649   0.00003580
  0.03174349   0.00003722
  0.03193055   0.00003873
  0.03211755   0.00004025
  0.03230460   0.00004176
  0.03249170   0.00004332
  0.03267870   0.00004493
  0.03286575   0.00004658
  0.03305275   0.00004823
  0.03323981   0.00004993
  0.03342686   0.00005163
  0.03361386   0.00005337
  0.03380092   0.00005516
  0.03398792   0.00005695
  0.03417497   0.00005879
  0.03436202   0.00006062
  0.03454902   0.00006255
  0.03473608   0.00006443
  0.03492303   0.00006641
  0.03511009   0.00006838
  0.03529714   0.00007040
  0.03548414   0.00007242
  0.03567120   0.00007448
  0.03585820   0.00007655
  0.03604520   0.00007871
  0.03623226   0.00008086
  0.03641926   0.00008302
  0.03660627   0.00008522
  0.03679327   0.00008747
  0.03698032   0.00008972
  0.03716733   0.00009201
  0.03735433   0.00009436
  0.03754138   0.00009670
  0.03772834   0.00009908
  0.03791539   0.00010151
  0.03810240   0.00010395
  0.03828940   0.00010643
  0.03847641   0.00010890
  0.03866336   0.00011143
  0.03885042   0.00011400
  0.03903742   0.00011657
  0.03922442   0.00011918
  0.03941143   0.00012185
  0.03959839   0.00012451
  0.03978544   0.00012721
  0.03997245   0.00012992
  0.04015940   0.00013268
  0.04034641   0.00013548
  0.04053336   0.00013827
  0.04072037   0.00014112
  0.04090743   0.00014401
  0.04109438   0.00014690
  0.04128139   0.00014984
  0.04146834   0.00015282
  0.04165535   0.00015581
  0.04184236   0.00015879
  0.04202931   0.00016186
  0.04221632   0.00016494
  0.04240323   0.00016806
  0.04259024   0.00017118
  0.04277725   0.00017435
  0.04296420   0.00017751
  0.04315121   0.00018077
  0.04333812   0.00018398
  0.04352513   0.00018729
  0.04371213   0.00019059
  0.04389904   0.00019394
  0.04408605   0.00019729
  0.04427296   0.00020069
  0.04445997   0.00020413
  0.04464693   0.00020757
  0.04483388   0.00021106
  0.04502085   0.00021455
  0.04520785   0.00021808
  0.04539476   0.00022166
  0.04558172   0.00022529
  0.04576863   0.00022891
  0.04595564   0.00023254
  0.04614260   0.00023630
  0.04632951   0.00024020
  0.04651643   0.00024419
  0.04670334   0.00024828
  0.04689030   0.00025250
  0.04707721   0.00025682
  0.04726408   0.00026127
  0.04745099   0.00026581
  0.04763786   0.00027045
  0.04782473   0.00027517
  0.04801164   0.00028004
  0.04819846   0.00028504
  0.04838533   0.00029009
  0.04857215   0.00029527
  0.04875902   0.00030060
  0.04894584   0.00030601
  0.04913261   0.00031152
  0.04931948   0.00031712
  0.04950621   0.00032285
  0.04969303   0.00032868
  0.04987981   0.00033465
  0.05006658   0.00034071
  0.05025336   0.00034686
  0.05044004   0.00035314
  0.05062682   0.00035952
  0.05081355   0.00036599
  0.05100023   0.00037260
  0.05118696   0.00037930
  0.05137359   0.00038609
  0.05156033   0.00039302
  0.05174701   0.00040005
  0.05193360   0.00040721
  0.05212029   0.00041446
  0.05230687   0.00042180
  0.05249352   0.00042923
  0.05268016   0.00043681
  0.05286670   0.00044452
  0.05305329   0.00045227
  0.05323983   0.00046017
  0.05342638   0.00046815
  0.05361293   0.00047627
  0.05379943   0.00048465
  0.05398598   0.00049312
  0.05417243   0.00050189
  0.05435893   0.00051080
  0.05454539   0.00052002
  0.05473184   0.00052928
  0.05491829   0.00053884
  0.05510465   0.00054859
  0.05529106   0.00055860
  0.05547742   0.00056870
  0.05566383   0.00057905
  0.05585014   0.00058959
  0.05603651   0.00060034
  0.05622278   0.00061133
  0.05640914   0.00062247
  0.05659536   0.00063385
  0.05678168   0.00064539
  0.05696790   0.00065717
  0.05715407   0.00066915
  0.05734035   0.00068133
  0.05752652   0.00069366
  0.05771265   0.00070628
  0.05789878   0.00071905
  0.05808496   0.00073201
  0.05827104   0.00074518
  0.05845712   0.00075859
  0.05864316   0.00077215
  0.05882924   0.00078596
  0.05901523   0.00079992
  0.05920122   0.00081412
  0.05938721   0.00082847
  0.05957320   0.00084306
  0.05975910   0.00085786
  0.05994505   0.00087285
  0.06013095   0.00088805
  0.06031679   0.00090344
  0.06050264   0.00091902
  0.06068845   0.00093486
  0.06087425   0.00095083
  0.06106001   0.00096707
  0.06124576   0.00098345
  0.06143152   0.00100002
  0.06161718   0.00101684
  0.06180285   0.00103381
  0.06198846   0.00105103
  0.06217413   0.00106844
  0.06235974   0.00108601
  0.06254527   0.00110387
  0.06273084   0.00112188
  0.06291636   0.00114003
  0.06310184   0.00115848
  0.06328726   0.00117708
  0.06347269   0.00119588
  0.06365812   0.00121493
  0.06384350   0.00123412
  0.06402889   0.00125351
  0.06421417   0.00127310
  0.06439951   0.00129294
  0.06458475   0.00131298
  0.06476994   0.00133321
  0.06495518   0.00135359
  0.06514033   0.00137417
  0.06532548   0.00139504
  0.06551063   0.00141602
  0.06569573   0.00143724
  0.06588073   0.00145866
  0.06606579   0.00148027
  0.06625074   0.00150208
  0.06643575   0.00152410
  0.06662066   0.00154631
  0.06680553   0.00156871
  0.06699039   0.00159132
  0.06717522   0.00161431
  0.06735980   0.00163800
  0.06754425   0.00166244
  0.06772847   0.00168763
  0.06791250   0.00171395
  0.06809630   0.00174128
  0.06827982   0.00176954
  0.06846315   0.00179877
  0.06864626   0.00182901
  0.06882908   0.00186028
  0.06901162   0.00189247
  0.06919392   0.00192563
  0.06937590   0.00195981
  0.06955765   0.00199491
  0.06973907   0.00203104
  0.06992026   0.00206808
  0.07010107   0.00210615
  0.07028160   0.00214509
  0.07046181   0.00218510
  0.07064165   0.00222599
  0.07082120   0.00226784
  0.07100038   0.00231068
  0.07117923   0.00235438
  0.07135771   0.00239906
  0.07153577   0.00244467
  0.07171355   0.00249124
  0.07189086   0.00253875
  0.07206784   0.00258718
  0.07224441   0.00263649
  0.07242065   0.00268677
  0.07259637   0.00273792
  0.07277172   0.00279001
  0.07294670   0.00284302
  0.07312115   0.00289685
  0.07329524   0.00295172
  0.07346887   0.00300741
  0.07364202   0.00306394
  0.07381475   0.00312144
  0.07398696   0.00317976
  0.07415876   0.00323898
  0.07433014   0.00329906
  0.07450091   0.00335998
  0.07467126   0.00342188
  0.07484109   0.00348451
  0.07501045   0.00354802
  0.07517926   0.00361247
  0.07534760   0.00367764
  0.07551542   0.00374370
  0.07568268   0.00381064
  0.07584943   0.00387832
  0.07601566   0.00394687
  0.07618128   0.00401627
  0.07634639   0.00408640
  0.07651094   0.00415741
  0.07667492   0.00422916
  0.07683835   0.00430175
  0.07700121   0.00437512
  0.07716351   0.00444933
  0.07732516   0.00452427
  0.07748624   0.00459996
  0.07764676   0.00467643
  0.07780668   0.00475369
  0.07796593   0.00483169
  0.07812463   0.00491043
  0.07828267   0.00498996
  0.07844010   0.00507013
  0.07859692   0.00515114
  0.07875309   0.00523285
  0.07890864   0.00531530
  0.07906355   0.00539844
  0.07921774   0.00548222
  0.07937133   0.00556702
  0.07952377   0.00565397
  0.07967502   0.00574340
  0.07982513   0.00583526
  0.07997399   0.00592950
  0.08012149   0.00602616
  0.08026769   0.00612520
  0.08041253   0.00622657
  0.08055597   0.00633026
  0.08069789   0.00643628
  0.08083835   0.00654457
  0.08097724   0.00665519
  0.08111466   0.00676797
  0.08125041   0.00688299
  0.08138459   0.00700027
  0.08151699   0.00711967
  0.08164771   0.00724120
  0.08177676   0.00736484
  0.08190392   0.00749065
  0.08202935   0.00761848
  0.08215284   0.00774837
  0.08227449   0.00788018
  0.08239420   0.00801405
  0.08251201   0.00814984
  0.08262779   0.00828759
  0.08274155   0.00842719
  0.08285323   0.00856866
  0.08296290   0.00871199
  0.08307041   0.00885712
  0.08317578   0.00900395
  0.08327898   0.00915250
  0.08338003   0.00930279
  0.08347881   0.00945468
  0.08357528   0.00960828
  0.08366953   0.00976342
  0.08376142   0.00992010
  0.08385104   0.01007833
  0.08393829   0.01023801
  0.08402311   0.01039913
  0.08410551   0.01056168
  0.08418549   0.01072563
  0.08426304   0.01089086
  0.08433806   0.01105737
  0.08441061   0.01122516
  0.08448066   0.01139414
  0.08454809   0.01156425
  0.08461303   0.01173553
  0.08467539   0.01190793
  0.08473511   0.01208132
  0.08479219   0.01225577
  0.08484669   0.01243119
  0.08489867   0.01260748
  0.08494865   0.01278469
  0.08499658   0.01296265
  0.08504256   0.01314148
  0.08508643   0.01332111
  0.08512830   0.01350140
  0.08516805   0.01368240
  0.08520576   0.01386409
  0.08524140   0.01404633
  0.08527483   0.01422917
  0.08530620   0.01441260
  0.08533551   0.01459646
  0.08536261   0.01478086
  0.08538760   0.01496569
  0.08541047   0.01515090
  0.08543113   0.01533644
  0.08544962   0.01552231
  0.08546606   0.01570844
  0.08548022   0.01589484
  0.08549223   0.01608141
  0.08550211   0.01626820
  0.08550973   0.01645503
  0.08551529   0.01664203
  0.08551993   0.01682908
  0.08552458   0.01701608
  0.08552927   0.01720302
  0.08553396   0.01739002
  0.08553861   0.01757702
  0.08554330   0.01776402
  0.08554794   0.01795102
  0.08555259   0.01813802
  0.08555728   0.01832502
  0.08556198   0.01851207
  0.08556667   0.01869907
  0.08557131   0.01888602
  0.08557596   0.01907302
  0.08558065   0.01926002
  0.08558529   0.01944702
  0.08558994   0.01963402
  0.08559468   0.01982102
  0.08559932   0.02000802
  0.08560397   0.02019502
  0.08560866   0.02038206
  0.08561330   0.02056901
  0.08561795   0.02075601
  0.08562264   0.02094301
  0.08562734   0.02113001
  0.08563203   0.02131701
  0.08563667   0.02150401
  0.08564132   0.02169101
  0.08564601   0.02187801
  0.08565065   0.02206501
  0.08565535   0.02225200
  0.08566004   0.02243900
  0.08566468   0.02262600
  0.08566933   0.02281300
  0.08567402   0.02300000
