 -0.03706322   0.02300000
 -0.03704128   0.02290014
 -0.03701943   0.02280026
 -0.03699749   0.02270040
 -0.03697565   0.02260045
 -0.03695371   0.02250057
 -0.03693186   0.02240071
 -0.03690992   0.02230085
 -0.03688808   0.02220097
 -0.03686615   0.02210111
 -0.03684429   0.02200116
 -0.03682236   0.02190128
 -0.03680052   0.02180142
 -0.03677858   0.02170155
 -0.03675664   0.02160168
 -0.03673479   0.02150182
 -0.03671285   0.02140186
 -0.03669101   0.02130199
 -0.03666907   0.02120213
 -0.03664722   0.02110226
 -0.03662528   0.02100239
 -0.03660344   0.02090252
 -0.03658151   0.02080257
 -0.03655966   0.02070270
 -0.03653772   0.02060283
 -0.03651579   0.02050297
 -0.03649394   0.02040310
 -0.03647200   0.02030323
 -0.03645015   0.02020328
 -0.03642821   0.02010341
 -0.03640637   0.02000354
 -0.03638443   0.01990368
 -0.03636258   0.01980381
 -0.03634064   0.01970394
 -0.03631881   0.01960399
 -0.03629687   0.01950412
 -0.03627502   0.01940425
 -0.03625308   0.01930439
 -0.03623114   0.01920451
 -0.03620930   0.01910465
 -0.03618736   0.01900479
 -0.03616551   0.01890482
 -0.03614357   0.01880496
 -0.03612173   0.01870510
 -0.03609979   0.01860522
 -0.03607794   0.01850536
 -0.03605601   0.01840550
 -0.03603417   0.01830553
 -0.03601223   0.01820567
 -0.03599038   0.01810581
 -0.03596844   0.01800593
 -0.03594650   0.01790607
 -0.03592466   0.01780620
 -0.03590272   0.01770624
 -0.03588087   0.01760638
 -0.03585893   0.01750652
 -0.03583709   0.01740664
 -0.03581516   0.01730678
 -0.03579330   0.01720691
 -0.03577137   0.01710695
 -0.03574952   0.01700709
 -0.03572759   0.01690722
 -0.03570565   0.01680735
 -0.03568380   0.01670749
 -0.03566186   0.01660762
 -0.03564002   0.01650766
 -0.03561808   0.01640780
 -0.03559623   0.01630793
 -0.03557429   0.01620806
 -0.03555236   0.01610819
 -0.03553022   0.01600833
 -0.03550804   0.01590839
 -0.03548565   0.01580854
 -0.03546323   0.01570870
 -0.03544060   0.01560887
 -0.03541786   0.01550905
 -0.03539507   0.01540923
 -0.03537209   0.01530944
 -0.03534906   0.01520956
 -0.03532583   0.01510979
 -0.03530256   0.01501003
 -0.03527909   0.01491029
 -0.03525559   0.01481057
 -0.03523187   0.01471086
 -0.03520814   0.01461108
 -0.03518418   0.01451141
 -0.03516020   0.01441177
 -0.03513601   0.01431215
 -0.03511171   0.01421254
 -0.03508737   0.01411297
 -0.03506282   0.01401333
 -0.03503824   0.01391381
 -0.03501346   0.01381432
 -0.03498865   0.01371485
 -0.03496363   0.01361541
 -0.03493859   0.01351601
 -0.03491333   0.01341654
 -0.03488806   0.01331720
 -0.03486257   0.01321790
 -0.03483698   0.01311863
 -0.03481135   0.01301939
 -0.03478552   0.01292019
 -0.03475966   0.01282094
 -0.03473360   0.01272182
 -0.03470751   0.01262274
 -0.03468122   0.01252370
 -0.03465491   0.01242470
 -0.03462840   0.01232575
 -0.03460185   0.01222675
 -0.03457511   0.01212788
 -0.03454826   0.01202906
 -0.03452059   0.01193047
 -0.03449228   0.01183209
 -0.03446306   0.01173396
 -0.03443312   0.01163603
 -0.03440245   0.01153834
 -0.03437098   0.01144088
 -0.03433876   0.01134372
 -0.03430574   0.01124682
 -0.03427199   0.01115012
 -0.03423743   0.01105376
 -0.03420214   0.01095763
 -0.03416604   0.01086182
 -0.03412924   0.01076624
 -0.03409169   0.01067099
 -0.03405342   0.01057607
 -0.03401435   0.01048147
 -0.03397455   0.01038711
 -0.03393396   0.01029316
 -0.03389272   0.01019945
 -0.03385068   0.01010617
 -0.03380792   0.01001313
 -0.03376444   0.00992050
 -0.03372016   0.00982821
 -0.03367525   0.00973626
 -0.03362952   0.00964462
 -0.03358318   0.00955343
 -0.03353603   0.00946255
 -0.03348826   0.00937203
 -0.03343968   0.00928193
 -0.03339040   0.00919225
 -0.03334048   0.00910291
 -0.03328978   0.00901400
 -0.03323844   0.00892552
 -0.03318640   0.00883737
 -0.03313364   0.00874976
 -0.03308018   0.00866248
 -0.03302609   0.00857563
 -0.03297130   0.00848922
 -0.03291580   0.00840324
 -0.03285960   0.00831770
 -0.03280278   0.00823269
 -0.03274526   0.00814801
 -0.03268711   0.00806386
 -0.03262826   0.00798016
 -0.03256871   0.00789698
 -0.03250864   0.00781423
 -0.03244778   0.00773194
 -0.03238640   0.00765016
 -0.03232432   0.00756883
 -0.03226153   0.00748802
 -0.03219823   0.00740776
 -0.03213422   0.00732794
 -0.03206961   0.00724873
 -0.03200431   0.00716988
 -0.03193849   0.00709166
 -0.03187197   0.00701396
 -0.03180494   0.00693672
 -0.03173722   0.00686010
 -0.03166889   0.00678402
 -0.03160005   0.00670838
 -0.03153052   0.00663337
 -0.03146048   0.00655891
 -0.03138983   0.00648497
 -0.03131859   0.00641168
 -0.03124676   0.00633882
 -0.03117441   0.00626660
 -0.03110146   0.00619502
 -0.03102792   0.00612397
 -0.03095388   0.00605346
 -0.03087925   0.00598359
 -0.03080411   0.00591425
 -0.03072838   0.00584565
 -0.03065213   0.00577750
 -0.03057532   0.00571006
 -0.03049807   0.00564318
 -0.03042017   0.00557693
 -0.03034185   0.00551131
 -0.03026302   0.00544626
 -0.03018362   0.00538191
 -0.03010372   0.00531811
 -0.03002332   0.00525496
 -0.02994253   0.00519253
 -0.02986114   0.00513065
 -0.02977926   0.00506949
 -0.02969699   0.00500898
 -0.02961413   0.00494902
 -0.02953088   0.00488978
 -0.02944714   0.00483128
 -0.02936299   0.00477332
 -0.02927836   0.00471610
 -0.02919325   0.00465952
 -0.02910774   0.00460367
 -0.02902175   0.00454847
 -0.02893536   0.00449399
 -0.02884859   0.00444015
 -0.02876132   0.00438696
 -0.02867368   0.00433450
 -0.02858564   0.00428277
 -0.02849721   0.00423170
 -0.02840831   0.00418135
 -0.02831903   0.00413164
 -0.02822943   0.00408276
 -0.02813938   0.00403453
 -0.02804902   0.00398692
 -0.02795831   0.00394006
 -0.02786725   0.00389382
 -0.02777582   0.00384814
 -0.02768403   0.00380310
 -0.02759197   0.00375868
 -0.02749956   0.00371491
 -0.02740688   0.00367176
 -0.02731384   0.00362927
 -0.02722054   0.00358740
 -0.02712687   0.00354626
 -0.02703303   0.00350566
 -0.02693873   0.00346571
 -0.02684426   0.00342647
 -0.02674952   0.00338778
 -0.02665442   0.00334982
 -0.02655906   0.00331250
 -0.02646352   0.00327582
 -0.02636761   0.00323984
 -0.02627152   0.00320442
 -0.02617517   0.00316982
 -0.02607855   0.00313577
 -0.02598165   0.00310244
 -0.02588459   0.00306974
 -0.02578725   0.00303768
 -0.02568963   0.00300635
 -0.02559184   0.00297564
 -0.02549387   0.00294567
 -0.02539564   0.00291633
 -0.02529731   0.00288772
 -0.02519861   0.00285975
 -0.02509984   0.00283248
 -0.02500079   0.00280588
 -0.02490165   0.00278007
 -0.02480215   0.00275534
 -0.02470256   0.00273072
 -0.02460305   0.00270621
 -0.02450345   0.00268181
 -0.02440385   0.00265760
 -0.02430416   0.00263340
 -0.02420446   0.00260941
 -0.02410477   0.00258561
 -0.02400505   0.00256183
 -0.02390526   0.00253824
 -0.02380546   0.00251477
 -0.02370566   0.00249140
 -0.02360575   0.00246814
 -0.02350585   0.00244508
 -0.02340595   0.00242211
 -0.02330605   0.00239926
 -0.02320604   0.00237652
 -0.02310604   0.00235397
 -0.02300604   0.00233153
 -0.02290594   0.00230920
 -0.02280583   0.00228697
 -0.02270573   0.00226494
 -0.02260554   0.00224294
 -0.02250543   0.00222112
 -0.02240522   0.00219949
 -0.02230493   0.00217790
 -0.02220472   0.00215650
 -0.02210442   0.00213520
 -0.02200412   0.00211402
 -0.02190372   0.00209302
 -0.02180341   0.00207204
 -0.02170301   0.00205126
 -0.02160261   0.00203060
 -0.02150210   0.00201013
 -0.02140161   0.00198976
 -0.02130111   0.00196940
 -0.02120060   0.00194935
 -0.02110009   0.00192930
 -0.02099949   0.00190946
 -0.02089889   0.00188972
 -0.02079829   0.00187008
 -0.02069760   0.00185055
 -0.02059689   0.00183123
 -0.02049619   0.00181201
 -0.02039549   0.00179289
 -0.02029478   0.00177388
 -0.02019398   0.00175507
 -0.02009318   0.00173637
 -0.01999238   0.00171778
 -0.01989148   0.00169928
 -0.01979059   0.00168100
 -0.01968977   0.00166281
 -0.01958878   0.00164474
 -0.01948788   0.00162676
 -0.01938688   0.00160899
 -0.01928589   0.00159133
 -0.01918488   0.00157377
 -0.01908388   0.00155632
 -0.01898288   0.00153906
 -0.01888178   0.00152192
 -0.01878069   0.00150487
 -0.01867958   0.00148795
 -0.01857839   0.00147121
 -0.01847729   0.00145458
 -0.01837609   0.00143806
 -0.01827490   0.00142165
 -0.01817361   0.00140543
 -0.01807241   0.00138933
 -0.01797112   0.00137333
 -0.01786981   0.00135744
 -0.01776852   0.00134173
 -0.01766722   0.00132614
 -0.01756584   0.00131066
 -0.01746454   0.00129529
 -0.01736314   0.00128011
 -0.01726175   0.00126504
 -0.01716027   0.00125008
 -0.01705887   0.00123531
 -0.01695737   0.00122057
 -0.01685588   0.00120601
 -0.01675439   0.00119157
 -0.01665290   0.00117731
 -0.01655132   0.00116318
 -0.01644982   0.00114914
 -0.01634824   0.00113522
 -0.01624665   0.00112140
 -0.01614506   0.00110778
 -0.01604338   0.00109427
 -0.01594179   0.00108087
 -0.01584010   0.00106765
 -0.01573842   0.00105456
 -0.01563673   0.00104156
 -0.01553505   0.00102868
 -0.01543336   0.00101598
 -0.01533159   0.00100331
 -0.01522981   0.00099093
 -0.01512803   0.00097857
 -0.01502624   0.00096631
 -0.01492446   0.00095424
 -0.01482268   0.00094229
 -0.01472080   0.00093053
 -0.01461892   0.00091879
 -0.01451714   0.00090726
 -0.01441527   0.00089590
 -0.01431330   0.00088454
 -0.01421142   0.00087337
 -0.01410954   0.00086228
 -0.01400758   0.00085129
 -0.01390561   0.00084039
 -0.01380364   0.00082968
 -0.01370167   0.00081907
 -0.01359971   0.00080853
 -0.01349774   0.00079819
 -0.01339577   0.00078794
 -0.01329372   0.00077778
 -0.01319166   0.00076772
 -0.01308961   0.00075784
 -0.01298755   0.00074796
 -0.01288550   0.00073835
 -0.01278344   0.00072874
 -0.01268138   0.00071932
 -0.01257923   0.00070990
 -0.01247718   0.00070076
 -0.01237504   0.00069162
 -0.01227288   0.00068266
 -0.01217074   0.00067380
 -0.01206860   0.00066502
 -0.01196644   0.00065634
 -0.01186430   0.00064784
 -0.01176207   0.00063943
 -0.01165991   0.00063121
 -0.01155768   0.00062299
 -0.01145544   0.00061496
 -0.01135321   0.00060701
 -0.01125096   0.00059917
 -0.01114873   0.00059150
 -0.01104649   0.00058392
 -0.01094426   0.00057644
 -0.01084201   0.00056914
 -0.01073969   0.00056185
 -0.01063745   0.00055473
 -0.01053512   0.00054772
 -0.01043280   0.00054088
 -0.01033047   0.00053413
 -0.01022814   0.00052747
 -0.01012582   0.00052092
 -0.01002349   0.00051455
 -0.00992116   0.00050817
 -0.00981883   0.00050199
 -0.00971651   0.00049598
 -0.00961409   0.00048997
 -0.00951176   0.00048423
 -0.00940934   0.00047860
 -0.00930701   0.00047297
 -0.00920459   0.00046733
 -0.00910217   0.00046171
 -0.00899985   0.00045618
 -0.00889743   0.00045074
 -0.00879501   0.00044522
 -0.00869268   0.00043980
 -0.00859026   0.00043446
 -0.00848784   0.00042904
 -0.00838542   0.00042372
 -0.00828309   0.00041850
 -0.00818067   0.00041317
 -0.00807825   0.00040796
 -0.00797583   0.00040274
 -0.00787341   0.00039763
 -0.00777099   0.00039251
 -0.00766865   0.00038740
 -0.00756623   0.00038239
 -0.00746381   0.00037738
 -0.00736139   0.00037246
 -0.00725897   0.00036746
 -0.00715655   0.00036255
 -0.00705413   0.00035774
 -0.00695170   0.00035284
 -0.00684928   0.00034803
 -0.00674686   0.00034332
 -0.00664444   0.00033862
 -0.00654201   0.00033392
 -0.00643959   0.00032922
 -0.00633708   0.00032462
 -0.00623466   0.00032003
 -0.00613223   0.00031544
 -0.00602981   0.00031094
 -0.00592739   0.00030644
 -0.00582496   0.00030196
 -0.00572246   0.00029757
 -0.00562004   0.00029318
 -0.00551761   0.00028888
 -0.00541519   0.00028460
 -0.00531268   0.00028031
 -0.00521025   0.00027604
 -0.00510783   0.00027185
 -0.00500540   0.00026766
 -0.00490289   0.00026358
 -0.00480046   0.00025941
 -0.00469804   0.00025543
 -0.00459553   0.00025135
 -0.00449310   0.00024738
 -0.00439059   0.00024340
 -0.00428816   0.00023952
 -0.00418574   0.00023557
 -0.00408322   0.00023178
 -0.00398080   0.00022792
 -0.00387828   0.00022414
 -0.00377586   0.00022038
 -0.00367335   0.00021672
 -0.00357093   0.00021304
 -0.00346841   0.00020938
 -0.00336599   0.00020573
 -0.00326347   0.00020217
 -0.00316104   0.00019870
 -0.00305853   0.00019515
 -0.00295601   0.00019169
 -0.00285359   0.00018824
 -0.00275107   0.00018487
 -0.00264864   0.00018152
 -0.00254613   0.00017817
 -0.00244361   0.00017492
 -0.00234119   0.00017167
 -0.00223867   0.00016842
 -0.00213615   0.00016527
 -0.00203374   0.00016213
 -0.00193122   0.00015898
 -0.00182871   0.00015585
 -0.00172619   0.00015280
 -0.00162376   0.00014985
 -0.00152125   0.00014682
 -0.00141873   0.00014388
 -0.00131621   0.00014104
 -0.00121379   0.00013812
 -0.00111127   0.00013528
 -0.00100875   0.00013254
 -0.00090625   0.00012971
 -0.00080373   0.00012707
 -0.00070130   0.00012434
 -0.00059879   0.00012171
 -0.00049627   0.00011908
 -0.00039375   0.00011646
 -0.00029124   0.00011394
 -0.00018872   0.00011141
 -0.00008620   0.00010889
  0.00001630   0.00010647
  0.00011874   0.00010405
  0.00022126   0.00010163
  0.00032377   0.00009932
  0.00042628   0.00009700
  0.00052880   0.00009478
  0.00063132   0.00009247
  0.00073383   0.00009035
  0.00083635   0.00008814
  0.00094152   0.00009035
  0.00104669   0.00009246
  0.00115186   0.00009475
  0.00125703   0.00009696
  0.00136220   0.00009925
  0.00146737   0.00010154
  0.00157254   0.00010392
  0.00167762   0.00010630
  0.00178279   0.00010868
  0.00188796   0.00011115
  0.00199313   0.00011362
  0.00209829   0.00011608
  0.00220347   0.00011864
  0.00230863   0.00012120
  0.00241381   0.00012375
  0.00251890   0.00012640
  0.00262406   0.00012895
  0.00272924   0.00013168
  0.00283440   0.00013433
  0.00293957   0.00013706
  0.00304465   0.00013988
  0.00314983   0.00014261
  0.00325499   0.00014543
  0.00336016   0.00014834
  0.00346524   0.00015116
  0.00357042   0.00015407
  0.00367558   0.00015707
  0.00378075   0.00016007
  0.00388583   0.00016306
  0.00399101   0.00016606
  0.00409618   0.00016915
  0.00420126   0.00017223
  0.00430643   0.00017532
  0.00441160   0.00017849
  0.00451668   0.00018166
  0.00462185   0.00018483
  0.00472693   0.00018810
  0.00483210   0.00019136
  0.00493727   0.00019471
  0.00504235   0.00019797
  0.00514752   0.00020132
  0.00525260   0.00020475
  0.00535778   0.00020819
  0.00546285   0.00021163
  0.00556803   0.00021507
  0.00567311   0.00021859
  0.00577828   0.00022212
  0.00588336   0.00022573
  0.00598853   0.00022926
  0.00609362   0.00023296
  0.00619869   0.00023657
  0.00630387   0.00024028
  0.00640894   0.00024398
  0.00651412   0.00024777
  0.00661919   0.00025147
  0.00672428   0.00025535
  0.00682944   0.00025914
  0.00693453   0.00026302
  0.00703961   0.00026689
  0.00714469   0.00027086
  0.00724987   0.00027483
  0.00735495   0.00027879
  0.00746003   0.00028276
  0.00756511   0.00028682
  0.00767028   0.00029087
  0.00777536   0.00029501
  0.00788045   0.00029915
  0.00798552   0.00030330
  0.00809061   0.00030753
  0.00819568   0.00031176
  0.00830086   0.00031599
  0.00840594   0.00032031
  0.00851102   0.00032463
  0.00861610   0.00032895
  0.00872119   0.00033327
  0.00882627   0.00033767
  0.00893135   0.00034217
  0.00903644   0.00034658
  0.00914151   0.00035107
  0.00924660   0.00035565
  0.00935167   0.00036015
  0.00945676   0.00036473
  0.00956184   0.00036933
  0.00966684   0.00037401
  0.00977191   0.00037871
  0.00987700   0.00038341
  0.00998208   0.00038821
  0.01008716   0.00039302
  0.01019224   0.00039792
  0.01029724   0.00040274
  0.01040231   0.00040766
  0.01050740   0.00041267
  0.01061248   0.00041760
  0.01071747   0.00042263
  0.01082256   0.00042775
  0.01092764   0.00043279
  0.01103264   0.00043793
  0.01113771   0.00044317
  0.01124279   0.00044841
  0.01134779   0.00045365
  0.01145286   0.00045891
  0.01155786   0.00046426
  0.01166294   0.00046989
  0.01176794   0.00047552
  0.01187292   0.00048133
  0.01197792   0.00048732
  0.01208291   0.00049333
  0.01218791   0.00049953
  0.01229290   0.00050581
  0.01239788   0.00051219
  0.01250288   0.00051866
  0.01260787   0.00052532
  0.01271278   0.00053208
  0.01281777   0.00053902
  0.01292267   0.00054597
  0.01302758   0.00055310
  0.01313248   0.00056033
  0.01323738   0.00056765
  0.01334229   0.00057516
  0.01344719   0.00058276
  0.01355209   0.00059045
  0.01365700   0.00059834
  0.01376181   0.00060623
  0.01386671   0.00061429
  0.01397153   0.00062247
  0.01407634   0.00063082
  0.01418115   0.00063927
  0.01428596   0.00064781
  0.01439079   0.00065645
  0.01449560   0.00066528
  0.01460032   0.00067411
  0.01470513   0.00068320
  0.01480986   0.00069232
  0.01491458   0.00070161
  0.01501930   0.00071090
  0.01512404   0.00072047
  0.01522876   0.00073006
  0.01533348   0.00073983
  0.01543821   0.00074968
  0.01554284   0.00075964
  0.01564747   0.00076969
  0.01575211   0.00077992
  0.01585674   0.00079026
  0.01596138   0.00080068
  0.01606601   0.00081129
  0.01617065   0.00082199
  0.01627520   0.00083280
  0.01637974   0.00084369
  0.01648436   0.00085477
  0.01658891   0.00086586
  0.01669337   0.00087714
  0.01679792   0.00088859
  0.01690246   0.00090005
  0.01700692   0.00091169
  0.01711137   0.00092344
  0.01721583   0.00093537
  0.01732029   0.00094739
  0.01742473   0.00095941
  0.01752919   0.00097172
  0.01763356   0.00098402
  0.01773792   0.00099651
  0.01784229   0.00100911
  0.01794666   0.00102179
  0.01805102   0.00103457
  0.01815530   0.00104753
  0.01825966   0.00106059
  0.01836394   0.00107375
  0.01846821   0.00108708
  0.01857248   0.00110051
  0.01867668   0.00111405
  0.01878095   0.00112767
  0.01888514   0.00114139
  0.01898932   0.00115530
  0.01909351   0.00116929
  0.01919770   0.00118348
  0.01930179   0.00119766
  0.01940598   0.00121204
  0.01951007   0.00122651
  0.01961416   0.00124107
  0.01971817   0.00125582
  0.01982228   0.00127067
  0.01992628   0.00128561
  0.02003029   0.00130065
  0.02013429   0.00131587
  0.02023830   0.00133119
  0.02034222   0.00134659
  0.02044622   0.00136211
  0.02055014   0.00137780
  0.02065405   0.00139359
  0.02075788   0.00140947
  0.02086179   0.00142544
  0.02096562   0.00144160
  0.02106945   0.00145787
  0.02117327   0.00147421
  0.02127701   0.00149066
  0.02138075   0.00150729
  0.02148448   0.00152403
  0.02158823   0.00154085
  0.02169195   0.00155776
  0.02179561   0.00157487
  0.02189934   0.00159207
  0.02200290   0.00160936
  0.02210654   0.00162675
  0.02221020   0.00164432
  0.02231375   0.00166199
  0.02241730   0.00167976
  0.02252086   0.00169762
  0.02262434   0.00171566
  0.02272780   0.00173382
  0.02283127   0.00175210
  0.02293472   0.00177050
  0.02303818   0.00178909
  0.02314156   0.00180781
  0.02324493   0.00182665
  0.02334829   0.00184560
  0.02345157   0.00186476
  0.02355485   0.00188393
  0.02365811   0.00190340
  0.02376139   0.00192290
  0.02386465   0.00194253
  0.02396783   0.00196234
  0.02407101   0.00198228
  0.02417410   0.00200243
  0.02427726   0.00202260
  0.02438034   0.00204298
  0.02448343   0.00206346
  0.02458640   0.00208407
  0.02468948   0.00210488
  0.02479246   0.00212573
  0.02489536   0.00214677
  0.02499834   0.00216802
  0.02510121   0.00218930
  0.02520410   0.00221078
  0.02530698   0.00223237
  0.02540977   0.00225408
  0.02551256   0.00227591
  0.02561533   0.00229794
  0.02571804   0.00232009
  0.02582072   0.00234235
  0.02592340   0.00236474
  0.02602609   0.00238733
  0.02612868   0.00241003
  0.02623127   0.00243284
  0.02633386   0.00245577
  0.02643635   0.00247892
  0.02653884   0.00250208
  0.02664132   0.00252545
  0.02674380   0.00254902
  0.02684619   0.00257262
  0.02694858   0.00259643
  0.02705088   0.00262034
  0.02715326   0.00264439
  0.02725555   0.00266854
  0.02735747   0.00269378
  0.02745932   0.00271984
  0.02756089   0.00274654
  0.02766236   0.00277398
  0.02776348   0.00280207
  0.02786451   0.00283088
  0.02796528   0.00286034
  0.02806586   0.00289054
  0.02816626   0.00292137
  0.02826639   0.00295295
  0.02836626   0.00298515
  0.02846593   0.00301802
  0.02856535   0.00305161
  0.02866450   0.00308576
  0.02876337   0.00312073
  0.02886207   0.00315627
  0.02896041   0.00319252
  0.02905856   0.00322943
  0.02915645   0.00326697
  0.02925398   0.00330526
  0.02935124   0.00334410
  0.02944832   0.00338367
  0.02954495   0.00342389
  0.02964142   0.00346466
  0.02973751   0.00350616
  0.02983333   0.00354831
  0.02992880   0.00359111
  0.03002401   0.00363455
  0.03011884   0.00367864
  0.03021342   0.00372336
  0.03030763   0.00376873
  0.03040149   0.00381466
  0.03049499   0.00386124
  0.03058812   0.00390855
  0.03068100   0.00395642
  0.03077342   0.00400484
  0.03086558   0.00405398
  0.03095738   0.00410369
  0.03104873   0.00415405
  0.03113972   0.00420495
  0.03123035   0.00425651
  0.03132062   0.00430871
  0.03141046   0.00436146
  0.03149992   0.00441477
  0.03158904   0.00446873
  0.03167770   0.00452324
  0.03176600   0.00457840
  0.03185387   0.00463411
  0.03194127   0.00469047
  0.03202833   0.00474730
  0.03211494   0.00480477
  0.03220120   0.00486288
  0.03228691   0.00492146
  0.03237226   0.00498060
  0.03245717   0.00504038
  0.03254153   0.00510064
  0.03262555   0.00516153
  0.03270911   0.00522298
  0.03279223   0.00528491
  0.03287482   0.00534746
  0.03295696   0.00541050
  0.03303873   0.00547408
  0.03311989   0.00553823
  0.03320068   0.00560285
  0.03328094   0.00566810
  0.03336075   0.00573373
  0.03344002   0.00580002
  0.03351884   0.00586676
  0.03359712   0.00593411
  0.03367492   0.00600206
  0.03375214   0.00607062
  0.03382878   0.00613986
  0.03390494   0.00620981
  0.03398051   0.00628028
  0.03405549   0.00635144
  0.03412989   0.00642320
  0.03420380   0.00649556
  0.03427703   0.00656862
  0.03434976   0.00664219
  0.03442190   0.00671637
  0.03449335   0.00679122
  0.03456431   0.00686660
  0.03463457   0.00694257
  0.03470434   0.00701924
  0.03477340   0.00709632
  0.03484188   0.00717409
  0.03490966   0.00725238
  0.03497691   0.00733125
  0.03504349   0.00741072
  0.03510935   0.00749070
  0.03517471   0.00757127
  0.03523927   0.00765234
  0.03530330   0.00773392
  0.03536664   0.00781609
  0.03542927   0.00789876
  0.03549129   0.00798203
  0.03555260   0.00806570
  0.03561329   0.00814996
  0.03567326   0.00823472
  0.03573253   0.00831998
  0.03579109   0.00840573
  0.03584901   0.00849197
  0.03590622   0.00857864
  0.03596271   0.00866587
  0.03601849   0.00875350
  0.03607363   0.00884163
  0.03612795   0.00893025
  0.03618165   0.00901927
  0.03623463   0.00910878
  0.03628677   0.00919877
  0.03633829   0.00928917
  0.03638899   0.00937995
  0.03643905   0.00947121
  0.03648828   0.00956288
  0.03653687   0.00965494
  0.03658464   0.00974737
  0.03663167   0.00984031
  0.03667797   0.00993352
  0.03672344   0.01002723
  0.03676825   0.01012122
  0.03681224   0.01021569
  0.03685548   0.01031046
  0.03689789   0.01040560
  0.03693956   0.01050113
  0.03698048   0.01059703
  0.03702066   0.01069324
  0.03705999   0.01078981
  0.03709858   0.01088667
  0.03713633   0.01098390
  0.03717332   0.01108142
  0.03720947   0.01117921
  0.03724488   0.01127739
  0.03727943   0.01137584
  0.03731323   0.01147456
  0.03734628   0.01157357
  0.03737838   0.01167285
  0.03740982   0.01177240
  0.03744041   0.01187223
  0.03747085   0.01197214
  0.03750106   0.01207225
  0.03753120   0.01217235
  0.03756111   0.01227254
  0.03759097   0.01237283
  0.03762059   0.01247319
  0.03765014   0.01257365
  0.03767945   0.01267428
  0.03770871   0.01277490
  0.03773772   0.01287559
  0.03776665   0.01297637
  0.03779545   0.01307723
  0.03782398   0.01317816
  0.03785247   0.01327925
  0.03788070   0.01338032
  0.03790886   0.01348148
  0.03793677   0.01358269
  0.03796462   0.01368396
  0.03799222   0.01378531
  0.03801973   0.01388682
  0.03804701   0.01398829
  0.03807420   0.01408983
  0.03810124   0.01419141
  0.03812802   0.01429306
  0.03815474   0.01439476
  0.03818119   0.01449661
  0.03820758   0.01459842
  0.03823370   0.01470028
  0.03825975   0.01480218
  0.03828555   0.01490414
  0.03831126   0.01500614
  0.03833672   0.01510826
  0.03836210   0.01521034
  0.03838723   0.01531246
  0.03841226   0.01541462
  0.03843714   0.01551681
  0.03846175   0.01561904
  0.03848629   0.01572130
  0.03851057   0.01582367
  0.03853476   0.01592599
  0.03855870   0.01602833
  0.03858255   0.01613071
  0.03860614   0.01623310
  0.03862965   0.01633551
  0.03865290   0.01643803
  0.03867607   0.01654048
  0.03869896   0.01664294
  0.03872179   0.01674543
  0.03874444   0.01684792
  0.03876682   0.01695042
  0.03878913   0.01705301
  0.03881117   0.01715553
  0.03883318   0.01725805
  0.03885509   0.01736057
  0.03887709   0.01746309
  0.03889901   0.01756561
  0.03892101   0.01766823
  0.03894292   0.01777075
  0.03896493   0.01787327
  0.03898693   0.01797579
  0.03900885   0.01807831
  0.03903085   0.01818083
  0.03905276   0.01828343
  0.03907477   0.01838595
  0.03909668   0.01848847
  0.03911867   0.01859100
  0.03914060   0.01869352
  0.03916259   0.01879604
  0.03918450   0.01889865
  0.03920651   0.01900117
  0.03922842   0.01910369
  0.03925042   0.01920621
  0.03927243   0.01930873
  0.03929434   0.01941125
  0.03931635   0.01951377
  0.03933826   0.01961638
  0.03936026   0.01971890
  0.03938218   0.01982142
  0.03940418   0.01992394
  0.03942609   0.02002646
  0.03944810   0.02012898
  0.03947001   0.02023159
  0.03949201   0.02033411
  0.03951393   0.02043663
  0.03953593   0.02053916
  0.03955794   0.02064168
  0.03957985   0.02074420
  0.03960184   0.02084681
  0.03962377   0.02094932
  0.03964576   0.02105184
  0.03966767   0.02115436
  0.03968968   0.02125688
  0.03971159   0.02135940
  0.03973359   0.02146201
  0.03975551   0.02156454
  0.03977751   0.02166706
  0.03979951   0.02176958
  0.03982143   0.02187210
  0.03984343   0.02197462
  0.03986535   0.02207723
  0.03988735   0.02217975
  0.03990926   0.02228226
  0.03993127   0.02238478
  0.03995318   0.02248730
  0.03997518   0.02258983
  0.03999710   0.02269244
  0.04001910   0.02279496
  0.04004101   0.02289748
  0.04006302   0.02300000
