 -0.03567480   0.02300000
 -0.03567190   0.02288480
 -0.03566900   0.02276950
 -0.03566610   0.02265430
 -0.03566330   0.02253910
 -0.03566040   0.02242380
 -0.03565750   0.02230860
 -0.03565460   0.02219340
 -0.03565180   0.02207810
 -0.03564890   0.02196290
 -0.03564600   0.02184770
 -0.03564310   0.02173240
 -0.03564030   0.02161720
 -0.03563740   0.02150200
 -0.03563450   0.02138670
 -0.03563160   0.02127150
 -0.03562870   0.02115630
 -0.03562590   0.02104100
 -0.03562300   0.02092580
 -0.03562010   0.02081060
 -0.03561720   0.02069530
 -0.03561440   0.02058010
 -0.03561150   0.02046490
 -0.03560860   0.02034960
 -0.03560570   0.02023440
 -0.03560290   0.02011920
 -0.03560000   0.02000390
 -0.03559710   0.01988870
 -0.03559420   0.01977350
 -0.03559130   0.01965820
 -0.03558850   0.01954300
 -0.03558560   0.01942780
 -0.03558270   0.01931250
 -0.03557980   0.01919730
 -0.03557700   0.01908210
 -0.03557410   0.01896680
 -0.03557120   0.01885160
 -0.03556830   0.01873640
 -0.03556540   0.01862110
 -0.03556260   0.01850590
 -0.03555970   0.01839070
 -0.03555680   0.01827540
 -0.03555390   0.01816020
 -0.03555110   0.01804500
 -0.03554820   0.01792970
 -0.03554530   0.01781450
 -0.03554240   0.01769930
 -0.03553960   0.01758400
 -0.03553670   0.01746880
 -0.03553380   0.01735360
 -0.03553090   0.01723830
 -0.03552800   0.01712310
 -0.03552520   0.01700790
 -0.03552230   0.01689260
 -0.03551940   0.01677740
 -0.03551650   0.01666220
 -0.03551370   0.01654690
 -0.03551080   0.01643170
 -0.03550790   0.01631650
 -0.03550500   0.01620120
 -0.03550210   0.01608600
 -0.03549930   0.01597080
 -0.03549640   0.01585550
 -0.03549350   0.01574030
 -0.03549060   0.01562510
 -0.03548780   0.01550980
 -0.03548490   0.01539460
 -0.03548200   0.01527940
 -0.03547910   0.01516410
 -0.03547550   0.01504890
 -0.03547090   0.01493370
 -0.03546520   0.01481860
 -0.03545850   0.01470350
 -0.03545080   0.01458850
 -0.03544210   0.01447360
 -0.03543240   0.01435870
 -0.03542160   0.01424390
 -0.03540990   0.01412930
 -0.03539710   0.01401470
 -0.03538330   0.01390030
 -0.03536840   0.01378600
 -0.03535260   0.01367180
 -0.03533580   0.01355780
 -0.03531790   0.01344390
 -0.03529910   0.01333020
 -0.03527920   0.01321660
 -0.03525830   0.01310330
 -0.03523640   0.01299010
 -0.03521360   0.01287710
 -0.03518970   0.01276430
 -0.03516480   0.01265180
 -0.03513890   0.01253950
 -0.03511200   0.01242740
 -0.03508420   0.01231550
 -0.03505530   0.01220390
 -0.03502550   0.01209260
 -0.03499460   0.01198150
 -0.03496280   0.01187070
 -0.03493000   0.01176020
 -0.03489630   0.01165000
 -0.03486150   0.01154010
 -0.03482580   0.01143050
 -0.03478910   0.01132120
 -0.03475140   0.01121230
 -0.03471280   0.01110370
 -0.03467320   0.01099540
 -0.03463270   0.01088750
 -0.03459120   0.01078000
 -0.03454870   0.01067280
 -0.03450530   0.01056600
 -0.03446100   0.01045960
 -0.03441570   0.01035360
 -0.03436950   0.01024800
 -0.03432230   0.01014290
 -0.03427420   0.01003810
 -0.03422520   0.00993380
 -0.03417530   0.00982990
 -0.03412440   0.00972640
 -0.03407260   0.00962350
 -0.03401990   0.00952090
 -0.03396630   0.00941890
 -0.03391180   0.00931730
 -0.03385640   0.00921620
 -0.03380020   0.00911560
 -0.03374300   0.00901550
 -0.03368490   0.00891600
 -0.03362600   0.00881690
 -0.03356610   0.00871840
 -0.03350550   0.00862040
 -0.03344390   0.00852290
 -0.03338150   0.00842600
 -0.03331820   0.00832970
 -0.03325410   0.00823390
 -0.03318910   0.00813870
 -0.03312330   0.00804410
 -0.03305660   0.00795000
 -0.03298910   0.00785660
 -0.03292080   0.00776370
 -0.03285170   0.00767150
 -0.03278170   0.00757990
 -0.03271100   0.00748890
 -0.03263940   0.00739850
 -0.03256710   0.00730880
 -0.03249390   0.00721970
 -0.03242000   0.00713120
 -0.03234530   0.00704350
 -0.03226980   0.00695640
 -0.03219350   0.00686990
 -0.03211650   0.00678420
 -0.03203870   0.00669910
 -0.03196020   0.00661470
 -0.03188090   0.00653110
 -0.03180090   0.00644810
 -0.03172010   0.00636580
 -0.03163860   0.00628430
 -0.03155640   0.00620350
 -0.03147350   0.00612340
 -0.03138990   0.00604410
 -0.03130560   0.00596550
 -0.03122060   0.00588760
 -0.03113490   0.00581050
 -0.03104850   0.00573420
 -0.03096140   0.00565870
 -0.03087370   0.00558390
 -0.03078530   0.00550990
 -0.03069630   0.00543670
 -0.03060660   0.00536420
 -0.03051630   0.00529260
 -0.03042540   0.00522180
 -0.03033380   0.00515180
 -0.03024160   0.00508260
 -0.03014880   0.00501420
 -0.03005540   0.00494670
 -0.02996140   0.00487990
 -0.02986680   0.00481410
 -0.02977170   0.00474900
 -0.02967590   0.00468480
 -0.02957960   0.00462150
 -0.02948270   0.00455900
 -0.02938530   0.00449740
 -0.02928740   0.00443660
 -0.02918890   0.00437670
 -0.02908990   0.00431770
 -0.02899030   0.00425960
 -0.02889030   0.00420230
 -0.02878970   0.00414600
 -0.02868870   0.00409050
 -0.02858720   0.00403590
 -0.02848510   0.00398230
 -0.02838270   0.00392950
 -0.02827970   0.00387760
 -0.02817630   0.00382670
 -0.02807250   0.00377670
 -0.02796820   0.00372760
 -0.02786340   0.00367940
 -0.02775830   0.00363220
 -0.02765270   0.00358590
 -0.02754680   0.00354050
 -0.02744040   0.00349610
 -0.02733360   0.00345260
 -0.02722650   0.00341010
 -0.02711900   0.00336850
 -0.02701110   0.00332790
 -0.02690290   0.00328830
 -0.02679430   0.00324960
 -0.02668540   0.00321180
 -0.02657610   0.00317500
 -0.02646660   0.00313920
 -0.02635670   0.00310440
 -0.02624650   0.00307060
 -0.02613600   0.00303770
 -0.02602530   0.00300580
 -0.02591420   0.00297490
 -0.02580290   0.00294500
 -0.02569130   0.00291590
 -0.02557970   0.00288720
 -0.02546810   0.00285850
 -0.02535640   0.00283010
 -0.02524460   0.00280180
 -0.02513280   0.00277360
 -0.02502100   0.00274570
 -0.02490910   0.00271780
 -0.02479720   0.00269020
 -0.02468530   0.00266270
 -0.02457330   0.00263540
 -0.02446130   0.00260820
 -0.02434920   0.00258120
 -0.02423710   0.00255430
 -0.02412500   0.00252760
 -0.02401280   0.00250110
 -0.02390060   0.00247480
 -0.02378840   0.00244860
 -0.02367610   0.00242250
 -0.02356370   0.00239660
 -0.02345140   0.00237090
 -0.02333900   0.00234540
 -0.02322650   0.00232000
 -0.02311410   0.00229470
 -0.02300160   0.00226970
 -0.02288900   0.00224480
 -0.02277640   0.00222000
 -0.02266380   0.00219540
 -0.02255120   0.00217100
 -0.02243850   0.00214680
 -0.02232570   0.00212270
 -0.02221300   0.00209870
 -0.02210020   0.00207500
 -0.02198740   0.00205140
 -0.02187450   0.00202790
 -0.02176160   0.00200460
 -0.02164870   0.00198150
 -0.02153570   0.00195860
 -0.02142270   0.00193580
 -0.02130970   0.00191310
 -0.02119660   0.00189070
 -0.02108360   0.00186840
 -0.02097040   0.00184620
 -0.02085730   0.00182420
 -0.02074410   0.00180240
 -0.02063090   0.00178080
 -0.02051760   0.00175930
 -0.02040430   0.00173800
 -0.02029100   0.00171680
 -0.02017770   0.00169580
 -0.02006430   0.00167500
 -0.01995090   0.00165430
 -0.01983750   0.00163380
 -0.01972400   0.00161340
 -0.01961050   0.00159320
 -0.01949700   0.00157320
 -0.01938350   0.00155340
 -0.01926990   0.00153370
 -0.01915630   0.00151410
 -0.01904270   0.00149480
 -0.01892900   0.00147560
 -0.01881530   0.00145650
 -0.01870160   0.00143770
 -0.01858790   0.00141900
 -0.01847410   0.00140040
 -0.01836030   0.00138200
 -0.01824650   0.00136380
 -0.01813260   0.00134580
 -0.01801880   0.00132790
 -0.01790490   0.00131010
 -0.01779090   0.00129260
 -0.01767700   0.00127520
 -0.01756300   0.00125800
 -0.01744900   0.00124090
 -0.01733500   0.00122400
 -0.01722100   0.00120720
 -0.01710690   0.00119070
 -0.01699280   0.00117430
 -0.01687870   0.00115800
 -0.01676450   0.00114190
 -0.01665040   0.00112600
 -0.01653620   0.00111030
 -0.01642200   0.00109470
 -0.01630770   0.00107920
 -0.01619350   0.00106400
 -0.01607920   0.00104890
 -0.01596490   0.00103400
 -0.01585060   0.00101920
 -0.01573620   0.00100460
 -0.01562190   0.00099020
 -0.01550750   0.00097590
 -0.01539310   0.00096180
 -0.01527870   0.00094780
 -0.01516420   0.00093410
 -0.01504980   0.00092040
 -0.01493530   0.00090700
 -0.01482080   0.00089370
 -0.01470630   0.00088060
 -0.01459170   0.00086760
 -0.01447720   0.00085490
 -0.01436260   0.00084220
 -0.01424800   0.00082980
 -0.01413340   0.00081750
 -0.01401870   0.00080540
 -0.01390410   0.00079340
 -0.01378940   0.00078160
 -0.01367480   0.00077000
 -0.01356010   0.00075850
 -0.01344530   0.00074720
 -0.01333060   0.00073610
 -0.01321590   0.00072510
 -0.01310110   0.00071430
 -0.01298630   0.00070370
 -0.01287150   0.00069320
 -0.01275670   0.00068290
 -0.01264190   0.00067270
 -0.01252710   0.00066280
 -0.01241220   0.00065290
 -0.01229740   0.00064330
 -0.01218250   0.00063380
 -0.01206760   0.00062450
 -0.01195270   0.00061530
 -0.01183780   0.00060640
 -0.01172280   0.00059750
 -0.01160790   0.00058890
 -0.01149290   0.00058040
 -0.01137800   0.00057210
 -0.01126300   0.00056390
 -0.01114800   0.00055590
 -0.01103300   0.00054810
 -0.01091800   0.00054050
 -0.01080290   0.00053300
 -0.01068790   0.00052560
 -0.01057290   0.00051850
 -0.01045780   0.00051150
 -0.01034270   0.00050470
 -0.01022770   0.00049810
 -0.01011260   0.00049150
 -0.00999750   0.00048490
 -0.00988240   0.00047840
 -0.00976730   0.00047190
 -0.00965220   0.00046540
 -0.00953710   0.00045900
 -0.00942200   0.00045270
 -0.00930690   0.00044640
 -0.00919180   0.00044010
 -0.00907670   0.00043390
 -0.00896160   0.00042770
 -0.00884650   0.00042160
 -0.00873140   0.00041550
 -0.00861630   0.00040950
 -0.00850120   0.00040350
 -0.00838610   0.00039750
 -0.00827100   0.00039160
 -0.00815580   0.00038570
 -0.00804070   0.00037990
 -0.00792560   0.00037410
 -0.00781050   0.00036840
 -0.00769530   0.00036270
 -0.00758020   0.00035710
 -0.00746510   0.00035150
 -0.00734990   0.00034590
 -0.00723480   0.00034040
 -0.00711970   0.00033490
 -0.00700450   0.00032950
 -0.00688940   0.00032410
 -0.00677420   0.00031880
 -0.00665910   0.00031350
 -0.00654390   0.00030830
 -0.00642880   0.00030310
 -0.00631360   0.00029790
 -0.00619850   0.00029280
 -0.00608330   0.00028770
 -0.00596820   0.00028270
 -0.00585300   0.00027770
 -0.00573780   0.00027280
 -0.00562270   0.00026790
 -0.00550750   0.00026300
 -0.00539230   0.00025820
 -0.00527720   0.00025350
 -0.00516200   0.00024880
 -0.00504680   0.00024410
 -0.00493160   0.00023950
 -0.00481650   0.00023490
 -0.00470130   0.00023030
 -0.00458610   0.00022580
 -0.00447090   0.00022140
 -0.00435570   0.00021700
 -0.00424050   0.00021260
 -0.00412530   0.00020830
 -0.00401020   0.00020400
 -0.00389500   0.00019980
 -0.00377980   0.00019560
 -0.00366460   0.00019150
 -0.00354940   0.00018740
 -0.00343420   0.00018330
 -0.00331900   0.00017930
 -0.00320380   0.00017540
 -0.00308860   0.00017140
 -0.00297340   0.00016760
 -0.00285820   0.00016370
 -0.00274300   0.00016000
 -0.00262780   0.00015620
 -0.00251250   0.00015250
 -0.00239730   0.00014890
 -0.00228210   0.00014530
 -0.00216690   0.00014170
 -0.00205170   0.00013820
 -0.00193650   0.00013470
 -0.00182130   0.00013130
 -0.00170600   0.00012790
 -0.00159080   0.00012450
 -0.00147560   0.00012120
 -0.00136040   0.00011800
 -0.00124510   0.00011480
 -0.00112990   0.00011160
 -0.00101470   0.00010850
 -0.00089950   0.00010540
 -0.00078420   0.00010240
 -0.00066900   0.00009940
 -0.00055380   0.00009640
 -0.00043850   0.00009350
 -0.00032330   0.00009070
 -0.00020810   0.00008790
 -0.00009280   0.00008510
  0.00002240   0.00008240
  0.00013760   0.00007970
  0.00025290   0.00007710
  0.00036810   0.00007450
  0.00048340   0.00007190
  0.00059860   0.00006940
  0.00071390   0.00006700
  0.00082910   0.00006460
  0.00094430   0.00006220
  0.00105960   0.00005990
  0.00117480   0.00005760
  0.00129010   0.00005530
  0.00140530   0.00005320
  0.00152060   0.00005100
  0.00163580   0.00004890
  0.00175110   0.00004680
  0.00186630   0.00004480
  0.00198160   0.00004290
  0.00209680   0.00004090
  0.00221210   0.00003900
  0.00232730   0.00003720
  0.00244260   0.00003540
  0.00255790   0.00003370
  0.00267310   0.00003200
  0.00278840   0.00003030
  0.00290360   0.00002870
  0.00301890   0.00002710
  0.00313420   0.00002560
  0.00324940   0.00002410
  0.00336470   0.00002270
  0.00347990   0.00002130
  0.00359520   0.00001990
  0.00371050   0.00001860
  0.00382570   0.00001740
  0.00394100   0.00001610
  0.00405620   0.00001500
  0.00417150   0.00001380
  0.00428680   0.00001270
  0.00440200   0.00001170
  0.00451730   0.00001070
  0.00463260   0.00000980
  0.00474780   0.00000890
  0.00486310   0.00000800
  0.00497840   0.00000720
  0.00509360   0.00000640
  0.00520890   0.00000570
  0.00532420   0.00000500
  0.00543940   0.00000430
  0.00555470   0.00000370
  0.00567000   0.00000320
  0.00578520   0.00000270
  0.00590050   0.00000220
  0.00601580   0.00000180
  0.00613100   0.00000140
  0.00624630   0.00000110
  0.00636160   0.00000080
  0.00647690   0.00000060
  0.00659210   0.00000040
  0.00670740   0.00000020
  0.00682270   0.00000010
  0.00693790  -0.00000000
  0.00705320  -0.00000000
  0.00729279  -0.00000000
  0.00753387  -0.00000000
  0.00777489  -0.00000000
  0.00801597  -0.00000000
  0.00825707  -0.00000000
  0.00849807  -0.00000000
  0.00873917  -0.00000000
  0.00898019  -0.00000000
  0.00922127  -0.00000000
  0.00946237  -0.00000000
  0.00970337  -0.00000000
  0.00994447  -0.00000000
  0.01018556  -0.00000000
  0.01042657  -0.00000000
  0.01066767  -0.00000000
  0.01090867  -0.00000000
  0.01114977  -0.00000000
  0.01139086  -0.00000000
  0.01163187  -0.00000000
  0.01187296  -0.00000000
  0.01211397  -0.00000000
  0.01235506  -0.00000000
  0.01259616  -0.00000000
  0.01283717  -0.00000000
  0.01307826  -0.00000000
  0.01331927  -0.00000000
  0.01356036  -0.00000000
  0.01380146  -0.00000000
  0.01404246  -0.00000000
  0.01428356  -0.00000000
  0.01452457  -0.00000000
  0.01476566  -0.00000000
  0.01500676  -0.00000000
  0.01524776  -0.00000000
  0.01548886  -0.00000000
  0.01572986  -0.00000000
  0.01597096  -0.00000000
  0.01621206  -0.00000000
  0.01645306  -0.00000000
  0.01669416  -0.00000000
  0.01693516  -0.00000000
  0.01717626  -0.00000000
  0.01741734  -0.00000000
  0.01765836  -0.00000000
  0.01789946  -0.00000000
  0.01814046  -0.00000000
  0.01838156  -0.00000000
  0.01862264  -0.00000000
  0.01886366  -0.00000000
  0.01910474  -0.00000000
  0.01934576  -0.00000000
  0.01958684  -0.00000000
  0.01982794  -0.00000000
  0.02006896  -0.00000000
  0.02031004  -0.00000000
  0.02055106  -0.00000000
  0.02079214  -0.00000000
  0.02103324  -0.00000000
  0.02127424  -0.00000000
  0.02151534  -0.00000000
  0.02175636  -0.00000000
  0.02199744  -0.00000000
  0.02223854  -0.00000000
  0.02247954  -0.00000000
  0.02272064  -0.00000000
  0.02296164  -0.00000000
  0.02320274  -0.00000000
  0.02344384  -0.00000000
  0.02368484  -0.00000000
  0.02392594  -0.00000000
  0.02416694  -0.00000000
  0.02440804  -0.00000000
  0.02464912  -0.00000000
  0.02489014  -0.00000000
  0.02513124  -0.00000000
  0.02537224  -0.00000000
  0.02561334  -0.00000000
  0.02585442  -0.00000000
  0.02609544  -0.00000000
  0.02633652  -0.00000000
  0.02657754  -0.00000000
  0.02681862  -0.00000000
  0.02705972  -0.00000000
  0.02730074  -0.00000000
  0.02754182  -0.00000000
  0.02778284  -0.00000000
  0.02802392  -0.00000000
  0.02826502  -0.00000000
  0.02850602  -0.00000000
  0.02874712  -0.00000000
  0.02898814  -0.00000000
  0.02922922  -0.00000000
  0.02947032  -0.00000000
  0.02971132  -0.00000000
  0.02995242  -0.00000000
  0.03019342  -0.00000000
  0.03043452  -0.00000000
  0.03067562  -0.00000000
  0.03091662  -0.00000000
  0.03115772  -0.00000000
  0.03139872  -0.00000000
  0.03163982  -0.00000000
  0.03188091  -0.00000000
  0.03212192  -0.00000000
  0.03236302  -0.00000000
  0.03260402  -0.00000000
  0.03284512  -0.00000000
  0.03308621  -0.00000000
  0.03332722  -0.00000000
  0.03356831  -0.00000000
  0.03380941  -0.00000000
  0.03405042  -0.00000000
  0.03429151  -0.00000000
  0.03453252  -0.00000000
  0.03477361  -0.00000000
  0.03501471  -0.00000000
  0.03525571  -0.00000000
  0.03549681  -0.00000000
  0.03573781  -0.00000000
  0.03597891  -0.00000000
  0.03622001  -0.00000000
  0.03646101  -0.00000000
  0.03670211  -0.00000000
  0.03694311  -0.00000000
  0.03718421  -0.00000000
  0.03742529  -0.00000000
  0.03766631  -0.00000000
  0.03790741  -0.00000000
  0.03814841  -0.00000000
  0.03838951  -0.00000000
  0.03863059  -0.00000000
  0.03887161  -0.00000000
  0.03911269  -0.00000000
  0.03935371  -0.00000000
  0.03959481  -0.00000000
  0.03983589  -0.00000000
  0.04007691  -0.00000000
  0.04031799  -0.00000000
  0.04055901  -0.00000000
  0.04080009  -0.00000000
  0.04104119  -0.00000000
  0.04128221  -0.00000000
  0.04152329  -0.00000000
  0.04176431  -0.00000000
  0.04200539  -0.00000000
  0.04224649  -0.00000000
  0.04248749  -0.00000000
  0.04272859  -0.00000000
  0.04296959  -0.00000000
  0.04321069  -0.00000000
  0.04345179  -0.00000000
  0.04369279  -0.00000000
  0.04393389  -0.00000000
  0.04417489  -0.00000000
  0.04441599  -0.00000000
  0.04465708  -0.00000000
  0.04489809  -0.00000000
  0.04513919  -0.00000000
  0.04538019  -0.00000000
  0.04562129  -0.00000000
  0.04586238  -0.00000000
  0.04610339  -0.00000000
  0.04634448  -0.00000000
  0.04658549  -0.00000000
  0.04682659  -0.00000000
  0.04706768  -0.00000000
  0.04730869  -0.00000000
  0.04754978  -0.00000000
  0.04779079  -0.00000000
  0.04803188  -0.00000000
  0.04827298  -0.00000000
  0.04851399  -0.00000000
  0.04875508  -0.00000000
  0.04899609  -0.00000000
  0.04923718  -0.00000000
  0.04947828  -0.00000000
  0.04971928  -0.00000000
  0.04996038  -0.00000000
  0.05020138  -0.00000000
  0.05044248  -0.00000000
  0.05068358  -0.00000000
  0.05092458  -0.00000000
  0.05116568  -0.00000000
  0.05140668  -0.00000000
  0.05164778  -0.00000000
  0.05188886  -0.00000000
  0.05212988  -0.00000000
  0.05237098  -0.00000000
  0.05261198  -0.00000000
  0.05285308  -0.00000000
  0.05309416  -0.00000000
  0.05333518  -0.00000000
  0.05357626  -0.00000000
  0.05381728  -0.00000000
  0.05405838  -0.00000000
  0.05429946  -0.00000000
  0.05454048  -0.00000000
  0.05478156  -0.00000000
  0.05502258  -0.00000000
  0.05526366  -0.00000000
  0.05550476  -0.00000000
  0.05574578  -0.00000000
  0.05598686  -0.00000000
  0.05622796  -0.00000000
  0.05646896  -0.00000000
  0.05671006  -0.00000000
  0.05695106  -0.00000000
  0.05719216  -0.00000000
  0.05743324  -0.00000000
  0.05767426  -0.00000000
  0.05791536  -0.00000000
  0.05815636  -0.00000000
  0.05839746  -0.00000000
  0.05863854  -0.00000000
  0.05887956  -0.00000000
  0.05912064  -0.00000000
  0.05936166  -0.00000000
  0.05960276  -0.00000000
  0.05984384  -0.00000000
  0.06008486  -0.00000000
  0.06032594  -0.00000000
  0.06056696  -0.00000000
  0.06080804  -0.00000000
  0.06104914  -0.00000000
  0.06129016  -0.00000000
  0.06153124  -0.00000000
  0.06177226  -0.00000000
  0.06201334  -0.00000000
  0.06225444  -0.00000000
  0.06249544  -0.00000000
  0.06273654  -0.00000000
  0.06297756  -0.00000000
  0.06321864  -0.00000000
  0.06345974  -0.00000000
  0.06370074  -0.00000000
  0.06394184  -0.00000000
  0.06418284  -0.00000000
  0.06442394  -0.00000000
  0.06466503  -0.00000000
  0.06490604  -0.00000000
  0.06514714  -0.00000000
  0.06538814  -0.00000000
  0.06562924  -0.00000000
  0.06587033  -0.00000000
  0.06611134  -0.00000000
  0.06635243  -0.00000000
  0.06659344  -0.00000000
  0.06683454  -0.00000000
  0.06707563  -0.00000000
  0.06731664   0.00000025
  0.06755773   0.00000050
  0.06779874   0.00000101
  0.06803983   0.00000159
  0.06828093   0.00000243
  0.06852194   0.00000327
  0.06876303   0.00000436
  0.06900404   0.00000554
  0.06924513   0.00000697
  0.06948614   0.00000839
  0.06972723   0.00001007
  0.06996824   0.00001183
  0.07020934   0.00001376
  0.07045034   0.00001586
  0.07069144   0.00001813
  0.07093244   0.00002048
  0.07117354   0.00002300
  0.07141454   0.00002568
  0.07165556   0.00002854
  0.07189664   0.00003147
  0.07213766   0.00003458
  0.07237868   0.00003785
  0.07261968   0.00004129
  0.07286078   0.00004482
  0.07310178   0.00004851
  0.07334279   0.00005237
  0.07358379   0.00005632
  0.07382481   0.00006051
  0.07406582   0.00006479
  0.07430682   0.00006924
  0.07454784   0.00007378
  0.07478884   0.00007848
  0.07502986   0.00008334
  0.07527086   0.00008838
  0.07551187   0.00009358
  0.07575281   0.00009887
  0.07599381   0.00010433
  0.07623482   0.00010995
  0.07647574   0.00011566
  0.07671675   0.00012162
  0.07695767   0.00012766
  0.07719869   0.00013379
  0.07743962   0.00014016
  0.07768053   0.00014663
  0.07792147   0.00015326
  0.07816247   0.00016006
  0.07840340   0.00016694
  0.07864431   0.00017407
  0.07888525   0.00018129
  0.07912616   0.00018859
  0.07936709   0.00019615
  0.07960794   0.00020378
  0.07984886   0.00021159
  0.08008979   0.00021956
  0.08033062   0.00022762
  0.08057156   0.00023585
  0.08081239   0.00024424
  0.08105332   0.00025280
  0.08129417   0.00026153
  0.08153500   0.00027034
  0.08177585   0.00027932
  0.08201668   0.00028839
  0.08225753   0.00029775
  0.08249836   0.00030725
  0.08273921   0.00031696
  0.08297997   0.00032689
  0.08322081   0.00033695
  0.08346157   0.00034724
  0.08370240   0.00035774
  0.08394317   0.00036846
  0.08418391   0.00037930
  0.08442466   0.00039038
  0.08466551   0.00040165
  0.08490617   0.00041316
  0.08514692   0.00042479
  0.08538769   0.00043673
  0.08562835   0.00044939
  0.08586902   0.00046268
  0.08610960   0.00047653
  0.08635018   0.00049094
  0.08659076   0.00050597
  0.08683125   0.00052166
  0.08707167   0.00053788
  0.08731208   0.00055466
  0.08755241   0.00057217
  0.08779272   0.00059013
  0.08803296   0.00060883
  0.08827319   0.00062799
  0.08851335   0.00064787
  0.08875341   0.00066824
  0.08899347   0.00068931
  0.08923347   0.00071093
  0.08947336   0.00073312
  0.08971325   0.00075593
  0.08995306   0.00077930
  0.09019277   0.00080330
  0.09043241   0.00082787
  0.09067204   0.00085307
  0.09091151   0.00087890
  0.09115097   0.00090529
  0.09139034   0.00093223
  0.09162971   0.00095981
  0.09186892   0.00098793
  0.09210804   0.00101671
  0.09234716   0.00104611
  0.09258610   0.00107598
  0.09282505   0.00110658
  0.09306391   0.00113773
  0.09330259   0.00116942
  0.09354128   0.00120176
  0.09377980   0.00123466
  0.09401831   0.00126819
  0.09425673   0.00130227
  0.09449500   0.00133690
  0.09473316   0.00137227
  0.09497124   0.00140809
  0.09520924   0.00144455
  0.09544714   0.00148165
  0.09568497   0.00151921
  0.09592270   0.00155762
  0.09616025   0.00159672
  0.09639769   0.00163652
  0.09663506   0.00167701
  0.09687222   0.00171835
  0.09710930   0.00176029
  0.09734628   0.00180300
  0.09758315   0.00184642
  0.09781983   0.00189058
  0.09805643   0.00193546
  0.09829292   0.00198109
  0.09852922   0.00202743
  0.09876533   0.00207443
  0.09900142   0.00212223
  0.09923733   0.00217070
  0.09947304   0.00221996
  0.09970865   0.00226980
  0.09994406   0.00232052
  0.10017938   0.00237182
  0.10041450   0.00242392
  0.10064951   0.00247677
  0.10088432   0.00253031
  0.10111903   0.00258455
  0.10135346   0.00263947
  0.10158777   0.00269549
  0.10182121   0.00275456
  0.10205363   0.00281709
  0.10228509   0.00288297
  0.10251551   0.00295234
  0.10274471   0.00302505
  0.10297280   0.00310115
  0.10319960   0.00318053
  0.10342511   0.00326329
  0.10364924   0.00334934
  0.10387190   0.00343859
  0.10409310   0.00353122
  0.10431284   0.00362696
  0.10453095   0.00372589
  0.10474751   0.00382804
  0.10496227   0.00393331
  0.10517532   0.00404171
  0.10538664   0.00415313
  0.10559607   0.00426767
  0.10580362   0.00438516
  0.10600920   0.00450569
  0.10621279   0.00462909
  0.10641434   0.00475543
  0.10661384   0.00488464
  0.10681118   0.00501672
  0.10700630   0.00515158
  0.10719919   0.00528922
  0.10738975   0.00543000
  0.10757766   0.00557431
  0.10776295   0.00572216
  0.10794556   0.00587351
  0.10812532   0.00602839
  0.10830225   0.00618660
  0.10847622   0.00634821
  0.10864721   0.00651314
  0.10881512   0.00668120
  0.10898000   0.00685254
  0.10914165   0.00702700
  0.10930006   0.00720449
  0.10945513   0.00738504
  0.10960692   0.00756850
  0.10975529   0.00775485
  0.10990017   0.00794400
  0.11004153   0.00813591
  0.11017934   0.00833050
  0.11031350   0.00852767
  0.11044398   0.00872738
  0.11057079   0.00892965
  0.11069378   0.00913425
  0.11081289   0.00934129
  0.11092824   0.00955056
  0.11103957   0.00976194
  0.11114704   0.00997554
  0.11125045   0.01019105
  0.11134987   0.01040862
  0.11144520   0.01062808
  0.11153649   0.01084932
  0.11162351   0.01107231
  0.11170647   0.01129702
  0.11178520   0.01152321
  0.11185959   0.01175090
  0.11192980   0.01198009
  0.11199573   0.01221051
  0.11205728   0.01244229
  0.11211454   0.01267515
  0.11216741   0.01290916
  0.11221585   0.01314413
  0.11225989   0.01338004
  0.11229959   0.01361677
  0.11233475   0.01385430
  0.11236547   0.01409242
  0.11239175   0.01433121
  0.11241347   0.01457040
  0.11243081   0.01481010
  0.11244569   0.01505005
  0.11245946   0.01529023
  0.11247208   0.01553052
  0.11248367   0.01577106
  0.11249403   0.01601175
  0.11250326   0.01625256
  0.11251134   0.01649344
  0.11251829   0.01673441
  0.11252435   0.01697541
  0.11253044   0.01721640
  0.11253644   0.01745740
  0.11254245   0.01769830
  0.11254845   0.01793930
  0.11255446   0.01818030
  0.11256046   0.01842128
  0.11256647   0.01866228
  0.11257256   0.01890326
  0.11257856   0.01914426
  0.11258457   0.01938526
  0.11259057   0.01962625
  0.11259658   0.01986716
  0.11260257   0.02010816
  0.11260857   0.02034915
  0.11261466   0.02059015
  0.11262067   0.02083113
  0.11262667   0.02107213
  0.11263268   0.02131313
  0.11263868   0.02155412
  0.11264469   0.02179512
  0.11265078   0.02203603
  0.11265678   0.02227702
  0.11266279   0.02251802
  0.11266879   0.02275900
  0.11267480   0.02300000
