 -0.03728730   0.02300000
 -0.03727670   0.02295750
 -0.03726600   0.02291500
 -0.03725540   0.02287250
 -0.03724470   0.02283000
 -0.03723410   0.02278740
 -0.03722340   0.02274490
 -0.03721270   0.02270240
 -0.03720210   0.02265990
 -0.03719140   0.02261740
 -0.03718080   0.02257490
 -0.03717010   0.02253240
 -0.03715950   0.02248990
 -0.03714880   0.02244740
 -0.03713810   0.02240490
 -0.03712750   0.02236230
 -0.03711680   0.02231980
 -0.03710620   0.02227730
 -0.03709550   0.02223480
 -0.03708490   0.02219230
 -0.03707420   0.02214980
 -0.03706360   0.02210730
 -0.03705290   0.02206480
 -0.03704220   0.02202230
 -0.03703160   0.02197970
 -0.03702090   0.02193720
 -0.03701030   0.02189470
 -0.03699960   0.02185220
 -0.03698900   0.02180970
 -0.03697830   0.02176720
 -0.03696760   0.02172470
 -0.03695700   0.02168220
 -0.03694630   0.02163970
 -0.03693570   0.02159720
 -0.03692500   0.02155460
 -0.03691440   0.02151210
 -0.03690370   0.02146960
 -0.03689300   0.02142710
 -0.03688240   0.02138460
 -0.03687170   0.02134210
 -0.03686110   0.02129960
 -0.03685040   0.02125710
 -0.03683980   0.02121460
 -0.03682910   0.02117200
 -0.03681840   0.02112950
 -0.03680780   0.02108700
 -0.03679710   0.02104450
 -0.03678650   0.02100200
 -0.03677580   0.02095950
 -0.03676520   0.02091700
 -0.03675450   0.02087450
 -0.03674390   0.02083200
 -0.03673320   0.02078950
 -0.03672250   0.02074690
 -0.03671190   0.02070440
 -0.03670120   0.02066190
 -0.03669060   0.02061940
 -0.03667990   0.02057690
 -0.03666930   0.02053440
 -0.03665860   0.02049190
 -0.03664790   0.02044940
 -0.03663730   0.02040690
 -0.03662660   0.02036430
 -0.03661600   0.02032180
 -0.03660530   0.02027930
 -0.03659470   0.02023680
 -0.03658400   0.02019430
 -0.03657330   0.02015180
 -0.03656270   0.02010930
 -0.03655200   0.02006680
 -0.03654140   0.02002430
 -0.03653070   0.01998180
 -0.03652010   0.01993920
 -0.03650940   0.01989670
 -0.03649870   0.01985420
 -0.03648810   0.01981170
 -0.03647740   0.01976920
 -0.03646680   0.01972670
 -0.03645610   0.01968420
 -0.03644550   0.01964170
 -0.03643480   0.01959920
 -0.03642410   0.01955660
 -0.03641350   0.01951410
 -0.03640280   0.01947160
 -0.03639220   0.01942910
 -0.03638150   0.01938660
 -0.03637090   0.01934410
 -0.03636020   0.01930160
 -0.03634960   0.01925910
 -0.03633890   0.01921660
 -0.03632820   0.01917410
 -0.03631760   0.01913150
 -0.03630690   0.01908900
 -0.03629630   0.01904650
 -0.03628560   0.01900400
 -0.03627500   0.01896150
 -0.03626430   0.01891900
 -0.03625360   0.01887650
 -0.03624300   0.01883400
 -0.03623230   0.01879150
 -0.03622170   0.01874890
 -0.03621100   0.01870640
 -0.03620040   0.01866390
 -0.03618970   0.01862140
 -0.03617900   0.01857890
 -0.03616840   0.01853640
 -0.03615770   0.01849390
 -0.03614710   0.01845140
 -0.03613640   0.01840890
 -0.03612580   0.01836640
 -0.03611510   0.01832380
 -0.03610440   0.01828130
 -0.03609380   0.01823880
 -0.03608310   0.01819630
 -0.03607250   0.01815380
 -0.03606180   0.01811130
 -0.03605120   0.01806880
 -0.03604050   0.01802630
 -0.03602990   0.01798380
 -0.03601920   0.01794120
 -0.03600850   0.01789870
 -0.03599790   0.01785620
 -0.03598720   0.01781370
 -0.03597660   0.01777120
 -0.03596590   0.01772870
 -0.03595530   0.01768620
 -0.03594460   0.01764370
 -0.03593390   0.01760120
 -0.03592330   0.01755870
 -0.03591260   0.01751610
 -0.03590200   0.01747360
 -0.03589130   0.01743110
 -0.03588070   0.01738860
 -0.03587000   0.01734610
 -0.03585930   0.01730360
 -0.03584870   0.01726110
 -0.03583800   0.01721860
 -0.03582740   0.01717610
 -0.03581670   0.01713350
 -0.03580610   0.01709100
 -0.03579540   0.01704850
 -0.03578470   0.01700600
 -0.03577410   0.01696350
 -0.03576340   0.01692100
 -0.03575280   0.01687850
 -0.03574210   0.01683600
 -0.03573150   0.01679350
 -0.03572080   0.01675090
 -0.03571010   0.01670840
 -0.03569950   0.01666590
 -0.03568880   0.01662340
 -0.03567820   0.01658090
 -0.03566750   0.01653840
 -0.03565690   0.01649590
 -0.03564620   0.01645340
 -0.03563560   0.01641090
 -0.03562490   0.01636840
 -0.03561420   0.01632580
 -0.03560360   0.01628330
 -0.03559290   0.01624080
 -0.03558230   0.01619830
 -0.03557160   0.01615580
 -0.03556100   0.01611330
 -0.03555030   0.01607080
 -0.03553960   0.01602830
 -0.03552900   0.01598580
 -0.03551830   0.01594320
 -0.03550770   0.01590070
 -0.03549700   0.01585820
 -0.03548620   0.01581580
 -0.03547530   0.01577330
 -0.03546420   0.01573090
 -0.03545300   0.01568860
 -0.03544160   0.01564620
 -0.03543010   0.01560390
 -0.03541840   0.01556170
 -0.03540660   0.01551950
 -0.03539470   0.01547730
 -0.03538260   0.01543520
 -0.03537040   0.01539310
 -0.03535800   0.01535110
 -0.03534550   0.01530900
 -0.03533290   0.01526710
 -0.03532010   0.01522520
 -0.03530720   0.01518330
 -0.03529410   0.01514150
 -0.03528090   0.01509970
 -0.03526750   0.01505790
 -0.03525400   0.01501620
 -0.03524040   0.01497460
 -0.03522660   0.01493300
 -0.03521270   0.01489140
 -0.03519870   0.01484990
 -0.03518450   0.01480840
 -0.03517010   0.01476700
 -0.03515570   0.01472570
 -0.03514110   0.01468430
 -0.03512630   0.01464310
 -0.03511140   0.01460190
 -0.03509640   0.01456070
 -0.03508120   0.01451960
 -0.03506590   0.01447850
 -0.03505050   0.01443750
 -0.03503490   0.01439650
 -0.03501920   0.01435560
 -0.03500330   0.01431480
 -0.03498730   0.01427400
 -0.03497120   0.01423320
 -0.03495490   0.01419250
 -0.03493850   0.01415190
 -0.03492190   0.01411130
 -0.03490530   0.01407080
 -0.03488840   0.01403030
 -0.03487150   0.01398990
 -0.03485440   0.01394950
 -0.03483720   0.01390920
 -0.03481980   0.01386900
 -0.03480230   0.01382880
 -0.03478470   0.01378870
 -0.03476690   0.01374860
 -0.03474900   0.01370860
 -0.03473100   0.01366870
 -0.03471280   0.01362880
 -0.03469450   0.01358900
 -0.03467610   0.01354920
 -0.03465750   0.01350950
 -0.03463880   0.01346990
 -0.03461990   0.01343030
 -0.03460090   0.01339080
 -0.03458180   0.01335140
 -0.03456260   0.01331200
 -0.03454320   0.01327270
 -0.03452370   0.01323350
 -0.03450410   0.01319430
 -0.03448430   0.01315520
 -0.03446440   0.01311610
 -0.03444440   0.01307710
 -0.03442420   0.01303820
 -0.03440390   0.01299940
 -0.03438350   0.01296060
 -0.03436290   0.01292190
 -0.03434220   0.01288330
 -0.03432140   0.01284470
 -0.03430050   0.01280620
 -0.03427940   0.01276780
 -0.03425820   0.01272940
 -0.03423680   0.01269110
 -0.03421540   0.01265290
 -0.03419380   0.01261480
 -0.03417210   0.01257670
 -0.03415020   0.01253870
 -0.03412820   0.01250080
 -0.03410610   0.01246300
 -0.03408390   0.01242520
 -0.03406150   0.01238750
 -0.03403900   0.01234990
 -0.03401640   0.01231240
 -0.03399370   0.01227490
 -0.03397080   0.01223750
 -0.03394780   0.01220020
 -0.03392470   0.01216300
 -0.03390150   0.01212580
 -0.03387810   0.01208880
 -0.03385460   0.01205180
 -0.03383100   0.01201480
 -0.03380720   0.01197800
 -0.03378340   0.01194120
 -0.03375940   0.01190460
 -0.03373530   0.01186800
 -0.03371100   0.01183150
 -0.03368670   0.01179500
 -0.03366220   0.01175870
 -0.03363760   0.01172240
 -0.03361280   0.01168620
 -0.03358800   0.01165010
 -0.03356300   0.01161410
 -0.03353790   0.01157820
 -0.03351270   0.01154230
 -0.03348740   0.01150660
 -0.03346190   0.01147090
 -0.03343640   0.01143530
 -0.03341070   0.01139980
 -0.03338480   0.01136440
 -0.03335890   0.01132910
 -0.03333290   0.01129380
 -0.03330670   0.01125870
 -0.03328040   0.01122360
 -0.03325400   0.01118860
 -0.03322750   0.01115370
 -0.03320080   0.01111890
 -0.03317410   0.01108420
 -0.03314720   0.01104960
 -0.03312020   0.01101510
 -0.03309310   0.01098060
 -0.03306590   0.01094630
 -0.03303850   0.01091210
 -0.03301110   0.01087790
 -0.03298350   0.01084380
 -0.03295580   0.01080990
 -0.03292800   0.01077600
 -0.03290010   0.01074220
 -0.03287210   0.01070850
 -0.03284390   0.01067490
 -0.03281570   0.01064140
 -0.03278730   0.01060800
 -0.03275880   0.01057470
 -0.03273020   0.01054150
 -0.03270150   0.01050840
 -0.03267270   0.01047530
 -0.03264380   0.01044240
 -0.03261470   0.01040960
 -0.03258560   0.01037690
 -0.03255630   0.01034420
 -0.03252700   0.01031170
 -0.03249750   0.01027930
 -0.03246790   0.01024690
 -0.03243820   0.01021470
 -0.03240840   0.01018260
 -0.03237850   0.01015050
 -0.03234850   0.01011860
 -0.03231830   0.01008680
 -0.03228810   0.01005510
 -0.03225780   0.01002340
 -0.03222730   0.00999190
 -0.03219680   0.00996050
 -0.03216610   0.00992920
 -0.03213530   0.00989800
 -0.03210450   0.00986680
 -0.03207350   0.00983580
 -0.03204240   0.00980490
 -0.03201120   0.00977410
 -0.03197990   0.00974350
 -0.03194860   0.00971290
 -0.03191710   0.00968240
 -0.03188550   0.00965200
 -0.03185380   0.00962180
 -0.03182200   0.00959160
 -0.03179010   0.00956160
 -0.03175810   0.00953160
 -0.03172600   0.00950180
 -0.03169380   0.00947200
 -0.03166150   0.00944240
 -0.03162910   0.00941290
 -0.03159660   0.00938350
 -0.03156400   0.00935420
 -0.03153130   0.00932510
 -0.03149850   0.00929600
 -0.03146560   0.00926700
 -0.03143260   0.00923820
 -0.03139950   0.00920940
 -0.03136630   0.00918080
 -0.03133300   0.00915230
 -0.03129960   0.00912390
 -0.03126620   0.00909560
 -0.03123260   0.00906740
 -0.03119890   0.00903940
 -0.03116520   0.00901140
 -0.03113130   0.00898360
 -0.03109740   0.00895590
 -0.03106330   0.00892830
 -0.03102920   0.00890080
 -0.03099500   0.00887340
 -0.03096060   0.00884620
 -0.03092620   0.00881900
 -0.03089170   0.00879200
 -0.03085710   0.00876510
 -0.03082250   0.00873830
 -0.03078770   0.00871160
 -0.03075280   0.00868510
 -0.03071790   0.00865860
 -0.03068280   0.00863230
 -0.03064770   0.00860610
 -0.03061250   0.00858000
 -0.03057720   0.00855400
 -0.03054180   0.00852820
 -0.03050630   0.00850250
 -0.03047070   0.00847690
 -0.03043510   0.00845140
 -0.03039940   0.00842600
 -0.03036350   0.00840070
 -0.03032760   0.00837560
 -0.03029160   0.00835060
 -0.03025560   0.00832570
 -0.03021940   0.00830100
 -0.03018320   0.00827630
 -0.03014680   0.00825180
 -0.03011040   0.00822740
 -0.03007390   0.00820310
 -0.03003740   0.00817900
 -0.03000070   0.00815500
 -0.02996400   0.00813110
 -0.02992720   0.00810730
 -0.02989030   0.00808360
 -0.02985330   0.00806010
 -0.02981620   0.00803670
 -0.02977910   0.00801340
 -0.02974190   0.00799030
 -0.02970460   0.00796720
 -0.02966720   0.00794430
 -0.02962980   0.00792150
 -0.02959230   0.00789890
 -0.02955470   0.00787640
 -0.02951700   0.00785400
 -0.02947930   0.00783170
 -0.02944140   0.00780960
 -0.02940360   0.00778750
 -0.02936560   0.00776570
 -0.02932750   0.00774390
 -0.02928940   0.00772230
 -0.02925120   0.00770080
 -0.02921300   0.00767940
 -0.02917460   0.00765820
 -0.02913620   0.00763700
 -0.02909780   0.00761610
 -0.02905920   0.00759520
 -0.02902060   0.00757450
 -0.02898190   0.00755390
 -0.02894320   0.00753340
 -0.02890430   0.00751310
 -0.02886540   0.00749290
 -0.02882650   0.00747280
 -0.02878750   0.00745290
 -0.02874840   0.00743310
 -0.02870920   0.00741340
 -0.02867000   0.00739380
 -0.02863070   0.00737440
 -0.02859130   0.00735510
 -0.02855190   0.00733600
 -0.02851240   0.00731700
 -0.02847290   0.00729810
 -0.02843330   0.00727940
 -0.02839360   0.00726070
 -0.02835380   0.00724230
 -0.02831400   0.00722390
 -0.02827420   0.00720570
 -0.02823430   0.00718760
 -0.02819430   0.00716970
 -0.02815420   0.00715190
 -0.02811410   0.00713420
 -0.02807400   0.00711670
 -0.02803370   0.00709930
 -0.02799340   0.00708200
 -0.02795310   0.00706490
 -0.02791270   0.00704790
 -0.02787230   0.00703100
 -0.02783170   0.00701430
 -0.02779120   0.00699770
 -0.02775060   0.00698130
 -0.02770990   0.00696500
 -0.02766910   0.00694880
 -0.02762840   0.00693280
 -0.02758750   0.00691690
 -0.02754660   0.00690110
 -0.02750570   0.00688550
 -0.02746470   0.00687000
 -0.02742360   0.00685460
 -0.02738250   0.00683940
 -0.02734140   0.00682440
 -0.02730020   0.00680940
 -0.02725890   0.00679470
 -0.02721760   0.00678000
 -0.02717630   0.00676550
 -0.02713480   0.00675110
 -0.02709340   0.00673690
 -0.02705190   0.00672280
 -0.02701040   0.00670880
 -0.02696880   0.00669500
 -0.02692710   0.00668140
 -0.02688540   0.00666780
 -0.02684370   0.00665440
 -0.02680190   0.00664120
 -0.02676010   0.00662810
 -0.02671830   0.00661510
 -0.02667630   0.00660230
 -0.02663440   0.00658960
 -0.02659240   0.00657700
 -0.02655040   0.00656460
 -0.02650830   0.00655240
 -0.02646620   0.00654030
 -0.02642400   0.00652830
 -0.02638180   0.00651640
 -0.02633960   0.00650470
 -0.02629730   0.00649320
 -0.02625500   0.00648180
 -0.02621260   0.00647080
 -0.02617010   0.00645990
 -0.02612760   0.00644910
 -0.02608520   0.00643830
 -0.02604270   0.00642750
 -0.02600020   0.00641680
 -0.02595770   0.00640600
 -0.02591520   0.00639530
 -0.02587270   0.00638460
 -0.02583020   0.00637400
 -0.02578770   0.00636330
 -0.02574520   0.00635270
 -0.02570260   0.00634210
 -0.02566010   0.00633160
 -0.02561760   0.00632100
 -0.02557500   0.00631050
 -0.02553250   0.00630000
 -0.02548990   0.00631050
 -0.02544740   0.00632100
 -0.02540480   0.00633160
 -0.02536230   0.00634210
 -0.02531980   0.00635270
 -0.02527730   0.00636330
 -0.02523480   0.00637400
 -0.02519220   0.00638460
 -0.02514970   0.00639530
 -0.02510720   0.00640600
 -0.02506480   0.00641680
 -0.02502230   0.00642750
 -0.02497980   0.00643830
 -0.02493730   0.00644910
 -0.02489480   0.00645990
 -0.02485240   0.00647080
 -0.02481000   0.00648180
 -0.02476760   0.00649320
 -0.02472540   0.00650470
 -0.02468310   0.00651640
 -0.02464090   0.00652830
 -0.02459880   0.00654030
 -0.02455670   0.00655240
 -0.02451460   0.00656460
 -0.02447250   0.00657700
 -0.02443060   0.00658960
 -0.02438860   0.00660230
 -0.02434670   0.00661510
 -0.02430480   0.00662810
 -0.02426300   0.00664120
 -0.02422120   0.00665440
 -0.02417950   0.00666780
 -0.02413780   0.00668140
 -0.02409620   0.00669500
 -0.02405460   0.00670880
 -0.02401310   0.00672280
 -0.02397160   0.00673690
 -0.02393010   0.00675110
 -0.02388870   0.00676550
 -0.02384740   0.00678000
 -0.02380600   0.00679470
 -0.02376480   0.00680940
 -0.02372360   0.00682440
 -0.02368240   0.00683940
 -0.02364130   0.00685460
 -0.02360030   0.00687000
 -0.02355930   0.00688550
 -0.02351830   0.00690110
 -0.02347740   0.00691690
 -0.02343660   0.00693280
 -0.02339580   0.00694880
 -0.02335510   0.00696500
 -0.02331440   0.00698130
 -0.02327380   0.00699770
 -0.02323320   0.00701430
 -0.02319270   0.00703100
 -0.02315220   0.00704790
 -0.02311180   0.00706490
 -0.02307150   0.00708200
 -0.02303120   0.00709930
 -0.02299100   0.00711670
 -0.02295080   0.00713420
 -0.02291070   0.00715190
 -0.02287070   0.00716970
 -0.02283070   0.00718760
 -0.02279080   0.00720570
 -0.02275090   0.00722390
 -0.02271110   0.00724230
 -0.02267140   0.00726070
 -0.02263170   0.00727940
 -0.02259210   0.00729810
 -0.02255250   0.00731700
 -0.02251300   0.00733600
 -0.02247360   0.00735510
 -0.02243430   0.00737440
 -0.02239500   0.00739380
 -0.02235570   0.00741340
 -0.02231660   0.00743310
 -0.02227750   0.00745290
 -0.02223850   0.00747280
 -0.02219950   0.00749290
 -0.02216060   0.00751310
 -0.02212180   0.00753340
 -0.02208300   0.00755390
 -0.02204440   0.00757450
 -0.02200570   0.00759520
 -0.02196720   0.00761610
 -0.02192870   0.00763700
 -0.02189030   0.00765820
 -0.02185200   0.00767940
 -0.02181370   0.00770080
 -0.02177550   0.00772230
 -0.02173740   0.00774390
 -0.02169940   0.00776570
 -0.02166140   0.00778750
 -0.02162350   0.00780960
 -0.02158570   0.00783170
 -0.02154790   0.00785400
 -0.02151030   0.00787640
 -0.02147270   0.00789890
 -0.02143520   0.00792150
 -0.02139770   0.00794430
 -0.02136030   0.00796720
 -0.02132310   0.00799030
 -0.02128580   0.00801340
 -0.02124870   0.00803670
 -0.02121170   0.00806010
 -0.02117470   0.00808360
 -0.02113780   0.00810730
 -0.02110100   0.00813110
 -0.02106420   0.00815500
 -0.02102760   0.00817900
 -0.02099100   0.00820310
 -0.02095450   0.00822740
 -0.02091810   0.00825180
 -0.02088180   0.00827630
 -0.02084560   0.00830100
 -0.02080940   0.00832570
 -0.02077330   0.00835060
 -0.02073730   0.00837560
 -0.02070140   0.00840070
 -0.02066560   0.00842600
 -0.02062990   0.00845140
 -0.02059420   0.00847690
 -0.02055860   0.00850250
 -0.02052320   0.00852820
 -0.02048780   0.00855400
 -0.02045250   0.00858000
 -0.02041730   0.00860610
 -0.02038210   0.00863230
 -0.02034710   0.00865860
 -0.02031210   0.00868510
 -0.02027730   0.00871160
 -0.02024250   0.00873830
 -0.02020780   0.00876510
 -0.02017320   0.00879200
 -0.02013870   0.00881900
 -0.02010430   0.00884620
 -0.02007000   0.00887340
 -0.02003580   0.00890080
 -0.02000160   0.00892830
 -0.01996760   0.00895590
 -0.01993370   0.00898360
 -0.01989980   0.00901140
 -0.01986600   0.00903940
 -0.01983240   0.00906740
 -0.01979880   0.00909560
 -0.01976530   0.00912390
 -0.01973200   0.00915230
 -0.01969870   0.00918080
 -0.01966550   0.00920940
 -0.01963240   0.00923820
 -0.01959940   0.00926700
 -0.01956650   0.00929600
 -0.01953370   0.00932510
 -0.01950100   0.00935420
 -0.01946840   0.00938350
 -0.01943590   0.00941290
 -0.01940350   0.00944240
 -0.01937120   0.00947200
 -0.01933900   0.00950180
 -0.01930690   0.00953160
 -0.01927490   0.00956160
 -0.01924300   0.00959160
 -0.01921120   0.00962180
 -0.01917950   0.00965200
 -0.01914790   0.00968240
 -0.01911640   0.00971290
 -0.01908500   0.00974350
 -0.01905370   0.00977410
 -0.01902250   0.00980490
 -0.01899150   0.00983580
 -0.01896050   0.00986680
 -0.01892960   0.00989800
 -0.01889880   0.00992920
 -0.01886820   0.00996050
 -0.01883760   0.00999190
 -0.01880720   0.01002340
 -0.01877680   0.01005510
 -0.01874660   0.01008680
 -0.01871650   0.01011860
 -0.01868650   0.01015050
 -0.01865660   0.01018260
 -0.01862670   0.01021470
 -0.01859710   0.01024690
 -0.01856750   0.01027930
 -0.01853800   0.01031170
 -0.01850860   0.01034420
 -0.01847940   0.01037690
 -0.01845020   0.01040960
 -0.01842120   0.01044240
 -0.01839230   0.01047530
 -0.01836340   0.01050840
 -0.01833470   0.01054150
 -0.01830610   0.01057470
 -0.01827770   0.01060800
 -0.01824930   0.01064140
 -0.01822100   0.01067490
 -0.01819290   0.01070850
 -0.01816490   0.01074220
 -0.01813700   0.01077600
 -0.01810920   0.01080990
 -0.01808150   0.01084380
 -0.01805390   0.01087790
 -0.01802640   0.01091210
 -0.01799910   0.01094630
 -0.01797190   0.01098060
 -0.01794480   0.01101510
 -0.01791780   0.01104960
 -0.01789090   0.01108420
 -0.01786410   0.01111890
 -0.01783750   0.01115370
 -0.01781100   0.01118860
 -0.01778460   0.01122360
 -0.01775830   0.01125870
 -0.01773210   0.01129380
 -0.01770600   0.01132910
 -0.01768010   0.01136440
 -0.01765430   0.01139980
 -0.01762860   0.01143530
 -0.01760300   0.01147090
 -0.01757760   0.01150660
 -0.01755220   0.01154230
 -0.01752700   0.01157820
 -0.01750190   0.01161410
 -0.01747700   0.01165010
 -0.01745210   0.01168620
 -0.01742740   0.01172240
 -0.01740280   0.01175870
 -0.01737830   0.01179500
 -0.01735390   0.01183150
 -0.01732970   0.01186800
 -0.01730560   0.01190460
 -0.01728160   0.01194120
 -0.01725770   0.01197800
 -0.01723400   0.01201480
 -0.01721040   0.01205180
 -0.01718690   0.01208880
 -0.01716350   0.01212580
 -0.01714020   0.01216300
 -0.01711710   0.01220020
 -0.01709410   0.01223750
 -0.01707130   0.01227490
 -0.01704850   0.01231240
 -0.01702590   0.01234990
 -0.01700340   0.01238750
 -0.01698110   0.01242520
 -0.01695880   0.01246300
 -0.01693670   0.01250080
 -0.01691470   0.01253870
 -0.01689290   0.01257670
 -0.01687120   0.01261480
 -0.01684960   0.01265290
 -0.01682810   0.01269110
 -0.01680680   0.01272940
 -0.01678560   0.01276780
 -0.01676450   0.01280620
 -0.01674350   0.01284470
 -0.01672270   0.01288330
 -0.01670200   0.01292190
 -0.01668150   0.01296060
 -0.01666100   0.01299940
 -0.01664080   0.01303820
 -0.01662060   0.01307710
 -0.01660060   0.01311610
 -0.01658060   0.01315520
 -0.01656090   0.01319430
 -0.01654120   0.01323350
 -0.01652170   0.01327270
 -0.01650240   0.01331200
 -0.01648310   0.01335140
 -0.01646400   0.01339080
 -0.01644500   0.01343030
 -0.01642620   0.01346990
 -0.01640750   0.01350950
 -0.01638890   0.01354920
 -0.01637050   0.01358900
 -0.01635220   0.01362880
 -0.01633400   0.01366870
 -0.01631590   0.01370860
 -0.01629800   0.01374860
 -0.01628030   0.01378870
 -0.01626260   0.01382880
 -0.01624510   0.01386900
 -0.01622780   0.01390920
 -0.01621060   0.01394950
 -0.01619350   0.01398990
 -0.01617650   0.01403030
 -0.01615970   0.01407080
 -0.01614300   0.01411130
 -0.01612650   0.01415190
 -0.01611010   0.01419250
 -0.01609380   0.01423320
 -0.01607760   0.01427400
 -0.01606170   0.01431480
 -0.01604580   0.01435560
 -0.01603010   0.01439650
 -0.01601450   0.01443750
 -0.01599900   0.01447850
 -0.01598370   0.01451960
 -0.01596860   0.01456070
 -0.01595350   0.01460190
 -0.01593870   0.01464310
 -0.01592390   0.01468430
 -0.01590930   0.01472570
 -0.01589480   0.01476700
 -0.01588050   0.01480840
 -0.01586630   0.01484990
 -0.01585220   0.01489140
 -0.01583830   0.01493300
 -0.01582450   0.01497460
 -0.01581090   0.01501620
 -0.01579740   0.01505790
 -0.01578410   0.01509970
 -0.01577090   0.01514150
 -0.01575780   0.01518330
 -0.01574490   0.01522520
 -0.01573210   0.01526710
 -0.01571940   0.01530900
 -0.01570690   0.01535110
 -0.01569460   0.01539310
 -0.01568230   0.01543520
 -0.01567030   0.01547730
 -0.01565830   0.01551950
 -0.01564650   0.01556170
 -0.01563490   0.01560390
 -0.01562340   0.01564620
 -0.01561200   0.01568860
 -0.01560080   0.01573090
 -0.01558970   0.01577330
 -0.01557870   0.01581580
 -0.01556800   0.01585820
 -0.01555730   0.01590070
 -0.01554660   0.01594320
 -0.01553600   0.01598580
 -0.01552530   0.01602830
 -0.01551470   0.01607080
 -0.01550400   0.01611330
 -0.01549330   0.01615580
 -0.01548270   0.01619830
 -0.01547200   0.01624080
 -0.01546140   0.01628330
 -0.01545070   0.01632580
 -0.01544010   0.01636840
 -0.01542940   0.01641090
 -0.01541870   0.01645340
 -0.01540810   0.01649590
 -0.01539740   0.01653840
 -0.01538680   0.01658090
 -0.01537610   0.01662340
 -0.01536550   0.01666590
 -0.01535480   0.01670840
 -0.01534410   0.01675090
 -0.01533350   0.01679350
 -0.01532280   0.01683600
 -0.01531220   0.01687850
 -0.01530150   0.01692100
 -0.01529090   0.01696350
 -0.01528020   0.01700600
 -0.01526960   0.01704850
 -0.01525890   0.01709100
 -0.01524820   0.01713350
 -0.01523760   0.01717610
 -0.01522690   0.01721860
 -0.01521630   0.01726110
 -0.01520560   0.01730360
 -0.01519500   0.01734610
 -0.01518430   0.01738860
 -0.01517360   0.01743110
 -0.01516300   0.01747360
 -0.01515230   0.01751610
 -0.01514170   0.01755870
 -0.01513100   0.01760120
 -0.01512040   0.01764370
 -0.01510970   0.01768620
 -0.01509900   0.01772870
 -0.01508840   0.01777120
 -0.01507770   0.01781370
 -0.01506710   0.01785620
 -0.01505640   0.01789870
 -0.01504580   0.01794120
 -0.01503510   0.01798380
 -0.01502440   0.01802630
 -0.01501380   0.01806880
 -0.01500310   0.01811130
 -0.01499250   0.01815380
 -0.01498180   0.01819630
 -0.01497120   0.01823880
 -0.01496050   0.01828130
 -0.01494990   0.01832380
 -0.01493920   0.01836640
 -0.01492850   0.01840890
 -0.01491790   0.01845140
 -0.01490720   0.01849390
 -0.01489660   0.01853640
 -0.01488590   0.01857890
 -0.01487530   0.01862140
 -0.01486460   0.01866390
 -0.01485390   0.01870640
 -0.01484330   0.01874890
 -0.01483260   0.01879150
 -0.01482200   0.01883400
 -0.01481130   0.01887650
 -0.01480070   0.01891900
 -0.01479000   0.01896150
 -0.01477930   0.01900400
 -0.01476870   0.01904650
 -0.01475800   0.01908900
 -0.01474740   0.01913150
 -0.01473670   0.01917410
 -0.01472610   0.01921660
 -0.01471540   0.01925910
 -0.01470470   0.01930160
 -0.01469410   0.01934410
 -0.01468340   0.01938660
 -0.01467280   0.01942910
 -0.01466210   0.01947160
 -0.01465150   0.01951410
 -0.01464080   0.01955660
 -0.01463010   0.01959920
 -0.01461950   0.01964170
 -0.01460880   0.01968420
 -0.01459820   0.01972670
 -0.01458750   0.01976920
 -0.01457690   0.01981170
 -0.01456620   0.01985420
 -0.01455560   0.01989670
 -0.01454490   0.01993920
 -0.01453420   0.01998180
 -0.01452360   0.02002430
 -0.01451290   0.02006680
 -0.01450230   0.02010930
 -0.01449160   0.02015180
 -0.01448100   0.02019430
 -0.01447030   0.02023680
 -0.01445960   0.02027930
 -0.01444900   0.02032180
 -0.01443830   0.02036430
 -0.01442770   0.02040690
 -0.01441700   0.02044940
 -0.01440640   0.02049190
 -0.01439570   0.02053440
 -0.01438500   0.02057690
 -0.01437440   0.02061940
 -0.01436370   0.02066190
 -0.01435310   0.02070440
 -0.01434240   0.02074690
 -0.01433180   0.02078950
 -0.01432110   0.02083200
 -0.01431040   0.02087450
 -0.01429980   0.02091700
 -0.01428910   0.02095950
 -0.01427850   0.02100200
 -0.01426780   0.02104450
 -0.01425720   0.02108700
 -0.01424650   0.02112950
 -0.01423590   0.02117200
 -0.01422520   0.02121460
 -0.01421450   0.02125710
 -0.01420390   0.02129960
 -0.01419320   0.02134210
 -0.01418260   0.02138460
 -0.01417190   0.02142710
 -0.01416130   0.02146960
 -0.01415060   0.02151210
 -0.01413990   0.02155460
 -0.01412930   0.02159720
 -0.01411860   0.02163970
 -0.01410800   0.02168220
 -0.01409730   0.02172470
 -0.01408670   0.02176720
 -0.01407600   0.02180970
 -0.01406530   0.02185220
 -0.01405470   0.02189470
 -0.01404400   0.02193720
 -0.01403340   0.02197970
 -0.01402270   0.02202230
 -0.01401210   0.02206480
 -0.01400140   0.02210730
 -0.01399070   0.02214980
 -0.01398010   0.02219230
 -0.01396940   0.02223480
 -0.01395880   0.02227730
 -0.01394810   0.02231980
 -0.01393750   0.02236230
 -0.01392680   0.02240490
 -0.01391620   0.02244740
 -0.01390550   0.02248990
 -0.01389480   0.02253240
 -0.01388420   0.02257490
 -0.01387350   0.02261740
 -0.01386290   0.02265990
 -0.01385220   0.02270240
 -0.01384160   0.02274490
 -0.01383090   0.02278740
 -0.01382020   0.02283000
 -0.01380960   0.02287250
 -0.01379890   0.02291500
 -0.01378830   0.02295750
 -0.01377760   0.02300000
