 -0.03612930   0.02300000
 -0.03612017   0.02288982
 -0.03611107   0.02277957
 -0.03610194   0.02266939
 -0.03609290   0.02255918
 -0.03608377   0.02244893
 -0.03607467   0.02233875
 -0.03606554   0.02222857
 -0.03605650   0.02211832
 -0.03604737   0.02200814
 -0.03603827   0.02189793
 -0.03602913   0.02178768
 -0.03602010   0.02167750
 -0.03601097   0.02156732
 -0.03600184   0.02145707
 -0.03599273   0.02134689
 -0.03598360   0.02123669
 -0.03597457   0.02112644
 -0.03596544   0.02101626
 -0.03595633   0.02090608
 -0.03594720   0.02079583
 -0.03593817   0.02068565
 -0.03592904   0.02057544
 -0.03591993   0.02046519
 -0.03591080   0.02035501
 -0.03590174   0.02024483
 -0.03589263   0.02013458
 -0.03588350   0.02002440
 -0.03587440   0.01991419
 -0.03586527   0.01980394
 -0.03585623   0.01969376
 -0.03584710   0.01958358
 -0.03583800   0.01947333
 -0.03582887   0.01936315
 -0.03581983   0.01925294
 -0.03581070   0.01914269
 -0.03580160   0.01903251
 -0.03579246   0.01892233
 -0.03578333   0.01881208
 -0.03577430   0.01870190
 -0.03576517   0.01859172
 -0.03575606   0.01848144
 -0.03574693   0.01837127
 -0.03573790   0.01826109
 -0.03572877   0.01815084
 -0.03571966   0.01804066
 -0.03571053   0.01793048
 -0.03570150   0.01782020
 -0.03569237   0.01771002
 -0.03568326   0.01759984
 -0.03567413   0.01748959
 -0.03566500   0.01737941
 -0.03565597   0.01726923
 -0.03564683   0.01715895
 -0.03563773   0.01704877
 -0.03562860   0.01693859
 -0.03561956   0.01682834
 -0.03561043   0.01671816
 -0.03560133   0.01660798
 -0.03559220   0.01649770
 -0.03558309   0.01638752
 -0.03557403   0.01627734
 -0.03556490   0.01616709
 -0.03555580   0.01605691
 -0.03554666   0.01594673
 -0.03553763   0.01583645
 -0.03552850   0.01572627
 -0.03551939   0.01561609
 -0.03551026   0.01550584
 -0.03550066   0.01539566
 -0.03549032   0.01528548
 -0.03547922   0.01517535
 -0.03546739   0.01506524
 -0.03545487   0.01495520
 -0.03544161   0.01484524
 -0.03542764   0.01473527
 -0.03541292   0.01462538
 -0.03539752   0.01451562
 -0.03538137   0.01440584
 -0.03536449   0.01429623
 -0.03534685   0.01418669
 -0.03532854   0.01407722
 -0.03530954   0.01396790
 -0.03528974   0.01385864
 -0.03526932   0.01374950
 -0.03524810   0.01364046
 -0.03522619   0.01353163
 -0.03520354   0.01342288
 -0.03518025   0.01331426
 -0.03515620   0.01320579
 -0.03513142   0.01309750
 -0.03510595   0.01298939
 -0.03507974   0.01288141
 -0.03505292   0.01277358
 -0.03502529   0.01266596
 -0.03499705   0.01255856
 -0.03496800   0.01245127
 -0.03493833   0.01234422
 -0.03490793   0.01223738
 -0.03487688   0.01213076
 -0.03484508   0.01202435
 -0.03481261   0.01191816
 -0.03477946   0.01181215
 -0.03474557   0.01170645
 -0.03471107   0.01160097
 -0.03467583   0.01149570
 -0.03463997   0.01139071
 -0.03460338   0.01128601
 -0.03456610   0.01118149
 -0.03452815   0.01107729
 -0.03448957   0.01097337
 -0.03445004   0.01086979
 -0.03440969   0.01076656
 -0.03436838   0.01066374
 -0.03432622   0.01056119
 -0.03428322   0.01045905
 -0.03423936   0.01035726
 -0.03419457   0.01025584
 -0.03414892   0.01015490
 -0.03410242   0.01005423
 -0.03405505   0.00995408
 -0.03400684   0.00985427
 -0.03395776   0.00975490
 -0.03390791   0.00965594
 -0.03385715   0.00955743
 -0.03380554   0.00945943
 -0.03375313   0.00936180
 -0.03369981   0.00926466
 -0.03364576   0.00916799
 -0.03359082   0.00907173
 -0.03353509   0.00897601
 -0.03347851   0.00888078
 -0.03342116   0.00878602
 -0.03336294   0.00869177
 -0.03330398   0.00859803
 -0.03324415   0.00850474
 -0.03318357   0.00841206
 -0.03312220   0.00831983
 -0.03306008   0.00822818
 -0.03299709   0.00813707
 -0.03293340   0.00804650
 -0.03286890   0.00795645
 -0.03280367   0.00786700
 -0.03273763   0.00777811
 -0.03267088   0.00768972
 -0.03260337   0.00760205
 -0.03253508   0.00751489
 -0.03246605   0.00742828
 -0.03239632   0.00734235
 -0.03232582   0.00725696
 -0.03225462   0.00717218
 -0.03218268   0.00708812
 -0.03211004   0.00700457
 -0.03203665   0.00692167
 -0.03196257   0.00683945
 -0.03188779   0.00675787
 -0.03181236   0.00667690
 -0.03173620   0.00659662
 -0.03165940   0.00651698
 -0.03158191   0.00643796
 -0.03150371   0.00635964
 -0.03142487   0.00628205
 -0.03134533   0.00620513
 -0.03126519   0.00612889
 -0.03118435   0.00605330
 -0.03110294   0.00597846
 -0.03102082   0.00590426
 -0.03093814   0.00583081
 -0.03085483   0.00575810
 -0.03077085   0.00568611
 -0.03068629   0.00561481
 -0.03060111   0.00554424
 -0.03051536   0.00547446
 -0.03042900   0.00540533
 -0.03034205   0.00533707
 -0.03025457   0.00526944
 -0.03016644   0.00520261
 -0.03007779   0.00513660
 -0.02998854   0.00507130
 -0.02989878   0.00500678
 -0.02980850   0.00494301
 -0.02971765   0.00488002
 -0.02962626   0.00481788
 -0.02953431   0.00475649
 -0.02944190   0.00469587
 -0.02934894   0.00463611
 -0.02925550   0.00457709
 -0.02916159   0.00451888
 -0.02906711   0.00446153
 -0.02897224   0.00440495
 -0.02887680   0.00434916
 -0.02878093   0.00429425
 -0.02868466   0.00424018
 -0.02858786   0.00418689
 -0.02849057   0.00413445
 -0.02839294   0.00408290
 -0.02829478   0.00403212
 -0.02819630   0.00398219
 -0.02809731   0.00393318
 -0.02799793   0.00388494
 -0.02789819   0.00383763
 -0.02779802   0.00379112
 -0.02769744   0.00374553
 -0.02759652   0.00370082
 -0.02749519   0.00365696
 -0.02739353   0.00361391
 -0.02729144   0.00357174
 -0.02718910   0.00353049
 -0.02708635   0.00349015
 -0.02698328   0.00345069
 -0.02687985   0.00341208
 -0.02677616   0.00337435
 -0.02667210   0.00333756
 -0.02656776   0.00330166
 -0.02646311   0.00326650
 -0.02635835   0.00323186
 -0.02625347   0.00319742
 -0.02614841   0.00316336
 -0.02604316   0.00312958
 -0.02593782   0.00309607
 -0.02583237   0.00306298
 -0.02572676   0.00303008
 -0.02562103   0.00299761
 -0.02551522   0.00296540
 -0.02540922   0.00293357
 -0.02530317   0.00290199
 -0.02519689   0.00287075
 -0.02509057   0.00283981
 -0.02498415   0.00280918
 -0.02487755   0.00277893
 -0.02477086   0.00274903
 -0.02466411   0.00271939
 -0.02455718   0.00269006
 -0.02445012   0.00266104
 -0.02434304   0.00263243
 -0.02423580   0.00260413
 -0.02412841   0.00257613
 -0.02402103   0.00254841
 -0.02391349   0.00252110
 -0.02380580   0.00249410
 -0.02369805   0.00246736
 -0.02359024   0.00244100
 -0.02348234   0.00241499
 -0.02337434   0.00238934
 -0.02326616   0.00236398
 -0.02315802   0.00233891
 -0.02304972   0.00231426
 -0.02294139   0.00228993
 -0.02283288   0.00226603
 -0.02272433   0.00224230
 -0.02261582   0.00221874
 -0.02250721   0.00219535
 -0.02239859   0.00217208
 -0.02228995   0.00214889
 -0.02218123   0.00212597
 -0.02207259   0.00210318
 -0.02196381   0.00208046
 -0.02185506   0.00205794
 -0.02174625   0.00203560
 -0.02163743   0.00201342
 -0.02152852   0.00199134
 -0.02141961   0.00196946
 -0.02131069   0.00194769
 -0.02120178   0.00192608
 -0.02109276   0.00190465
 -0.02098375   0.00188334
 -0.02087473   0.00186221
 -0.02076562   0.00184117
 -0.02065651   0.00182031
 -0.02054739   0.00179964
 -0.02043825   0.00177912
 -0.02032906   0.00175873
 -0.02021985   0.00173847
 -0.02011061   0.00171842
 -0.02000132   0.00169850
 -0.01989201   0.00167867
 -0.01978269   0.00165909
 -0.01967335   0.00163964
 -0.01956396   0.00162027
 -0.01945455   0.00160109
 -0.01934514   0.00158208
 -0.01923562   0.00156327
 -0.01912618   0.00154456
 -0.01901666   0.00152593
 -0.01890708   0.00150759
 -0.01879756   0.00148932
 -0.01868795   0.00147126
 -0.01857834   0.00145329
 -0.01846872   0.00143550
 -0.01835908   0.00141780
 -0.01824936   0.00140038
 -0.01813965   0.00138306
 -0.01802994   0.00136583
 -0.01792015   0.00134878
 -0.01781041   0.00133193
 -0.01770059   0.00131525
 -0.01759078   0.00129867
 -0.01748086   0.00128219
 -0.01737102   0.00126598
 -0.01726114   0.00124987
 -0.01715119   0.00123393
 -0.01704128   0.00121809
 -0.01693126   0.00120245
 -0.01682132   0.00118698
 -0.01671131   0.00117162
 -0.01660129   0.00115642
 -0.01649128   0.00114135
 -0.01638116   0.00112653
 -0.01627112   0.00111173
 -0.01616101   0.00109718
 -0.01605086   0.00108275
 -0.01594075   0.00106850
 -0.01583054   0.00105434
 -0.01572039   0.00104043
 -0.01561015   0.00102658
 -0.01549994   0.00101296
 -0.01538969   0.00099945
 -0.01527938   0.00098611
 -0.01516914   0.00097290
 -0.01505882   0.00095986
 -0.01494855   0.00094699
 -0.01483823   0.00093422
 -0.01472782   0.00092165
 -0.01461748   0.00090925
 -0.01450711   0.00089695
 -0.01439669   0.00088485
 -0.01428625   0.00087290
 -0.01417581   0.00086107
 -0.01406536   0.00084942
 -0.01395492   0.00083789
 -0.01384445   0.00082660
 -0.01373393   0.00081535
 -0.01362346   0.00080433
 -0.01351292   0.00079342
 -0.01340237   0.00078271
 -0.01329180   0.00077209
 -0.01318126   0.00076172
 -0.01307062   0.00075141
 -0.01296004   0.00074133
 -0.01284940   0.00073136
 -0.01273883   0.00072156
 -0.01262819   0.00071189
 -0.01251751   0.00070236
 -0.01240684   0.00069306
 -0.01229617   0.00068390
 -0.01218543   0.00067485
 -0.01207476   0.00066592
 -0.01196408   0.00065723
 -0.01185331   0.00064867
 -0.01174254   0.00064025
 -0.01163187   0.00063204
 -0.01152110   0.00062388
 -0.01141030   0.00061572
 -0.01129952   0.00060769
 -0.01118875   0.00059969
 -0.01107795   0.00059172
 -0.01096715   0.00058385
 -0.01085635   0.00057611
 -0.01074555   0.00056839
 -0.01063475   0.00056071
 -0.01052395   0.00055315
 -0.01041315   0.00054563
 -0.01030232   0.00053820
 -0.01019149   0.00053080
 -0.01008066   0.00052353
 -0.00996983   0.00051626
 -0.00985900   0.00050908
 -0.00974817   0.00050197
 -0.00963727   0.00049491
 -0.00952641   0.00048793
 -0.00941558   0.00048103
 -0.00930472   0.00047421
 -0.00919379   0.00046744
 -0.00908293   0.00046077
 -0.00897207   0.00045413
 -0.00886114   0.00044752
 -0.00875029   0.00044104
 -0.00863940   0.00043459
 -0.00852847   0.00042827
 -0.00841758   0.00042194
 -0.00830662   0.00041575
 -0.00819574   0.00040958
 -0.00808478   0.00040352
 -0.00797389   0.00039751
 -0.00786293   0.00039153
 -0.00775204   0.00038565
 -0.00764109   0.00037983
 -0.00753017   0.00037408
 -0.00741921   0.00036839
 -0.00730822   0.00036279
 -0.00719731   0.00035726
 -0.00708632   0.00035175
 -0.00697533   0.00034635
 -0.00686442   0.00034104
 -0.00675343   0.00033579
 -0.00664244   0.00033055
 -0.00653145   0.00032543
 -0.00642054   0.00032036
 -0.00630952   0.00031530
 -0.00619853   0.00031040
 -0.00608752   0.00030560
 -0.00597653   0.00030079
 -0.00586551   0.00029599
 -0.00575450   0.00029125
 -0.00564358   0.00028655
 -0.00553257   0.00028195
 -0.00542155   0.00027731
 -0.00531056   0.00027278
 -0.00519955   0.00026828
 -0.00508853   0.00026374
 -0.00497751   0.00025931
 -0.00486653   0.00025498
 -0.00475551   0.00025055
 -0.00464449   0.00024628
 -0.00453348   0.00024195
 -0.00442246   0.00023779
 -0.00431145   0.00023356
 -0.00420039   0.00022940
 -0.00408937   0.00022533
 -0.00397835   0.00022127
 -0.00386734   0.00021724
 -0.00375632   0.00021325
 -0.00364531   0.00020929
 -0.00353429   0.00020543
 -0.00342320   0.00020153
 -0.00331219   0.00019767
 -0.00320117   0.00019391
 -0.00309015   0.00019022
 -0.00297907   0.00018653
 -0.00286805   0.00018284
 -0.00275701   0.00017925
 -0.00264599   0.00017566
 -0.00253490   0.00017214
 -0.00242389   0.00016865
 -0.00231287   0.00016516
 -0.00220178   0.00016174
 -0.00209074   0.00015842
 -0.00197972   0.00015510
 -0.00186863   0.00015181
 -0.00175762   0.00014859
 -0.00164657   0.00014537
 -0.00153548   0.00014222
 -0.00142447   0.00013910
 -0.00131338   0.00013598
 -0.00120234   0.00013296
 -0.00109125   0.00012999
 -0.00098023   0.00012707
 -0.00086919   0.00012412
 -0.00075810   0.00012127
 -0.00064705   0.00011842
 -0.00053597   0.00011560
 -0.00042495   0.00011290
 -0.00031384   0.00011018
 -0.00020282   0.00010750
 -0.00009170   0.00010485
  0.00001931   0.00010228
  0.00013043   0.00009980
  0.00024145   0.00009725
  0.00035256   0.00009477
  0.00046358   0.00009237
  0.00057469   0.00008999
  0.00068578   0.00008771
  0.00079683   0.00008541
  0.00090794   0.00008313
  0.00101896   0.00008093
  0.00113008   0.00007875
  0.00124116   0.00007664
  0.00135221   0.00007454
  0.00146332   0.00007253
  0.00157434   0.00007052
  0.00168546   0.00006852
  0.00179657   0.00006661
  0.00190759   0.00006478
  0.00201871   0.00006287
  0.00212975   0.00006111
  0.00224087   0.00005930
  0.00235195   0.00005760
  0.00246300   0.00005593
  0.00257412   0.00005430
  0.00268523   0.00005276
  0.00279625   0.00005120
  0.00290736   0.00004966
  0.00301848   0.00004823
  0.00312952   0.00004677
  0.00324064   0.00004543
  0.00335173   0.00004407
  0.00346277   0.00004273
  0.00357389   0.00004147
  0.00368501   0.00004028
  0.00379605   0.00003911
  0.00390717   0.00003795
  0.00401828   0.00003686
  0.00412933   0.00003579
  0.00424042   0.00003480
  0.00435153   0.00003381
  0.00446265   0.00003292
  0.00457369   0.00003202
  0.00468481   0.00003116
  0.00479593   0.00003034
  0.00490697   0.00002958
  0.00501809   0.00002885
  0.00514514   0.00002958
  0.00527212   0.00003027
  0.00539917   0.00003102
  0.00552616   0.00003174
  0.00565321   0.00003249
  0.00578019   0.00003324
  0.00590724   0.00003402
  0.00603420   0.00003480
  0.00616125   0.00003558
  0.00628823   0.00003638
  0.00641528   0.00003719
  0.00654227   0.00003800
  0.00666932   0.00003884
  0.00679630   0.00003967
  0.00692335   0.00004051
  0.00705038   0.00004138
  0.00717736   0.00004221
  0.00730441   0.00004311
  0.00743140   0.00004397
  0.00755845   0.00004487
  0.00768540   0.00004579
  0.00781245   0.00004669
  0.00793944   0.00004761
  0.00806649   0.00004856
  0.00819344   0.00004948
  0.00832049   0.00005044
  0.00844748   0.00005142
  0.00857453   0.00005240
  0.00870148   0.00005338
  0.00882854   0.00005436
  0.00895559   0.00005537
  0.00908254   0.00005638
  0.00920959   0.00005739
  0.00933658   0.00005843
  0.00946360   0.00005947
  0.00959058   0.00006051
  0.00971761   0.00006157
  0.00984459   0.00006264
  0.00997164   0.00006374
  0.01009859   0.00006481
  0.01022565   0.00006590
  0.01035260   0.00006703
  0.01047965   0.00006815
  0.01060661   0.00006928
  0.01073366   0.00007040
  0.01086068   0.00007156
  0.01098766   0.00007271
  0.01111469   0.00007389
  0.01124167   0.00007505
  0.01136869   0.00007626
  0.01149565   0.00007744
  0.01162270   0.00007866
  0.01174965   0.00007987
  0.01187671   0.00008111
  0.01200366   0.00008232
  0.01213068   0.00008359
  0.01225767   0.00008483
  0.01238469   0.00008610
  0.01251164   0.00008737
  0.01263867   0.00008867
  0.01276572   0.00008997
  0.01289267   0.00009126
  0.01301970   0.00009256
  0.01314665   0.00009389
  0.01327370   0.00009522
  0.01340066   0.00009657
  0.01352768   0.00009793
  0.01365463   0.00009929
  0.01378166   0.00010067
  0.01390861   0.00010206
  0.01403566   0.00010344
  0.01416262   0.00010485
  0.01428964   0.00010627
  0.01441659   0.00010768
  0.01454362   0.00010910
  0.01467064   0.00011054
  0.01479759   0.00011201
  0.01492462   0.00011345
  0.01505157   0.00011492
  0.01517860   0.00011642
  0.01530555   0.00011790
  0.01543257   0.00011940
  0.01555953   0.00012097
  0.01568652   0.00012257
  0.01581347   0.00012424
  0.01594050   0.00012598
  0.01606745   0.00012775
  0.01619447   0.00012960
  0.01632143   0.00013154
  0.01644842   0.00013345
  0.01657538   0.00013547
  0.01670240   0.00013751
  0.01682935   0.00013960
  0.01695635   0.00014178
  0.01708337   0.00014399
  0.01721033   0.00014625
  0.01733732   0.00014861
  0.01746427   0.00015099
  0.01759123   0.00015345
  0.01771822   0.00015590
  0.01784517   0.00015843
  0.01797217   0.00016106
  0.01809912   0.00016384
  0.01822612   0.00016663
  0.01835304   0.00016947
  0.01848004   0.00017244
  0.01860696   0.00017548
  0.01873396   0.00017866
  0.01886088   0.00018186
  0.01898781   0.00018516
  0.01911480   0.00018849
  0.01924172   0.00019194
  0.01936869   0.00019550
  0.01949562   0.00019912
  0.01962251   0.00020281
  0.01974948   0.00020662
  0.01987637   0.00021047
  0.02000327   0.00021441
  0.02013023   0.00021848
  0.02025713   0.00022259
  0.02038402   0.00022672
  0.02051099   0.00023105
  0.02063786   0.00023538
  0.02076475   0.00023977
  0.02089169   0.00024433
  0.02101856   0.00024895
  0.02114542   0.00025359
  0.02127229   0.00025834
  0.02139923   0.00026319
  0.02152609   0.00026816
  0.02165293   0.00027314
  0.02177980   0.00027820
  0.02190663   0.00028340
  0.02203347   0.00028867
  0.02216031   0.00029393
  0.02228722   0.00029935
  0.02241406   0.00030484
  0.02254089   0.00031046
  0.02266773   0.00031611
  0.02279454   0.00032186
  0.02292135   0.00032763
  0.02304816   0.00033354
  0.02317497   0.00033955
  0.02330177   0.00034558
  0.02342858   0.00035175
  0.02355539   0.00035794
  0.02368217   0.00036430
  0.02380895   0.00037062
  0.02393569   0.00037715
  0.02406247   0.00038367
  0.02418922   0.00039032
  0.02431600   0.00039703
  0.02444278   0.00040381
  0.02456953   0.00041064
  0.02469621   0.00041765
  0.02482296   0.00042472
  0.02494971   0.00043181
  0.02507639   0.00043898
  0.02520314   0.00044630
  0.02532987   0.00045363
  0.02545652   0.00046108
  0.02558324   0.00046863
  0.02570996   0.00047621
  0.02583661   0.00048389
  0.02596330   0.00049170
  0.02608996   0.00049954
  0.02621665   0.00050748
  0.02634327   0.00051548
  0.02646989   0.00052358
  0.02659656   0.00053177
  0.02672318   0.00054000
  0.02684984   0.00054832
  0.02697644   0.00055678
  0.02710303   0.00056526
  0.02722970   0.00057387
  0.02735626   0.00058249
  0.02748285   0.00059123
  0.02760942   0.00060007
  0.02773598   0.00060894
  0.02786252   0.00061794
  0.02798915   0.00062704
  0.02811569   0.00063616
  0.02824222   0.00064539
  0.02836876   0.00065475
  0.02849530   0.00066413
  0.02862180   0.00067355
  0.02874834   0.00068313
  0.02887484   0.00069278
  0.02900128   0.00070252
  0.02912776   0.00071229
  0.02925426   0.00072216
  0.02938074   0.00073209
  0.02950722   0.00074219
  0.02963363   0.00075225
  0.02976008   0.00076248
  0.02988652   0.00077277
  0.03001290   0.00078316
  0.03013935   0.00079357
  0.03026573   0.00080409
  0.03039215   0.00081473
  0.03051853   0.00082541
  0.03064492   0.00083618
  0.03077127   0.00084698
  0.03089769   0.00085792
  0.03102401   0.00086895
  0.03115033   0.00088008
  0.03127665   0.00089124
  0.03140301   0.00090246
  0.03152930   0.00091392
  0.03165559   0.00092562
  0.03178181   0.00093750
  0.03190811   0.00094957
  0.03203437   0.00096189
  0.03216056   0.00097437
  0.03228675   0.00098710
  0.03241291   0.00100003
  0.03253908   0.00101310
  0.03266517   0.00102640
  0.03279133   0.00103992
  0.03291742   0.00105368
  0.03304348   0.00106756
  0.03316955   0.00108169
  0.03329558   0.00109609
  0.03342157   0.00111063
  0.03354753   0.00112537
  0.03367357   0.00114028
  0.03379943   0.00115544
  0.03392539   0.00117079
  0.03405125   0.00118636
  0.03417716   0.00120213
  0.03430302   0.00121809
  0.03442878   0.00123428
  0.03455462   0.00125066
  0.03468038   0.00126721
  0.03480611   0.00128401
  0.03493185   0.00130097
  0.03505751   0.00131814
  0.03518321   0.00133555
  0.03530885   0.00135312
  0.03543441   0.00137095
  0.03556004   0.00138897
  0.03568558   0.00140716
  0.03581111   0.00142553
  0.03593664   0.00144413
  0.03606208   0.00146301
  0.03618751   0.00148196
  0.03631294   0.00150118
  0.03643831   0.00152060
  0.03656364   0.00154023
  0.03668897   0.00156006
  0.03681428   0.00158007
  0.03693954   0.00160031
  0.03706478   0.00162073
  0.03718982   0.00164171
  0.03731491   0.00166302
  0.03743984   0.00168474
  0.03756467   0.00170691
  0.03768939   0.00172942
  0.03781408   0.00175231
  0.03793868   0.00177554
  0.03806315   0.00179921
  0.03818757   0.00182323
  0.03831182   0.00184769
  0.03843606   0.00187243
  0.03856010   0.00189765
  0.03868413   0.00192317
  0.03880800   0.00194908
  0.03893171   0.00197540
  0.03905543   0.00200210
  0.03917897   0.00202910
  0.03930238   0.00205658
  0.03942570   0.00208435
  0.03954891   0.00211255
  0.03967195   0.00214107
  0.03979494   0.00217004
  0.03991772   0.00219935
  0.04004051   0.00222897
  0.04016304   0.00225897
  0.04028548   0.00228938
  0.04040781   0.00232014
  0.04053006   0.00235131
  0.04065204   0.00238283
  0.04077401   0.00241469
  0.04089579   0.00244689
  0.04101746   0.00247949
  0.04113894   0.00251242
  0.04126024   0.00254580
  0.04138152   0.00257950
  0.04150251   0.00261351
  0.04162349   0.00264790
  0.04174428   0.00268267
  0.04186485   0.00271778
  0.04198531   0.00275321
  0.04210558   0.00278906
  0.04222574   0.00282525
  0.04234576   0.00286176
  0.04246551   0.00289865
  0.04258522   0.00293588
  0.04270472   0.00297344
  0.04282403   0.00301140
  0.04294319   0.00304969
  0.04306214   0.00308832
  0.04318098   0.00312730
  0.04329967   0.00316663
  0.04341817   0.00320630
  0.04353643   0.00324626
  0.04365457   0.00328661
  0.04377250   0.00332730
  0.04389019   0.00336835
  0.04400783   0.00340967
  0.04412518   0.00345138
  0.04424239   0.00349345
  0.04435943   0.00353578
  0.04447625   0.00357848
  0.04459288   0.00362149
  0.04470931   0.00366489
  0.04482556   0.00370858
  0.04494163   0.00375261
  0.04505749   0.00379689
  0.04517310   0.00384160
  0.04528857   0.00388659
  0.04540372   0.00393218
  0.04551852   0.00397883
  0.04563285   0.00402670
  0.04574666   0.00407567
  0.04586011   0.00412588
  0.04597304   0.00417720
  0.04608543   0.00422962
  0.04619736   0.00428318
  0.04630880   0.00433787
  0.04641968   0.00439374
  0.04653006   0.00445065
  0.04663990   0.00450870
  0.04674912   0.00456784
  0.04685785   0.00462810
  0.04696594   0.00468943
  0.04707353   0.00475193
  0.04718042   0.00481543
  0.04728678   0.00488004
  0.04739244   0.00494576
  0.04749746   0.00501247
  0.04760193   0.00508033
  0.04770562   0.00514922
  0.04780874   0.00521912
  0.04791113   0.00529005
  0.04801281   0.00536202
  0.04811386   0.00543507
  0.04821413   0.00550908
  0.04831374   0.00558416
  0.04841258   0.00566018
  0.04851074   0.00573727
  0.04860806   0.00581534
  0.04870468   0.00589436
  0.04880054   0.00597436
  0.04889557   0.00605533
  0.04898984   0.00613731
  0.04908326   0.00622022
  0.04917592   0.00630399
  0.04926776   0.00638881
  0.04935872   0.00647452
  0.04944888   0.00656111
  0.04953826   0.00664866
  0.04962663   0.00673711
  0.04971426   0.00682650
  0.04980095   0.00691669
  0.04988682   0.00700777
  0.04997168   0.00709980
  0.05005572   0.00719263
  0.05013883   0.00728625
  0.05022102   0.00738084
  0.05030229   0.00747613
  0.05038263   0.00757239
  0.05046201   0.00766935
  0.05054044   0.00776713
  0.05061789   0.00786576
  0.05069433   0.00796511
  0.05076986   0.00806526
  0.05084440   0.00816620
  0.05091795   0.00826792
  0.05099042   0.00837036
  0.05106198   0.00847351
  0.05113245   0.00857737
  0.05120194   0.00868201
  0.05127034   0.00878728
  0.05133776   0.00889334
  0.05140410   0.00900003
  0.05146938   0.00910734
  0.05153367   0.00921543
  0.05159678   0.00932407
  0.05165893   0.00943341
  0.05171993   0.00954338
  0.05178008   0.00965384
  0.05183934   0.00976497
  0.05189770   0.00987658
  0.05195519   0.00998875
  0.05201184   0.01010149
  0.05206755   0.01021465
  0.05212236   0.01032839
  0.05217621   0.01044266
  0.05222924   0.01055739
  0.05228132   0.01067255
  0.05233242   0.01078821
  0.05238268   0.01090436
  0.05243191   0.01102094
  0.05248032   0.01113798
  0.05252770   0.01125542
  0.05257418   0.01137335
  0.05261964   0.01149164
  0.05266420   0.01161029
  0.05270781   0.01172936
  0.05275038   0.01184889
  0.05279207   0.01196875
  0.05283272   0.01208896
  0.05287245   0.01220945
  0.05291115   0.01233037
  0.05294895   0.01245158
  0.05298566   0.01257317
  0.05302147   0.01269502
  0.05305619   0.01281715
  0.05309001   0.01293957
  0.05312280   0.01306234
  0.05315456   0.01318533
  0.05318529   0.01330856
  0.05321513   0.01343204
  0.05324387   0.01355574
  0.05327157   0.01367972
  0.05329835   0.01380384
  0.05332403   0.01392825
  0.05334874   0.01405280
  0.05337243   0.01417752
  0.05339508   0.01430243
  0.05341670   0.01442748
  0.05343729   0.01455274
  0.05345685   0.01467808
  0.05347538   0.01480355
  0.05349288   0.01492920
  0.05350941   0.01505489
  0.05352477   0.01518065
  0.05353924   0.01530655
  0.05355264   0.01543253
  0.05356495   0.01555850
  0.05357628   0.01568457
  0.05358653   0.01581069
  0.05359609   0.01593681
  0.05360555   0.01606292
  0.05361503   0.01618904
  0.05362456   0.01631515
  0.05363405   0.01644137
  0.05364351   0.01656749
  0.05365307   0.01669360
  0.05366256   0.01681972
  0.05367209   0.01694584
  0.05368158   0.01707195
  0.05369104   0.01719810
  0.05370060   0.01732421
  0.05371006   0.01745033
  0.05371954   0.01757652
  0.05372907   0.01770263
  0.05373856   0.01782875
  0.05374802   0.01795489
  0.05375758   0.01808101
  0.05376704   0.01820713
  0.05377653   0.01833324
  0.05378609   0.01845936
  0.05379555   0.01858548
  0.05380511   0.01871159
  0.05381457   0.01883781
  0.05382405   0.01896392
  0.05383358   0.01909004
  0.05384307   0.01921616
  0.05385253   0.01934227
  0.05386209   0.01946839
  0.05387155   0.01959453
  0.05388104   0.01972065
  0.05389057   0.01984677
  0.05390006   0.01997295
  0.05390962   0.02009907
  0.05391908   0.02022519
  0.05392856   0.02035133
  0.05393809   0.02047745
  0.05394758   0.02060356
  0.05395704   0.02072968
  0.05396660   0.02085580
  0.05397606   0.02098191
  0.05398555   0.02110806
  0.05399508   0.02123424
  0.05400457   0.02136036
  0.05401405   0.02148648
  0.05402358   0.02161259
  0.05403307   0.02173871
  0.05404260   0.02186485
  0.05405209   0.02199097
  0.05406155   0.02211709
  0.05407111   0.02224320
  0.05408057   0.02236932
  0.05409006   0.02249551
  0.05409959   0.02262165
  0.05410908   0.02274777
  0.05411854   0.02287388
  0.05412809   0.02300000
