44.3852           -0.013
44.6469           -0.0478
44.9046           -0.1052
45.1605           -0.1708
45.4163           -0.2364
45.6722           -0.302
45.928           -0.3676
46.1838           -0.4332
46.4397           -0.4988
46.6955           -0.5644
46.9513           -0.63
47.2072           -0.6956
47.463           -0.7612
47.7189           -0.8268
47.9747           -0.8924
48.2305           -0.958
48.4864           -1.0236
48.7422           -1.0892
48.998           -1.1548
49.2539           -1.2204
49.5097           -1.286
49.7656           -1.3516
50.0214           -1.4172
50.2772           -1.4828
50.5331           -1.5484
50.7889           -1.614
51.0448           -1.6796
51.3006           -1.7452
51.5564           -1.8108
51.8123           -1.8764
52.0681           -1.942
52.3239           -2.0076
52.5798           -2.0732
52.8356           -2.1388
53.0915           -2.2044
53.3473           -2.27
53.6031           -2.3356
53.859           -2.4012
54.1148           -2.4668
54.3706           -2.5324
54.6265           -2.598
54.8823           -2.6636
55.1382           -2.7292
55.394           -2.7948
55.6498           -2.8604
55.9057           -2.926
56.1615           -2.9916
56.4173           -3.0572
56.6732           -3.1228
56.929           -3.1884
57.1849           -3.254
57.4407           -3.3196
57.6965           -3.3852
57.9524           -3.4508
58.2082           -3.5164
58.4641           -3.582
58.7199           -3.6476
58.9757           -3.7132
59.2316           -3.7788
59.4874           -3.8444
59.7432           -3.91
59.9991           -3.9756
60.2549           -4.0412
60.5108           -4.1068
60.7666           -4.1724
61.0224           -4.238
61.2783           -4.3036
61.5341           -4.3692
61.7899           -4.4348
62.0458           -4.5004
62.3016           -4.566
62.5575           -4.6316
62.8133           -4.6972
63.0691           -4.7628
63.325           -4.8284
63.5808           -4.894
63.8366           -4.9596
64.0925           -5.0252
64.3483           -5.0908
64.6042           -5.1564
64.86           -5.222
65.1158           -5.2876
65.3717           -5.3532
65.6275           -5.4188
65.8833           -5.4844
66.1392           -5.55
66.395           -5.6156
66.6509           -5.6812
66.9067           -5.7468
67.1625           -5.8124
67.4184           -5.878
67.6742           -5.9436
67.9301           -6.0092
68.1859           -6.0748
68.4417           -6.1404
68.6976           -6.206
68.9534           -6.2716
69.2092           -6.3372
69.4651           -6.4028
69.7209           -6.4684
69.9768           -6.534
70.2326           -6.5996
70.4884           -6.6652
70.7443           -6.7308
71.0001           -6.7964
71.2559           -6.862
71.5118           -6.9276
71.7676           -6.9932
72.0235           -7.0588
72.2793           -7.1244
72.5351           -7.19
72.791           -7.2556
73.0468           -7.3212
73.3026           -7.3868
73.5585           -7.4524
73.8143           -7.518
74.0702           -7.5836
74.326           -7.6492
74.5818           -7.7148
74.8377           -7.7804
75.0935           -7.8459
75.3494           -7.9115
75.6052           -7.9771
75.861           -8.0427
76.1169           -8.1083
76.3727           -8.1739
76.6285           -8.2395
76.8844           -8.3051
77.1402           -8.3707
77.3961           -8.4363
77.6519           -8.5019
77.9077           -8.5675
78.1636           -8.6331
78.4194           -8.6987
78.6752           -8.7643
78.9311           -8.8299
79.1869           -8.8955
79.4428           -8.9611
79.6986           -9.0267
79.9544           -9.0923
80.2103           -9.1579
80.4661           -9.2235
80.7219           -9.2891
80.9778           -9.3547
81.2336           -9.4203
81.4895           -9.4859
81.7453           -9.5515
82.0011           -9.6171
82.257           -9.6827
82.5128           -9.7483
82.7686           -9.8139
83.0245           -9.8795
83.2803           -9.9451
83.5362           -10.0107
83.792           -10.0763
84.0478           -10.1419
84.3037           -10.2075
84.5595           -10.2731
84.8154           -10.3387
85.0712           -10.4043
85.327           -10.4699
85.5829           -10.5355
85.8387           -10.6011
86.0945           -10.6667
86.3504           -10.7323
86.6062           -10.7979
86.8621           -10.8635
87.1179           -10.9291
87.3737           -10.9947
87.6296           -11.0603
87.8854           -11.1259
88.1412           -11.1915
88.3971           -11.2571
88.6529           -11.3227
88.9088           -11.3883
89.1646           -11.4539
89.4204           -11.5195
89.6763           -11.5851
89.9321           -11.6507
90.1879           -11.7163
90.4438           -11.7819
90.6996           -11.8475
90.9555           -11.9131
91.2113           -11.9787
91.4671           -12.0443
91.723           -12.1099
91.9788           -12.1755
92.2346           -12.2411
92.4905           -12.3067
92.7463           -12.3723
93.0022           -12.4379
93.258           -12.5035
93.5138           -12.5691
93.7697           -12.6347
94.0255           -12.7003
94.2814           -12.7659
94.5372           -12.8315
94.793           -12.8971
95.0489           -12.9627
95.3047           -13.0283
95.5605           -13.0939
95.8164           -13.1595
96.0722           -13.2251
96.3281           -13.2907
96.5839           -13.3563
96.8397           -13.4219
97.0956           -13.4875
97.3514           -13.5531
97.6072           -13.6187
97.8631           -13.6843
98.1189           -13.7499
98.3748           -13.8155
98.6306           -13.8811
98.8864           -13.9467
99.1423           -14.0123
99.3981           -14.0779
99.6539           -14.1435
99.9098           -14.2091
100.1656           -14.2747
100.4215           -14.3403
100.6773           -14.4059
100.9331           -14.4715
101.189           -14.5371
101.4448           -14.6027
101.7007           -14.6683
101.9565           -14.7339
102.2123           -14.7995
102.4682           -14.8651
102.724           -14.9307
102.9798           -14.9963
103.2357           -15.0619
103.4915           -15.1275
103.7474           -15.1931
104.0032           -15.2587
104.259           -15.3243
104.5149           -15.3899
104.7707           -15.4555
105.0265           -15.5211
105.2824           -15.5867
105.5382           -15.6523
105.7941           -15.7179
106.0499           -15.7835
106.3057           -15.8491
106.5616           -15.9147
106.8174           -15.9803
107.0732           -16.0459
107.3291           -16.1115
107.5849           -16.1771
107.8408           -16.2427
108.0966           -16.3083
108.3524           -16.3739
108.6083           -16.4395
108.8641           -16.5051
109.1199           -16.5707
109.3758           -16.6363
109.6316           -16.7019
109.8875           -16.7675
110.1433           -16.8331
110.3991           -16.8987
110.655           -16.9643
110.9108           -17.0299
111.1667           -17.0955
111.4225           -17.1611
111.6783           -17.2267
111.9342           -17.2923
112.19           -17.3579
112.4458           -17.4235
112.7017           -17.4891
112.9575           -17.5547
113.2134           -17.6203
113.4692           -17.6859
113.725           -17.7515
113.9809           -17.8171
114.2367           -17.8827
114.4925           -17.9483
114.7484           -18.0139
115.0042           -18.0795
115.2601           -18.1451
115.5159           -18.2107
115.7717           -18.2763
116.0276           -18.3419
116.2834           -18.4075
116.4871           -18.5157
116.5003           -18.7794
116.5135           -19.0432
116.5267           -19.307
116.5398           -19.5708
116.553           -19.8346
116.5662           -20.0984
116.5794           -20.3622
116.5926           -20.6259
116.6058           -20.8897
116.619           -21.1535
116.6322           -21.4173
116.6454           -21.6811
116.6586           -21.9449
116.6717           -22.2086
116.6849           -22.4724
116.6981           -22.7362
23.8729           0
23.9236           0
23.9744           0
24.0251           0
24.0759           0
24.1266           0
24.1774           0
24.2281           0
24.2789           0
24.3296           0
24.3804           0
24.4311           0
24.4819           0
24.5326           0
24.5834           -0.0001
24.6341           -0.0001
24.6849           -0.0001
24.7356           -0.0001
24.7863           -0.0001
24.8371           -0.0001
24.8878           -0.0001
24.9386           -0.0001
24.9893           -0.0001
25.0401           -0.0001
25.0908           -0.0001
25.1416           -0.0001
25.1923           -0.0001
25.2431           -0.0001
25.2938           -0.0001
25.3446           -0.0001
25.3953           -0.0001
25.4461           -0.0001
25.4968           -0.0001
25.5476           -0.0001
25.5983           -0.0001
25.6491           -0.0001
25.6998           -0.0001
25.7506           -0.0001
25.8013           -0.0001
25.8521           -0.0001
25.9028           -0.0001
25.9536           -0.0001
26.0043           -0.0001
26.0551           -0.0002
26.1058           -0.0002
26.1565           -0.0002
26.2073           -0.0002
26.258           -0.0002
26.3088           -0.0002
26.3595           -0.0002
26.4103           -0.0002
26.461           -0.0002
26.5118           -0.0002
26.5625           -0.0002
26.6133           -0.0002
26.664           -0.0002
26.7148           -0.0002
26.7655           -0.0002
26.8163           -0.0002
26.867           -0.0002
26.9178           -0.0002
26.9685           -0.0002
27.0193           -0.0002
27.07           -0.0002
27.1208           -0.0002
27.1715           -0.0002
27.2223           -0.0002
27.273           -0.0002
27.3238           -0.0002
27.3745           -0.0002
27.4253           -0.0002
27.476           -0.0002
27.5268           -0.0003
27.5775           -0.0003
27.6282           -0.0003
27.679           -0.0003
27.7297           -0.0003
27.7805           -0.0003
27.8312           -0.0003
27.882           -0.0003
27.9327           -0.0003
27.9835           -0.0003
28.0342           -0.0003
28.085           -0.0003
28.1357           -0.0003
28.1865           -0.0003
28.2372           -0.0003
28.288           -0.0003
28.3387           -0.0003
28.3895           -0.0003
28.4402           -0.0003
28.491           -0.0003
28.5417           -0.0003
28.5925           -0.0003
28.6432           -0.0003
28.694           -0.0003
28.7447           -0.0003
28.7955           -0.0003
28.8462           -0.0003
28.897           -0.0003
28.9477           -0.0003
28.9984           -0.0004
29.0492           -0.0004
29.0999           -0.0004
29.1507           -0.0004
29.2014           -0.0004
29.2522           -0.0004
29.3029           -0.0004
29.3537           -0.0004
29.4044           -0.0004
29.4552           -0.0004
29.5059           -0.0004
29.5567           -0.0004
29.6074           -0.0004
29.6582           -0.0004
29.7089           -0.0004
29.7597           -0.0004
29.8104           -0.0004
29.8612           -0.0004
29.9119           -0.0004
29.9627           -0.0004
30.0134           -0.0004
30.0642           -0.0004
30.1149           -0.0004
30.1657           -0.0004
30.2164           -0.0004
30.2672           -0.0004
30.3179           -0.0004
30.3687           -0.0004
30.4194           -0.0005
30.4701           -0.0005
30.5209           -0.0005
30.5716           -0.0005
30.6224           -0.0005
30.6731           -0.0005
30.7239           -0.0005
30.7746           -0.0005
30.8254           -0.0005
30.8761           -0.0005
30.9269           -0.0005
30.9776           -0.0005
31.0284           -0.0005
31.0791           -0.0005
31.1299           -0.0005
31.1806           -0.0005
31.2314           -0.0005
31.2821           -0.0005
31.3329           -0.0005
31.3836           -0.0005
31.4344           -0.0005
31.4851           -0.0005
31.5359           -0.0005
31.5866           -0.0005
31.6374           -0.0005
31.6881           -0.0005
31.7389           -0.0005
31.7896           -0.0005
31.8404           -0.0005
31.8911           -0.0006
31.9418           -0.0006
31.9926           -0.0006
32.0433           -0.0006
32.0941           -0.0006
32.1448           -0.0006
32.1956           -0.0006
32.2463           -0.0006
32.2971           -0.0006
32.3478           -0.0006
32.3986           -0.0006
32.4493           -0.0006
32.5001           -0.0006
32.5508           -0.0006
32.6016           -0.0006
32.6523           -0.0006
32.7031           -0.0006
32.7538           -0.0006
32.8046           -0.0006
32.8553           -0.0006
32.9061           -0.0006
32.9568           -0.0006
33.0076           -0.0006
33.0583           -0.0006
33.1091           -0.0006
33.1598           -0.0006
33.2106           -0.0006
33.2613           -0.0006
33.312           -0.0006
33.3628           -0.0007
33.4135           -0.0007
33.4643           -0.0007
33.515           -0.0007
33.5658           -0.0007
33.6165           -0.0007
33.6673           -0.0007
33.718           -0.0007
33.7688           -0.0007
33.8195           -0.0007
33.8703           -0.0007
33.921           -0.0007
33.9718           -0.0007
34.0225           -0.0007
34.0733           -0.0007
34.124           -0.0007
34.1748           -0.0007
34.2255           -0.0007
34.2763           -0.0007
34.327           -0.0007
34.3778           -0.0007
34.4285           -0.0007
34.4793           -0.0007
34.53           -0.0007
34.5808           -0.0007
34.6315           -0.0007
34.6823           -0.0007
34.733           -0.0007
34.7837           -0.0007
34.8345           -0.0008
34.8852           -0.0008
34.936           -0.0008
34.9867           -0.0008
35.0375           -0.0008
35.0882           -0.0008
35.139           -0.0008
35.1897           -0.0008
35.2405           -0.0008
35.2912           -0.0008
35.342           -0.0008
35.3927           -0.0008
35.4435           -0.0008
35.4942           -0.0008
35.545           -0.0008
35.5957           -0.0008
35.6465           -0.0008
35.6972           -0.0008
35.748           -0.0008
35.7987           -0.0008
35.8495           -0.0008
35.9002           -0.0008
35.951           -0.0008
36.0017           -0.0008
36.0525           -0.0008
36.1032           -0.0008
36.154           -0.0008
36.2047           -0.0008
36.2554           -0.0008
36.3062           -0.0009
36.3569           -0.0009
36.4077           -0.0009
36.4584           -0.0009
36.5092           -0.0009
36.5599           -0.0009
36.6107           -0.0009
36.6614           -0.0009
36.7122           -0.0009
36.7629           -0.0009
36.8137           -0.0009
36.8644           -0.0009
36.9152           -0.0009
36.9659           -0.0009
37.0167           -0.0009
37.0674           -0.0009
37.1182           -0.0009
37.1689           -0.0009
37.2197           -0.0009
37.2704           -0.0009
37.3212           -0.0009
37.3719           -0.0009
37.4227           -0.0009
37.4734           -0.0009
37.5242           -0.0009
37.5749           -0.0009
37.6256           -0.0009
37.6764           -0.0009
37.7271           -0.0009
37.7779           -0.001
37.8286           -0.001
37.8794           -0.001
37.9301           -0.001
37.9809           -0.001
38.0316           -0.001
38.0824           -0.001
38.1331           -0.001
38.1839           -0.001
38.2346           -0.001
38.2854           -0.001
38.3361           -0.001
38.3869           -0.001
38.4376           -0.001
38.4884           -0.001
38.5391           -0.001
38.5899           -0.001
38.6406           -0.001
38.6914           -0.001
38.7421           -0.001
38.7929           -0.001
38.8436           -0.001
38.8944           -0.001
38.9451           -0.001
38.9959           -0.001
39.0466           -0.001
39.0973           -0.001
39.1481           -0.001
39.1988           -0.001
39.2496           -0.0011
39.3003           -0.0011
39.3511           -0.0011
39.4018           -0.0011
39.4526           -0.0011
39.5033           -0.0011
39.5541           -0.0011
39.6048           -0.0011
39.6556           -0.0011
39.7063           -0.0011
39.7571           -0.0011
39.8078           -0.0011
39.8586           -0.0011
39.9093           -0.0011
39.9601           -0.0011
40.0108           -0.0011
40.0616           -0.0011
40.1123           -0.0011
40.1631           -0.0011
40.2138           -0.0011
40.2646           -0.0011
40.3153           -0.0011
40.3661           -0.0011
40.4168           -0.0011
40.4675           -0.0011
40.5183           -0.0011
40.569           -0.0011
40.6198           -0.0011
40.6705           -0.0011
40.7213           -0.0012
40.772           -0.0012
40.8228           -0.0012
40.8735           -0.0012
40.9243           -0.0012
40.975           -0.0012
41.0258           -0.0012
41.0765           -0.0012
41.1273           -0.0012
41.178           -0.0012
41.2288           -0.0012
41.2795           -0.0012
41.3303           -0.0012
41.381           -0.0012
41.4318           -0.0012
41.4825           -0.0012
41.5333           -0.0012
41.584           -0.0012
41.6348           -0.0012
41.6855           -0.0012
41.7363           -0.0012
41.787           -0.0012
41.8378           -0.0012
41.8885           -0.0012
41.9392           -0.0012
41.99           -0.0012
42.0407           -0.0012
42.0915           -0.0012
42.1422           -0.0013
42.193           -0.0013
42.2437           -0.0013
42.2945           -0.0013
42.3452           -0.0013
42.396           -0.0013
42.4467           -0.0013
42.4975           -0.0013
42.5482           -0.0013
42.599           -0.0013
42.6497           -0.0013
42.7005           -0.0013
42.7512           -0.0013
42.802           -0.0013
42.8527           -0.0013
42.9035           -0.0013
42.9542           -0.0013
43.005           -0.0013
43.0557           -0.0013
43.1065           -0.0013
43.1572           -0.0013
43.208           -0.0013
43.2587           -0.0013
43.3095           -0.0013
43.3602           -0.0013
43.4109           -0.0013
43.4617           -0.0013
43.5124           -0.0013
43.5632           -0.0013
43.6139           -0.0014
43.6647           -0.0014
43.7154           -0.0014
43.7662           -0.0014
43.8169           -0.0014
43.8677           -0.0014
43.9184           -0.0014
43.9692           -0.0014
44.0199           -0.0014
44.0707           -0.0014
13.8287           -9.6373
13.8318           -9.5603
13.8355           -9.4833
13.8398           -9.4063
13.8446           -9.3293
13.8501           -9.2524
13.8562           -9.1755
13.8628           -9.0987
13.8701           -9.0219
13.8779           -8.9452
13.8863           -8.8686
13.8954           -8.792
13.905           -8.7155
13.9152           -8.639
13.926           -8.5627
13.9373           -8.4864
13.9493           -8.4102
13.9619           -8.3342
13.975           -8.2582
13.9887           -8.1823
14.003           -8.1065
14.0179           -8.0309
14.0334           -7.9553
14.0495           -7.8799
14.0661           -7.8046
14.0833           -7.7294
14.1011           -7.6544
14.1195           -7.5795
14.1384           -7.5048
14.158           -7.4302
14.1781           -7.3557
14.1988           -7.2814
14.22           -7.2073
14.2418           -7.1334
14.2642           -7.0596
14.2872           -6.986
14.3107           -6.9125
14.3348           -6.8393
14.3594           -6.7662
14.3847           -6.6933
14.4104           -6.6207
14.4368           -6.5482
14.4637           -6.4759
14.4911           -6.4039
14.5191           -6.332
14.5477           -6.2604
14.5768           -6.189
14.6065           -6.1178
14.6367           -6.0469
14.6674           -5.9761
14.6987           -5.9057
14.7306           -5.8354
14.763           -5.7655
14.7959           -5.6957
14.8293           -5.6262
14.8633           -5.557
14.8979           -5.4881
14.9329           -5.4194
14.9685           -5.351
15.0046           -5.2829
15.0412           -5.215
15.0784           -5.1474
15.1161           -5.0802
15.1543           -5.0132
15.193           -4.9465
15.2322           -4.8801
15.272           -4.814
15.3122           -4.7482
15.3529           -4.6828
15.3942           -4.6176
15.436           -4.5528
15.4782           -4.4883
15.521           -4.4241
15.5642           -4.3603
15.6079           -4.2968
15.6522           -4.2336
15.6969           -4.1708
15.7421           -4.1083
15.7877           -4.0461
15.8339           -3.9844
15.8805           -3.9229
15.9276           -3.8619
15.9752           -3.8012
16.0232           -3.7409
16.0717           -3.6809
16.1207           -3.6213
16.1701           -3.5621
16.2199           -3.5033
16.2703           -3.4449
16.321           -3.3869
16.3723           -3.3292
16.4239           -3.272
16.476           -3.2151
16.5285           -3.1587
16.5815           -3.1026
16.6349           -3.047
16.6887           -2.9918
16.743           -2.937
16.7977           -2.8826
16.8528           -2.8287
16.9083           -2.7751
16.9642           -2.722
17.0205           -2.6694
17.0772           -2.6171
17.1344           -2.5654
17.1919           -2.514
17.2498           -2.4631
17.3081           -2.4126
17.3668           -2.3626
17.4259           -2.3131
17.4854           -2.264
17.5452           -2.2154
17.6054           -2.1672
17.666           -2.1195
17.727           -2.0723
17.7883           -2.0255
17.85           -1.9792
17.912           -1.9334
17.9744           -1.8881
18.0371           -1.8432
18.1002           -1.7988
18.1636           -1.755
18.2273           -1.7116
18.2914           -1.6687
18.3558           -1.6263
18.4205           -1.5844
18.4856           -1.543
18.551           -1.5021
18.6167           -1.4617
18.6826           -1.4218
18.7489           -1.3824
18.8155           -1.3436
18.8824           -1.3052
18.9496           -1.2674
19.0171           -1.2301
19.0849           -1.1933
19.1529           -1.157
19.2213           -1.1213
19.2899           -1.086
19.3587           -1.0514
19.4279           -1.0172
19.4973           -0.9836
19.5669           -0.9505
19.6368           -0.918
19.707           -0.886
19.7774           -0.8545
19.848           -0.8236
19.9189           -0.7932
19.99           -0.7634
20.0614           -0.7341
20.1329           -0.7054
20.2047           -0.6772
20.2767           -0.6496
20.3489           -0.6225
20.4213           -0.596
20.4939           -0.5701
20.5668           -0.5447
20.6398           -0.5199
20.713           -0.4956
20.7863           -0.4719
20.8599           -0.4488
20.9336           -0.4263
21.0076           -0.4043
21.0816           -0.3828
21.1559           -0.362
21.2303           -0.3417
21.3048           -0.322
21.3795           -0.3029
21.4544           -0.2844
21.5294           -0.2664
21.6045           -0.249
21.6797           -0.2322
21.7551           -0.216
21.8306           -0.2003
21.9063           -0.1852
21.982           -0.1708
22.0578           -0.1569
22.1338           -0.1436
22.2099           -0.1308
22.286           -0.1187
22.3622           -0.1071
22.4386           -0.0962
22.515           -0.0858
22.5915           -0.076
22.668           -0.0668
22.7447           -0.0582
22.8214           -0.0502
22.8981           -0.0428
22.9749           -0.036
23.0518           -0.0297
23.1287           -0.0241
23.2056           -0.019
23.2826           -0.0146
23.3596           -0.0107
23.4367           -0.0074
23.5137           -0.0048
23.5908           -0.0027
23.6679           -0.0012
23.745           -0.0003
13.4504           -22.8671
13.4542           -22.7343
13.458           -22.6014
13.4618           -22.4686
13.4656           -22.3357
13.4694           -22.2029
13.4732           -22.07
13.477           -21.9372
13.4808           -21.8043
13.4846           -21.6714
13.4884           -21.5386
13.4922           -21.4057
13.496           -21.2729
13.4998           -21.14
13.5036           -21.0072
13.5074           -20.8743
13.5112           -20.7414
13.5149           -20.6086
13.5187           -20.4757
13.5225           -20.3429
13.5263           -20.21
13.5301           -20.0772
13.5339           -19.9443
13.5377           -19.8115
13.5415           -19.6786
13.5453           -19.5457
13.5491           -19.4129
13.5529           -19.28
13.5567           -19.1472
13.5605           -19.0143
13.5643           -18.8815
13.5681           -18.7486
13.5719           -18.6158
13.5757           -18.4829
13.5795           -18.35
13.5833           -18.2172
13.5871           -18.0843
13.5909           -17.9515
13.5947           -17.8186
13.5985           -17.6858
13.6023           -17.5529
13.606           -17.42
13.6098           -17.2872
13.6136           -17.1543
13.6174           -17.0215
13.6212           -16.8886
13.625           -16.7558
13.6288           -16.6229
13.6326           -16.4901
13.6364           -16.3572
13.6402           -16.2243
13.644           -16.0915
13.6478           -15.9586
13.6516           -15.8258
13.6554           -15.6929
13.6592           -15.5601
13.663           -15.4272
13.6668           -15.2944
13.6706           -15.1615
13.6744           -15.0286
13.6782           -14.8958
13.682           -14.7629
13.6858           -14.6301
13.6896           -14.4972
13.6934           -14.3644
13.6971           -14.2315
13.7009           -14.0986
13.7047           -13.9658
13.7085           -13.8329
13.7123           -13.7001
13.7161           -13.5672
13.7199           -13.4344
13.7237           -13.3015
13.7275           -13.1687
13.7313           -13.0358
13.7351           -12.9029
13.7389           -12.7701
13.7427           -12.6372
13.7465           -12.5044
13.7503           -12.3715
13.7541           -12.2387
13.7579           -12.1058
13.7617           -11.973
13.7655           -11.8401
13.7693           -11.7072
13.7731           -11.5744
13.7769           -11.4415
13.7807           -11.3087
13.7845           -11.1758
13.7883           -11.043
13.792           -10.9101
13.7958           -10.7773
13.7996           -10.6444
13.8034           -10.5115
13.8072           -10.3787
13.811           -10.2458
13.8148           -10.113
13.8186           -9.9801
13.8224           -9.8473
116.7113           -23
44.1214           -0.0014
23.8221           0
13.8262           -9.7144
13.4466           -23
