70           -8.1035
-70           6.6192
-69.9977           6.9565
-69.9909           7.2938
-69.9795           7.631
-69.9636           7.9679
-69.9431           8.3047
-69.9181           8.6411
-69.8885           8.9772
-69.8545           9.3128
-69.8159           9.6479
-69.7727           9.9825
-69.7251           10.3165
-69.6729           10.6498
-69.6163           10.9824
-69.5552           11.3141
-69.4896           11.6451
-69.4196           11.9751
-69.3451           12.3041
-69.2661           12.6321
-69.1828           12.959
-69.095           13.2847
-69.0029           13.6092
-68.9064           13.9325
-68.8055           14.2544
-68.7003           14.575
-68.5908           14.894
-68.477           15.2116
-68.3589           15.5276
-68.2366           15.842
-68.11           16.1547
-67.9792           16.4657
-67.8443           16.7749
-67.7052           17.0822
-67.5619           17.3877
-67.4145           17.6911
-67.2631           17.9926
-67.1076           18.292
-66.9481           18.5892
-66.7846           18.8843
-66.6171           19.1771
-66.4456           19.4677
-66.2703           19.7559
-66.0911           20.0417
-65.9081           20.3251
-65.7212           20.606
-65.5306           20.8843
-65.3362           21.1601
-65.1382           21.4332
-64.9364           21.7036
-64.7311           21.9712
-64.5221           22.2361
-64.3096           22.4981
-64.0936           22.7572
-63.8741           23.0134
-63.6511           23.2665
-63.4248           23.5167
-63.1951           23.7638
-62.9621           24.0078
-62.7258           24.2486
-62.4863           24.4861
-62.2435           24.7203
-61.9951           24.9486
-61.7404           25.1698
-61.4796           25.3838
-61.2129           25.5903
-60.9405           25.7893
-60.6625           25.9805
-60.3794           26.1638
-60.0911           26.3391
-59.7981           26.5063
-59.5005           26.6651
-59.1985           26.8155
-58.8925           26.9574
-58.5825           27.0906
-58.269           27.215
-57.952           27.3306
-57.632           27.4372
-57.309           27.5347
-56.9835           27.6232
-56.6556           27.7025
-56.3256           27.7725
-55.9938           27.8332
-55.6603           27.8846
-55.3257           27.9269
-54.9901           27.9616
-54.6539           27.9888
-54.3171           28.0084
-53.9799           28.0204
-53.6426           28.0248
-53.3053           28.0216
-52.9681           28.0109
-52.6312           27.9925
-52.2949           27.9666
-51.9592           27.9332
-51.6244           27.8922
-51.2905           27.8436
-50.9578           27.7876
-50.6265           27.7241
-50.2967           27.6532
-49.9686           27.5749
-49.6423           27.4892
-49.318           27.3962
-48.9959           27.296
-48.6761           27.1885
-48.3589           27.0738
-48.0442           26.9521
-47.7324           26.8233
-47.4236           26.6875
-47.1179           26.5448
-46.8155           26.3953
-46.5166           26.239
-46.2212           26.076
-45.9296           25.9064
-45.6418           25.7304
-45.3581           25.5478
-45.0786           25.359
-44.8033           25.1639
-44.5326           24.9627
-44.2664           24.7554
-44.005           24.5422
-43.7484           24.3232
-43.4968           24.0984
-43.2503           23.8681
-43.0091           23.6323
-42.7732           23.3911
-42.5429           23.1446
-42.3181           22.8931
-42.099           22.6365
-41.8858           22.3751
-41.6785           22.109
-41.4772           21.8383
-41.2821           21.5631
-41.0932           21.2836
-40.9106           20.9999
-40.7345           20.7122
-40.5648           20.4206
-40.4018           20.1252
-40.2455           19.8263
-40.0959           19.5239
-39.9532           19.2182
-39.8174           18.9094
-39.6885           18.5977
-39.5667           18.2831
-39.452           17.9658
-39.3445           17.6461
-39.2442           17.324
-39.1511           16.9997
-39.0654           16.6734
-38.987           16.3453
-38.916           16.0155
-38.8525           15.6842
-38.7964           15.3515
-38.7478           15.0177
-38.6995           14.6838
-38.6432           14.3512
-38.5788           14.0201
-38.5065           13.6905
-38.4263           13.3629
-38.3382           13.0372
-38.2423           12.7138
-38.1386           12.3928
-38.0273           12.0743
-37.9082           11.7587
-37.7816           11.446
-37.6475           11.1364
-37.506           10.8302
-37.3572           10.5275
-37.2011           10.2284
-37.0378           9.9332
-36.8675           9.642
-36.6902           9.355
-36.5061           9.0723
-36.3151           8.7942
-36.1176           8.5208
-35.9135           8.2521
-35.703           7.9885
-35.4862           7.7301
-35.2632           7.4769
-35.0342           7.2292
-34.7993           6.987
-34.5587           6.7506
-34.3124           6.5201
-34.0606           6.2956
-33.8035           6.0772
-33.5412           5.865
-33.2739           5.6593
-33.0017           5.46
-32.7247           5.2673
-32.4432           5.0814
-32.1574           4.9023
-31.8672           4.7302
-31.573           4.5651
-31.275           4.4071
-30.9732           4.2564
-30.6678           4.113
-30.3591           3.977
-30.0472           3.8484
-29.7323           3.7274
-29.4146           3.6141
-29.0942           3.5084
-28.7714           3.4105
-28.4463           3.3203
-28.1199           3.2349
-27.7932           3.1507
-27.4662           3.0678
-27.1389           2.9861
-26.8113           2.9056
-26.4834           2.8263
-26.1552           2.7483
-25.8267           2.6715
-25.4979           2.5959
-25.1688           2.5215
-24.8395           2.4484
-24.5099           2.3765
-24.18           2.3059
-23.8499           2.2365
-23.5195           2.1683
-23.1888           2.1014
-22.8579           2.0357
-22.5268           1.9713
-22.1954           1.9081
-21.8638           1.8461
-21.5319           1.7854
-21.1998           1.7259
-20.8675           1.6677
-20.535           1.6107
-20.2023           1.555
-19.8694           1.5005
-19.5363           1.4473
-19.2029           1.3953
-18.8694           1.3445
-18.5357           1.2951
-18.2018           1.2468
-17.8677           1.1998
-17.5335           1.1541
-17.1991           1.1096
-16.8645           1.0664
-16.5298           1.0244
-16.1949           0.9837
-15.8598           0.9442
-15.5246           0.906
-15.1893           0.8691
-14.8539           0.8334
-14.5183           0.799
-14.1825           0.7658
-13.8467           0.7339
-13.5107           0.7032
-13.1747           0.6738
-12.8385           0.6457
-12.5022           0.6188
-12.1658           0.5932
-11.8293           0.5688
-11.4928           0.5457
-11.1561           0.5239
-10.8194           0.5033
-10.4826           0.4837
-10.1458           0.4644
-9.809           0.4453
-9.4721           0.4264
-9.1353           0.4078
-8.7984           0.3895
-8.4616           0.3714
-8.1247           0.3535
-7.7878           0.336
-7.4509           0.3186
-7.1139           0.3015
-6.777           0.2847
-6.4401           0.2681
-6.1031           0.2518
-5.7661           0.2358
-5.4291           0.2199
-5.0921           0.2044
-4.7551           0.1891
-4.4181           0.174
-4.0811           0.1592
-3.744           0.1446
-3.407           0.1303
-3.0699           0.1163
-2.7328           0.1025
-2.3957           0.089
-2.0586           0.0757
-1.7215           0.0626
-1.3844           0.0498
-1.0473           0.0373
-0.7102           0.025
-0.373           0.013
-0.0359           0.0012
0.3013           -0.0103
0.6385           -0.0216
0.9756           -0.0326
1.3128           -0.0433
1.65           -0.0538
1.9872           -0.0641
2.3244           -0.0741
2.6616           -0.0838
2.9989           -0.0933
3.3361           -0.1026
3.6733           -0.1116
4.0106           -0.1203
4.3478           -0.1288
4.6851           -0.1373
5.0223           -0.1457
5.3596           -0.1541
5.6968           -0.1625
6.0341           -0.171
6.3714           -0.1794
6.7086           -0.1878
7.0459           -0.1963
7.3831           -0.2047
7.7204           -0.2131
8.0576           -0.2216
8.3949           -0.23
8.7321           -0.2384
9.0694           -0.2469
9.4066           -0.2553
9.7439           -0.2637
10.0811           -0.2722
10.4184           -0.2806
10.7556           -0.289
11.0929           -0.2974
11.4301           -0.3059
11.7674           -0.3143
12.1046           -0.3227
12.4419           -0.3312
12.7791           -0.3396
13.1164           -0.348
13.4537           -0.3565
13.7909           -0.3649
14.1282           -0.3733
14.4654           -0.3818
14.8027           -0.3902
15.1399           -0.3986
15.4772           -0.4071
15.8144           -0.4155
16.1517           -0.4239
16.4889           -0.4323
16.8262           -0.4408
17.1634           -0.4492
17.5007           -0.4576
17.8379           -0.4661
18.1752           -0.4745
18.5124           -0.4829
18.8497           -0.4914
19.1869           -0.4998
19.5242           -0.5082
19.8615           -0.5167
20.1987           -0.5251
20.536           -0.5335
20.8732           -0.542
21.2105           -0.5504
21.5477           -0.5588
21.885           -0.5673
22.2222           -0.5757
22.5595           -0.5841
22.8967           -0.5925
23.234           -0.601
23.5712           -0.6094
23.9085           -0.6178
24.2457           -0.6263
24.583           -0.6347
24.9202           -0.6431
25.2575           -0.6516
25.5947           -0.66
25.932           -0.6684
26.2692           -0.6769
26.6065           -0.6853
26.9438           -0.6937
27.281           -0.7022
27.6183           -0.7106
27.9555           -0.719
28.2928           -0.7274
28.63           -0.7359
28.9673           -0.7443
29.3045           -0.7527
29.6418           -0.7612
29.979           -0.7696
30.3157           -0.7912
30.6523           -0.8136
30.9889           -0.8361
31.3255           -0.8585
31.6621           -0.8809
31.9987           -0.9034
32.3353           -0.9258
32.672           -0.9483
33.0086           -0.9707
33.3452           -0.9931
33.6818           -1.0156
34.0184           -1.038
34.355           -1.0605
34.6916           -1.0829
35.0282           -1.1053
35.3648           -1.1278
35.7014           -1.1502
36.0381           -1.1727
36.3747           -1.1951
36.7113           -1.2175
37.0479           -1.24
37.3845           -1.2624
37.7211           -1.2849
38.0577           -1.3073
38.3943           -1.3297
38.7309           -1.3522
39.0676           -1.3746
39.4042           -1.3971
39.7408           -1.4195
40.0774           -1.442
40.414           -1.4644
40.7506           -1.4868
41.0872           -1.5093
41.4238           -1.5317
41.7604           -1.5542
42.0971           -1.5766
42.4337           -1.599
42.7703           -1.6215
43.1069           -1.6439
43.4435           -1.6664
43.7801           -1.6888
44.1167           -1.7112
44.4533           -1.7337
44.7899           -1.7561
45.1265           -1.7786
45.4632           -1.801
45.7998           -1.8234
46.1364           -1.8459
46.473           -1.8683
46.8096           -1.8908
47.1462           -1.9132
47.4828           -1.9356
47.8194           -1.9581
48.156           -1.9805
48.4927           -2.003
48.8293           -2.0254
49.1659           -2.0479
49.5025           -2.0703
49.8391           -2.0927
50.1757           -2.1152
50.5123           -2.1376
50.8489           -2.1601
51.1855           -2.1825
51.5222           -2.2049
51.8588           -2.2274
52.1954           -2.2498
52.532           -2.2723
52.8686           -2.2947
53.2052           -2.3171
53.5418           -2.3396
53.8784           -2.362
54.215           -2.3845
54.5516           -2.4069
54.8883           -2.4293
55.2249           -2.4518
55.5615           -2.4742
55.8981           -2.4967
56.2347           -2.5191
56.5713           -2.5415
56.9079           -2.564
57.2445           -2.5864
57.5811           -2.6089
57.9178           -2.6313
58.2544           -2.6538
58.591           -2.6762
58.9276           -2.6986
59.2642           -2.7211
59.6008           -2.7435
59.9374           -2.766
60.274           -2.7884
60.6106           -2.8108
60.9473           -2.8333
61.2839           -2.8557
61.6205           -2.8782
61.9571           -2.9006
62.2937           -2.923
62.6303           -2.9455
62.9669           -2.9679
63.3035           -2.9904
63.6401           -3.0128
63.9767           -3.0352
64.3134           -3.0577
64.65           -3.0801
64.9866           -3.1026
65.229           -3.3325
65.4676           -3.571
65.7061           -3.8096
65.9447           -4.0481
66.1832           -4.2867
66.4218           -4.5252
66.6603           -4.7638
66.8989           -5.0023
67.1374           -5.2409
67.376           -5.4794
67.6145           -5.718
67.8531           -5.9565
68.0916           -6.1951
68.3302           -6.4336
68.5687           -6.6722
68.8073           -6.9107
69.0458           -7.1493
69.2844           -7.3878
69.5229           -7.6264
69.7615           -7.8649
