  0.10559860   0.02300000
  0.10560320   0.02281520
  0.10560780   0.02263030
  0.10561250   0.02244550
  0.10561710   0.02226070
  0.10562170   0.02207590
  0.10562630   0.02189100
  0.10563090   0.02170620
  0.10563550   0.02152140
  0.10564010   0.02133660
  0.10564480   0.02115170
  0.10564940   0.02096690
  0.10565400   0.02078210
  0.10565860   0.02059720
  0.10566320   0.02041240
  0.10566780   0.02022760
  0.10567240   0.02004280
  0.10567710   0.01985790
  0.10568170   0.01967310
  0.10568630   0.01948830
  0.10569090   0.01930350
  0.10569550   0.01911860
  0.10570010   0.01893380
  0.10570470   0.01874900
  0.10570940   0.01856410
  0.10571400   0.01837930
  0.10571860   0.01819450
  0.10572320   0.01800970
  0.10572780   0.01782480
  0.10573240   0.01764000
  0.10573710   0.01745520
  0.10574170   0.01727040
  0.10574630   0.01708550
  0.10575090   0.01690070
  0.10575550   0.01671590
  0.10576010   0.01653100
  0.10576470   0.01634620
  0.10576940   0.01616140
  0.10577400   0.01597660
  0.10577860   0.01579170
  0.10578320   0.01560690
  0.10578780   0.01542210
  0.10579240   0.01523730
  0.10579780   0.01505240
  0.10580560   0.01486770
  0.10581610   0.01468310
  0.10582930   0.01449870
  0.10584500   0.01431450
  0.10586340   0.01413060
  0.10588440   0.01394690
  0.10590800   0.01376350
  0.10593420   0.01358050
  0.10596300   0.01339780
  0.10599440   0.01321560
  0.10602830   0.01303390
  0.10606490   0.01285270
  0.10610400   0.01267200
  0.10614580   0.01249190
  0.10619000   0.01231240
  0.10623680   0.01213350
  0.10628620   0.01195530
  0.10633800   0.01177790
  0.10639240   0.01160120
  0.10644930   0.01142530
  0.10650870   0.01125020
  0.10657060   0.01107600
  0.10663500   0.01090260
  0.10670180   0.01073020
  0.10677100   0.01055880
  0.10684270   0.01038840
  0.10691680   0.01021900
  0.10699330   0.01005070
  0.10707220   0.00988350
  0.10715350   0.00971740
  0.10723710   0.00955250
  0.10732300   0.00938890
  0.10741130   0.00922640
  0.10750190   0.00906520
  0.10759470   0.00890530
  0.10768990   0.00874680
  0.10778720   0.00858960
  0.10788680   0.00843390
  0.10798860   0.00827950
  0.10809260   0.00812670
  0.10819870   0.00797530
  0.10830700   0.00782540
  0.10841740   0.00767710
  0.10852990   0.00753040
  0.10864450   0.00738530
  0.10876110   0.00724190
  0.10887980   0.00710010
  0.10900040   0.00696000
  0.10912310   0.00682160
  0.10924770   0.00668510
  0.10937420   0.00655020
  0.10950260   0.00641730
  0.10963300   0.00628610
  0.10976510   0.00615680
  0.10989910   0.00602940
  0.11003490   0.00590390
  0.11017240   0.00578040
  0.11031170   0.00565880
  0.11045280   0.00553930
  0.11059550   0.00542170
  0.11073980   0.00530620
  0.11088580   0.00519280
  0.11103340   0.00508140
  0.11118250   0.00497220
  0.11133320   0.00486500
  0.11148540   0.00476010
  0.11163910   0.00465730
  0.11179420   0.00455670
  0.11195080   0.00445830
  0.11210870   0.00436220
  0.11226800   0.00426830
  0.11242850   0.00417670
  0.11259040   0.00408740
  0.11275360   0.00400040
  0.11291790   0.00391570
  0.11308340   0.00383340
  0.11325010   0.00375340
  0.11341800   0.00367580
  0.11358690   0.00360060
  0.11375680   0.00352780
  0.11392780   0.00345750
  0.11409970   0.00338950
  0.11427260   0.00332410
  0.11444650   0.00326110
  0.11462120   0.00320050
  0.11479670   0.00314250
  0.11497300   0.00308700
  0.11515020   0.00303400
  0.11532800   0.00298350
  0.11550660   0.00293550
  0.11568560   0.00288920
  0.11586470   0.00284340
  0.11604390   0.00279800
  0.11622320   0.00275290
  0.11640260   0.00270830
  0.11658220   0.00266410
  0.11676180   0.00262040
  0.11694150   0.00257700
  0.11712130   0.00253410
  0.11730130   0.00249150
  0.11748130   0.00244940
  0.11766140   0.00240770
  0.11784160   0.00236640
  0.11802190   0.00232560
  0.11820240   0.00228510
  0.11838290   0.00224510
  0.11856340   0.00220550
  0.11874410   0.00216630
  0.11892490   0.00212750
  0.11910580   0.00208920
  0.11928670   0.00205120
  0.11946770   0.00201370
  0.11964890   0.00197660
  0.11983010   0.00193990
  0.12001140   0.00190360
  0.12019270   0.00186780
  0.12037420   0.00183240
  0.12055570   0.00179740
  0.12073740   0.00176280
  0.12091910   0.00172860
  0.12110080   0.00169480
  0.12128270   0.00166150
  0.12146460   0.00162860
  0.12164660   0.00159610
  0.12182870   0.00156400
  0.12201090   0.00153240
  0.12219310   0.00150120
  0.12237540   0.00147040
  0.12255780   0.00144000
  0.12274020   0.00141000
  0.12292270   0.00138050
  0.12310530   0.00135140
  0.12328800   0.00132270
  0.12347070   0.00129440
  0.12365340   0.00126650
  0.12383630   0.00123910
  0.12401920   0.00121210
  0.12420210   0.00118550
  0.12438520   0.00115940
  0.12456830   0.00113360
  0.12475140   0.00110830
  0.12493460   0.00108340
  0.12511790   0.00105900
  0.12530120   0.00103490
  0.12548450   0.00101130
  0.12566800   0.00098810
  0.12585140   0.00096530
  0.12603500   0.00094300
  0.12621850   0.00092100
  0.12640220   0.00089950
  0.12658590   0.00087850
  0.12676960   0.00085780
  0.12695340   0.00083760
  0.12713720   0.00081780
  0.12732110   0.00079840
  0.12750500   0.00077950
  0.12768890   0.00076090
  0.12787290   0.00074280
  0.12805690   0.00072520
  0.12824100   0.00070790
  0.12842510   0.00069110
  0.12860930   0.00067470
  0.12879350   0.00065870
  0.12897770   0.00064320
  0.12916200   0.00062800
  0.12934630   0.00061330
  0.12953060   0.00059910
  0.12971500   0.00058520
  0.12989940   0.00057180
  0.13008380   0.00055880
  0.13026830   0.00054620
  0.13045280   0.00053410
  0.13063730   0.00052240
  0.13082180   0.00051110
  0.13100640   0.00050030
  0.13119100   0.00048970
  0.13137550   0.00047920
  0.13156010   0.00046880
  0.13174470   0.00045860
  0.13192930   0.00044840
  0.13211400   0.00043840
  0.13229860   0.00042840
  0.13248320   0.00041860
  0.13266780   0.00040890
  0.13285250   0.00039930
  0.13303710   0.00038980
  0.13322180   0.00038050
  0.13340640   0.00037120
  0.13359110   0.00036210
  0.13377570   0.00035300
  0.13396040   0.00034410
  0.13414510   0.00033530
  0.13432980   0.00032670
  0.13451440   0.00031810
  0.13469910   0.00030960
  0.13488380   0.00030130
  0.13506850   0.00029310
  0.13525320   0.00028500
  0.13543800   0.00027700
  0.13562270   0.00026910
  0.13580740   0.00026130
  0.13599210   0.00025360
  0.13617680   0.00024610
  0.13636160   0.00023870
  0.13654630   0.00023130
  0.13673110   0.00022410
  0.13691580   0.00021710
  0.13710060   0.00021010
  0.13728530   0.00020320
  0.13747010   0.00019650
  0.13765490   0.00018980
  0.13783960   0.00018330
  0.13802440   0.00017690
  0.13820920   0.00017060
  0.13839400   0.00016440
  0.13857870   0.00015840
  0.13876350   0.00015240
  0.13894830   0.00014660
  0.13913310   0.00014090
  0.13931790   0.00013530
  0.13950270   0.00012980
  0.13968750   0.00012440
  0.13987230   0.00011910
  0.14005720   0.00011400
  0.14024200   0.00010890
  0.14042680   0.00010400
  0.14061160   0.00009920
  0.14079640   0.00009450
  0.14098130   0.00008990
  0.14116610   0.00008540
  0.14135090   0.00008110
  0.14153580   0.00007680
  0.14172060   0.00007270
  0.14190540   0.00006870
  0.14209030   0.00006480
  0.14227510   0.00006100
  0.14246000   0.00005740
  0.14264480   0.00005380
  0.14282970   0.00005030
  0.14301450   0.00004700
  0.14319940   0.00004380
  0.14338430   0.00004070
  0.14356910   0.00003770
  0.14375400   0.00003480
  0.14393880   0.00003210
  0.14412370   0.00002940
  0.14430860   0.00002690
  0.14449340   0.00002450
  0.14467830   0.00002220
  0.14486320   0.00002000
  0.14504810   0.00001790
  0.14523290   0.00001590
  0.14541780   0.00001410
  0.14560270   0.00001240
  0.14578760   0.00001070
  0.14597240   0.00000920
  0.14615730   0.00000780
  0.14634220   0.00000660
  0.14652710   0.00000540
  0.14671200   0.00000430
  0.14689680   0.00000340
  0.14708170   0.00000260
  0.14726660   0.00000190
  0.14745150   0.00000130
  0.14763640   0.00000080
  0.14782130   0.00000040
  0.14800620   0.00000020
  0.14819100  -0.00000000
  0.14837590  -0.00000000
  0.14856080   0.00000010
  0.14874570   0.00000030
  0.14893060   0.00000060
  0.14911550   0.00000100
  0.14930030   0.00000160
  0.14948520   0.00000220
  0.14967010   0.00000300
  0.14985500   0.00000390
  0.15003990   0.00000490
  0.15022480   0.00000600
  0.15040960   0.00000720
  0.15059450   0.00000860
  0.15077940   0.00001000
  0.15096430   0.00001190
  0.15114910   0.00001420
  0.15133400   0.00001700
  0.15151890   0.00002020
  0.15170370   0.00002380
  0.15188860   0.00002780
  0.15207340   0.00003230
  0.15225820   0.00003720
  0.15244300   0.00004250
  0.15262780   0.00004830
  0.15281260   0.00005440
  0.15299740   0.00006100
  0.15318210   0.00006810
  0.15336680   0.00007550
  0.15355160   0.00008340
  0.15373630   0.00009170
  0.15392090   0.00010050
  0.15410560   0.00010960
  0.15429020   0.00011920
  0.15447480   0.00012920
  0.15465940   0.00013970
  0.15484400   0.00015060
  0.15502850   0.00016190
  0.15521300   0.00017360
  0.15539750   0.00018570
  0.15558200   0.00019830
  0.15576640   0.00021130
  0.15595080   0.00022470
  0.15613520   0.00023860
  0.15631950   0.00025290
  0.15650380   0.00026760
  0.15668810   0.00028270
  0.15687230   0.00029830
  0.15705650   0.00031430
  0.15724070   0.00033070
  0.15742480   0.00034750
  0.15760880   0.00036480
  0.15779290   0.00038250
  0.15797690   0.00040060
  0.15816080   0.00041910
  0.15834470   0.00043810
  0.15852860   0.00045750
  0.15871240   0.00047730
  0.15889620   0.00049750
  0.15907990   0.00051820
  0.15926360   0.00053930
  0.15944720   0.00056080
  0.15963080   0.00058270
  0.15981430   0.00060510
  0.15999780   0.00062790
  0.16018120   0.00065110
  0.16036460   0.00067470
  0.16054790   0.00069880
  0.16073120   0.00072320
  0.16091440   0.00074810
  0.16109750   0.00077350
  0.16128060   0.00079920
  0.16146360   0.00082540
  0.16164660   0.00085200
  0.16182950   0.00087900
  0.16201230   0.00090640
  0.16219510   0.00093430
  0.16237780   0.00096260
  0.16256040   0.00099130
  0.16274300   0.00102040
  0.16292550   0.00105000
  0.16310800   0.00108000
  0.16329030   0.00111040
  0.16347260   0.00114120
  0.16365490   0.00117240
  0.16383700   0.00120410
  0.16401910   0.00123610
  0.16420110   0.00126860
  0.16438300   0.00130160
  0.16456490   0.00133490
  0.16474670   0.00136870
  0.16492840   0.00140290
  0.16511000   0.00143750
  0.16529150   0.00147250
  0.16547300   0.00150790
  0.16565430   0.00154380
  0.16583560   0.00158000
  0.16601680   0.00161670
  0.16619800   0.00165390
  0.16637890   0.00169200
  0.16655920   0.00173270
  0.16673900   0.00177590
  0.16691810   0.00182170
  0.16709660   0.00187000
  0.16727430   0.00192090
  0.16745130   0.00197430
  0.16762760   0.00203010
  0.16780300   0.00208850
  0.16797760   0.00214940
  0.16815120   0.00221280
  0.16832400   0.00227860
  0.16849580   0.00234690
  0.16866670   0.00241760
  0.16883650   0.00249070
  0.16900520   0.00256620
  0.16917290   0.00264420
  0.16933940   0.00272450
  0.16950480   0.00280710
  0.16966900   0.00289220
  0.16983190   0.00297950
  0.16999360   0.00306910
  0.17015400   0.00316110
  0.17031310   0.00325530
  0.17047080   0.00335170
  0.17062720   0.00345040
  0.17078210   0.00355130
  0.17093550   0.00365440
  0.17108750   0.00375970
  0.17123800   0.00386710
  0.17138690   0.00397670
  0.17153430   0.00408830
  0.17168000   0.00420210
  0.17182420   0.00431790
  0.17196660   0.00443570
  0.17210740   0.00455560
  0.17224640   0.00467740
  0.17238370   0.00480120
  0.17251930   0.00492700
  0.17265300   0.00505470
  0.17278490   0.00518420
  0.17291490   0.00531560
  0.17304310   0.00544890
  0.17316940   0.00558390
  0.17329370   0.00572080
  0.17341600   0.00585940
  0.17353640   0.00599970
  0.17365480   0.00614170
  0.17377110   0.00628540
  0.17388540   0.00643080
  0.17399760   0.00657770
  0.17410770   0.00672620
  0.17421570   0.00687630
  0.17432150   0.00702790
  0.17442520   0.00718100
  0.17452670   0.00733550
  0.17462600   0.00749150
  0.17472300   0.00764890
  0.17481780   0.00780760
  0.17491030   0.00796770
  0.17500060   0.00812900
  0.17508850   0.00829160
  0.17517410   0.00845550
  0.17525740   0.00862060
  0.17533830   0.00878680
  0.17541690   0.00895420
  0.17549300   0.00912260
  0.17556680   0.00929220
  0.17563810   0.00946270
  0.17570700   0.00963430
  0.17577350   0.00980680
  0.17583750   0.00998030
  0.17589900   0.01015460
  0.17595810   0.01032980
  0.17601460   0.01050580
  0.17606870   0.01068270
  0.17612020   0.01086020
  0.17616920   0.01103850
  0.17621560   0.01121750
  0.17625950   0.01139700
  0.17630080   0.01157730
  0.17633960   0.01175800
  0.17637580   0.01193930
  0.17640940   0.01212110
  0.17644040   0.01230340
  0.17646890   0.01248610
  0.17649470   0.01266910
  0.17651790   0.01285260
  0.17653850   0.01303630
  0.17655650   0.01322030
  0.17657190   0.01340450
  0.17657330   0.01342370
  0.17657480   0.01344290
  0.17657620   0.01346210
  0.17657770   0.01348130
  0.17657910   0.01350050
  0.17658050   0.01351970
  0.17658200   0.01353890
  0.17658340   0.01355810
  0.17658490   0.01357730
  0.17658630   0.01359650
  0.17658770   0.01361560
  0.17658920   0.01363480
  0.17659060   0.01365400
  0.17659210   0.01367320
  0.17659350   0.01369240
  0.17659500   0.01371160
  0.17659640   0.01373080
  0.17659780   0.01375000
  0.17659930   0.01376920
  0.17660070   0.01378840
  0.17660220   0.01380760
  0.17660360   0.01382670
  0.17660500   0.01384590
  0.17660650   0.01386510
  0.17660790   0.01388430
  0.17660940   0.01390350
  0.17661080   0.01392270
  0.17661220   0.01394190
  0.17661370   0.01396110
  0.17661510   0.01398030
  0.17661660   0.01399950
  0.17661800   0.01401870
  0.17661950   0.01403780
  0.17662090   0.01405700
  0.17662230   0.01407620
  0.17662380   0.01409540
  0.17662520   0.01411460
  0.17662670   0.01413380
  0.17662810   0.01415300
  0.17662950   0.01417220
  0.17663100   0.01419140
  0.17663240   0.01421060
  0.17663390   0.01422980
  0.17663530   0.01424890
  0.17663670   0.01426810
  0.17663820   0.01428730
  0.17663960   0.01430650
  0.17664110   0.01432570
  0.17664250   0.01434490
  0.17664400   0.01436410
  0.17664540   0.01438330
  0.17664680   0.01440250
  0.17664830   0.01442170
  0.17664970   0.01444090
  0.17665120   0.01446000
  0.17665260   0.01447920
  0.17665400   0.01449840
  0.17665550   0.01451760
  0.17665690   0.01453680
  0.17665840   0.01455600
  0.17665980   0.01457520
  0.17666120   0.01459440
  0.17666270   0.01461360
  0.17666410   0.01463280
  0.17666560   0.01465200
  0.17666700   0.01467110
  0.17666850   0.01469030
  0.17666990   0.01470950
  0.17667130   0.01472870
  0.17667280   0.01474790
  0.17667420   0.01476710
  0.17667570   0.01478630
  0.17667710   0.01480550
  0.17667850   0.01482470
  0.17668000   0.01484390
  0.17668140   0.01486310
  0.17668290   0.01488220
  0.17668430   0.01490140
  0.17668570   0.01492060
  0.17668720   0.01493980
  0.17668860   0.01495900
  0.17669010   0.01497820
  0.17669150   0.01499740
  0.17669300   0.01501660
  0.17669440   0.01503580
  0.17669580   0.01505500
  0.17669730   0.01507420
  0.17669870   0.01509330
  0.17670020   0.01511250
  0.17670160   0.01513170
  0.17670300   0.01515090
  0.17670450   0.01517010
  0.17670590   0.01518930
  0.17670740   0.01520850
  0.17670880   0.01522770
  0.17671020   0.01524690
  0.17671170   0.01526610
  0.17671310   0.01528530
  0.17671460   0.01530440
  0.17671600   0.01532360
  0.17671750   0.01534280
  0.17671890   0.01536200
  0.17672030   0.01538120
  0.17672180   0.01540040
  0.17672320   0.01541960
  0.17672470   0.01543880
  0.17672610   0.01545800
  0.17672750   0.01547720
  0.17672900   0.01549640
  0.17673040   0.01551550
  0.17673190   0.01553470
  0.17673330   0.01555390
  0.17673470   0.01557310
  0.17673620   0.01559230
  0.17673760   0.01561150
  0.17673910   0.01563070
  0.17674050   0.01564990
  0.17674190   0.01566910
  0.17674340   0.01568830
  0.17674480   0.01570750
  0.17674630   0.01572660
  0.17674770   0.01574580
  0.17674920   0.01576500
  0.17675060   0.01578420
  0.17675200   0.01580340
  0.17675350   0.01582260
  0.17675490   0.01584180
  0.17675640   0.01586100
  0.17675780   0.01588020
  0.17675920   0.01589940
  0.17676070   0.01591860
  0.17676210   0.01593770
  0.17676360   0.01595690
  0.17676500   0.01597610
  0.17676640   0.01599530
  0.17676790   0.01601450
  0.17676930   0.01603370
  0.17677080   0.01605290
  0.17677220   0.01607210
  0.17677370   0.01609130
  0.17677510   0.01611050
  0.17677650   0.01612970
  0.17677800   0.01614880
  0.17677940   0.01616800
  0.17678090   0.01618720
  0.17678230   0.01620640
  0.17678370   0.01622560
  0.17678520   0.01624480
  0.17678660   0.01626400
  0.17678810   0.01628320
  0.17678950   0.01630240
  0.17679090   0.01632160
  0.17679240   0.01634080
  0.17679380   0.01635990
  0.17679530   0.01637910
  0.17679670   0.01639830
  0.17679820   0.01641750
  0.17679960   0.01643670
  0.17680100   0.01645590
  0.17680250   0.01647510
  0.17680390   0.01649430
  0.17680540   0.01651350
  0.17680680   0.01653270
  0.17680820   0.01655190
  0.17680970   0.01657100
  0.17681110   0.01659020
  0.17681260   0.01660940
  0.17681400   0.01662860
  0.17681540   0.01664780
  0.17681690   0.01666700
  0.17681830   0.01668620
  0.17681980   0.01670540
  0.17682120   0.01672460
  0.17682270   0.01674380
  0.17682410   0.01676300
  0.17682550   0.01678210
  0.17682700   0.01680130
  0.17682840   0.01682050
  0.17682990   0.01683970
  0.17683130   0.01685890
  0.17683270   0.01687810
  0.17683420   0.01689730
  0.17683560   0.01691650
  0.17683710   0.01693570
  0.17683850   0.01695490
  0.17683990   0.01697410
  0.17684140   0.01699320
  0.17684280   0.01701240
  0.17684430   0.01703160
  0.17684570   0.01705080
  0.17684720   0.01707000
  0.17684860   0.01708920
  0.17685000   0.01710840
  0.17685150   0.01712760
  0.17685290   0.01714680
  0.17685440   0.01716600
  0.17685580   0.01718520
  0.17685720   0.01720430
  0.17685870   0.01722350
  0.17686010   0.01724270
  0.17686160   0.01726190
  0.17686300   0.01728110
  0.17686440   0.01730030
  0.17686590   0.01731950
  0.17686730   0.01733870
  0.17686880   0.01735790
  0.17687020   0.01737710
  0.17687170   0.01739630
  0.17687310   0.01741540
  0.17687450   0.01743460
  0.17687600   0.01745380
  0.17687740   0.01747300
  0.17687890   0.01749220
  0.17688030   0.01751140
  0.17688170   0.01753060
  0.17688320   0.01754980
  0.17688460   0.01756900
  0.17688610   0.01758820
  0.17688750   0.01760740
  0.17688890   0.01762650
  0.17689040   0.01764570
  0.17689180   0.01766490
  0.17689330   0.01768410
  0.17689470   0.01770330
  0.17689610   0.01772250
  0.17689760   0.01774170
  0.17689900   0.01776090
  0.17690050   0.01778010
  0.17690190   0.01779930
  0.17690340   0.01781850
  0.17690480   0.01783760
  0.17690620   0.01785680
  0.17690770   0.01787600
  0.17690910   0.01789520
  0.17691060   0.01791440
  0.17691200   0.01793360
  0.17691340   0.01795280
  0.17691490   0.01797200
  0.17691630   0.01799120
  0.17691780   0.01801040
  0.17691920   0.01802960
  0.17692060   0.01804870
  0.17692210   0.01806790
  0.17692350   0.01808710
  0.17692500   0.01810630
  0.17692640   0.01812550
  0.17692790   0.01814470
  0.17692930   0.01816390
  0.17693070   0.01818310
  0.17693220   0.01820230
  0.17693360   0.01822150
  0.17693510   0.01824070
  0.17693650   0.01825980
  0.17693790   0.01827900
  0.17693940   0.01829820
  0.17694080   0.01831740
  0.17694230   0.01833660
  0.17694370   0.01835580
  0.17694510   0.01837500
  0.17694660   0.01839420
  0.17694800   0.01841340
  0.17694950   0.01843260
  0.17695090   0.01845180
  0.17695240   0.01847090
  0.17695380   0.01849010
  0.17695520   0.01850930
  0.17695670   0.01852850
  0.17695810   0.01854770
  0.17695960   0.01856690
  0.17696100   0.01858610
  0.17696240   0.01860530
  0.17696390   0.01862450
  0.17696530   0.01864370
  0.17696680   0.01866290
  0.17696820   0.01868200
  0.17696960   0.01870120
  0.17697110   0.01872040
  0.17697250   0.01873960
  0.17697400   0.01875880
  0.17697540   0.01877800
  0.17697690   0.01879720
  0.17697830   0.01881640
  0.17697970   0.01883560
  0.17698120   0.01885480
  0.17698260   0.01887400
  0.17698410   0.01889310
  0.17698550   0.01891230
  0.17698690   0.01893150
  0.17698840   0.01895070
  0.17698980   0.01896990
  0.17699130   0.01898910
  0.17699270   0.01900830
  0.17699410   0.01902750
  0.17699560   0.01904670
  0.17699700   0.01906590
  0.17699850   0.01908510
  0.17699990   0.01910420
  0.17700140   0.01912340
  0.17700280   0.01914260
  0.17700420   0.01916180
  0.17700570   0.01918100
  0.17700710   0.01920020
  0.17700860   0.01921940
  0.17701000   0.01923860
  0.17701140   0.01925780
  0.17701290   0.01927700
  0.17701430   0.01929620
  0.17701580   0.01931530
  0.17701720   0.01933450
  0.17701860   0.01935370
  0.17702010   0.01937290
  0.17702150   0.01939210
  0.17702300   0.01941130
  0.17702440   0.01943050
  0.17702580   0.01944970
  0.17702730   0.01946890
  0.17702870   0.01948810
  0.17703020   0.01950730
  0.17703160   0.01952640
  0.17703310   0.01954560
  0.17703450   0.01956480
  0.17703590   0.01958400
  0.17703740   0.01960320
  0.17703880   0.01962240
  0.17704030   0.01964160
  0.17704170   0.01966080
  0.17704310   0.01968000
  0.17704460   0.01969920
  0.17704600   0.01971840
  0.17704750   0.01973750
  0.17704890   0.01975670
  0.17705030   0.01977590
  0.17705180   0.01979510
  0.17705320   0.01981430
  0.17705470   0.01983350
  0.17705610   0.01985270
  0.17705760   0.01987190
  0.17705900   0.01989110
  0.17706040   0.01991030
  0.17706190   0.01992950
  0.17706330   0.01994860
  0.17706480   0.01996780
  0.17706620   0.01998700
  0.17706760   0.02000620
  0.17706910   0.02002540
  0.17707050   0.02004460
  0.17707200   0.02006380
  0.17707340   0.02008300
  0.17707480   0.02010220
  0.17707630   0.02012140
  0.17707770   0.02014060
  0.17707920   0.02015970
  0.17708060   0.02017890
  0.17708210   0.02019810
  0.17708350   0.02021730
  0.17708490   0.02023650
  0.17708640   0.02025570
  0.17708780   0.02027490
  0.17708930   0.02029410
  0.17709070   0.02031330
  0.17709210   0.02033250
  0.17709360   0.02035170
  0.17709500   0.02037080
  0.17709650   0.02039000
  0.17709790   0.02040920
  0.17709930   0.02042840
  0.17710080   0.02044760
  0.17710220   0.02046680
  0.17710370   0.02048600
  0.17710510   0.02050520
  0.17710660   0.02052440
  0.17710800   0.02054360
  0.17710940   0.02056280
  0.17711090   0.02058190
  0.17711230   0.02060110
  0.17711380   0.02062030
  0.17711520   0.02063950
  0.17711660   0.02065870
  0.17711810   0.02067790
  0.17711950   0.02069710
  0.17712100   0.02071630
  0.17712240   0.02073550
  0.17712380   0.02075470
  0.17712530   0.02077390
  0.17712670   0.02079300
  0.17712820   0.02081220
  0.17712960   0.02083140
  0.17713110   0.02085060
  0.17713250   0.02086980
  0.17713390   0.02088900
  0.17713540   0.02090820
  0.17713680   0.02092740
  0.17713830   0.02094660
  0.17713970   0.02096580
  0.17714110   0.02098500
  0.17714260   0.02100410
  0.17714400   0.02102330
  0.17714550   0.02104250
  0.17714690   0.02106170
  0.17714830   0.02108090
  0.17714980   0.02110010
  0.17715120   0.02111930
  0.17715270   0.02113850
  0.17715410   0.02115770
  0.17715560   0.02117690
  0.17715700   0.02119610
  0.17715840   0.02121520
  0.17715990   0.02123440
  0.17716130   0.02125360
  0.17716280   0.02127280
  0.17716420   0.02129200
  0.17716560   0.02131120
  0.17716710   0.02133040
  0.17716850   0.02134960
  0.17717000   0.02136880
  0.17717140   0.02138800
  0.17717280   0.02140720
  0.17717430   0.02142630
  0.17717570   0.02144550
  0.17717720   0.02146470
  0.17717860   0.02148390
  0.17718000   0.02150310
  0.17718150   0.02152230
  0.17718290   0.02154150
  0.17718440   0.02156070
  0.17718580   0.02157990
  0.17718730   0.02159910
  0.17718870   0.02161830
  0.17719010   0.02163740
  0.17719160   0.02165660
  0.17719300   0.02167580
  0.17719450   0.02169500
  0.17719590   0.02171420
  0.17719730   0.02173340
  0.17719880   0.02175260
  0.17720020   0.02177180
  0.17720170   0.02179100
  0.17720310   0.02181020
  0.17720450   0.02182940
  0.17720600   0.02184850
  0.17720740   0.02186770
  0.17720890   0.02188690
  0.17721030   0.02190610
  0.17721180   0.02192530
  0.17721320   0.02194450
  0.17721460   0.02196370
  0.17721610   0.02198290
  0.17721750   0.02200210
  0.17721900   0.02202130
  0.17722040   0.02204050
  0.17722180   0.02205960
  0.17722330   0.02207880
  0.17722470   0.02209800
  0.17722620   0.02211720
  0.17722760   0.02213640
  0.17722900   0.02215560
  0.17723050   0.02217480
  0.17723190   0.02219400
  0.17723340   0.02221320
  0.17723480   0.02223240
  0.17723630   0.02225160
  0.17723770   0.02227070
  0.17723910   0.02228990
  0.17724060   0.02230910
  0.17724200   0.02232830
  0.17724350   0.02234750
  0.17724490   0.02236670
  0.17724630   0.02238590
  0.17724780   0.02240510
  0.17724920   0.02242430
  0.17725070   0.02244350
  0.17725210   0.02246270
  0.17725350   0.02248180
  0.17725500   0.02250100
  0.17725640   0.02252020
  0.17725790   0.02253940
  0.17725930   0.02255860
  0.17726080   0.02257780
  0.17726220   0.02259700
  0.17726360   0.02261620
  0.17726510   0.02263540
  0.17726650   0.02265460
  0.17726800   0.02267380
  0.17726940   0.02269290
  0.17727080   0.02271210
  0.17727230   0.02273130
  0.17727370   0.02275050
  0.17727520   0.02276970
  0.17727660   0.02278890
  0.17727800   0.02280810
  0.17727950   0.02282730
  0.17728090   0.02284650
  0.17728240   0.02286570
  0.17728380   0.02288490
  0.17728530   0.02290400
  0.17728670   0.02292320
  0.17728810   0.02294240
  0.17728960   0.02296160
  0.17729100   0.02298080
  0.17729250   0.02300000
