 -0.02338191   0.02300000
 -0.02337731   0.02281520
 -0.02337271   0.02263030
 -0.02336801   0.02244550
 -0.02336341   0.02226070
 -0.02335881   0.02207590
 -0.02335421   0.02189100
 -0.02334961   0.02170620
 -0.02334501   0.02152140
 -0.02334041   0.02133660
 -0.02333571   0.02115170
 -0.02333111   0.02096690
 -0.02332651   0.02078210
 -0.02332191   0.02059720
 -0.02331731   0.02041240
 -0.02331271   0.02022760
 -0.02330811   0.02004280
 -0.02330341   0.01985790
 -0.02329881   0.01967310
 -0.02329421   0.01948830
 -0.02328961   0.01930350
 -0.02328501   0.01911860
 -0.02328041   0.01893380
 -0.02327581   0.01874900
 -0.02327111   0.01856410
 -0.02326651   0.01837930
 -0.02326191   0.01819450
 -0.02325731   0.01800970
 -0.02325271   0.01782480
 -0.02324811   0.01764000
 -0.02324341   0.01745520
 -0.02323881   0.01727040
 -0.02323421   0.01708550
 -0.02322961   0.01690070
 -0.02322501   0.01671590
 -0.02322041   0.01653100
 -0.02321581   0.01634620
 -0.02321111   0.01616140
 -0.02320651   0.01597660
 -0.02320191   0.01579170
 -0.02319731   0.01560690
 -0.02319271   0.01542210
 -0.02318811   0.01523730
 -0.02318271   0.01505240
 -0.02317491   0.01486770
 -0.02316441   0.01468310
 -0.02315121   0.01449870
 -0.02313551   0.01431450
 -0.02311711   0.01413060
 -0.02309611   0.01394690
 -0.02307251   0.01376350
 -0.02304631   0.01358050
 -0.02301751   0.01339780
 -0.02298611   0.01321560
 -0.02295221   0.01303390
 -0.02291561   0.01285270
 -0.02287651   0.01267200
 -0.02283471   0.01249190
 -0.02279051   0.01231240
 -0.02274371   0.01213350
 -0.02269431   0.01195530
 -0.02264251   0.01177790
 -0.02258811   0.01160120
 -0.02253121   0.01142530
 -0.02247181   0.01125020
 -0.02240991   0.01107600
 -0.02234551   0.01090260
 -0.02227871   0.01073020
 -0.02220951   0.01055880
 -0.02213781   0.01038840
 -0.02206371   0.01021900
 -0.02198721   0.01005070
 -0.02190831   0.00988350
 -0.02182701   0.00971740
 -0.02174341   0.00955250
 -0.02165751   0.00938890
 -0.02156921   0.00922640
 -0.02147861   0.00906520
 -0.02138581   0.00890530
 -0.02129061   0.00874680
 -0.02119331   0.00858960
 -0.02109371   0.00843390
 -0.02099191   0.00827950
 -0.02088791   0.00812670
 -0.02078181   0.00797530
 -0.02067351   0.00782540
 -0.02056311   0.00767710
 -0.02045061   0.00753040
 -0.02033601   0.00738530
 -0.02021941   0.00724190
 -0.02010071   0.00710010
 -0.01998011   0.00696000
 -0.01985741   0.00682160
 -0.01973281   0.00668510
 -0.01960631   0.00655020
 -0.01947791   0.00641730
 -0.01934751   0.00628610
 -0.01921541   0.00615680
 -0.01908141   0.00602940
 -0.01894561   0.00590390
 -0.01880811   0.00578040
 -0.01866881   0.00565880
 -0.01852771   0.00553930
 -0.01838501   0.00542170
 -0.01824071   0.00530620
 -0.01809471   0.00519280
 -0.01794711   0.00508140
 -0.01779801   0.00497220
 -0.01764731   0.00486500
 -0.01749511   0.00476010
 -0.01734141   0.00465730
 -0.01718631   0.00455670
 -0.01702971   0.00445830
 -0.01687181   0.00436220
 -0.01671251   0.00426830
 -0.01655201   0.00417670
 -0.01639011   0.00408740
 -0.01622691   0.00400040
 -0.01606261   0.00391570
 -0.01589711   0.00383340
 -0.01573041   0.00375340
 -0.01556251   0.00367580
 -0.01539361   0.00360060
 -0.01522371   0.00352780
 -0.01505271   0.00345750
 -0.01488081   0.00338950
 -0.01470791   0.00332410
 -0.01453401   0.00326110
 -0.01435931   0.00320050
 -0.01418381   0.00314250
 -0.01400751   0.00308700
 -0.01383031   0.00303400
 -0.01365251   0.00298350
 -0.01347391   0.00293550
 -0.01329491   0.00288920
 -0.01311581   0.00284340
 -0.01293661   0.00279800
 -0.01275731   0.00275290
 -0.01257791   0.00270830
 -0.01239831   0.00266410
 -0.01221871   0.00262040
 -0.01203901   0.00257700
 -0.01185921   0.00253410
 -0.01167921   0.00249150
 -0.01149921   0.00244940
 -0.01131911   0.00240770
 -0.01113891   0.00236640
 -0.01095861   0.00232560
 -0.01077811   0.00228510
 -0.01059761   0.00224510
 -0.01041711   0.00220550
 -0.01023641   0.00216630
 -0.01005561   0.00212750
 -0.00987471   0.00208920
 -0.00969381   0.00205120
 -0.00951281   0.00201370
 -0.00933161   0.00197660
 -0.00915041   0.00193990
 -0.00896911   0.00190360
 -0.00878781   0.00186780
 -0.00860631   0.00183240
 -0.00842481   0.00179740
 -0.00824311   0.00176280
 -0.00806141   0.00172860
 -0.00787971   0.00169480
 -0.00769781   0.00166150
 -0.00751591   0.00162860
 -0.00733391   0.00159610
 -0.00715181   0.00156400
 -0.00696961   0.00153240
 -0.00678741   0.00150120
 -0.00660511   0.00147040
 -0.00642271   0.00144000
 -0.00624031   0.00141000
 -0.00605781   0.00138050
 -0.00587521   0.00135140
 -0.00569251   0.00132270
 -0.00550981   0.00129440
 -0.00532711   0.00126650
 -0.00514421   0.00123910
 -0.00496131   0.00121210
 -0.00477841   0.00118550
 -0.00459531   0.00115940
 -0.00441221   0.00113360
 -0.00422911   0.00110830
 -0.00404591   0.00108340
 -0.00386261   0.00105900
 -0.00367931   0.00103490
 -0.00349601   0.00101130
 -0.00331251   0.00098810
 -0.00312911   0.00096530
 -0.00294551   0.00094300
 -0.00276201   0.00092100
 -0.00257831   0.00089950
 -0.00239461   0.00087850
 -0.00221091   0.00085780
 -0.00202711   0.00083760
 -0.00184331   0.00081780
 -0.00165941   0.00079840
 -0.00147551   0.00077950
 -0.00129161   0.00076090
 -0.00110761   0.00074280
 -0.00092361   0.00072520
 -0.00073951   0.00070790
 -0.00055541   0.00069110
 -0.00037121   0.00067470
 -0.00018701   0.00065870
 -0.00000281   0.00064320
  0.00018149   0.00062800
  0.00036579   0.00061330
  0.00055009   0.00059910
  0.00073449   0.00058520
  0.00091889   0.00057180
  0.00110329   0.00055880
  0.00128779   0.00054620
  0.00147229   0.00053410
  0.00165679   0.00052240
  0.00184129   0.00051110
  0.00202589   0.00050030
  0.00221049   0.00048970
  0.00239499   0.00047920
  0.00257959   0.00046880
  0.00276419   0.00045860
  0.00294879   0.00044840
  0.00313349   0.00043840
  0.00331809   0.00042840
  0.00350269   0.00041860
  0.00368729   0.00040890
  0.00387199   0.00039930
  0.00405659   0.00038980
  0.00424129   0.00038050
  0.00442589   0.00037120
  0.00461059   0.00036210
  0.00479519   0.00035300
  0.00497989   0.00034410
  0.00516459   0.00033530
  0.00534929   0.00032670
  0.00553389   0.00031810
  0.00571859   0.00030960
  0.00590329   0.00030130
  0.00608799   0.00029310
  0.00627269   0.00028500
  0.00645749   0.00027700
  0.00664219   0.00026910
  0.00682689   0.00026130
  0.00701159   0.00025360
  0.00719629   0.00024610
  0.00738109   0.00023870
  0.00756579   0.00023130
  0.00775059   0.00022410
  0.00793529   0.00021710
  0.00812009   0.00021010
  0.00830479   0.00020320
  0.00848959   0.00019650
  0.00867439   0.00018980
  0.00885909   0.00018330
  0.00904389   0.00017690
  0.00922869   0.00017060
  0.00941349   0.00016440
  0.00959819   0.00015840
  0.00978299   0.00015240
  0.00996779   0.00014660
  0.01015259   0.00014090
  0.01033739   0.00013530
  0.01052219   0.00012980
  0.01070699   0.00012440
  0.01089179   0.00011910
  0.01107669   0.00011400
  0.01126149   0.00010890
  0.01144629   0.00010400
  0.01163109   0.00009920
  0.01181589   0.00009450
  0.01200079   0.00008990
  0.01218559   0.00008540
  0.01237039   0.00008110
  0.01255529   0.00007680
  0.01274009   0.00007270
  0.01292489   0.00006870
  0.01310979   0.00006480
  0.01329459   0.00006100
  0.01347949   0.00005740
  0.01366429   0.00005380
  0.01384919   0.00005030
  0.01403399   0.00004700
  0.01421889   0.00004380
  0.01440379   0.00004070
  0.01458859   0.00003770
  0.01477349   0.00003480
  0.01495829   0.00003210
  0.01514319   0.00002940
  0.01532809   0.00002690
  0.01551289   0.00002450
  0.01569779   0.00002220
  0.01588269   0.00002000
  0.01606759   0.00001790
  0.01625239   0.00001590
  0.01643729   0.00001410
  0.01662219   0.00001240
  0.01680709   0.00001070
  0.01699189   0.00000920
  0.01717679   0.00000780
  0.01736169   0.00000660
  0.01754659   0.00000540
  0.01773149   0.00000430
  0.01791629   0.00000340
  0.01810119   0.00000260
  0.01828609   0.00000190
  0.01847099   0.00000130
  0.01865589   0.00000080
  0.01884079   0.00000040
  0.01902569   0.00000020
  0.01921049  -0.00000000
  0.01939539  -0.00000000
  0.01958029   0.00000010
  0.01976519   0.00000030
  0.01995009   0.00000060
  0.02013499   0.00000100
  0.02031979   0.00000160
  0.02050469   0.00000220
  0.02068959   0.00000300
  0.02087449   0.00000390
  0.02105939   0.00000490
  0.02124429   0.00000600
  0.02142909   0.00000720
  0.02161399   0.00000860
  0.02179889   0.00001000
  0.02198379   0.00001190
  0.02216859   0.00001420
  0.02235349   0.00001700
  0.02253839   0.00002020
  0.02272319   0.00002380
  0.02290809   0.00002780
  0.02309289   0.00003230
  0.02327769   0.00003720
  0.02346249   0.00004250
  0.02364729   0.00004830
  0.02383209   0.00005440
  0.02401689   0.00006100
  0.02420159   0.00006810
  0.02438629   0.00007550
  0.02457109   0.00008340
  0.02475579   0.00009170
  0.02494039   0.00010050
  0.02512509   0.00010960
  0.02530969   0.00011920
  0.02549429   0.00012920
  0.02567889   0.00013970
  0.02586349   0.00015060
  0.02604799   0.00016190
  0.02623249   0.00017360
  0.02641699   0.00018570
  0.02660149   0.00019830
  0.02678589   0.00021130
  0.02697029   0.00022470
  0.02715469   0.00023860
  0.02733899   0.00025290
  0.02752329   0.00026760
  0.02770759   0.00028270
  0.02789179   0.00029830
  0.02807599   0.00031430
  0.02826019   0.00033070
  0.02844429   0.00034750
  0.02862829   0.00036480
  0.02881239   0.00038250
  0.02899639   0.00040060
  0.02918029   0.00041910
  0.02936419   0.00043810
  0.02954809   0.00045750
  0.02973189   0.00047730
  0.02991569   0.00049750
  0.03009939   0.00051820
  0.03028309   0.00053930
  0.03046669   0.00056080
  0.03065029   0.00058270
  0.03083379   0.00060510
  0.03101729   0.00062790
  0.03120069   0.00065110
  0.03138409   0.00067470
  0.03156739   0.00069880
  0.03175069   0.00072320
  0.03193389   0.00074810
  0.03211699   0.00077350
  0.03230009   0.00079920
  0.03248309   0.00082540
  0.03266609   0.00085200
  0.03284899   0.00087900
  0.03303179   0.00090640
  0.03321459   0.00093430
  0.03339729   0.00096260
  0.03357989   0.00099130
  0.03376249   0.00102040
  0.03394499   0.00105000
  0.03412749   0.00108000
  0.03430979   0.00111040
  0.03449209   0.00114120
  0.03467439   0.00117240
  0.03485649   0.00120410
  0.03503859   0.00123610
  0.03522059   0.00126860
  0.03540249   0.00130160
  0.03558439   0.00133490
  0.03576619   0.00136870
  0.03594789   0.00140290
  0.03612949   0.00143750
  0.03631099   0.00147250
  0.03649249   0.00150790
  0.03667379   0.00154380
  0.03685509   0.00158000
  0.03703629   0.00161670
  0.03721749   0.00165390
  0.03739839   0.00169200
  0.03757869   0.00173270
  0.03775849   0.00177590
  0.03793759   0.00182170
  0.03811609   0.00187000
  0.03829379   0.00192090
  0.03847079   0.00197430
  0.03864709   0.00203010
  0.03882249   0.00208850
  0.03899709   0.00214940
  0.03917069   0.00221280
  0.03934349   0.00227860
  0.03951529   0.00234690
  0.03968619   0.00241760
  0.03985599   0.00249070
  0.04002469   0.00256620
  0.04019239   0.00264420
  0.04035889   0.00272450
  0.04052429   0.00280710
  0.04068849   0.00289220
  0.04085139   0.00297950
  0.04101309   0.00306910
  0.04117349   0.00316110
  0.04133259   0.00325530
  0.04149029   0.00335170
  0.04164669   0.00345040
  0.04180159   0.00355130
  0.04195499   0.00365440
  0.04210699   0.00375970
  0.04225749   0.00386710
  0.04240639   0.00397670
  0.04255379   0.00408830
  0.04269949   0.00420210
  0.04284369   0.00431790
  0.04298609   0.00443570
  0.04312689   0.00455560
  0.04326589   0.00467740
  0.04340319   0.00480120
  0.04353879   0.00492700
  0.04367249   0.00505470
  0.04380439   0.00518420
  0.04393439   0.00531560
  0.04406259   0.00544890
  0.04418889   0.00558390
  0.04431319   0.00572080
  0.04443549   0.00585940
  0.04455589   0.00599970
  0.04467429   0.00614170
  0.04479059   0.00628540
  0.04490489   0.00643080
  0.04501709   0.00657770
  0.04512719   0.00672620
  0.04523519   0.00687630
  0.04534099   0.00702790
  0.04544469   0.00718100
  0.04554619   0.00733550
  0.04564549   0.00749150
  0.04574249   0.00764890
  0.04583729   0.00780760
  0.04592979   0.00796770
  0.04602009   0.00812900
  0.04610799   0.00829160
  0.04619359   0.00845550
  0.04627689   0.00862060
  0.04635779   0.00878680
  0.04643639   0.00895420
  0.04651249   0.00912260
  0.04658629   0.00929220
  0.04665759   0.00946270
  0.04672649   0.00963430
  0.04679299   0.00980680
  0.04685699   0.00998030
  0.04691849   0.01015460
  0.04697759   0.01032980
  0.04703409   0.01050580
  0.04708819   0.01068270
  0.04713969   0.01086020
  0.04718869   0.01103850
  0.04723509   0.01121750
  0.04727899   0.01139700
  0.04732029   0.01157730
  0.04735909   0.01175800
  0.04739529   0.01193930
  0.04742889   0.01212110
  0.04745989   0.01230340
  0.04748839   0.01248610
  0.04751419   0.01266910
  0.04753739   0.01285260
  0.04755799   0.01303630
  0.04757599   0.01322030
  0.04759139   0.01340450
  0.04759279   0.01342370
  0.04759429   0.01344290
  0.04759569   0.01346210
  0.04759719   0.01348130
  0.04759859   0.01350050
  0.04759999   0.01351970
  0.04760149   0.01353890
  0.04760289   0.01355810
  0.04760439   0.01357730
  0.04760579   0.01359650
  0.04760719   0.01361560
  0.04760869   0.01363480
  0.04761009   0.01365400
  0.04761159   0.01367320
  0.04761299   0.01369240
  0.04761449   0.01371160
  0.04761589   0.01373080
  0.04761729   0.01375000
  0.04761879   0.01376920
  0.04762019   0.01378840
  0.04762169   0.01380760
  0.04762309   0.01382670
  0.04762449   0.01384590
  0.04762599   0.01386510
  0.04762739   0.01388430
  0.04762889   0.01390350
  0.04763029   0.01392270
  0.04763169   0.01394190
  0.04763319   0.01396110
  0.04763459   0.01398030
  0.04763609   0.01399950
  0.04763749   0.01401870
  0.04763899   0.01403780
  0.04764039   0.01405700
  0.04764179   0.01407620
  0.04764329   0.01409540
  0.04764469   0.01411460
  0.04764619   0.01413380
  0.04764759   0.01415300
  0.04764899   0.01417220
  0.04765049   0.01419140
  0.04765189   0.01421060
  0.04765339   0.01422980
  0.04765479   0.01424890
  0.04765619   0.01426810
  0.04765769   0.01428730
  0.04765909   0.01430650
  0.04766059   0.01432570
  0.04766199   0.01434490
  0.04766349   0.01436410
  0.04766489   0.01438330
  0.04766629   0.01440250
  0.04766779   0.01442170
  0.04766919   0.01444090
  0.04767069   0.01446000
  0.04767209   0.01447920
  0.04767349   0.01449840
  0.04767499   0.01451760
  0.04767639   0.01453680
  0.04767789   0.01455600
  0.04767929   0.01457520
  0.04768069   0.01459440
  0.04768219   0.01461360
  0.04768359   0.01463280
  0.04768509   0.01465200
  0.04768649   0.01467110
  0.04768799   0.01469030
  0.04768939   0.01470950
  0.04769079   0.01472870
  0.04769229   0.01474790
  0.04769369   0.01476710
  0.04769519   0.01478630
  0.04769659   0.01480550
  0.04769799   0.01482470
  0.04769949   0.01484390
  0.04770089   0.01486310
  0.04770239   0.01488220
  0.04770379   0.01490140
  0.04770519   0.01492060
  0.04770669   0.01493980
  0.04770809   0.01495900
  0.04770959   0.01497820
  0.04771099   0.01499740
  0.04771249   0.01501660
  0.04771389   0.01503580
  0.04771529   0.01505500
  0.04771679   0.01507420
  0.04771819   0.01509330
  0.04771969   0.01511250
  0.04772109   0.01513170
  0.04772249   0.01515090
  0.04772399   0.01517010
  0.04772539   0.01518930
  0.04772689   0.01520850
  0.04772829   0.01522770
  0.04772969   0.01524690
  0.04773119   0.01526610
  0.04773259   0.01528530
  0.04773409   0.01530440
  0.04773549   0.01532360
  0.04773699   0.01534280
  0.04773839   0.01536200
  0.04773979   0.01538120
  0.04774129   0.01540040
  0.04774269   0.01541960
  0.04774419   0.01543880
  0.04774559   0.01545800
  0.04774699   0.01547720
  0.04774849   0.01549640
  0.04774989   0.01551550
  0.04775139   0.01553470
  0.04775279   0.01555390
  0.04775419   0.01557310
  0.04775569   0.01559230
  0.04775709   0.01561150
  0.04775859   0.01563070
  0.04775999   0.01564990
  0.04776139   0.01566910
  0.04776289   0.01568830
  0.04776429   0.01570750
  0.04776579   0.01572660
  0.04776719   0.01574580
  0.04776869   0.01576500
  0.04777009   0.01578420
  0.04777149   0.01580340
  0.04777299   0.01582260
  0.04777439   0.01584180
  0.04777589   0.01586100
  0.04777729   0.01588020
  0.04777869   0.01589940
  0.04778019   0.01591860
  0.04778159   0.01593770
  0.04778309   0.01595690
  0.04778449   0.01597610
  0.04778589   0.01599530
  0.04778739   0.01601450
  0.04778879   0.01603370
  0.04779029   0.01605290
  0.04779169   0.01607210
  0.04779319   0.01609130
  0.04779459   0.01611050
  0.04779599   0.01612970
  0.04779749   0.01614880
  0.04779889   0.01616800
  0.04780039   0.01618720
  0.04780179   0.01620640
  0.04780319   0.01622560
  0.04780469   0.01624480
  0.04780609   0.01626400
  0.04780759   0.01628320
  0.04780899   0.01630240
  0.04781039   0.01632160
  0.04781189   0.01634080
  0.04781329   0.01635990
  0.04781479   0.01637910
  0.04781619   0.01639830
  0.04781769   0.01641750
  0.04781909   0.01643670
  0.04782049   0.01645590
  0.04782199   0.01647510
  0.04782339   0.01649430
  0.04782489   0.01651350
  0.04782629   0.01653270
  0.04782769   0.01655190
  0.04782919   0.01657100
  0.04783059   0.01659020
  0.04783209   0.01660940
  0.04783349   0.01662860
  0.04783489   0.01664780
  0.04783639   0.01666700
  0.04783779   0.01668620
  0.04783929   0.01670540
  0.04784069   0.01672460
  0.04784219   0.01674380
  0.04784359   0.01676300
  0.04784499   0.01678210
  0.04784649   0.01680130
  0.04784789   0.01682050
  0.04784939   0.01683970
  0.04785079   0.01685890
  0.04785219   0.01687810
  0.04785369   0.01689730
  0.04785509   0.01691650
  0.04785659   0.01693570
  0.04785799   0.01695490
  0.04785939   0.01697410
  0.04786089   0.01699320
  0.04786229   0.01701240
  0.04786379   0.01703160
  0.04786519   0.01705080
  0.04786669   0.01707000
  0.04786809   0.01708920
  0.04786949   0.01710840
  0.04787099   0.01712760
  0.04787239   0.01714680
  0.04787389   0.01716600
  0.04787529   0.01718520
  0.04787669   0.01720430
  0.04787819   0.01722350
  0.04787959   0.01724270
  0.04788109   0.01726190
  0.04788249   0.01728110
  0.04788389   0.01730030
  0.04788539   0.01731950
  0.04788679   0.01733870
  0.04788829   0.01735790
  0.04788969   0.01737710
  0.04789119   0.01739630
  0.04789259   0.01741540
  0.04789399   0.01743460
  0.04789549   0.01745380
  0.04789689   0.01747300
  0.04789839   0.01749220
  0.04789979   0.01751140
  0.04790119   0.01753060
  0.04790269   0.01754980
  0.04790409   0.01756900
  0.04790559   0.01758820
  0.04790699   0.01760740
  0.04790839   0.01762650
  0.04790989   0.01764570
  0.04791129   0.01766490
  0.04791279   0.01768410
  0.04791419   0.01770330
  0.04791559   0.01772250
  0.04791709   0.01774170
  0.04791849   0.01776090
  0.04791999   0.01778010
  0.04792139   0.01779930
  0.04792289   0.01781850
  0.04792429   0.01783760
  0.04792569   0.01785680
  0.04792719   0.01787600
  0.04792859   0.01789520
  0.04793009   0.01791440
  0.04793149   0.01793360
  0.04793289   0.01795280
  0.04793439   0.01797200
  0.04793579   0.01799120
  0.04793729   0.01801040
  0.04793869   0.01802960
  0.04794009   0.01804870
  0.04794159   0.01806790
  0.04794299   0.01808710
  0.04794449   0.01810630
  0.04794589   0.01812550
  0.04794739   0.01814470
  0.04794879   0.01816390
  0.04795019   0.01818310
  0.04795169   0.01820230
  0.04795309   0.01822150
  0.04795459   0.01824070
  0.04795599   0.01825980
  0.04795739   0.01827900
  0.04795889   0.01829820
  0.04796029   0.01831740
  0.04796179   0.01833660
  0.04796319   0.01835580
  0.04796459   0.01837500
  0.04796609   0.01839420
  0.04796749   0.01841340
  0.04796899   0.01843260
  0.04797039   0.01845180
  0.04797189   0.01847090
  0.04797329   0.01849010
  0.04797469   0.01850930
  0.04797619   0.01852850
  0.04797759   0.01854770
  0.04797909   0.01856690
  0.04798049   0.01858610
  0.04798189   0.01860530
  0.04798339   0.01862450
  0.04798479   0.01864370
  0.04798629   0.01866290
  0.04798769   0.01868200
  0.04798909   0.01870120
  0.04799059   0.01872040
  0.04799199   0.01873960
  0.04799349   0.01875880
  0.04799489   0.01877800
  0.04799639   0.01879720
  0.04799779   0.01881640
  0.04799919   0.01883560
  0.04800069   0.01885480
  0.04800209   0.01887400
  0.04800359   0.01889310
  0.04800499   0.01891230
  0.04800639   0.01893150
  0.04800789   0.01895070
  0.04800929   0.01896990
  0.04801079   0.01898910
  0.04801219   0.01900830
  0.04801359   0.01902750
  0.04801509   0.01904670
  0.04801649   0.01906590
  0.04801799   0.01908510
  0.04801939   0.01910420
  0.04802089   0.01912340
  0.04802229   0.01914260
  0.04802369   0.01916180
  0.04802519   0.01918100
  0.04802659   0.01920020
  0.04802809   0.01921940
  0.04802949   0.01923860
  0.04803089   0.01925780
  0.04803239   0.01927700
  0.04803379   0.01929620
  0.04803529   0.01931530
  0.04803669   0.01933450
  0.04803809   0.01935370
  0.04803959   0.01937290
  0.04804099   0.01939210
  0.04804249   0.01941130
  0.04804389   0.01943050
  0.04804529   0.01944970
  0.04804679   0.01946890
  0.04804819   0.01948810
  0.04804969   0.01950730
  0.04805109   0.01952640
  0.04805259   0.01954560
  0.04805399   0.01956480
  0.04805539   0.01958400
  0.04805689   0.01960320
  0.04805829   0.01962240
  0.04805979   0.01964160
  0.04806119   0.01966080
  0.04806259   0.01968000
  0.04806409   0.01969920
  0.04806549   0.01971840
  0.04806699   0.01973750
  0.04806839   0.01975670
  0.04806979   0.01977590
  0.04807129   0.01979510
  0.04807269   0.01981430
  0.04807419   0.01983350
  0.04807559   0.01985270
  0.04807709   0.01987190
  0.04807849   0.01989110
  0.04807989   0.01991030
  0.04808139   0.01992950
  0.04808279   0.01994860
  0.04808429   0.01996780
  0.04808569   0.01998700
  0.04808709   0.02000620
  0.04808859   0.02002540
  0.04808999   0.02004460
  0.04809149   0.02006380
  0.04809289   0.02008300
  0.04809429   0.02010220
  0.04809579   0.02012140
  0.04809719   0.02014060
  0.04809869   0.02015970
  0.04810009   0.02017890
  0.04810159   0.02019810
  0.04810299   0.02021730
  0.04810439   0.02023650
  0.04810589   0.02025570
  0.04810729   0.02027490
  0.04810879   0.02029410
  0.04811019   0.02031330
  0.04811159   0.02033250
  0.04811309   0.02035170
  0.04811449   0.02037080
  0.04811599   0.02039000
  0.04811739   0.02040920
  0.04811879   0.02042840
  0.04812029   0.02044760
  0.04812169   0.02046680
  0.04812319   0.02048600
  0.04812459   0.02050520
  0.04812609   0.02052440
  0.04812749   0.02054360
  0.04812889   0.02056280
  0.04813039   0.02058190
  0.04813179   0.02060110
  0.04813329   0.02062030
  0.04813469   0.02063950
  0.04813609   0.02065870
  0.04813759   0.02067790
  0.04813899   0.02069710
  0.04814049   0.02071630
  0.04814189   0.02073550
  0.04814329   0.02075470
  0.04814479   0.02077390
  0.04814619   0.02079300
  0.04814769   0.02081220
  0.04814909   0.02083140
  0.04815059   0.02085060
  0.04815199   0.02086980
  0.04815339   0.02088900
  0.04815489   0.02090820
  0.04815629   0.02092740
  0.04815779   0.02094660
  0.04815919   0.02096580
  0.04816059   0.02098500
  0.04816209   0.02100410
  0.04816349   0.02102330
  0.04816499   0.02104250
  0.04816639   0.02106170
  0.04816779   0.02108090
  0.04816929   0.02110010
  0.04817069   0.02111930
  0.04817219   0.02113850
  0.04817359   0.02115770
  0.04817509   0.02117690
  0.04817649   0.02119610
  0.04817789   0.02121520
  0.04817939   0.02123440
  0.04818079   0.02125360
  0.04818229   0.02127280
  0.04818369   0.02129200
  0.04818509   0.02131120
  0.04818659   0.02133040
  0.04818799   0.02134960
  0.04818949   0.02136880
  0.04819089   0.02138800
  0.04819229   0.02140720
  0.04819379   0.02142630
  0.04819519   0.02144550
  0.04819669   0.02146470
  0.04819809   0.02148390
  0.04819949   0.02150310
  0.04820099   0.02152230
  0.04820239   0.02154150
  0.04820389   0.02156070
  0.04820529   0.02157990
  0.04820679   0.02159910
  0.04820819   0.02161830
  0.04820959   0.02163740
  0.04821109   0.02165660
  0.04821249   0.02167580
  0.04821399   0.02169500
  0.04821539   0.02171420
  0.04821679   0.02173340
  0.04821829   0.02175260
  0.04821969   0.02177180
  0.04822119   0.02179100
  0.04822259   0.02181020
  0.04822399   0.02182940
  0.04822549   0.02184850
  0.04822689   0.02186770
  0.04822839   0.02188690
  0.04822979   0.02190610
  0.04823129   0.02192530
  0.04823269   0.02194450
  0.04823409   0.02196370
  0.04823559   0.02198290
  0.04823699   0.02200210
  0.04823849   0.02202130
  0.04823989   0.02204050
  0.04824129   0.02205960
  0.04824279   0.02207880
  0.04824419   0.02209800
  0.04824569   0.02211720
  0.04824709   0.02213640
  0.04824849   0.02215560
  0.04824999   0.02217480
  0.04825139   0.02219400
  0.04825289   0.02221320
  0.04825429   0.02223240
  0.04825579   0.02225160
  0.04825719   0.02227070
  0.04825859   0.02228990
  0.04826009   0.02230910
  0.04826149   0.02232830
  0.04826299   0.02234750
  0.04826439   0.02236670
  0.04826579   0.02238590
  0.04826729   0.02240510
  0.04826869   0.02242430
  0.04827019   0.02244350
  0.04827159   0.02246270
  0.04827299   0.02248180
  0.04827449   0.02250100
  0.04827589   0.02252020
  0.04827739   0.02253940
  0.04827879   0.02255860
  0.04828029   0.02257780
  0.04828169   0.02259700
  0.04828309   0.02261620
  0.04828459   0.02263540
  0.04828599   0.02265460
  0.04828749   0.02267380
  0.04828889   0.02269290
  0.04829029   0.02271210
  0.04829179   0.02273130
  0.04829319   0.02275050
  0.04829469   0.02276970
  0.04829609   0.02278890
  0.04829749   0.02280810
  0.04829899   0.02282730
  0.04830039   0.02284650
  0.04830189   0.02286570
  0.04830329   0.02288490
  0.04830479   0.02290400
  0.04830619   0.02292320
  0.04830759   0.02294240
  0.04830909   0.02296160
  0.04831049   0.02298080
  0.04831199   0.02300000
