  0.06520451   0.02300000
  0.06520911   0.02281520
  0.06521371   0.02263030
  0.06521841   0.02244550
  0.06522301   0.02226070
  0.06522761   0.02207590
  0.06523221   0.02189100
  0.06523681   0.02170620
  0.06524141   0.02152140
  0.06524601   0.02133660
  0.06525071   0.02115170
  0.06525531   0.02096690
  0.06525991   0.02078210
  0.06526451   0.02059720
  0.06526911   0.02041240
  0.06527371   0.02022760
  0.06527831   0.02004280
  0.06528301   0.01985790
  0.06528761   0.01967310
  0.06529221   0.01948830
  0.06529681   0.01930350
  0.06530141   0.01911860
  0.06530601   0.01893380
  0.06531061   0.01874900
  0.06531531   0.01856410
  0.06531991   0.01837930
  0.06532451   0.01819450
  0.06532911   0.01800970
  0.06533371   0.01782480
  0.06533831   0.01764000
  0.06534301   0.01745520
  0.06534761   0.01727040
  0.06535221   0.01708550
  0.06535681   0.01690070
  0.06536141   0.01671590
  0.06536601   0.01653100
  0.06537061   0.01634620
  0.06537531   0.01616140
  0.06537991   0.01597660
  0.06538451   0.01579170
  0.06538911   0.01560690
  0.06539371   0.01542210
  0.06539831   0.01523730
  0.06540371   0.01505240
  0.06541151   0.01486770
  0.06542201   0.01468310
  0.06543521   0.01449870
  0.06545091   0.01431450
  0.06546931   0.01413060
  0.06549031   0.01394690
  0.06551391   0.01376350
  0.06554011   0.01358050
  0.06556891   0.01339780
  0.06560031   0.01321560
  0.06563421   0.01303390
  0.06567081   0.01285270
  0.06570991   0.01267200
  0.06575171   0.01249190
  0.06579591   0.01231240
  0.06584271   0.01213350
  0.06589211   0.01195530
  0.06594391   0.01177790
  0.06599831   0.01160120
  0.06605521   0.01142530
  0.06611461   0.01125020
  0.06617651   0.01107600
  0.06624091   0.01090260
  0.06630771   0.01073020
  0.06637691   0.01055880
  0.06644861   0.01038840
  0.06652271   0.01021900
  0.06659921   0.01005070
  0.06667811   0.00988350
  0.06675941   0.00971740
  0.06684301   0.00955250
  0.06692891   0.00938890
  0.06701721   0.00922640
  0.06710781   0.00906520
  0.06720061   0.00890530
  0.06729581   0.00874680
  0.06739311   0.00858960
  0.06749271   0.00843390
  0.06759451   0.00827950
  0.06769851   0.00812670
  0.06780461   0.00797530
  0.06791291   0.00782540
  0.06802331   0.00767710
  0.06813581   0.00753040
  0.06825041   0.00738530
  0.06836701   0.00724190
  0.06848571   0.00710010
  0.06860631   0.00696000
  0.06872901   0.00682160
  0.06885361   0.00668510
  0.06898011   0.00655020
  0.06910851   0.00641730
  0.06923891   0.00628610
  0.06937101   0.00615680
  0.06950501   0.00602940
  0.06964081   0.00590390
  0.06977831   0.00578040
  0.06991761   0.00565880
  0.07005871   0.00553930
  0.07020141   0.00542170
  0.07034571   0.00530620
  0.07049171   0.00519280
  0.07063931   0.00508140
  0.07078841   0.00497220
  0.07093911   0.00486500
  0.07109131   0.00476010
  0.07124501   0.00465730
  0.07140011   0.00455670
  0.07155671   0.00445830
  0.07171461   0.00436220
  0.07187391   0.00426830
  0.07203441   0.00417670
  0.07219631   0.00408740
  0.07235951   0.00400040
  0.07252381   0.00391570
  0.07268931   0.00383340
  0.07285601   0.00375340
  0.07302391   0.00367580
  0.07319281   0.00360060
  0.07336271   0.00352780
  0.07353371   0.00345750
  0.07370561   0.00338950
  0.07387851   0.00332410
  0.07405241   0.00326110
  0.07422711   0.00320050
  0.07440261   0.00314250
  0.07457891   0.00308700
  0.07475611   0.00303400
  0.07493391   0.00298350
  0.07511251   0.00293550
  0.07529151   0.00288920
  0.07547061   0.00284340
  0.07564981   0.00279800
  0.07582911   0.00275290
  0.07600851   0.00270830
  0.07618811   0.00266410
  0.07636771   0.00262040
  0.07654741   0.00257700
  0.07672721   0.00253410
  0.07690721   0.00249150
  0.07708721   0.00244940
  0.07726731   0.00240770
  0.07744751   0.00236640
  0.07762781   0.00232560
  0.07780831   0.00228510
  0.07798881   0.00224510
  0.07816931   0.00220550
  0.07835001   0.00216630
  0.07853081   0.00212750
  0.07871171   0.00208920
  0.07889261   0.00205120
  0.07907361   0.00201370
  0.07925481   0.00197660
  0.07943601   0.00193990
  0.07961731   0.00190360
  0.07979861   0.00186780
  0.07998011   0.00183240
  0.08016161   0.00179740
  0.08034331   0.00176280
  0.08052501   0.00172860
  0.08070671   0.00169480
  0.08088861   0.00166150
  0.08107051   0.00162860
  0.08125251   0.00159610
  0.08143461   0.00156400
  0.08161681   0.00153240
  0.08179901   0.00150120
  0.08198131   0.00147040
  0.08216371   0.00144000
  0.08234611   0.00141000
  0.08252861   0.00138050
  0.08271121   0.00135140
  0.08289391   0.00132270
  0.08307661   0.00129440
  0.08325931   0.00126650
  0.08344221   0.00123910
  0.08362511   0.00121210
  0.08380801   0.00118550
  0.08399111   0.00115940
  0.08417421   0.00113360
  0.08435731   0.00110830
  0.08454051   0.00108340
  0.08472381   0.00105900
  0.08490711   0.00103490
  0.08509041   0.00101130
  0.08527391   0.00098810
  0.08545731   0.00096530
  0.08564091   0.00094300
  0.08582441   0.00092100
  0.08600811   0.00089950
  0.08619181   0.00087850
  0.08637551   0.00085780
  0.08655931   0.00083760
  0.08674311   0.00081780
  0.08692701   0.00079840
  0.08711091   0.00077950
  0.08729481   0.00076090
  0.08747881   0.00074280
  0.08766281   0.00072520
  0.08784691   0.00070790
  0.08803101   0.00069110
  0.08821521   0.00067470
  0.08839941   0.00065870
  0.08858361   0.00064320
  0.08876791   0.00062800
  0.08895221   0.00061330
  0.08913651   0.00059910
  0.08932091   0.00058520
  0.08950531   0.00057180
  0.08968971   0.00055880
  0.08987421   0.00054620
  0.09005871   0.00053410
  0.09024321   0.00052240
  0.09042771   0.00051110
  0.09061231   0.00050030
  0.09079691   0.00048970
  0.09098141   0.00047920
  0.09116601   0.00046880
  0.09135061   0.00045860
  0.09153521   0.00044840
  0.09171991   0.00043840
  0.09190451   0.00042840
  0.09208911   0.00041860
  0.09227371   0.00040890
  0.09245841   0.00039930
  0.09264301   0.00038980
  0.09282771   0.00038050
  0.09301231   0.00037120
  0.09319701   0.00036210
  0.09338161   0.00035300
  0.09356631   0.00034410
  0.09375101   0.00033530
  0.09393571   0.00032670
  0.09412031   0.00031810
  0.09430501   0.00030960
  0.09448971   0.00030130
  0.09467441   0.00029310
  0.09485911   0.00028500
  0.09504391   0.00027700
  0.09522861   0.00026910
  0.09541331   0.00026130
  0.09559801   0.00025360
  0.09578271   0.00024610
  0.09596751   0.00023870
  0.09615221   0.00023130
  0.09633701   0.00022410
  0.09652171   0.00021710
  0.09670651   0.00021010
  0.09689121   0.00020320
  0.09707601   0.00019650
  0.09726081   0.00018980
  0.09744551   0.00018330
  0.09763031   0.00017690
  0.09781511   0.00017060
  0.09799991   0.00016440
  0.09818461   0.00015840
  0.09836941   0.00015240
  0.09855421   0.00014660
  0.09873901   0.00014090
  0.09892381   0.00013530
  0.09910861   0.00012980
  0.09929341   0.00012440
  0.09947821   0.00011910
  0.09966311   0.00011400
  0.09984791   0.00010890
  0.10003271   0.00010400
  0.10021751   0.00009920
  0.10040231   0.00009450
  0.10058721   0.00008990
  0.10077201   0.00008540
  0.10095681   0.00008110
  0.10114171   0.00007680
  0.10132651   0.00007270
  0.10151131   0.00006870
  0.10169621   0.00006480
  0.10188101   0.00006100
  0.10206591   0.00005740
  0.10225071   0.00005380
  0.10243561   0.00005030
  0.10262041   0.00004700
  0.10280531   0.00004380
  0.10299021   0.00004070
  0.10317501   0.00003770
  0.10335991   0.00003480
  0.10354471   0.00003210
  0.10372961   0.00002940
  0.10391451   0.00002690
  0.10409931   0.00002450
  0.10428421   0.00002220
  0.10446911   0.00002000
  0.10465401   0.00001790
  0.10483881   0.00001590
  0.10502371   0.00001410
  0.10520861   0.00001240
  0.10539351   0.00001070
  0.10557831   0.00000920
  0.10576321   0.00000780
  0.10594811   0.00000660
  0.10613301   0.00000540
  0.10631791   0.00000430
  0.10650271   0.00000340
  0.10668761   0.00000260
  0.10687251   0.00000190
  0.10705741   0.00000130
  0.10724231   0.00000080
  0.10742721   0.00000040
  0.10761211   0.00000020
  0.10779691  -0.00000000
  0.10798181  -0.00000000
  0.10816671   0.00000010
  0.10835161   0.00000030
  0.10853651   0.00000060
  0.10872141   0.00000100
  0.10890621   0.00000160
  0.10909111   0.00000220
  0.10927601   0.00000300
  0.10946091   0.00000390
  0.10964581   0.00000490
  0.10983071   0.00000600
  0.11001551   0.00000720
  0.11020041   0.00000860
  0.11038531   0.00001000
  0.11057021   0.00001190
  0.11075501   0.00001420
  0.11093991   0.00001700
  0.11112481   0.00002020
  0.11130961   0.00002380
  0.11149451   0.00002780
  0.11167931   0.00003230
  0.11186411   0.00003720
  0.11204891   0.00004250
  0.11223371   0.00004830
  0.11241851   0.00005440
  0.11260331   0.00006100
  0.11278801   0.00006810
  0.11297271   0.00007550
  0.11315751   0.00008340
  0.11334221   0.00009170
  0.11352681   0.00010050
  0.11371151   0.00010960
  0.11389611   0.00011920
  0.11408071   0.00012920
  0.11426531   0.00013970
  0.11444991   0.00015060
  0.11463441   0.00016190
  0.11481891   0.00017360
  0.11500341   0.00018570
  0.11518791   0.00019830
  0.11537231   0.00021130
  0.11555671   0.00022470
  0.11574111   0.00023860
  0.11592541   0.00025290
  0.11610971   0.00026760
  0.11629401   0.00028270
  0.11647821   0.00029830
  0.11666241   0.00031430
  0.11684661   0.00033070
  0.11703071   0.00034750
  0.11721471   0.00036480
  0.11739881   0.00038250
  0.11758281   0.00040060
  0.11776671   0.00041910
  0.11795061   0.00043810
  0.11813451   0.00045750
  0.11831831   0.00047730
  0.11850211   0.00049750
  0.11868581   0.00051820
  0.11886951   0.00053930
  0.11905311   0.00056080
  0.11923671   0.00058270
  0.11942021   0.00060510
  0.11960371   0.00062790
  0.11978711   0.00065110
  0.11997051   0.00067470
  0.12015381   0.00069880
  0.12033711   0.00072320
  0.12052031   0.00074810
  0.12070341   0.00077350
  0.12088651   0.00079920
  0.12106951   0.00082540
  0.12125251   0.00085200
  0.12143541   0.00087900
  0.12161821   0.00090640
  0.12180101   0.00093430
  0.12198371   0.00096260
  0.12216631   0.00099130
  0.12234891   0.00102040
  0.12253141   0.00105000
  0.12271391   0.00108000
  0.12289621   0.00111040
  0.12307851   0.00114120
  0.12326081   0.00117240
  0.12344291   0.00120410
  0.12362501   0.00123610
  0.12380701   0.00126860
  0.12398891   0.00130160
  0.12417081   0.00133490
  0.12435261   0.00136870
  0.12453431   0.00140290
  0.12471591   0.00143750
  0.12489741   0.00147250
  0.12507891   0.00150790
  0.12526021   0.00154380
  0.12544151   0.00158000
  0.12562271   0.00161670
  0.12580391   0.00165390
  0.12598481   0.00169200
  0.12616511   0.00173270
  0.12634491   0.00177590
  0.12652401   0.00182170
  0.12670251   0.00187000
  0.12688021   0.00192090
  0.12705721   0.00197430
  0.12723351   0.00203010
  0.12740891   0.00208850
  0.12758351   0.00214940
  0.12775711   0.00221280
  0.12792991   0.00227860
  0.12810171   0.00234690
  0.12827261   0.00241760
  0.12844241   0.00249070
  0.12861111   0.00256620
  0.12877881   0.00264420
  0.12894531   0.00272450
  0.12911071   0.00280710
  0.12927491   0.00289220
  0.12943781   0.00297950
  0.12959951   0.00306910
  0.12975991   0.00316110
  0.12991901   0.00325530
  0.13007671   0.00335170
  0.13023311   0.00345040
  0.13038801   0.00355130
  0.13054141   0.00365440
  0.13069341   0.00375970
  0.13084391   0.00386710
  0.13099281   0.00397670
  0.13114021   0.00408830
  0.13128591   0.00420210
  0.13143011   0.00431790
  0.13157251   0.00443570
  0.13171331   0.00455560
  0.13185231   0.00467740
  0.13198961   0.00480120
  0.13212521   0.00492700
  0.13225891   0.00505470
  0.13239081   0.00518420
  0.13252081   0.00531560
  0.13264901   0.00544890
  0.13277531   0.00558390
  0.13289961   0.00572080
  0.13302191   0.00585940
  0.13314231   0.00599970
  0.13326071   0.00614170
  0.13337701   0.00628540
  0.13349131   0.00643080
  0.13360351   0.00657770
  0.13371361   0.00672620
  0.13382161   0.00687630
  0.13392741   0.00702790
  0.13403111   0.00718100
  0.13413261   0.00733550
  0.13423191   0.00749150
  0.13432891   0.00764890
  0.13442371   0.00780760
  0.13451621   0.00796770
  0.13460651   0.00812900
  0.13469441   0.00829160
  0.13478001   0.00845550
  0.13486331   0.00862060
  0.13494421   0.00878680
  0.13502281   0.00895420
  0.13509891   0.00912260
  0.13517271   0.00929220
  0.13524401   0.00946270
  0.13531291   0.00963430
  0.13537941   0.00980680
  0.13544341   0.00998030
  0.13550491   0.01015460
  0.13556401   0.01032980
  0.13562051   0.01050580
  0.13567461   0.01068270
  0.13572611   0.01086020
  0.13577511   0.01103850
  0.13582151   0.01121750
  0.13586541   0.01139700
  0.13590671   0.01157730
  0.13594551   0.01175800
  0.13598171   0.01193930
  0.13601531   0.01212110
  0.13604631   0.01230340
  0.13607481   0.01248610
  0.13610061   0.01266910
  0.13612381   0.01285260
  0.13614441   0.01303630
  0.13616241   0.01322030
  0.13617781   0.01340450
  0.13617921   0.01342370
  0.13618071   0.01344290
  0.13618211   0.01346210
  0.13618361   0.01348130
  0.13618501   0.01350050
  0.13618641   0.01351970
  0.13618791   0.01353890
  0.13618931   0.01355810
  0.13619081   0.01357730
  0.13619221   0.01359650
  0.13619361   0.01361560
  0.13619511   0.01363480
  0.13619651   0.01365400
  0.13619801   0.01367320
  0.13619941   0.01369240
  0.13620091   0.01371160
  0.13620231   0.01373080
  0.13620371   0.01375000
  0.13620521   0.01376920
  0.13620661   0.01378840
  0.13620811   0.01380760
  0.13620951   0.01382670
  0.13621091   0.01384590
  0.13621241   0.01386510
  0.13621381   0.01388430
  0.13621531   0.01390350
  0.13621671   0.01392270
  0.13621811   0.01394190
  0.13621961   0.01396110
  0.13622101   0.01398030
  0.13622251   0.01399950
  0.13622391   0.01401870
  0.13622541   0.01403780
  0.13622681   0.01405700
  0.13622821   0.01407620
  0.13622971   0.01409540
  0.13623111   0.01411460
  0.13623261   0.01413380
  0.13623401   0.01415300
  0.13623541   0.01417220
  0.13623691   0.01419140
  0.13623831   0.01421060
  0.13623981   0.01422980
  0.13624121   0.01424890
  0.13624261   0.01426810
  0.13624411   0.01428730
  0.13624551   0.01430650
  0.13624701   0.01432570
  0.13624841   0.01434490
  0.13624991   0.01436410
  0.13625131   0.01438330
  0.13625271   0.01440250
  0.13625421   0.01442170
  0.13625561   0.01444090
  0.13625711   0.01446000
  0.13625851   0.01447920
  0.13625991   0.01449840
  0.13626141   0.01451760
  0.13626281   0.01453680
  0.13626431   0.01455600
  0.13626571   0.01457520
  0.13626711   0.01459440
  0.13626861   0.01461360
  0.13627001   0.01463280
  0.13627151   0.01465200
  0.13627291   0.01467110
  0.13627441   0.01469030
  0.13627581   0.01470950
  0.13627721   0.01472870
  0.13627871   0.01474790
  0.13628011   0.01476710
  0.13628161   0.01478630
  0.13628301   0.01480550
  0.13628441   0.01482470
  0.13628591   0.01484390
  0.13628731   0.01486310
  0.13628881   0.01488220
  0.13629021   0.01490140
  0.13629161   0.01492060
  0.13629311   0.01493980
  0.13629451   0.01495900
  0.13629601   0.01497820
  0.13629741   0.01499740
  0.13629891   0.01501660
  0.13630031   0.01503580
  0.13630171   0.01505500
  0.13630321   0.01507420
  0.13630461   0.01509330
  0.13630611   0.01511250
  0.13630751   0.01513170
  0.13630891   0.01515090
  0.13631041   0.01517010
  0.13631181   0.01518930
  0.13631331   0.01520850
  0.13631471   0.01522770
  0.13631611   0.01524690
  0.13631761   0.01526610
  0.13631901   0.01528530
  0.13632051   0.01530440
  0.13632191   0.01532360
  0.13632341   0.01534280
  0.13632481   0.01536200
  0.13632621   0.01538120
  0.13632771   0.01540040
  0.13632911   0.01541960
  0.13633061   0.01543880
  0.13633201   0.01545800
  0.13633341   0.01547720
  0.13633491   0.01549640
  0.13633631   0.01551550
  0.13633781   0.01553470
  0.13633921   0.01555390
  0.13634061   0.01557310
  0.13634211   0.01559230
  0.13634351   0.01561150
  0.13634501   0.01563070
  0.13634641   0.01564990
  0.13634781   0.01566910
  0.13634931   0.01568830
  0.13635071   0.01570750
  0.13635221   0.01572660
  0.13635361   0.01574580
  0.13635511   0.01576500
  0.13635651   0.01578420
  0.13635791   0.01580340
  0.13635941   0.01582260
  0.13636081   0.01584180
  0.13636231   0.01586100
  0.13636371   0.01588020
  0.13636511   0.01589940
  0.13636661   0.01591860
  0.13636801   0.01593770
  0.13636951   0.01595690
  0.13637091   0.01597610
  0.13637231   0.01599530
  0.13637381   0.01601450
  0.13637521   0.01603370
  0.13637671   0.01605290
  0.13637811   0.01607210
  0.13637961   0.01609130
  0.13638101   0.01611050
  0.13638241   0.01612970
  0.13638391   0.01614880
  0.13638531   0.01616800
  0.13638681   0.01618720
  0.13638821   0.01620640
  0.13638961   0.01622560
  0.13639111   0.01624480
  0.13639251   0.01626400
  0.13639401   0.01628320
  0.13639541   0.01630240
  0.13639681   0.01632160
  0.13639831   0.01634080
  0.13639971   0.01635990
  0.13640121   0.01637910
  0.13640261   0.01639830
  0.13640411   0.01641750
  0.13640551   0.01643670
  0.13640691   0.01645590
  0.13640841   0.01647510
  0.13640981   0.01649430
  0.13641131   0.01651350
  0.13641271   0.01653270
  0.13641411   0.01655190
  0.13641561   0.01657100
  0.13641701   0.01659020
  0.13641851   0.01660940
  0.13641991   0.01662860
  0.13642131   0.01664780
  0.13642281   0.01666700
  0.13642421   0.01668620
  0.13642571   0.01670540
  0.13642711   0.01672460
  0.13642861   0.01674380
  0.13643001   0.01676300
  0.13643141   0.01678210
  0.13643291   0.01680130
  0.13643431   0.01682050
  0.13643581   0.01683970
  0.13643721   0.01685890
  0.13643861   0.01687810
  0.13644011   0.01689730
  0.13644151   0.01691650
  0.13644301   0.01693570
  0.13644441   0.01695490
  0.13644581   0.01697410
  0.13644731   0.01699320
  0.13644871   0.01701240
  0.13645021   0.01703160
  0.13645161   0.01705080
  0.13645311   0.01707000
  0.13645451   0.01708920
  0.13645591   0.01710840
  0.13645741   0.01712760
  0.13645881   0.01714680
  0.13646031   0.01716600
  0.13646171   0.01718520
  0.13646311   0.01720430
  0.13646461   0.01722350
  0.13646601   0.01724270
  0.13646751   0.01726190
  0.13646891   0.01728110
  0.13647031   0.01730030
  0.13647181   0.01731950
  0.13647321   0.01733870
  0.13647471   0.01735790
  0.13647611   0.01737710
  0.13647761   0.01739630
  0.13647901   0.01741540
  0.13648041   0.01743460
  0.13648191   0.01745380
  0.13648331   0.01747300
  0.13648481   0.01749220
  0.13648621   0.01751140
  0.13648761   0.01753060
  0.13648911   0.01754980
  0.13649051   0.01756900
  0.13649201   0.01758820
  0.13649341   0.01760740
  0.13649481   0.01762650
  0.13649631   0.01764570
  0.13649771   0.01766490
  0.13649921   0.01768410
  0.13650061   0.01770330
  0.13650201   0.01772250
  0.13650351   0.01774170
  0.13650491   0.01776090
  0.13650641   0.01778010
  0.13650781   0.01779930
  0.13650931   0.01781850
  0.13651071   0.01783760
  0.13651211   0.01785680
  0.13651361   0.01787600
  0.13651501   0.01789520
  0.13651651   0.01791440
  0.13651791   0.01793360
  0.13651931   0.01795280
  0.13652081   0.01797200
  0.13652221   0.01799120
  0.13652371   0.01801040
  0.13652511   0.01802960
  0.13652651   0.01804870
  0.13652801   0.01806790
  0.13652941   0.01808710
  0.13653091   0.01810630
  0.13653231   0.01812550
  0.13653381   0.01814470
  0.13653521   0.01816390
  0.13653661   0.01818310
  0.13653811   0.01820230
  0.13653951   0.01822150
  0.13654101   0.01824070
  0.13654241   0.01825980
  0.13654381   0.01827900
  0.13654531   0.01829820
  0.13654671   0.01831740
  0.13654821   0.01833660
  0.13654961   0.01835580
  0.13655101   0.01837500
  0.13655251   0.01839420
  0.13655391   0.01841340
  0.13655541   0.01843260
  0.13655681   0.01845180
  0.13655831   0.01847090
  0.13655971   0.01849010
  0.13656111   0.01850930
  0.13656261   0.01852850
  0.13656401   0.01854770
  0.13656551   0.01856690
  0.13656691   0.01858610
  0.13656831   0.01860530
  0.13656981   0.01862450
  0.13657121   0.01864370
  0.13657271   0.01866290
  0.13657411   0.01868200
  0.13657551   0.01870120
  0.13657701   0.01872040
  0.13657841   0.01873960
  0.13657991   0.01875880
  0.13658131   0.01877800
  0.13658281   0.01879720
  0.13658421   0.01881640
  0.13658561   0.01883560
  0.13658711   0.01885480
  0.13658851   0.01887400
  0.13659001   0.01889310
  0.13659141   0.01891230
  0.13659281   0.01893150
  0.13659431   0.01895070
  0.13659571   0.01896990
  0.13659721   0.01898910
  0.13659861   0.01900830
  0.13660001   0.01902750
  0.13660151   0.01904670
  0.13660291   0.01906590
  0.13660441   0.01908510
  0.13660581   0.01910420
  0.13660731   0.01912340
  0.13660871   0.01914260
  0.13661011   0.01916180
  0.13661161   0.01918100
  0.13661301   0.01920020
  0.13661451   0.01921940
  0.13661591   0.01923860
  0.13661731   0.01925780
  0.13661881   0.01927700
  0.13662021   0.01929620
  0.13662171   0.01931530
  0.13662311   0.01933450
  0.13662451   0.01935370
  0.13662601   0.01937290
  0.13662741   0.01939210
  0.13662891   0.01941130
  0.13663031   0.01943050
  0.13663171   0.01944970
  0.13663321   0.01946890
  0.13663461   0.01948810
  0.13663611   0.01950730
  0.13663751   0.01952640
  0.13663901   0.01954560
  0.13664041   0.01956480
  0.13664181   0.01958400
  0.13664331   0.01960320
  0.13664471   0.01962240
  0.13664621   0.01964160
  0.13664761   0.01966080
  0.13664901   0.01968000
  0.13665051   0.01969920
  0.13665191   0.01971840
  0.13665341   0.01973750
  0.13665481   0.01975670
  0.13665621   0.01977590
  0.13665771   0.01979510
  0.13665911   0.01981430
  0.13666061   0.01983350
  0.13666201   0.01985270
  0.13666351   0.01987190
  0.13666491   0.01989110
  0.13666631   0.01991030
  0.13666781   0.01992950
  0.13666921   0.01994860
  0.13667071   0.01996780
  0.13667211   0.01998700
  0.13667351   0.02000620
  0.13667501   0.02002540
  0.13667641   0.02004460
  0.13667791   0.02006380
  0.13667931   0.02008300
  0.13668071   0.02010220
  0.13668221   0.02012140
  0.13668361   0.02014060
  0.13668511   0.02015970
  0.13668651   0.02017890
  0.13668801   0.02019810
  0.13668941   0.02021730
  0.13669081   0.02023650
  0.13669231   0.02025570
  0.13669371   0.02027490
  0.13669521   0.02029410
  0.13669661   0.02031330
  0.13669801   0.02033250
  0.13669951   0.02035170
  0.13670091   0.02037080
  0.13670241   0.02039000
  0.13670381   0.02040920
  0.13670521   0.02042840
  0.13670671   0.02044760
  0.13670811   0.02046680
  0.13670961   0.02048600
  0.13671101   0.02050520
  0.13671251   0.02052440
  0.13671391   0.02054360
  0.13671531   0.02056280
  0.13671681   0.02058190
  0.13671821   0.02060110
  0.13671971   0.02062030
  0.13672111   0.02063950
  0.13672251   0.02065870
  0.13672401   0.02067790
  0.13672541   0.02069710
  0.13672691   0.02071630
  0.13672831   0.02073550
  0.13672971   0.02075470
  0.13673121   0.02077390
  0.13673261   0.02079300
  0.13673411   0.02081220
  0.13673551   0.02083140
  0.13673701   0.02085060
  0.13673841   0.02086980
  0.13673981   0.02088900
  0.13674131   0.02090820
  0.13674271   0.02092740
  0.13674421   0.02094660
  0.13674561   0.02096580
  0.13674701   0.02098500
  0.13674851   0.02100410
  0.13674991   0.02102330
  0.13675141   0.02104250
  0.13675281   0.02106170
  0.13675421   0.02108090
  0.13675571   0.02110010
  0.13675711   0.02111930
  0.13675861   0.02113850
  0.13676001   0.02115770
  0.13676151   0.02117690
  0.13676291   0.02119610
  0.13676431   0.02121520
  0.13676581   0.02123440
  0.13676721   0.02125360
  0.13676871   0.02127280
  0.13677011   0.02129200
  0.13677151   0.02131120
  0.13677301   0.02133040
  0.13677441   0.02134960
  0.13677591   0.02136880
  0.13677731   0.02138800
  0.13677871   0.02140720
  0.13678021   0.02142630
  0.13678161   0.02144550
  0.13678311   0.02146470
  0.13678451   0.02148390
  0.13678591   0.02150310
  0.13678741   0.02152230
  0.13678881   0.02154150
  0.13679031   0.02156070
  0.13679171   0.02157990
  0.13679321   0.02159910
  0.13679461   0.02161830
  0.13679601   0.02163740
  0.13679751   0.02165660
  0.13679891   0.02167580
  0.13680041   0.02169500
  0.13680181   0.02171420
  0.13680321   0.02173340
  0.13680471   0.02175260
  0.13680611   0.02177180
  0.13680761   0.02179100
  0.13680901   0.02181020
  0.13681041   0.02182940
  0.13681191   0.02184850
  0.13681331   0.02186770
  0.13681481   0.02188690
  0.13681621   0.02190610
  0.13681771   0.02192530
  0.13681911   0.02194450
  0.13682051   0.02196370
  0.13682201   0.02198290
  0.13682341   0.02200210
  0.13682491   0.02202130
  0.13682631   0.02204050
  0.13682771   0.02205960
  0.13682921   0.02207880
  0.13683061   0.02209800
  0.13683211   0.02211720
  0.13683351   0.02213640
  0.13683491   0.02215560
  0.13683641   0.02217480
  0.13683781   0.02219400
  0.13683931   0.02221320
  0.13684071   0.02223240
  0.13684221   0.02225160
  0.13684361   0.02227070
  0.13684501   0.02228990
  0.13684651   0.02230910
  0.13684791   0.02232830
  0.13684941   0.02234750
  0.13685081   0.02236670
  0.13685221   0.02238590
  0.13685371   0.02240510
  0.13685511   0.02242430
  0.13685661   0.02244350
  0.13685801   0.02246270
  0.13685941   0.02248180
  0.13686091   0.02250100
  0.13686231   0.02252020
  0.13686381   0.02253940
  0.13686521   0.02255860
  0.13686671   0.02257780
  0.13686811   0.02259700
  0.13686951   0.02261620
  0.13687101   0.02263540
  0.13687241   0.02265460
  0.13687391   0.02267380
  0.13687531   0.02269290
  0.13687671   0.02271210
  0.13687821   0.02273130
  0.13687961   0.02275050
  0.13688111   0.02276970
  0.13688251   0.02278890
  0.13688391   0.02280810
  0.13688541   0.02282730
  0.13688681   0.02284650
  0.13688831   0.02286570
  0.13688971   0.02288490
  0.13689121   0.02290400
  0.13689261   0.02292320
  0.13689401   0.02294240
  0.13689551   0.02296160
  0.13689691   0.02298080
  0.13689841   0.02300000
