 -0.01902188   0.02249552
 -0.01901728   0.02231072
 -0.01901268   0.02212582
 -0.01900798   0.02194102
 -0.01900338   0.02175622
 -0.01899878   0.02157142
 -0.01899418   0.02138652
 -0.01898958   0.02120172
 -0.01898498   0.02101692
 -0.01898038   0.02083212
 -0.01897568   0.02064722
 -0.01897108   0.02046242
 -0.01896648   0.02027762
 -0.01896188   0.02009272
 -0.01895728   0.01990792
 -0.01895268   0.01972312
 -0.01894808   0.01953832
 -0.01894338   0.01935342
 -0.01893878   0.01916862
 -0.01893418   0.01898382
 -0.01892958   0.01879902
 -0.01892498   0.01861412
 -0.01892038   0.01842932
 -0.01891578   0.01824452
 -0.01891108   0.01805962
 -0.01890648   0.01787482
 -0.01890188   0.01769002
 -0.01889728   0.01750522
 -0.01889268   0.01732032
 -0.01888808   0.01713552
 -0.01888338   0.01695072
 -0.01887878   0.01676592
 -0.01887418   0.01658102
 -0.01886958   0.01639622
 -0.01886498   0.01621142
 -0.01886038   0.01602652
 -0.01885578   0.01584172
 -0.01885108   0.01565692
 -0.01884648   0.01547212
 -0.01884188   0.01528722
 -0.01883728   0.01510242
 -0.01883268   0.01491762
 -0.01882808   0.01473282
 -0.01882268   0.01454792
 -0.01881488   0.01436322
 -0.01880438   0.01417862
 -0.01879118   0.01399422
 -0.01877548   0.01381002
 -0.01875708   0.01362612
 -0.01873608   0.01344242
 -0.01871248   0.01325902
 -0.01868628   0.01307602
 -0.01865748   0.01289332
 -0.01862608   0.01271112
 -0.01859218   0.01252942
 -0.01855558   0.01234822
 -0.01851648   0.01216752
 -0.01847468   0.01198742
 -0.01843048   0.01180792
 -0.01838368   0.01162902
 -0.01833428   0.01145082
 -0.01828248   0.01127342
 -0.01822808   0.01109672
 -0.01817118   0.01092082
 -0.01811178   0.01074572
 -0.01804988   0.01057152
 -0.01798548   0.01039812
 -0.01791868   0.01022572
 -0.01784948   0.01005432
 -0.01777778   0.00988392
 -0.01770368   0.00971452
 -0.01762718   0.00954622
 -0.01754828   0.00937902
 -0.01746698   0.00921292
 -0.01738338   0.00904802
 -0.01729748   0.00888442
 -0.01720918   0.00872192
 -0.01711858   0.00856072
 -0.01702578   0.00840082
 -0.01693058   0.00824232
 -0.01683328   0.00808512
 -0.01673368   0.00792942
 -0.01663188   0.00777502
 -0.01652788   0.00762222
 -0.01642178   0.00747082
 -0.01631348   0.00732092
 -0.01620308   0.00717262
 -0.01609058   0.00702592
 -0.01597598   0.00688082
 -0.01585938   0.00673742
 -0.01574068   0.00659562
 -0.01562008   0.00645552
 -0.01549738   0.00631712
 -0.01537278   0.00618062
 -0.01524628   0.00604572
 -0.01511788   0.00591282
 -0.01498748   0.00578162
 -0.01485538   0.00565232
 -0.01472138   0.00552492
 -0.01458558   0.00539942
 -0.01444808   0.00527592
 -0.01430878   0.00515432
 -0.01416768   0.00503482
 -0.01402498   0.00491722
 -0.01388068   0.00480172
 -0.01373468   0.00468832
 -0.01358708   0.00457692
 -0.01343798   0.00446772
 -0.01328728   0.00436052
 -0.01313508   0.00425562
 -0.01298138   0.00415282
 -0.01282628   0.00405222
 -0.01266968   0.00395382
 -0.01251178   0.00385772
 -0.01235248   0.00376382
 -0.01219198   0.00367222
 -0.01203008   0.00358292
 -0.01186688   0.00349592
 -0.01170258   0.00341122
 -0.01153708   0.00332892
 -0.01137038   0.00324892
 -0.01120248   0.00317132
 -0.01103358   0.00309612
 -0.01086368   0.00302332
 -0.01069268   0.00295302
 -0.01052078   0.00288502
 -0.01034788   0.00281962
 -0.01017398   0.00275662
 -0.00999928   0.00269602
 -0.00982378   0.00263802
 -0.00964748   0.00258252
 -0.00947028   0.00252952
 -0.00929248   0.00247902
 -0.00911388   0.00243102
 -0.00893488   0.00238472
 -0.00875578   0.00233892
 -0.00857658   0.00229352
 -0.00839728   0.00224842
 -0.00821788   0.00220382
 -0.00803828   0.00215962
 -0.00785868   0.00211592
 -0.00767898   0.00207252
 -0.00749918   0.00202962
 -0.00731918   0.00198702
 -0.00713918   0.00194492
 -0.00695908   0.00190322
 -0.00677888   0.00186192
 -0.00659858   0.00182112
 -0.00641808   0.00178062
 -0.00623758   0.00174062
 -0.00605708   0.00170102
 -0.00587638   0.00166182
 -0.00569558   0.00162302
 -0.00551468   0.00158472
 -0.00533378   0.00154672
 -0.00515278   0.00150922
 -0.00497158   0.00147212
 -0.00479038   0.00143542
 -0.00460908   0.00139912
 -0.00442778   0.00136332
 -0.00424628   0.00132792
 -0.00406478   0.00129292
 -0.00388308   0.00125832
 -0.00370138   0.00122412
 -0.00351968   0.00119032
 -0.00333778   0.00115702
 -0.00315588   0.00112412
 -0.00297388   0.00109162
 -0.00279178   0.00105952
 -0.00260958   0.00102792
 -0.00242738   0.00099672
 -0.00224508   0.00096592
 -0.00206268   0.00093552
 -0.00188028   0.00090552
 -0.00169778   0.00087602
 -0.00151518   0.00084692
 -0.00133248   0.00081822
 -0.00114978   0.00078992
 -0.00096708   0.00076202
 -0.00078418   0.00073462
 -0.00060128   0.00070762
 -0.00041838   0.00068102
 -0.00023528   0.00065492
 -0.00005218   0.00062912
  0.00013092   0.00060382
  0.00031412   0.00057892
  0.00049742   0.00055452
  0.00068072   0.00053042
  0.00086402   0.00050682
  0.00104752   0.00048362
  0.00123092   0.00046082
  0.00141452   0.00043852
  0.00159802   0.00041652
  0.00178172   0.00039502
  0.00196542   0.00037402
  0.00214912   0.00035332
  0.00233292   0.00033312
  0.00251672   0.00031332
  0.00270062   0.00029392
  0.00288452   0.00027502
  0.00306842   0.00025642
  0.00325242   0.00023832
  0.00343642   0.00022072
  0.00362052   0.00020342
  0.00380462   0.00018662
  0.00398882   0.00017022
  0.00417302   0.00015422
  0.00435722   0.00013872
  0.00454152   0.00012352
  0.00472582   0.00010882
  0.00491012   0.00009462
  0.00509452   0.00008072
  0.00527892   0.00006732
  0.00546332   0.00005432
  0.00564782   0.00004172
  0.00583232   0.00002962
  0.00601682   0.00001792
  0.00620132   0.00000662
  0.00638592  -0.00000418
  0.00657052  -0.00001478
  0.00675502  -0.00002528
  0.00693962  -0.00003568
  0.00712422  -0.00004588
  0.00730882  -0.00005608
  0.00749352  -0.00006608
  0.00767812  -0.00007608
  0.00786272  -0.00008588
  0.00804732  -0.00009558
  0.00823202  -0.00010518
  0.00841662  -0.00011468
  0.00860132  -0.00012398
  0.00878592  -0.00013328
  0.00897062  -0.00014238
  0.00915522  -0.00015148
  0.00933992  -0.00016038
  0.00952462  -0.00016918
  0.00970932  -0.00017778
  0.00989392  -0.00018638
  0.01007862  -0.00019488
  0.01026332  -0.00020318
  0.01044802  -0.00021138
  0.01063272  -0.00021948
  0.01081752  -0.00022748
  0.01100222  -0.00023538
  0.01118692  -0.00024318
  0.01137162  -0.00025088
  0.01155632  -0.00025838
  0.01174112  -0.00026578
  0.01192582  -0.00027318
  0.01211062  -0.00028038
  0.01229532  -0.00028738
  0.01248012  -0.00029438
  0.01266482  -0.00030128
  0.01284962  -0.00030798
  0.01303442  -0.00031468
  0.01321912  -0.00032118
  0.01340392  -0.00032758
  0.01358872  -0.00033388
  0.01377352  -0.00034008
  0.01395822  -0.00034608
  0.01414302  -0.00035208
  0.01432782  -0.00035788
  0.01451262  -0.00036358
  0.01469742  -0.00036918
  0.01488222  -0.00037468
  0.01506702  -0.00038008
  0.01525182  -0.00038538
  0.01543672  -0.00039048
  0.01562152  -0.00039558
  0.01580632  -0.00040048
  0.01599112  -0.00040528
  0.01617592  -0.00040998
  0.01636082  -0.00041458
  0.01654562  -0.00041908
  0.01673042  -0.00042338
  0.01691532  -0.00042768
  0.01710012  -0.00043178
  0.01728492  -0.00043578
  0.01746982  -0.00043968
  0.01765462  -0.00044348
  0.01783952  -0.00044708
  0.01802432  -0.00045068
  0.01820922  -0.00045418
  0.01839402  -0.00045748
  0.01857892  -0.00046068
  0.01876382  -0.00046378
  0.01894862  -0.00046678
  0.01913352  -0.00046968
  0.01931832  -0.00047238
  0.01950322  -0.00047508
  0.01968812  -0.00047758
  0.01987292  -0.00047998
  0.02005782  -0.00048228
  0.02024272  -0.00048448
  0.02042762  -0.00048658
  0.02061242  -0.00048858
  0.02079732  -0.00049038
  0.02098222  -0.00049208
  0.02116712  -0.00049378
  0.02135192  -0.00049528
  0.02153682  -0.00049668
  0.02172172  -0.00049788
  0.02190662  -0.00049908
  0.02209152  -0.00050018
  0.02227632  -0.00050108
  0.02246122  -0.00050188
  0.02264612  -0.00050258
  0.02283102  -0.00050318
  0.02301592  -0.00050368
  0.02320082  -0.00050408
  0.02338572  -0.00050428
  0.02357052  -0.00050448
  0.02375542  -0.00050448
  0.02394032  -0.00050438
  0.02412522  -0.00050418
  0.02431012  -0.00050388
  0.02449502  -0.00050348
  0.02467982  -0.00050288
  0.02486472  -0.00050228
  0.02504962  -0.00050148
  0.02523452  -0.00050058
  0.02541942  -0.00049958
  0.02560432  -0.00049848
  0.02578912  -0.00049728
  0.02597402  -0.00049588
  0.02615892  -0.00049448
  0.02634382  -0.00049258
  0.02652862  -0.00049028
  0.02671352  -0.00048748
  0.02689842  -0.00048428
  0.02708322  -0.00048068
  0.02726812  -0.00047668
  0.02745292  -0.00047218
  0.02763772  -0.00046728
  0.02782252  -0.00046198
  0.02800732  -0.00045618
  0.02819212  -0.00045008
  0.02837692  -0.00044348
  0.02856162  -0.00043638
  0.02874632  -0.00042898
  0.02893112  -0.00042108
  0.02911582  -0.00041278
  0.02930042  -0.00040398
  0.02948512  -0.00039488
  0.02966972  -0.00038528
  0.02985432  -0.00037528
  0.03003892  -0.00036478
  0.03022352  -0.00035388
  0.03040802  -0.00034258
  0.03059252  -0.00033088
  0.03077702  -0.00031878
  0.03096152  -0.00030618
  0.03114592  -0.00029318
  0.03133032  -0.00027978
  0.03151472  -0.00026588
  0.03169902  -0.00025158
  0.03188332  -0.00023688
  0.03206762  -0.00022178
  0.03225182  -0.00020618
  0.03243602  -0.00019018
  0.03262022  -0.00017378
  0.03280432  -0.00015698
  0.03298832  -0.00013968
  0.03317242  -0.00012198
  0.03335642  -0.00010388
  0.03354032  -0.00008538
  0.03372422  -0.00006638
  0.03390812  -0.00004698
  0.03409192  -0.00002718
  0.03427572  -0.00000698
  0.03445942   0.00001372
  0.03464312   0.00003482
  0.03482672   0.00005632
  0.03501032   0.00007822
  0.03519382   0.00010062
  0.03537732   0.00012342
  0.03556072   0.00014662
  0.03574412   0.00017022
  0.03592742   0.00019432
  0.03611072   0.00021872
  0.03629392   0.00024362
  0.03647702   0.00026902
  0.03666012   0.00029472
  0.03684312   0.00032092
  0.03702612   0.00034752
  0.03720902   0.00037452
  0.03739182   0.00040192
  0.03757462   0.00042982
  0.03775732   0.00045812
  0.03793992   0.00048682
  0.03812252   0.00051592
  0.03830502   0.00054552
  0.03848752   0.00057552
  0.03866982   0.00060592
  0.03885212   0.00063672
  0.03903442   0.00066792
  0.03921652   0.00069962
  0.03939862   0.00073162
  0.03958062   0.00076412
  0.03976252   0.00079712
  0.03994442   0.00083042
  0.04012622   0.00086422
  0.04030792   0.00089842
  0.04048952   0.00093302
  0.04067102   0.00096802
  0.04085252   0.00100342
  0.04103382   0.00103932
  0.04121512   0.00107552
  0.04139632   0.00111222
  0.04157752   0.00114942
  0.04175842   0.00118752
  0.04193872   0.00122822
  0.04211852   0.00127142
  0.04229762   0.00131722
  0.04247612   0.00136552
  0.04265382   0.00141642
  0.04283082   0.00146982
  0.04300712   0.00152562
  0.04318252   0.00158402
  0.04335712   0.00164492
  0.04353072   0.00170832
  0.04370352   0.00177412
  0.04387532   0.00184242
  0.04404622   0.00191312
  0.04421602   0.00198622
  0.04438472   0.00206172
  0.04455242   0.00213972
  0.04471892   0.00222002
  0.04488432   0.00230262
  0.04504852   0.00238772
  0.04521142   0.00247502
  0.04537312   0.00256462
  0.04553352   0.00265662
  0.04569262   0.00275082
  0.04585032   0.00284722
  0.04600672   0.00294592
  0.04616162   0.00304682
  0.04631502   0.00314992
  0.04646702   0.00325522
  0.04661752   0.00336262
  0.04676642   0.00347222
  0.04691382   0.00358382
  0.04705952   0.00369762
  0.04720372   0.00381342
  0.04734612   0.00393122
  0.04748692   0.00405112
  0.04762592   0.00417292
  0.04776322   0.00429672
  0.04789882   0.00442252
  0.04803252   0.00455022
  0.04816442   0.00467972
  0.04829442   0.00481112
  0.04842262   0.00494442
  0.04854892   0.00507942
  0.04867322   0.00521632
  0.04879552   0.00535492
  0.04891592   0.00549522
  0.04903432   0.00563722
  0.04915062   0.00578092
  0.04926492   0.00592632
  0.04937712   0.00607322
  0.04948722   0.00622172
  0.04959522   0.00637182
  0.04970102   0.00652342
  0.04980472   0.00667652
  0.04990622   0.00683102
  0.05000552   0.00698702
  0.05010252   0.00714442
  0.05019732   0.00730312
  0.05028982   0.00746322
  0.05038012   0.00762452
  0.05046802   0.00778712
  0.05055362   0.00795102
  0.05063692   0.00811612
  0.05071782   0.00828232
  0.05079642   0.00844972
  0.05087252   0.00861812
  0.05094632   0.00878772
  0.05101762   0.00895822
  0.05108652   0.00912982
  0.05115302   0.00930232
  0.05121702   0.00947582
  0.05127852   0.00965012
  0.05133762   0.00982532
  0.05139412   0.01000132
  0.05144822   0.01017822
  0.05149972   0.01035572
  0.05154872   0.01053402
  0.05159512   0.01071302
  0.05163902   0.01089252
  0.05168032   0.01107282
  0.05171912   0.01125352
  0.05175532   0.01143482
  0.05178892   0.01161662
  0.05181992   0.01179892
  0.05184842   0.01198162
  0.05187422   0.01216462
  0.05189742   0.01234812
  0.05191802   0.01253182
  0.05193602   0.01271582
  0.05195142   0.01290002
  0.05195282   0.01291922
  0.05195432   0.01293842
  0.05195572   0.01295762
  0.05195722   0.01297682
  0.05195862   0.01299602
  0.05196002   0.01301522
  0.05196152   0.01303442
  0.05196292   0.01305362
  0.05196442   0.01307282
  0.05196582   0.01309202
  0.05196722   0.01311112
  0.05196872   0.01313032
  0.05197012   0.01314952
  0.05197162   0.01316872
  0.05197302   0.01318792
  0.05197452   0.01320712
  0.05197592   0.01322632
  0.05197732   0.01324552
  0.05197882   0.01326472
  0.05198022   0.01328392
  0.05198172   0.01330312
  0.05198312   0.01332222
  0.05198452   0.01334142
  0.05198602   0.01336062
  0.05198742   0.01337982
  0.05198892   0.01339902
  0.05199032   0.01341822
  0.05199172   0.01343742
  0.05199322   0.01345662
  0.05199462   0.01347582
  0.05199612   0.01349502
  0.05199752   0.01351422
  0.05199902   0.01353332
  0.05200042   0.01355252
  0.05200182   0.01357172
  0.05200332   0.01359092
  0.05200472   0.01361012
  0.05200622   0.01362932
  0.05200762   0.01364852
  0.05200902   0.01366772
  0.05201052   0.01368692
  0.05201192   0.01370612
  0.05201342   0.01372532
  0.05201482   0.01374442
  0.05201622   0.01376362
  0.05201772   0.01378282
  0.05201912   0.01380202
  0.05202062   0.01382122
  0.05202202   0.01384042
  0.05202352   0.01385962
  0.05202492   0.01387882
  0.05202632   0.01389802
  0.05202782   0.01391722
  0.05202922   0.01393642
  0.05203072   0.01395552
  0.05203212   0.01397472
  0.05203352   0.01399392
  0.05203502   0.01401312
  0.05203642   0.01403232
  0.05203792   0.01405152
  0.05203932   0.01407072
  0.05204072   0.01408992
  0.05204222   0.01410912
  0.05204362   0.01412832
  0.05204512   0.01414752
  0.05204652   0.01416662
  0.05204802   0.01418582
  0.05204942   0.01420502
  0.05205082   0.01422422
  0.05205232   0.01424342
  0.05205372   0.01426262
  0.05205522   0.01428182
  0.05205662   0.01430102
  0.05205802   0.01432022
  0.05205952   0.01433942
  0.05206092   0.01435862
  0.05206242   0.01437772
  0.05206382   0.01439692
  0.05206522   0.01441612
  0.05206672   0.01443532
  0.05206812   0.01445452
  0.05206962   0.01447372
  0.05207102   0.01449292
  0.05207252   0.01451212
  0.05207392   0.01453132
  0.05207532   0.01455052
  0.05207682   0.01456972
  0.05207822   0.01458882
  0.05207972   0.01460802
  0.05208112   0.01462722
  0.05208252   0.01464642
  0.05208402   0.01466562
  0.05208542   0.01468482
  0.05208692   0.01470402
  0.05208832   0.01472322
  0.05208972   0.01474242
  0.05209122   0.01476162
  0.05209262   0.01478082
  0.05209412   0.01479992
  0.05209552   0.01481912
  0.05209702   0.01483832
  0.05209842   0.01485752
  0.05209982   0.01487672
  0.05210132   0.01489592
  0.05210272   0.01491512
  0.05210422   0.01493432
  0.05210562   0.01495352
  0.05210702   0.01497272
  0.05210852   0.01499192
  0.05210992   0.01501102
  0.05211142   0.01503022
  0.05211282   0.01504942
  0.05211422   0.01506862
  0.05211572   0.01508782
  0.05211712   0.01510702
  0.05211862   0.01512622
  0.05212002   0.01514542
  0.05212142   0.01516462
  0.05212292   0.01518382
  0.05212432   0.01520302
  0.05212582   0.01522212
  0.05212722   0.01524132
  0.05212872   0.01526052
  0.05213012   0.01527972
  0.05213152   0.01529892
  0.05213302   0.01531812
  0.05213442   0.01533732
  0.05213592   0.01535652
  0.05213732   0.01537572
  0.05213872   0.01539492
  0.05214022   0.01541412
  0.05214162   0.01543322
  0.05214312   0.01545242
  0.05214452   0.01547162
  0.05214592   0.01549082
  0.05214742   0.01551002
  0.05214882   0.01552922
  0.05215032   0.01554842
  0.05215172   0.01556762
  0.05215322   0.01558682
  0.05215462   0.01560602
  0.05215602   0.01562522
  0.05215752   0.01564432
  0.05215892   0.01566352
  0.05216042   0.01568272
  0.05216182   0.01570192
  0.05216322   0.01572112
  0.05216472   0.01574032
  0.05216612   0.01575952
  0.05216762   0.01577872
  0.05216902   0.01579792
  0.05217042   0.01581712
  0.05217192   0.01583632
  0.05217332   0.01585542
  0.05217482   0.01587462
  0.05217622   0.01589382
  0.05217772   0.01591302
  0.05217912   0.01593222
  0.05218052   0.01595142
  0.05218202   0.01597062
  0.05218342   0.01598982
  0.05218492   0.01600902
  0.05218632   0.01602822
  0.05218772   0.01604742
  0.05218922   0.01606652
  0.05219062   0.01608572
  0.05219212   0.01610492
  0.05219352   0.01612412
  0.05219492   0.01614332
  0.05219642   0.01616252
  0.05219782   0.01618172
  0.05219932   0.01620092
  0.05220072   0.01622012
  0.05220222   0.01623932
  0.05220362   0.01625852
  0.05220502   0.01627762
  0.05220652   0.01629682
  0.05220792   0.01631602
  0.05220942   0.01633522
  0.05221082   0.01635442
  0.05221222   0.01637362
  0.05221372   0.01639282
  0.05221512   0.01641202
  0.05221662   0.01643122
  0.05221802   0.01645042
  0.05221942   0.01646962
  0.05222092   0.01648872
  0.05222232   0.01650792
  0.05222382   0.01652712
  0.05222522   0.01654632
  0.05222672   0.01656552
  0.05222812   0.01658472
  0.05222952   0.01660392
  0.05223102   0.01662312
  0.05223242   0.01664232
  0.05223392   0.01666152
  0.05223532   0.01668072
  0.05223672   0.01669982
  0.05223822   0.01671902
  0.05223962   0.01673822
  0.05224112   0.01675742
  0.05224252   0.01677662
  0.05224392   0.01679582
  0.05224542   0.01681502
  0.05224682   0.01683422
  0.05224832   0.01685342
  0.05224972   0.01687262
  0.05225122   0.01689182
  0.05225262   0.01691092
  0.05225402   0.01693012
  0.05225552   0.01694932
  0.05225692   0.01696852
  0.05225842   0.01698772
  0.05225982   0.01700692
  0.05226122   0.01702612
  0.05226272   0.01704532
  0.05226412   0.01706452
  0.05226562   0.01708372
  0.05226702   0.01710292
  0.05226842   0.01712202
  0.05226992   0.01714122
  0.05227132   0.01716042
  0.05227282   0.01717962
  0.05227422   0.01719882
  0.05227562   0.01721802
  0.05227712   0.01723722
  0.05227852   0.01725642
  0.05228002   0.01727562
  0.05228142   0.01729482
  0.05228292   0.01731402
  0.05228432   0.01733312
  0.05228572   0.01735232
  0.05228722   0.01737152
  0.05228862   0.01739072
  0.05229012   0.01740992
  0.05229152   0.01742912
  0.05229292   0.01744832
  0.05229442   0.01746752
  0.05229582   0.01748672
  0.05229732   0.01750592
  0.05229872   0.01752512
  0.05230012   0.01754422
  0.05230162   0.01756342
  0.05230302   0.01758262
  0.05230452   0.01760182
  0.05230592   0.01762102
  0.05230742   0.01764022
  0.05230882   0.01765942
  0.05231022   0.01767862
  0.05231172   0.01769782
  0.05231312   0.01771702
  0.05231462   0.01773622
  0.05231602   0.01775532
  0.05231742   0.01777452
  0.05231892   0.01779372
  0.05232032   0.01781292
  0.05232182   0.01783212
  0.05232322   0.01785132
  0.05232462   0.01787052
  0.05232612   0.01788972
  0.05232752   0.01790892
  0.05232902   0.01792812
  0.05233042   0.01794732
  0.05233192   0.01796642
  0.05233332   0.01798562
  0.05233472   0.01800482
  0.05233622   0.01802402
  0.05233762   0.01804322
  0.05233912   0.01806242
  0.05234052   0.01808162
  0.05234192   0.01810082
  0.05234342   0.01812002
  0.05234482   0.01813922
  0.05234632   0.01815842
  0.05234772   0.01817752
  0.05234912   0.01819672
  0.05235062   0.01821592
  0.05235202   0.01823512
  0.05235352   0.01825432
  0.05235492   0.01827352
  0.05235642   0.01829272
  0.05235782   0.01831192
  0.05235922   0.01833112
  0.05236072   0.01835032
  0.05236212   0.01836952
  0.05236362   0.01838862
  0.05236502   0.01840782
  0.05236642   0.01842702
  0.05236792   0.01844622
  0.05236932   0.01846542
  0.05237082   0.01848462
  0.05237222   0.01850382
  0.05237362   0.01852302
  0.05237512   0.01854222
  0.05237652   0.01856142
  0.05237802   0.01858062
  0.05237942   0.01859972
  0.05238092   0.01861892
  0.05238232   0.01863812
  0.05238372   0.01865732
  0.05238522   0.01867652
  0.05238662   0.01869572
  0.05238812   0.01871492
  0.05238952   0.01873412
  0.05239092   0.01875332
  0.05239242   0.01877252
  0.05239382   0.01879172
  0.05239532   0.01881082
  0.05239672   0.01883002
  0.05239812   0.01884922
  0.05239962   0.01886842
  0.05240102   0.01888762
  0.05240252   0.01890682
  0.05240392   0.01892602
  0.05240532   0.01894522
  0.05240682   0.01896442
  0.05240822   0.01898362
  0.05240972   0.01900282
  0.05241112   0.01902192
  0.05241262   0.01904112
  0.05241402   0.01906032
  0.05241542   0.01907952
  0.05241692   0.01909872
  0.05241832   0.01911792
  0.05241982   0.01913712
  0.05242122   0.01915632
  0.05242262   0.01917552
  0.05242412   0.01919472
  0.05242552   0.01921392
  0.05242702   0.01923302
  0.05242842   0.01925222
  0.05242982   0.01927142
  0.05243132   0.01929062
  0.05243272   0.01930982
  0.05243422   0.01932902
  0.05243562   0.01934822
  0.05243712   0.01936742
  0.05243852   0.01938662
  0.05243992   0.01940582
  0.05244142   0.01942502
  0.05244282   0.01944412
  0.05244432   0.01946332
  0.05244572   0.01948252
  0.05244712   0.01950172
  0.05244862   0.01952092
  0.05245002   0.01954012
  0.05245152   0.01955932
  0.05245292   0.01957852
  0.05245432   0.01959772
  0.05245582   0.01961692
  0.05245722   0.01963612
  0.05245872   0.01965522
  0.05246012   0.01967442
  0.05246162   0.01969362
  0.05246302   0.01971282
  0.05246442   0.01973202
  0.05246592   0.01975122
  0.05246732   0.01977042
  0.05246882   0.01978962
  0.05247022   0.01980882
  0.05247162   0.01982802
  0.05247312   0.01984722
  0.05247452   0.01986632
  0.05247602   0.01988552
  0.05247742   0.01990472
  0.05247882   0.01992392
  0.05248032   0.01994312
  0.05248172   0.01996232
  0.05248322   0.01998152
  0.05248462   0.02000072
  0.05248612   0.02001992
  0.05248752   0.02003912
  0.05248892   0.02005832
  0.05249042   0.02007742
  0.05249182   0.02009662
  0.05249332   0.02011582
  0.05249472   0.02013502
  0.05249612   0.02015422
  0.05249762   0.02017342
  0.05249902   0.02019262
  0.05250052   0.02021182
  0.05250192   0.02023102
  0.05250332   0.02025022
  0.05250482   0.02026942
  0.05250622   0.02028852
  0.05250772   0.02030772
  0.05250912   0.02032692
  0.05251062   0.02034612
  0.05251202   0.02036532
  0.05251342   0.02038452
  0.05251492   0.02040372
  0.05251632   0.02042292
  0.05251782   0.02044212
  0.05251922   0.02046132
  0.05252062   0.02048052
  0.05252212   0.02049962
  0.05252352   0.02051882
  0.05252502   0.02053802
  0.05252642   0.02055722
  0.05252782   0.02057642
  0.05252932   0.02059562
  0.05253072   0.02061482
  0.05253222   0.02063402
  0.05253362   0.02065322
  0.05253512   0.02067242
  0.05253652   0.02069162
  0.05253792   0.02071072
  0.05253942   0.02072992
  0.05254082   0.02074912
  0.05254232   0.02076832
  0.05254372   0.02078752
  0.05254512   0.02080672
  0.05254662   0.02082592
  0.05254802   0.02084512
  0.05254952   0.02086432
  0.05255092   0.02088352
  0.05255232   0.02090272
  0.05255382   0.02092182
  0.05255522   0.02094102
  0.05255672   0.02096022
  0.05255812   0.02097942
  0.05255952   0.02099862
  0.05256102   0.02101782
  0.05256242   0.02103702
  0.05256392   0.02105622
  0.05256532   0.02107542
  0.05256682   0.02109462
  0.05256822   0.02111382
  0.05256962   0.02113292
  0.05257112   0.02115212
  0.05257252   0.02117132
  0.05257402   0.02119052
  0.05257542   0.02120972
  0.05257682   0.02122892
  0.05257832   0.02124812
  0.05257972   0.02126732
  0.05258122   0.02128652
  0.05258262   0.02130572
  0.05258402   0.02132492
  0.05258552   0.02134402
  0.05258692   0.02136322
  0.05258842   0.02138242
  0.05258982   0.02140162
  0.05259132   0.02142082
  0.05259272   0.02144002
  0.05259412   0.02145922
  0.05259562   0.02147842
  0.05259702   0.02149762
  0.05259852   0.02151682
  0.05259992   0.02153602
  0.05260132   0.02155512
  0.05260282   0.02157432
  0.05260422   0.02159352
  0.05260572   0.02161272
  0.05260712   0.02163192
  0.05260852   0.02165112
  0.05261002   0.02167032
  0.05261142   0.02168952
  0.05261292   0.02170872
  0.05261432   0.02172792
  0.05261582   0.02174712
  0.05261722   0.02176622
  0.05261862   0.02178542
  0.05262012   0.02180462
  0.05262152   0.02182382
  0.05262302   0.02184302
  0.05262442   0.02186222
  0.05262582   0.02188142
  0.05262732   0.02190062
  0.05262872   0.02191982
  0.05263022   0.02193902
  0.05263162   0.02195822
  0.05263302   0.02197732
  0.05263452   0.02199652
  0.05263592   0.02201572
  0.05263742   0.02203492
  0.05263882   0.02205412
  0.05264032   0.02207332
  0.05264172   0.02209252
  0.05264312   0.02211172
  0.05264462   0.02213092
  0.05264602   0.02215012
  0.05264752   0.02216932
  0.05264892   0.02218842
  0.05265032   0.02220762
  0.05265182   0.02222682
  0.05265322   0.02224602
  0.05265472   0.02226522
  0.05265612   0.02228442
  0.05265752   0.02230362
  0.05265902   0.02232282
  0.05266042   0.02234202
  0.05266192   0.02236122
  0.05266332   0.02238042
  0.05266482   0.02239952
  0.05266622   0.02241872
  0.05266762   0.02243792
  0.05266912   0.02245712
  0.05267052   0.02247632
  0.05267202   0.02249552
