  0.12484877   0.02300000
  0.12485337   0.02281520
  0.12485797   0.02263030
  0.12486267   0.02244550
  0.12486727   0.02226070
  0.12487187   0.02207590
  0.12487647   0.02189100
  0.12488107   0.02170620
  0.12488567   0.02152140
  0.12489027   0.02133660
  0.12489497   0.02115170
  0.12489957   0.02096690
  0.12490417   0.02078210
  0.12490877   0.02059720
  0.12491337   0.02041240
  0.12491797   0.02022760
  0.12492257   0.02004280
  0.12492727   0.01985790
  0.12493187   0.01967310
  0.12493647   0.01948830
  0.12494107   0.01930350
  0.12494567   0.01911860
  0.12495027   0.01893380
  0.12495487   0.01874900
  0.12495957   0.01856410
  0.12496417   0.01837930
  0.12496877   0.01819450
  0.12497337   0.01800970
  0.12497797   0.01782480
  0.12498257   0.01764000
  0.12498727   0.01745520
  0.12499187   0.01727040
  0.12499647   0.01708550
  0.12500107   0.01690070
  0.12500567   0.01671590
  0.12501027   0.01653100
  0.12501487   0.01634620
  0.12501957   0.01616140
  0.12502417   0.01597660
  0.12502877   0.01579170
  0.12503337   0.01560690
  0.12503797   0.01542210
  0.12504257   0.01523730
  0.12504797   0.01505240
  0.12505577   0.01486770
  0.12506627   0.01468310
  0.12507947   0.01449870
  0.12509517   0.01431450
  0.12511357   0.01413060
  0.12513457   0.01394690
  0.12515817   0.01376350
  0.12518437   0.01358050
  0.12521317   0.01339780
  0.12524457   0.01321560
  0.12527847   0.01303390
  0.12531507   0.01285270
  0.12535417   0.01267200
  0.12539597   0.01249190
  0.12544017   0.01231240
  0.12548697   0.01213350
  0.12553637   0.01195530
  0.12558817   0.01177790
  0.12564257   0.01160120
  0.12569947   0.01142530
  0.12575887   0.01125020
  0.12582077   0.01107600
  0.12588517   0.01090260
  0.12595197   0.01073020
  0.12602117   0.01055880
  0.12609287   0.01038840
  0.12616697   0.01021900
  0.12624347   0.01005070
  0.12632237   0.00988350
  0.12640367   0.00971740
  0.12648727   0.00955250
  0.12657317   0.00938890
  0.12666147   0.00922640
  0.12675207   0.00906520
  0.12684487   0.00890530
  0.12694007   0.00874680
  0.12703737   0.00858960
  0.12713697   0.00843390
  0.12723877   0.00827950
  0.12734277   0.00812670
  0.12744887   0.00797530
  0.12755717   0.00782540
  0.12766757   0.00767710
  0.12778007   0.00753040
  0.12789467   0.00738530
  0.12801127   0.00724190
  0.12812997   0.00710010
  0.12825057   0.00696000
  0.12837327   0.00682160
  0.12849787   0.00668510
  0.12862437   0.00655020
  0.12875277   0.00641730
  0.12888317   0.00628610
  0.12901527   0.00615680
  0.12914927   0.00602940
  0.12928507   0.00590390
  0.12942257   0.00578040
  0.12956187   0.00565880
  0.12970297   0.00553930
  0.12984567   0.00542170
  0.12998997   0.00530620
  0.13013597   0.00519280
  0.13028357   0.00508140
  0.13043267   0.00497220
  0.13058337   0.00486500
  0.13073557   0.00476010
  0.13088927   0.00465730
  0.13104437   0.00455670
  0.13120097   0.00445830
  0.13135887   0.00436220
  0.13151817   0.00426830
  0.13167867   0.00417670
  0.13184057   0.00408740
  0.13200377   0.00400040
  0.13216807   0.00391570
  0.13233357   0.00383340
  0.13250027   0.00375340
  0.13266817   0.00367580
  0.13283707   0.00360060
  0.13300697   0.00352780
  0.13317797   0.00345750
  0.13334987   0.00338950
  0.13352277   0.00332410
  0.13369667   0.00326110
  0.13387137   0.00320050
  0.13404687   0.00314250
  0.13422317   0.00308700
  0.13440037   0.00303400
  0.13457817   0.00298350
  0.13475677   0.00293550
  0.13493577   0.00288920
  0.13511487   0.00284340
  0.13529407   0.00279800
  0.13547337   0.00275290
  0.13565277   0.00270830
  0.13583237   0.00266410
  0.13601197   0.00262040
  0.13619167   0.00257700
  0.13637147   0.00253410
  0.13655147   0.00249150
  0.13673147   0.00244940
  0.13691157   0.00240770
  0.13709177   0.00236640
  0.13727207   0.00232560
  0.13745257   0.00228510
  0.13763307   0.00224510
  0.13781357   0.00220550
  0.13799427   0.00216630
  0.13817507   0.00212750
  0.13835597   0.00208920
  0.13853687   0.00205120
  0.13871787   0.00201370
  0.13889907   0.00197660
  0.13908027   0.00193990
  0.13926157   0.00190360
  0.13944287   0.00186780
  0.13962437   0.00183240
  0.13980587   0.00179740
  0.13998757   0.00176280
  0.14016927   0.00172860
  0.14035097   0.00169480
  0.14053287   0.00166150
  0.14071477   0.00162860
  0.14089677   0.00159610
  0.14107887   0.00156400
  0.14126107   0.00153240
  0.14144327   0.00150120
  0.14162557   0.00147040
  0.14180797   0.00144000
  0.14199037   0.00141000
  0.14217287   0.00138050
  0.14235547   0.00135140
  0.14253817   0.00132270
  0.14272087   0.00129440
  0.14290357   0.00126650
  0.14308647   0.00123910
  0.14326937   0.00121210
  0.14345227   0.00118550
  0.14363537   0.00115940
  0.14381847   0.00113360
  0.14400157   0.00110830
  0.14418477   0.00108340
  0.14436807   0.00105900
  0.14455137   0.00103490
  0.14473467   0.00101130
  0.14491817   0.00098810
  0.14510157   0.00096530
  0.14528517   0.00094300
  0.14546867   0.00092100
  0.14565237   0.00089950
  0.14583607   0.00087850
  0.14601977   0.00085780
  0.14620357   0.00083760
  0.14638737   0.00081780
  0.14657127   0.00079840
  0.14675517   0.00077950
  0.14693907   0.00076090
  0.14712307   0.00074280
  0.14730707   0.00072520
  0.14749117   0.00070790
  0.14767527   0.00069110
  0.14785947   0.00067470
  0.14804367   0.00065870
  0.14822787   0.00064320
  0.14841217   0.00062800
  0.14859647   0.00061330
  0.14878077   0.00059910
  0.14896517   0.00058520
  0.14914957   0.00057180
  0.14933397   0.00055880
  0.14951847   0.00054620
  0.14970297   0.00053410
  0.14988747   0.00052240
  0.15007197   0.00051110
  0.15025657   0.00050030
  0.15044117   0.00048970
  0.15062567   0.00047920
  0.15081027   0.00046880
  0.15099487   0.00045860
  0.15117947   0.00044840
  0.15136417   0.00043840
  0.15154877   0.00042840
  0.15173337   0.00041860
  0.15191797   0.00040890
  0.15210267   0.00039930
  0.15228727   0.00038980
  0.15247197   0.00038050
  0.15265657   0.00037120
  0.15284127   0.00036210
  0.15302587   0.00035300
  0.15321057   0.00034410
  0.15339527   0.00033530
  0.15357997   0.00032670
  0.15376457   0.00031810
  0.15394927   0.00030960
  0.15413397   0.00030130
  0.15431867   0.00029310
  0.15450337   0.00028500
  0.15468817   0.00027700
  0.15487287   0.00026910
  0.15505757   0.00026130
  0.15524227   0.00025360
  0.15542697   0.00024610
  0.15561177   0.00023870
  0.15579647   0.00023130
  0.15598127   0.00022410
  0.15616597   0.00021710
  0.15635077   0.00021010
  0.15653547   0.00020320
  0.15672027   0.00019650
  0.15690507   0.00018980
  0.15708977   0.00018330
  0.15727457   0.00017690
  0.15745937   0.00017060
  0.15764417   0.00016440
  0.15782887   0.00015840
  0.15801367   0.00015240
  0.15819847   0.00014660
  0.15838327   0.00014090
  0.15856807   0.00013530
  0.15875287   0.00012980
  0.15893767   0.00012440
  0.15912247   0.00011910
  0.15930737   0.00011400
  0.15949217   0.00010890
  0.15967697   0.00010400
  0.15986177   0.00009920
  0.16004657   0.00009450
  0.16023147   0.00008990
  0.16041627   0.00008540
  0.16060107   0.00008110
  0.16078597   0.00007680
  0.16097077   0.00007270
  0.16115557   0.00006870
  0.16134047   0.00006480
  0.16152527   0.00006100
  0.16171017   0.00005740
  0.16189497   0.00005380
  0.16207987   0.00005030
  0.16226467   0.00004700
  0.16244957   0.00004380
  0.16263447   0.00004070
  0.16281927   0.00003770
  0.16300417   0.00003480
  0.16318897   0.00003210
  0.16337387   0.00002940
  0.16355877   0.00002690
  0.16374357   0.00002450
  0.16392847   0.00002220
  0.16411337   0.00002000
  0.16429827   0.00001790
  0.16448307   0.00001590
  0.16466797   0.00001410
  0.16485287   0.00001240
  0.16503777   0.00001070
  0.16522257   0.00000920
  0.16540747   0.00000780
  0.16559237   0.00000660
  0.16577727   0.00000540
  0.16596217   0.00000430
  0.16614697   0.00000340
  0.16633187   0.00000260
  0.16651677   0.00000190
  0.16670167   0.00000130
  0.16688657   0.00000080
  0.16707147   0.00000040
  0.16725637   0.00000020
  0.16744117  -0.00000000
  0.16762607  -0.00000000
  0.16781097   0.00000010
  0.16799587   0.00000030
  0.16818077   0.00000060
  0.16836567   0.00000100
  0.16855047   0.00000160
  0.16873537   0.00000220
  0.16892027   0.00000300
  0.16910517   0.00000390
  0.16929007   0.00000490
  0.16947497   0.00000600
  0.16965977   0.00000720
  0.16984467   0.00000860
  0.17002957   0.00001000
  0.17021447   0.00001190
  0.17039927   0.00001420
  0.17058417   0.00001700
  0.17076907   0.00002020
  0.17095387   0.00002380
  0.17113877   0.00002780
  0.17132357   0.00003230
  0.17150837   0.00003720
  0.17169317   0.00004250
  0.17187797   0.00004830
  0.17206277   0.00005440
  0.17224757   0.00006100
  0.17243227   0.00006810
  0.17261697   0.00007550
  0.17280177   0.00008340
  0.17298647   0.00009170
  0.17317107   0.00010050
  0.17335577   0.00010960
  0.17354037   0.00011920
  0.17372497   0.00012920
  0.17390957   0.00013970
  0.17409417   0.00015060
  0.17427867   0.00016190
  0.17446317   0.00017360
  0.17464767   0.00018570
  0.17483217   0.00019830
  0.17501657   0.00021130
  0.17520097   0.00022470
  0.17538537   0.00023860
  0.17556967   0.00025290
  0.17575397   0.00026760
  0.17593827   0.00028270
  0.17612247   0.00029830
  0.17630667   0.00031430
  0.17649087   0.00033070
  0.17667497   0.00034750
  0.17685897   0.00036480
  0.17704307   0.00038250
  0.17722707   0.00040060
  0.17741097   0.00041910
  0.17759487   0.00043810
  0.17777877   0.00045750
  0.17796257   0.00047730
  0.17814637   0.00049750
  0.17833007   0.00051820
  0.17851377   0.00053930
  0.17869737   0.00056080
  0.17888097   0.00058270
  0.17906447   0.00060510
  0.17924797   0.00062790
  0.17943137   0.00065110
  0.17961477   0.00067470
  0.17979807   0.00069880
  0.17998137   0.00072320
  0.18016457   0.00074810
  0.18034767   0.00077350
  0.18053077   0.00079920
  0.18071377   0.00082540
  0.18089677   0.00085200
  0.18107967   0.00087900
  0.18126247   0.00090640
  0.18144527   0.00093430
  0.18162797   0.00096260
  0.18181057   0.00099130
  0.18199317   0.00102040
  0.18217567   0.00105000
  0.18235817   0.00108000
  0.18254047   0.00111040
  0.18272277   0.00114120
  0.18290507   0.00117240
  0.18308717   0.00120410
  0.18326927   0.00123610
  0.18345127   0.00126860
  0.18363317   0.00130160
  0.18381507   0.00133490
  0.18399687   0.00136870
  0.18417857   0.00140290
  0.18436017   0.00143750
  0.18454167   0.00147250
  0.18472317   0.00150790
  0.18490447   0.00154380
  0.18508577   0.00158000
  0.18526697   0.00161670
  0.18544817   0.00165390
  0.18562907   0.00169200
  0.18580937   0.00173270
  0.18598917   0.00177590
  0.18616827   0.00182170
  0.18634677   0.00187000
  0.18652447   0.00192090
  0.18670147   0.00197430
  0.18687777   0.00203010
  0.18705317   0.00208850
  0.18722777   0.00214940
  0.18740137   0.00221280
  0.18757417   0.00227860
  0.18774597   0.00234690
  0.18791687   0.00241760
  0.18808667   0.00249070
  0.18825537   0.00256620
  0.18842307   0.00264420
  0.18858957   0.00272450
  0.18875497   0.00280710
  0.18891917   0.00289220
  0.18908207   0.00297950
  0.18924377   0.00306910
  0.18940417   0.00316110
  0.18956327   0.00325530
  0.18972097   0.00335170
  0.18987737   0.00345040
  0.19003227   0.00355130
  0.19018567   0.00365440
  0.19033767   0.00375970
  0.19048817   0.00386710
  0.19063707   0.00397670
  0.19078447   0.00408830
  0.19093017   0.00420210
  0.19107437   0.00431790
  0.19121677   0.00443570
  0.19135757   0.00455560
  0.19149657   0.00467740
  0.19163387   0.00480120
  0.19176947   0.00492700
  0.19190317   0.00505470
  0.19203507   0.00518420
  0.19216507   0.00531560
  0.19229327   0.00544890
  0.19241957   0.00558390
  0.19254387   0.00572080
  0.19266617   0.00585940
  0.19278657   0.00599970
  0.19290497   0.00614170
  0.19302127   0.00628540
  0.19313557   0.00643080
  0.19324777   0.00657770
  0.19335787   0.00672620
  0.19346587   0.00687630
  0.19357167   0.00702790
  0.19367537   0.00718100
  0.19377687   0.00733550
  0.19387617   0.00749150
  0.19397317   0.00764890
  0.19406797   0.00780760
  0.19416047   0.00796770
  0.19425077   0.00812900
  0.19433867   0.00829160
  0.19442427   0.00845550
  0.19450757   0.00862060
  0.19458847   0.00878680
  0.19466707   0.00895420
  0.19474317   0.00912260
  0.19481697   0.00929220
  0.19488827   0.00946270
  0.19495717   0.00963430
  0.19502367   0.00980680
  0.19508767   0.00998030
  0.19514917   0.01015460
  0.19520827   0.01032980
  0.19526477   0.01050580
  0.19531887   0.01068270
  0.19537037   0.01086020
  0.19541937   0.01103850
  0.19546577   0.01121750
  0.19550967   0.01139700
  0.19555097   0.01157730
  0.19558977   0.01175800
  0.19562597   0.01193930
  0.19565957   0.01212110
  0.19569057   0.01230340
  0.19571907   0.01248610
  0.19574487   0.01266910
  0.19576807   0.01285260
  0.19578867   0.01303630
  0.19580667   0.01322030
  0.19582207   0.01340450
  0.19582347   0.01342370
  0.19582497   0.01344290
  0.19582637   0.01346210
  0.19582787   0.01348130
  0.19582927   0.01350050
  0.19583067   0.01351970
  0.19583217   0.01353890
  0.19583357   0.01355810
  0.19583507   0.01357730
  0.19583647   0.01359650
  0.19583787   0.01361560
  0.19583937   0.01363480
  0.19584077   0.01365400
  0.19584227   0.01367320
  0.19584367   0.01369240
  0.19584517   0.01371160
  0.19584657   0.01373080
  0.19584797   0.01375000
  0.19584947   0.01376920
  0.19585087   0.01378840
  0.19585237   0.01380760
  0.19585377   0.01382670
  0.19585517   0.01384590
  0.19585667   0.01386510
  0.19585807   0.01388430
  0.19585957   0.01390350
  0.19586097   0.01392270
  0.19586237   0.01394190
  0.19586387   0.01396110
  0.19586527   0.01398030
  0.19586677   0.01399950
  0.19586817   0.01401870
  0.19586967   0.01403780
  0.19587107   0.01405700
  0.19587247   0.01407620
  0.19587397   0.01409540
  0.19587537   0.01411460
  0.19587687   0.01413380
  0.19587827   0.01415300
  0.19587967   0.01417220
  0.19588117   0.01419140
  0.19588257   0.01421060
  0.19588407   0.01422980
  0.19588547   0.01424890
  0.19588687   0.01426810
  0.19588837   0.01428730
  0.19588977   0.01430650
  0.19589127   0.01432570
  0.19589267   0.01434490
  0.19589417   0.01436410
  0.19589557   0.01438330
  0.19589697   0.01440250
  0.19589847   0.01442170
  0.19589987   0.01444090
  0.19590137   0.01446000
  0.19590277   0.01447920
  0.19590417   0.01449840
  0.19590567   0.01451760
  0.19590707   0.01453680
  0.19590857   0.01455600
  0.19590997   0.01457520
  0.19591137   0.01459440
  0.19591287   0.01461360
  0.19591427   0.01463280
  0.19591577   0.01465200
  0.19591717   0.01467110
  0.19591867   0.01469030
  0.19592007   0.01470950
  0.19592147   0.01472870
  0.19592297   0.01474790
  0.19592437   0.01476710
  0.19592587   0.01478630
  0.19592727   0.01480550
  0.19592867   0.01482470
  0.19593017   0.01484390
  0.19593157   0.01486310
  0.19593307   0.01488220
  0.19593447   0.01490140
  0.19593587   0.01492060
  0.19593737   0.01493980
  0.19593877   0.01495900
  0.19594027   0.01497820
  0.19594167   0.01499740
  0.19594317   0.01501660
  0.19594457   0.01503580
  0.19594597   0.01505500
  0.19594747   0.01507420
  0.19594887   0.01509330
  0.19595037   0.01511250
  0.19595177   0.01513170
  0.19595317   0.01515090
  0.19595467   0.01517010
  0.19595607   0.01518930
  0.19595757   0.01520850
  0.19595897   0.01522770
  0.19596037   0.01524690
  0.19596187   0.01526610
  0.19596327   0.01528530
  0.19596477   0.01530440
  0.19596617   0.01532360
  0.19596767   0.01534280
  0.19596907   0.01536200
  0.19597047   0.01538120
  0.19597197   0.01540040
  0.19597337   0.01541960
  0.19597487   0.01543880
  0.19597627   0.01545800
  0.19597767   0.01547720
  0.19597917   0.01549640
  0.19598057   0.01551550
  0.19598207   0.01553470
  0.19598347   0.01555390
  0.19598487   0.01557310
  0.19598637   0.01559230
  0.19598777   0.01561150
  0.19598927   0.01563070
  0.19599067   0.01564990
  0.19599207   0.01566910
  0.19599357   0.01568830
  0.19599497   0.01570750
  0.19599647   0.01572660
  0.19599787   0.01574580
  0.19599937   0.01576500
  0.19600077   0.01578420
  0.19600217   0.01580340
  0.19600367   0.01582260
  0.19600507   0.01584180
  0.19600657   0.01586100
  0.19600797   0.01588020
  0.19600937   0.01589940
  0.19601087   0.01591860
  0.19601227   0.01593770
  0.19601377   0.01595690
  0.19601517   0.01597610
  0.19601657   0.01599530
  0.19601807   0.01601450
  0.19601947   0.01603370
  0.19602097   0.01605290
  0.19602237   0.01607210
  0.19602387   0.01609130
  0.19602527   0.01611050
  0.19602667   0.01612970
  0.19602817   0.01614880
  0.19602957   0.01616800
  0.19603107   0.01618720
  0.19603247   0.01620640
  0.19603387   0.01622560
  0.19603537   0.01624480
  0.19603677   0.01626400
  0.19603827   0.01628320
  0.19603967   0.01630240
  0.19604107   0.01632160
  0.19604257   0.01634080
  0.19604397   0.01635990
  0.19604547   0.01637910
  0.19604687   0.01639830
  0.19604837   0.01641750
  0.19604977   0.01643670
  0.19605117   0.01645590
  0.19605267   0.01647510
  0.19605407   0.01649430
  0.19605557   0.01651350
  0.19605697   0.01653270
  0.19605837   0.01655190
  0.19605987   0.01657100
  0.19606127   0.01659020
  0.19606277   0.01660940
  0.19606417   0.01662860
  0.19606557   0.01664780
  0.19606707   0.01666700
  0.19606847   0.01668620
  0.19606997   0.01670540
  0.19607137   0.01672460
  0.19607287   0.01674380
  0.19607427   0.01676300
  0.19607567   0.01678210
  0.19607717   0.01680130
  0.19607857   0.01682050
  0.19608007   0.01683970
  0.19608147   0.01685890
  0.19608287   0.01687810
  0.19608437   0.01689730
  0.19608577   0.01691650
  0.19608727   0.01693570
  0.19608867   0.01695490
  0.19609007   0.01697410
  0.19609157   0.01699320
  0.19609297   0.01701240
  0.19609447   0.01703160
  0.19609587   0.01705080
  0.19609737   0.01707000
  0.19609877   0.01708920
  0.19610017   0.01710840
  0.19610167   0.01712760
  0.19610307   0.01714680
  0.19610457   0.01716600
  0.19610597   0.01718520
  0.19610737   0.01720430
  0.19610887   0.01722350
  0.19611027   0.01724270
  0.19611177   0.01726190
  0.19611317   0.01728110
  0.19611457   0.01730030
  0.19611607   0.01731950
  0.19611747   0.01733870
  0.19611897   0.01735790
  0.19612037   0.01737710
  0.19612187   0.01739630
  0.19612327   0.01741540
  0.19612467   0.01743460
  0.19612617   0.01745380
  0.19612757   0.01747300
  0.19612907   0.01749220
  0.19613047   0.01751140
  0.19613187   0.01753060
  0.19613337   0.01754980
  0.19613477   0.01756900
  0.19613627   0.01758820
  0.19613767   0.01760740
  0.19613907   0.01762650
  0.19614057   0.01764570
  0.19614197   0.01766490
  0.19614347   0.01768410
  0.19614487   0.01770330
  0.19614627   0.01772250
  0.19614777   0.01774170
  0.19614917   0.01776090
  0.19615067   0.01778010
  0.19615207   0.01779930
  0.19615357   0.01781850
  0.19615497   0.01783760
  0.19615637   0.01785680
  0.19615787   0.01787600
  0.19615927   0.01789520
  0.19616077   0.01791440
  0.19616217   0.01793360
  0.19616357   0.01795280
  0.19616507   0.01797200
  0.19616647   0.01799120
  0.19616797   0.01801040
  0.19616937   0.01802960
  0.19617077   0.01804870
  0.19617227   0.01806790
  0.19617367   0.01808710
  0.19617517   0.01810630
  0.19617657   0.01812550
  0.19617807   0.01814470
  0.19617947   0.01816390
  0.19618087   0.01818310
  0.19618237   0.01820230
  0.19618377   0.01822150
  0.19618527   0.01824070
  0.19618667   0.01825980
  0.19618807   0.01827900
  0.19618957   0.01829820
  0.19619097   0.01831740
  0.19619247   0.01833660
  0.19619387   0.01835580
  0.19619527   0.01837500
  0.19619677   0.01839420
  0.19619817   0.01841340
  0.19619967   0.01843260
  0.19620107   0.01845180
  0.19620257   0.01847090
  0.19620397   0.01849010
  0.19620537   0.01850930
  0.19620687   0.01852850
  0.19620827   0.01854770
  0.19620977   0.01856690
  0.19621117   0.01858610
  0.19621257   0.01860530
  0.19621407   0.01862450
  0.19621547   0.01864370
  0.19621697   0.01866290
  0.19621837   0.01868200
  0.19621977   0.01870120
  0.19622127   0.01872040
  0.19622267   0.01873960
  0.19622417   0.01875880
  0.19622557   0.01877800
  0.19622707   0.01879720
  0.19622847   0.01881640
  0.19622987   0.01883560
  0.19623137   0.01885480
  0.19623277   0.01887400
  0.19623427   0.01889310
  0.19623567   0.01891230
  0.19623707   0.01893150
  0.19623857   0.01895070
  0.19623997   0.01896990
  0.19624147   0.01898910
  0.19624287   0.01900830
  0.19624427   0.01902750
  0.19624577   0.01904670
  0.19624717   0.01906590
  0.19624867   0.01908510
  0.19625007   0.01910420
  0.19625157   0.01912340
  0.19625297   0.01914260
  0.19625437   0.01916180
  0.19625587   0.01918100
  0.19625727   0.01920020
  0.19625877   0.01921940
  0.19626017   0.01923860
  0.19626157   0.01925780
  0.19626307   0.01927700
  0.19626447   0.01929620
  0.19626597   0.01931530
  0.19626737   0.01933450
  0.19626877   0.01935370
  0.19627027   0.01937290
  0.19627167   0.01939210
  0.19627317   0.01941130
  0.19627457   0.01943050
  0.19627597   0.01944970
  0.19627747   0.01946890
  0.19627887   0.01948810
  0.19628037   0.01950730
  0.19628177   0.01952640
  0.19628327   0.01954560
  0.19628467   0.01956480
  0.19628607   0.01958400
  0.19628757   0.01960320
  0.19628897   0.01962240
  0.19629047   0.01964160
  0.19629187   0.01966080
  0.19629327   0.01968000
  0.19629477   0.01969920
  0.19629617   0.01971840
  0.19629767   0.01973750
  0.19629907   0.01975670
  0.19630047   0.01977590
  0.19630197   0.01979510
  0.19630337   0.01981430
  0.19630487   0.01983350
  0.19630627   0.01985270
  0.19630777   0.01987190
  0.19630917   0.01989110
  0.19631057   0.01991030
  0.19631207   0.01992950
  0.19631347   0.01994860
  0.19631497   0.01996780
  0.19631637   0.01998700
  0.19631777   0.02000620
  0.19631927   0.02002540
  0.19632067   0.02004460
  0.19632217   0.02006380
  0.19632357   0.02008300
  0.19632497   0.02010220
  0.19632647   0.02012140
  0.19632787   0.02014060
  0.19632937   0.02015970
  0.19633077   0.02017890
  0.19633227   0.02019810
  0.19633367   0.02021730
  0.19633507   0.02023650
  0.19633657   0.02025570
  0.19633797   0.02027490
  0.19633947   0.02029410
  0.19634087   0.02031330
  0.19634227   0.02033250
  0.19634377   0.02035170
  0.19634517   0.02037080
  0.19634667   0.02039000
  0.19634807   0.02040920
  0.19634947   0.02042840
  0.19635097   0.02044760
  0.19635237   0.02046680
  0.19635387   0.02048600
  0.19635527   0.02050520
  0.19635677   0.02052440
  0.19635817   0.02054360
  0.19635957   0.02056280
  0.19636107   0.02058190
  0.19636247   0.02060110
  0.19636397   0.02062030
  0.19636537   0.02063950
  0.19636677   0.02065870
  0.19636827   0.02067790
  0.19636967   0.02069710
  0.19637117   0.02071630
  0.19637257   0.02073550
  0.19637397   0.02075470
  0.19637547   0.02077390
  0.19637687   0.02079300
  0.19637837   0.02081220
  0.19637977   0.02083140
  0.19638127   0.02085060
  0.19638267   0.02086980
  0.19638407   0.02088900
  0.19638557   0.02090820
  0.19638697   0.02092740
  0.19638847   0.02094660
  0.19638987   0.02096580
  0.19639127   0.02098500
  0.19639277   0.02100410
  0.19639417   0.02102330
  0.19639567   0.02104250
  0.19639707   0.02106170
  0.19639847   0.02108090
  0.19639997   0.02110010
  0.19640137   0.02111930
  0.19640287   0.02113850
  0.19640427   0.02115770
  0.19640577   0.02117690
  0.19640717   0.02119610
  0.19640857   0.02121520
  0.19641007   0.02123440
  0.19641147   0.02125360
  0.19641297   0.02127280
  0.19641437   0.02129200
  0.19641577   0.02131120
  0.19641727   0.02133040
  0.19641867   0.02134960
  0.19642017   0.02136880
  0.19642157   0.02138800
  0.19642297   0.02140720
  0.19642447   0.02142630
  0.19642587   0.02144550
  0.19642737   0.02146470
  0.19642877   0.02148390
  0.19643017   0.02150310
  0.19643167   0.02152230
  0.19643307   0.02154150
  0.19643457   0.02156070
  0.19643597   0.02157990
  0.19643747   0.02159910
  0.19643887   0.02161830
  0.19644027   0.02163740
  0.19644177   0.02165660
  0.19644317   0.02167580
  0.19644467   0.02169500
  0.19644607   0.02171420
  0.19644747   0.02173340
  0.19644897   0.02175260
  0.19645037   0.02177180
  0.19645187   0.02179100
  0.19645327   0.02181020
  0.19645467   0.02182940
  0.19645617   0.02184850
  0.19645757   0.02186770
  0.19645907   0.02188690
  0.19646047   0.02190610
  0.19646197   0.02192530
  0.19646337   0.02194450
  0.19646477   0.02196370
  0.19646627   0.02198290
  0.19646767   0.02200210
  0.19646917   0.02202130
  0.19647057   0.02204050
  0.19647197   0.02205960
  0.19647347   0.02207880
  0.19647487   0.02209800
  0.19647637   0.02211720
  0.19647777   0.02213640
  0.19647917   0.02215560
  0.19648067   0.02217480
  0.19648207   0.02219400
  0.19648357   0.02221320
  0.19648497   0.02223240
  0.19648647   0.02225160
  0.19648787   0.02227070
  0.19648927   0.02228990
  0.19649077   0.02230910
  0.19649217   0.02232830
  0.19649367   0.02234750
  0.19649507   0.02236670
  0.19649647   0.02238590
  0.19649797   0.02240510
  0.19649937   0.02242430
  0.19650087   0.02244350
  0.19650227   0.02246270
  0.19650367   0.02248180
  0.19650517   0.02250100
  0.19650657   0.02252020
  0.19650807   0.02253940
  0.19650947   0.02255860
  0.19651097   0.02257780
  0.19651237   0.02259700
  0.19651377   0.02261620
  0.19651527   0.02263540
  0.19651667   0.02265460
  0.19651817   0.02267380
  0.19651957   0.02269290
  0.19652097   0.02271210
  0.19652247   0.02273130
  0.19652387   0.02275050
  0.19652537   0.02276970
  0.19652677   0.02278890
  0.19652817   0.02280810
  0.19652967   0.02282730
  0.19653107   0.02284650
  0.19653257   0.02286570
  0.19653397   0.02288490
  0.19653547   0.02290400
  0.19653687   0.02292320
  0.19653827   0.02294240
  0.19653977   0.02296160
  0.19654117   0.02298080
  0.19654267   0.02300000
