 -0.03446969   0.02300000
 -0.03446509   0.02281520
 -0.03446049   0.02263030
 -0.03445579   0.02244550
 -0.03445119   0.02226070
 -0.03444659   0.02207590
 -0.03444199   0.02189100
 -0.03443739   0.02170620
 -0.03443279   0.02152140
 -0.03442819   0.02133660
 -0.03442349   0.02115170
 -0.03441889   0.02096690
 -0.03441429   0.02078210
 -0.03440969   0.02059720
 -0.03440509   0.02041240
 -0.03440049   0.02022760
 -0.03439589   0.02004280
 -0.03439119   0.01985790
 -0.03438659   0.01967310
 -0.03438199   0.01948830
 -0.03437739   0.01930350
 -0.03437279   0.01911860
 -0.03436819   0.01893380
 -0.03436359   0.01874900
 -0.03435889   0.01856410
 -0.03435429   0.01837930
 -0.03434969   0.01819450
 -0.03434509   0.01800970
 -0.03434049   0.01782480
 -0.03433589   0.01764000
 -0.03433119   0.01745520
 -0.03432659   0.01727040
 -0.03432199   0.01708550
 -0.03431739   0.01690070
 -0.03431279   0.01671590
 -0.03430819   0.01653100
 -0.03430359   0.01634620
 -0.03429889   0.01616140
 -0.03429429   0.01597660
 -0.03428969   0.01579170
 -0.03428509   0.01560690
 -0.03428049   0.01542210
 -0.03427589   0.01523730
 -0.03427049   0.01505240
 -0.03426269   0.01486770
 -0.03425219   0.01468310
 -0.03423899   0.01449870
 -0.03422329   0.01431450
 -0.03420489   0.01413060
 -0.03418389   0.01394690
 -0.03416029   0.01376350
 -0.03413409   0.01358050
 -0.03410529   0.01339780
 -0.03407389   0.01321560
 -0.03403999   0.01303390
 -0.03400339   0.01285270
 -0.03396429   0.01267200
 -0.03392249   0.01249190
 -0.03387829   0.01231240
 -0.03383149   0.01213350
 -0.03378209   0.01195530
 -0.03373029   0.01177790
 -0.03367589   0.01160120
 -0.03361899   0.01142530
 -0.03355959   0.01125020
 -0.03349769   0.01107600
 -0.03343329   0.01090260
 -0.03336649   0.01073020
 -0.03329729   0.01055880
 -0.03322559   0.01038840
 -0.03315149   0.01021900
 -0.03307499   0.01005070
 -0.03299609   0.00988350
 -0.03291479   0.00971740
 -0.03283119   0.00955250
 -0.03274529   0.00938890
 -0.03265699   0.00922640
 -0.03256639   0.00906520
 -0.03247359   0.00890530
 -0.03237839   0.00874680
 -0.03228109   0.00858960
 -0.03218149   0.00843390
 -0.03207969   0.00827950
 -0.03197569   0.00812670
 -0.03186959   0.00797530
 -0.03176129   0.00782540
 -0.03165089   0.00767710
 -0.03153839   0.00753040
 -0.03142379   0.00738530
 -0.03130719   0.00724190
 -0.03118849   0.00710010
 -0.03106789   0.00696000
 -0.03094519   0.00682160
 -0.03082059   0.00668510
 -0.03069409   0.00655020
 -0.03056569   0.00641730
 -0.03043529   0.00628610
 -0.03030319   0.00615680
 -0.03016919   0.00602940
 -0.03003339   0.00590390
 -0.02989589   0.00578040
 -0.02975659   0.00565880
 -0.02961549   0.00553930
 -0.02947279   0.00542170
 -0.02932849   0.00530620
 -0.02918249   0.00519280
 -0.02903489   0.00508140
 -0.02888579   0.00497220
 -0.02873509   0.00486500
 -0.02858289   0.00476010
 -0.02842919   0.00465730
 -0.02827409   0.00455670
 -0.02811749   0.00445830
 -0.02795959   0.00436220
 -0.02780029   0.00426830
 -0.02763979   0.00417670
 -0.02747789   0.00408740
 -0.02731469   0.00400040
 -0.02715039   0.00391570
 -0.02698489   0.00383340
 -0.02681819   0.00375340
 -0.02665029   0.00367580
 -0.02648139   0.00360060
 -0.02631149   0.00352780
 -0.02614049   0.00345750
 -0.02596859   0.00338950
 -0.02579569   0.00332410
 -0.02562179   0.00326110
 -0.02544709   0.00320050
 -0.02527159   0.00314250
 -0.02509529   0.00308700
 -0.02491809   0.00303400
 -0.02474029   0.00298350
 -0.02456169   0.00293550
 -0.02438269   0.00288920
 -0.02420359   0.00284340
 -0.02402439   0.00279800
 -0.02384509   0.00275290
 -0.02366569   0.00270830
 -0.02348609   0.00266410
 -0.02330649   0.00262040
 -0.02312679   0.00257700
 -0.02294699   0.00253410
 -0.02276699   0.00249150
 -0.02258699   0.00244940
 -0.02240689   0.00240770
 -0.02222669   0.00236640
 -0.02204639   0.00232560
 -0.02186589   0.00228510
 -0.02168539   0.00224510
 -0.02150489   0.00220550
 -0.02132419   0.00216630
 -0.02114339   0.00212750
 -0.02096249   0.00208920
 -0.02078159   0.00205120
 -0.02060059   0.00201370
 -0.02041939   0.00197660
 -0.02023819   0.00193990
 -0.02005689   0.00190360
 -0.01987559   0.00186780
 -0.01969409   0.00183240
 -0.01951259   0.00179740
 -0.01933089   0.00176280
 -0.01914919   0.00172860
 -0.01896749   0.00169480
 -0.01878559   0.00166150
 -0.01860369   0.00162860
 -0.01842169   0.00159610
 -0.01823959   0.00156400
 -0.01805739   0.00153240
 -0.01787519   0.00150120
 -0.01769289   0.00147040
 -0.01751049   0.00144000
 -0.01732809   0.00141000
 -0.01714559   0.00138050
 -0.01696299   0.00135140
 -0.01678029   0.00132270
 -0.01659759   0.00129440
 -0.01641489   0.00126650
 -0.01623199   0.00123910
 -0.01604909   0.00121210
 -0.01586619   0.00118550
 -0.01568309   0.00115940
 -0.01549999   0.00113360
 -0.01531689   0.00110830
 -0.01513369   0.00108340
 -0.01495039   0.00105900
 -0.01476709   0.00103490
 -0.01458379   0.00101130
 -0.01440029   0.00098810
 -0.01421689   0.00096530
 -0.01403329   0.00094300
 -0.01384979   0.00092100
 -0.01366609   0.00089950
 -0.01348239   0.00087850
 -0.01329869   0.00085780
 -0.01311489   0.00083760
 -0.01293109   0.00081780
 -0.01274719   0.00079840
 -0.01256329   0.00077950
 -0.01237939   0.00076090
 -0.01219539   0.00074280
 -0.01201139   0.00072520
 -0.01182729   0.00070790
 -0.01164319   0.00069110
 -0.01145899   0.00067470
 -0.01127479   0.00065870
 -0.01109059   0.00064320
 -0.01090629   0.00062800
 -0.01072199   0.00061330
 -0.01053769   0.00059910
 -0.01035329   0.00058520
 -0.01016889   0.00057180
 -0.00998449   0.00055880
 -0.00979999   0.00054620
 -0.00961549   0.00053410
 -0.00943099   0.00052240
 -0.00924649   0.00051110
 -0.00906189   0.00050030
 -0.00887729   0.00048970
 -0.00869279   0.00047920
 -0.00850819   0.00046880
 -0.00832359   0.00045860
 -0.00813899   0.00044840
 -0.00795429   0.00043840
 -0.00776969   0.00042840
 -0.00758509   0.00041860
 -0.00740049   0.00040890
 -0.00721579   0.00039930
 -0.00703119   0.00038980
 -0.00684649   0.00038050
 -0.00666189   0.00037120
 -0.00647719   0.00036210
 -0.00629259   0.00035300
 -0.00610789   0.00034410
 -0.00592319   0.00033530
 -0.00573849   0.00032670
 -0.00555389   0.00031810
 -0.00536919   0.00030960
 -0.00518449   0.00030130
 -0.00499979   0.00029310
 -0.00481509   0.00028500
 -0.00463029   0.00027700
 -0.00444559   0.00026910
 -0.00426089   0.00026130
 -0.00407619   0.00025360
 -0.00389149   0.00024610
 -0.00370669   0.00023870
 -0.00352199   0.00023130
 -0.00333719   0.00022410
 -0.00315249   0.00021710
 -0.00296769   0.00021010
 -0.00278299   0.00020320
 -0.00259819   0.00019650
 -0.00241339   0.00018980
 -0.00222869   0.00018330
 -0.00204389   0.00017690
 -0.00185909   0.00017060
 -0.00167429   0.00016440
 -0.00148959   0.00015840
 -0.00130479   0.00015240
 -0.00111999   0.00014660
 -0.00093519   0.00014090
 -0.00075039   0.00013530
 -0.00056559   0.00012980
 -0.00038079   0.00012440
 -0.00019599   0.00011910
 -0.00001109   0.00011400
  0.00017371   0.00010890
  0.00035851   0.00010400
  0.00054331   0.00009920
  0.00072811   0.00009450
  0.00091301   0.00008990
  0.00109781   0.00008540
  0.00128261   0.00008110
  0.00146751   0.00007680
  0.00165231   0.00007270
  0.00183711   0.00006870
  0.00202201   0.00006480
  0.00220681   0.00006100
  0.00239171   0.00005740
  0.00257651   0.00005380
  0.00276141   0.00005030
  0.00294621   0.00004700
  0.00313111   0.00004380
  0.00331601   0.00004070
  0.00350081   0.00003770
  0.00368571   0.00003480
  0.00387051   0.00003210
  0.00405541   0.00002940
  0.00424031   0.00002690
  0.00442511   0.00002450
  0.00461001   0.00002220
  0.00479491   0.00002000
  0.00497981   0.00001790
  0.00516461   0.00001590
  0.00534951   0.00001410
  0.00553441   0.00001240
  0.00571931   0.00001070
  0.00590411   0.00000920
  0.00608901   0.00000780
  0.00627391   0.00000660
  0.00645881   0.00000540
  0.00664371   0.00000430
  0.00682851   0.00000340
  0.00701341   0.00000260
  0.00719831   0.00000190
  0.00738321   0.00000130
  0.00756811   0.00000080
  0.00775301   0.00000040
  0.00793791   0.00000020
  0.00812271  -0.00000000
  0.00830761  -0.00000000
  0.00849251   0.00000010
  0.00867741   0.00000030
  0.00886231   0.00000060
  0.00904721   0.00000100
  0.00923201   0.00000160
  0.00941691   0.00000220
  0.00960181   0.00000300
  0.00978671   0.00000390
  0.00997161   0.00000490
  0.01015651   0.00000600
  0.01034131   0.00000720
  0.01052621   0.00000860
  0.01071111   0.00001000
  0.01089601   0.00001190
  0.01108081   0.00001420
  0.01126571   0.00001700
  0.01145061   0.00002020
  0.01163541   0.00002380
  0.01182031   0.00002780
  0.01200511   0.00003230
  0.01218991   0.00003720
  0.01237471   0.00004250
  0.01255951   0.00004830
  0.01274431   0.00005440
  0.01292911   0.00006100
  0.01311381   0.00006810
  0.01329851   0.00007550
  0.01348331   0.00008340
  0.01366801   0.00009170
  0.01385261   0.00010050
  0.01403731   0.00010960
  0.01422191   0.00011920
  0.01440651   0.00012920
  0.01459111   0.00013970
  0.01477571   0.00015060
  0.01496021   0.00016190
  0.01514471   0.00017360
  0.01532921   0.00018570
  0.01551371   0.00019830
  0.01569811   0.00021130
  0.01588251   0.00022470
  0.01606691   0.00023860
  0.01625121   0.00025290
  0.01643551   0.00026760
  0.01661981   0.00028270
  0.01680401   0.00029830
  0.01698821   0.00031430
  0.01717241   0.00033070
  0.01735651   0.00034750
  0.01754051   0.00036480
  0.01772461   0.00038250
  0.01790861   0.00040060
  0.01809251   0.00041910
  0.01827641   0.00043810
  0.01846031   0.00045750
  0.01864411   0.00047730
  0.01882791   0.00049750
  0.01901161   0.00051820
  0.01919531   0.00053930
  0.01937891   0.00056080
  0.01956251   0.00058270
  0.01974601   0.00060510
  0.01992951   0.00062790
  0.02011291   0.00065110
  0.02029631   0.00067470
  0.02047961   0.00069880
  0.02066291   0.00072320
  0.02084611   0.00074810
  0.02102921   0.00077350
  0.02121231   0.00079920
  0.02139531   0.00082540
  0.02157831   0.00085200
  0.02176121   0.00087900
  0.02194401   0.00090640
  0.02212681   0.00093430
  0.02230951   0.00096260
  0.02249211   0.00099130
  0.02267471   0.00102040
  0.02285721   0.00105000
  0.02303971   0.00108000
  0.02322201   0.00111040
  0.02340431   0.00114120
  0.02358661   0.00117240
  0.02376871   0.00120410
  0.02395081   0.00123610
  0.02413281   0.00126860
  0.02431471   0.00130160
  0.02449661   0.00133490
  0.02467841   0.00136870
  0.02486011   0.00140290
  0.02504171   0.00143750
  0.02522321   0.00147250
  0.02540471   0.00150790
  0.02558601   0.00154380
  0.02576731   0.00158000
  0.02594851   0.00161670
  0.02612971   0.00165390
  0.02631061   0.00169200
  0.02649091   0.00173270
  0.02667071   0.00177590
  0.02684981   0.00182170
  0.02702831   0.00187000
  0.02720601   0.00192090
  0.02738301   0.00197430
  0.02755931   0.00203010
  0.02773471   0.00208850
  0.02790931   0.00214940
  0.02808291   0.00221280
  0.02825571   0.00227860
  0.02842751   0.00234690
  0.02859841   0.00241760
  0.02876821   0.00249070
  0.02893691   0.00256620
  0.02910461   0.00264420
  0.02927111   0.00272450
  0.02943651   0.00280710
  0.02960071   0.00289220
  0.02976361   0.00297950
  0.02992531   0.00306910
  0.03008571   0.00316110
  0.03024481   0.00325530
  0.03040251   0.00335170
  0.03055891   0.00345040
  0.03071381   0.00355130
  0.03086721   0.00365440
  0.03101921   0.00375970
  0.03116971   0.00386710
  0.03131861   0.00397670
  0.03146601   0.00408830
  0.03161171   0.00420210
  0.03175591   0.00431790
  0.03189831   0.00443570
  0.03203911   0.00455560
  0.03217811   0.00467740
  0.03231541   0.00480120
  0.03245101   0.00492700
  0.03258471   0.00505470
  0.03271661   0.00518420
  0.03284661   0.00531560
  0.03297481   0.00544890
  0.03310111   0.00558390
  0.03322541   0.00572080
  0.03334771   0.00585940
  0.03346811   0.00599970
  0.03358651   0.00614170
  0.03370281   0.00628540
  0.03381711   0.00643080
  0.03392931   0.00657770
  0.03403941   0.00672620
  0.03414741   0.00687630
  0.03425321   0.00702790
  0.03435691   0.00718100
  0.03445841   0.00733550
  0.03455771   0.00749150
  0.03465471   0.00764890
  0.03474951   0.00780760
  0.03484201   0.00796770
  0.03493231   0.00812900
  0.03502021   0.00829160
  0.03510581   0.00845550
  0.03518911   0.00862060
  0.03527001   0.00878680
  0.03534861   0.00895420
  0.03542471   0.00912260
  0.03549851   0.00929220
  0.03556981   0.00946270
  0.03563871   0.00963430
  0.03570521   0.00980680
  0.03576921   0.00998030
  0.03583071   0.01015460
  0.03588981   0.01032980
  0.03594631   0.01050580
  0.03600041   0.01068270
  0.03605191   0.01086020
  0.03610091   0.01103850
  0.03614731   0.01121750
  0.03619121   0.01139700
  0.03623251   0.01157730
  0.03627131   0.01175800
  0.03630751   0.01193930
  0.03634111   0.01212110
  0.03637211   0.01230340
  0.03640061   0.01248610
  0.03642641   0.01266910
  0.03644961   0.01285260
  0.03647021   0.01303630
  0.03648821   0.01322030
  0.03650361   0.01340450
  0.03650501   0.01342370
  0.03650651   0.01344290
  0.03650791   0.01346210
  0.03650941   0.01348130
  0.03651081   0.01350050
  0.03651221   0.01351970
  0.03651371   0.01353890
  0.03651511   0.01355810
  0.03651661   0.01357730
  0.03651801   0.01359650
  0.03651941   0.01361560
  0.03652091   0.01363480
  0.03652231   0.01365400
  0.03652381   0.01367320
  0.03652521   0.01369240
  0.03652671   0.01371160
  0.03652811   0.01373080
  0.03652951   0.01375000
  0.03653101   0.01376920
  0.03653241   0.01378840
  0.03653391   0.01380760
  0.03653531   0.01382670
  0.03653671   0.01384590
  0.03653821   0.01386510
  0.03653961   0.01388430
  0.03654111   0.01390350
  0.03654251   0.01392270
  0.03654391   0.01394190
  0.03654541   0.01396110
  0.03654681   0.01398030
  0.03654831   0.01399950
  0.03654971   0.01401870
  0.03655121   0.01403780
  0.03655261   0.01405700
  0.03655401   0.01407620
  0.03655551   0.01409540
  0.03655691   0.01411460
  0.03655841   0.01413380
  0.03655981   0.01415300
  0.03656121   0.01417220
  0.03656271   0.01419140
  0.03656411   0.01421060
  0.03656561   0.01422980
  0.03656701   0.01424890
  0.03656841   0.01426810
  0.03656991   0.01428730
  0.03657131   0.01430650
  0.03657281   0.01432570
  0.03657421   0.01434490
  0.03657571   0.01436410
  0.03657711   0.01438330
  0.03657851   0.01440250
  0.03658001   0.01442170
  0.03658141   0.01444090
  0.03658291   0.01446000
  0.03658431   0.01447920
  0.03658571   0.01449840
  0.03658721   0.01451760
  0.03658861   0.01453680
  0.03659011   0.01455600
  0.03659151   0.01457520
  0.03659291   0.01459440
  0.03659441   0.01461360
  0.03659581   0.01463280
  0.03659731   0.01465200
  0.03659871   0.01467110
  0.03660021   0.01469030
  0.03660161   0.01470950
  0.03660301   0.01472870
  0.03660451   0.01474790
  0.03660591   0.01476710
  0.03660741   0.01478630
  0.03660881   0.01480550
  0.03661021   0.01482470
  0.03661171   0.01484390
  0.03661311   0.01486310
  0.03661461   0.01488220
  0.03661601   0.01490140
  0.03661741   0.01492060
  0.03661891   0.01493980
  0.03662031   0.01495900
  0.03662181   0.01497820
  0.03662321   0.01499740
  0.03662471   0.01501660
  0.03662611   0.01503580
  0.03662751   0.01505500
  0.03662901   0.01507420
  0.03663041   0.01509330
  0.03663191   0.01511250
  0.03663331   0.01513170
  0.03663471   0.01515090
  0.03663621   0.01517010
  0.03663761   0.01518930
  0.03663911   0.01520850
  0.03664051   0.01522770
  0.03664191   0.01524690
  0.03664341   0.01526610
  0.03664481   0.01528530
  0.03664631   0.01530440
  0.03664771   0.01532360
  0.03664921   0.01534280
  0.03665061   0.01536200
  0.03665201   0.01538120
  0.03665351   0.01540040
  0.03665491   0.01541960
  0.03665641   0.01543880
  0.03665781   0.01545800
  0.03665921   0.01547720
  0.03666071   0.01549640
  0.03666211   0.01551550
  0.03666361   0.01553470
  0.03666501   0.01555390
  0.03666641   0.01557310
  0.03666791   0.01559230
  0.03666931   0.01561150
  0.03667081   0.01563070
  0.03667221   0.01564990
  0.03667361   0.01566910
  0.03667511   0.01568830
  0.03667651   0.01570750
  0.03667801   0.01572660
  0.03667941   0.01574580
  0.03668091   0.01576500
  0.03668231   0.01578420
  0.03668371   0.01580340
  0.03668521   0.01582260
  0.03668661   0.01584180
  0.03668811   0.01586100
  0.03668951   0.01588020
  0.03669091   0.01589940
  0.03669241   0.01591860
  0.03669381   0.01593770
  0.03669531   0.01595690
  0.03669671   0.01597610
  0.03669811   0.01599530
  0.03669961   0.01601450
  0.03670101   0.01603370
  0.03670251   0.01605290
  0.03670391   0.01607210
  0.03670541   0.01609130
  0.03670681   0.01611050
  0.03670821   0.01612970
  0.03670971   0.01614880
  0.03671111   0.01616800
  0.03671261   0.01618720
  0.03671401   0.01620640
  0.03671541   0.01622560
  0.03671691   0.01624480
  0.03671831   0.01626400
  0.03671981   0.01628320
  0.03672121   0.01630240
  0.03672261   0.01632160
  0.03672411   0.01634080
  0.03672551   0.01635990
  0.03672701   0.01637910
  0.03672841   0.01639830
  0.03672991   0.01641750
  0.03673131   0.01643670
  0.03673271   0.01645590
  0.03673421   0.01647510
  0.03673561   0.01649430
  0.03673711   0.01651350
  0.03673851   0.01653270
  0.03673991   0.01655190
  0.03674141   0.01657100
  0.03674281   0.01659020
  0.03674431   0.01660940
  0.03674571   0.01662860
  0.03674711   0.01664780
  0.03674861   0.01666700
  0.03675001   0.01668620
  0.03675151   0.01670540
  0.03675291   0.01672460
  0.03675441   0.01674380
  0.03675581   0.01676300
  0.03675721   0.01678210
  0.03675871   0.01680130
  0.03676011   0.01682050
  0.03676161   0.01683970
  0.03676301   0.01685890
  0.03676441   0.01687810
  0.03676591   0.01689730
  0.03676731   0.01691650
  0.03676881   0.01693570
  0.03677021   0.01695490
  0.03677161   0.01697410
  0.03677311   0.01699320
  0.03677451   0.01701240
  0.03677601   0.01703160
  0.03677741   0.01705080
  0.03677891   0.01707000
  0.03678031   0.01708920
  0.03678171   0.01710840
  0.03678321   0.01712760
  0.03678461   0.01714680
  0.03678611   0.01716600
  0.03678751   0.01718520
  0.03678891   0.01720430
  0.03679041   0.01722350
  0.03679181   0.01724270
  0.03679331   0.01726190
  0.03679471   0.01728110
  0.03679611   0.01730030
  0.03679761   0.01731950
  0.03679901   0.01733870
  0.03680051   0.01735790
  0.03680191   0.01737710
  0.03680341   0.01739630
  0.03680481   0.01741540
  0.03680621   0.01743460
  0.03680771   0.01745380
  0.03680911   0.01747300
  0.03681061   0.01749220
  0.03681201   0.01751140
  0.03681341   0.01753060
  0.03681491   0.01754980
  0.03681631   0.01756900
  0.03681781   0.01758820
  0.03681921   0.01760740
  0.03682061   0.01762650
  0.03682211   0.01764570
  0.03682351   0.01766490
  0.03682501   0.01768410
  0.03682641   0.01770330
  0.03682781   0.01772250
  0.03682931   0.01774170
  0.03683071   0.01776090
  0.03683221   0.01778010
  0.03683361   0.01779930
  0.03683511   0.01781850
  0.03683651   0.01783760
  0.03683791   0.01785680
  0.03683941   0.01787600
  0.03684081   0.01789520
  0.03684231   0.01791440
  0.03684371   0.01793360
  0.03684511   0.01795280
  0.03684661   0.01797200
  0.03684801   0.01799120
  0.03684951   0.01801040
  0.03685091   0.01802960
  0.03685231   0.01804870
  0.03685381   0.01806790
  0.03685521   0.01808710
  0.03685671   0.01810630
  0.03685811   0.01812550
  0.03685961   0.01814470
  0.03686101   0.01816390
  0.03686241   0.01818310
  0.03686391   0.01820230
  0.03686531   0.01822150
  0.03686681   0.01824070
  0.03686821   0.01825980
  0.03686961   0.01827900
  0.03687111   0.01829820
  0.03687251   0.01831740
  0.03687401   0.01833660
  0.03687541   0.01835580
  0.03687681   0.01837500
  0.03687831   0.01839420
  0.03687971   0.01841340
  0.03688121   0.01843260
  0.03688261   0.01845180
  0.03688411   0.01847090
  0.03688551   0.01849010
  0.03688691   0.01850930
  0.03688841   0.01852850
  0.03688981   0.01854770
  0.03689131   0.01856690
  0.03689271   0.01858610
  0.03689411   0.01860530
  0.03689561   0.01862450
  0.03689701   0.01864370
  0.03689851   0.01866290
  0.03689991   0.01868200
  0.03690131   0.01870120
  0.03690281   0.01872040
  0.03690421   0.01873960
  0.03690571   0.01875880
  0.03690711   0.01877800
  0.03690861   0.01879720
  0.03691001   0.01881640
  0.03691141   0.01883560
  0.03691291   0.01885480
  0.03691431   0.01887400
  0.03691581   0.01889310
  0.03691721   0.01891230
  0.03691861   0.01893150
  0.03692011   0.01895070
  0.03692151   0.01896990
  0.03692301   0.01898910
  0.03692441   0.01900830
  0.03692581   0.01902750
  0.03692731   0.01904670
  0.03692871   0.01906590
  0.03693021   0.01908510
  0.03693161   0.01910420
  0.03693311   0.01912340
  0.03693451   0.01914260
  0.03693591   0.01916180
  0.03693741   0.01918100
  0.03693881   0.01920020
  0.03694031   0.01921940
  0.03694171   0.01923860
  0.03694311   0.01925780
  0.03694461   0.01927700
  0.03694601   0.01929620
  0.03694751   0.01931530
  0.03694891   0.01933450
  0.03695031   0.01935370
  0.03695181   0.01937290
  0.03695321   0.01939210
  0.03695471   0.01941130
  0.03695611   0.01943050
  0.03695751   0.01944970
  0.03695901   0.01946890
  0.03696041   0.01948810
  0.03696191   0.01950730
  0.03696331   0.01952640
  0.03696481   0.01954560
  0.03696621   0.01956480
  0.03696761   0.01958400
  0.03696911   0.01960320
  0.03697051   0.01962240
  0.03697201   0.01964160
  0.03697341   0.01966080
  0.03697481   0.01968000
  0.03697631   0.01969920
  0.03697771   0.01971840
  0.03697921   0.01973750
  0.03698061   0.01975670
  0.03698201   0.01977590
  0.03698351   0.01979510
  0.03698491   0.01981430
  0.03698641   0.01983350
  0.03698781   0.01985270
  0.03698931   0.01987190
  0.03699071   0.01989110
  0.03699211   0.01991030
  0.03699361   0.01992950
  0.03699501   0.01994860
  0.03699651   0.01996780
  0.03699791   0.01998700
  0.03699931   0.02000620
  0.03700081   0.02002540
  0.03700221   0.02004460
  0.03700371   0.02006380
  0.03700511   0.02008300
  0.03700651   0.02010220
  0.03700801   0.02012140
  0.03700941   0.02014060
  0.03701091   0.02015970
  0.03701231   0.02017890
  0.03701381   0.02019810
  0.03701521   0.02021730
  0.03701661   0.02023650
  0.03701811   0.02025570
  0.03701951   0.02027490
  0.03702101   0.02029410
  0.03702241   0.02031330
  0.03702381   0.02033250
  0.03702531   0.02035170
  0.03702671   0.02037080
  0.03702821   0.02039000
  0.03702961   0.02040920
  0.03703101   0.02042840
  0.03703251   0.02044760
  0.03703391   0.02046680
  0.03703541   0.02048600
  0.03703681   0.02050520
  0.03703831   0.02052440
  0.03703971   0.02054360
  0.03704111   0.02056280
  0.03704261   0.02058190
  0.03704401   0.02060110
  0.03704551   0.02062030
  0.03704691   0.02063950
  0.03704831   0.02065870
  0.03704981   0.02067790
  0.03705121   0.02069710
  0.03705271   0.02071630
  0.03705411   0.02073550
  0.03705551   0.02075470
  0.03705701   0.02077390
  0.03705841   0.02079300
  0.03705991   0.02081220
  0.03706131   0.02083140
  0.03706281   0.02085060
  0.03706421   0.02086980
  0.03706561   0.02088900
  0.03706711   0.02090820
  0.03706851   0.02092740
  0.03707001   0.02094660
  0.03707141   0.02096580
  0.03707281   0.02098500
  0.03707431   0.02100410
  0.03707571   0.02102330
  0.03707721   0.02104250
  0.03707861   0.02106170
  0.03708001   0.02108090
  0.03708151   0.02110010
  0.03708291   0.02111930
  0.03708441   0.02113850
  0.03708581   0.02115770
  0.03708731   0.02117690
  0.03708871   0.02119610
  0.03709011   0.02121520
  0.03709161   0.02123440
  0.03709301   0.02125360
  0.03709451   0.02127280
  0.03709591   0.02129200
  0.03709731   0.02131120
  0.03709881   0.02133040
  0.03710021   0.02134960
  0.03710171   0.02136880
  0.03710311   0.02138800
  0.03710451   0.02140720
  0.03710601   0.02142630
  0.03710741   0.02144550
  0.03710891   0.02146470
  0.03711031   0.02148390
  0.03711171   0.02150310
  0.03711321   0.02152230
  0.03711461   0.02154150
  0.03711611   0.02156070
  0.03711751   0.02157990
  0.03711901   0.02159910
  0.03712041   0.02161830
  0.03712181   0.02163740
  0.03712331   0.02165660
  0.03712471   0.02167580
  0.03712621   0.02169500
  0.03712761   0.02171420
  0.03712901   0.02173340
  0.03713051   0.02175260
  0.03713191   0.02177180
  0.03713341   0.02179100
  0.03713481   0.02181020
  0.03713621   0.02182940
  0.03713771   0.02184850
  0.03713911   0.02186770
  0.03714061   0.02188690
  0.03714201   0.02190610
  0.03714351   0.02192530
  0.03714491   0.02194450
  0.03714631   0.02196370
  0.03714781   0.02198290
  0.03714921   0.02200210
  0.03715071   0.02202130
  0.03715211   0.02204050
  0.03715351   0.02205960
  0.03715501   0.02207880
  0.03715641   0.02209800
  0.03715791   0.02211720
  0.03715931   0.02213640
  0.03716071   0.02215560
  0.03716221   0.02217480
  0.03716361   0.02219400
  0.03716511   0.02221320
  0.03716651   0.02223240
  0.03716801   0.02225160
  0.03716941   0.02227070
  0.03717081   0.02228990
  0.03717231   0.02230910
  0.03717371   0.02232830
  0.03717521   0.02234750
  0.03717661   0.02236670
  0.03717801   0.02238590
  0.03717951   0.02240510
  0.03718091   0.02242430
  0.03718241   0.02244350
  0.03718381   0.02246270
  0.03718521   0.02248180
  0.03718671   0.02250100
  0.03718811   0.02252020
  0.03718961   0.02253940
  0.03719101   0.02255860
  0.03719251   0.02257780
  0.03719391   0.02259700
  0.03719531   0.02261620
  0.03719681   0.02263540
  0.03719821   0.02265460
  0.03719971   0.02267380
  0.03720111   0.02269290
  0.03720251   0.02271210
  0.03720401   0.02273130
  0.03720541   0.02275050
  0.03720691   0.02276970
  0.03720831   0.02278890
  0.03720971   0.02280810
  0.03721121   0.02282730
  0.03721261   0.02284650
  0.03721411   0.02286570
  0.03721551   0.02288490
  0.03721701   0.02290400
  0.03721841   0.02292320
  0.03721981   0.02294240
  0.03722131   0.02296160
  0.03722271   0.02298080
  0.03722421   0.02300000
