  0.00281661   0.02300000
  0.00282121   0.02281520
  0.00282581   0.02263030
  0.00283051   0.02244550
  0.00283511   0.02226070
  0.00283971   0.02207590
  0.00284431   0.02189100
  0.00284891   0.02170620
  0.00285351   0.02152140
  0.00285811   0.02133660
  0.00286281   0.02115170
  0.00286741   0.02096690
  0.00287201   0.02078210
  0.00287661   0.02059720
  0.00288121   0.02041240
  0.00288581   0.02022760
  0.00289041   0.02004280
  0.00289511   0.01985790
  0.00289971   0.01967310
  0.00290431   0.01948830
  0.00290891   0.01930350
  0.00291351   0.01911860
  0.00291811   0.01893380
  0.00292271   0.01874900
  0.00292741   0.01856410
  0.00293201   0.01837930
  0.00293661   0.01819450
  0.00294121   0.01800970
  0.00294581   0.01782480
  0.00295041   0.01764000
  0.00295511   0.01745520
  0.00295971   0.01727040
  0.00296431   0.01708550
  0.00296891   0.01690070
  0.00297351   0.01671590
  0.00297811   0.01653100
  0.00298271   0.01634620
  0.00298741   0.01616140
  0.00299201   0.01597660
  0.00299661   0.01579170
  0.00300121   0.01560690
  0.00300581   0.01542210
  0.00301041   0.01523730
  0.00301581   0.01505240
  0.00302361   0.01486770
  0.00303411   0.01468310
  0.00304731   0.01449870
  0.00306301   0.01431450
  0.00308141   0.01413060
  0.00310241   0.01394690
  0.00312601   0.01376350
  0.00315221   0.01358050
  0.00318101   0.01339780
  0.00321241   0.01321560
  0.00324631   0.01303390
  0.00328291   0.01285270
  0.00332201   0.01267200
  0.00336381   0.01249190
  0.00340801   0.01231240
  0.00345481   0.01213350
  0.00350421   0.01195530
  0.00355601   0.01177790
  0.00361041   0.01160120
  0.00366731   0.01142530
  0.00372671   0.01125020
  0.00378861   0.01107600
  0.00385301   0.01090260
  0.00391981   0.01073020
  0.00398901   0.01055880
  0.00406071   0.01038840
  0.00413481   0.01021900
  0.00421131   0.01005070
  0.00429021   0.00988350
  0.00437151   0.00971740
  0.00445511   0.00955250
  0.00454101   0.00938890
  0.00462931   0.00922640
  0.00471991   0.00906520
  0.00481271   0.00890530
  0.00490791   0.00874680
  0.00500521   0.00858960
  0.00510481   0.00843390
  0.00520661   0.00827950
  0.00531061   0.00812670
  0.00541671   0.00797530
  0.00552501   0.00782540
  0.00563541   0.00767710
  0.00574791   0.00753040
  0.00586251   0.00738530
  0.00597911   0.00724190
  0.00609781   0.00710010
  0.00621841   0.00696000
  0.00634111   0.00682160
  0.00646571   0.00668510
  0.00659221   0.00655020
  0.00672061   0.00641730
  0.00685101   0.00628610
  0.00698311   0.00615680
  0.00711711   0.00602940
  0.00725291   0.00590390
  0.00739041   0.00578040
  0.00752971   0.00565880
  0.00767081   0.00553930
  0.00781351   0.00542170
  0.00795781   0.00530620
  0.00810381   0.00519280
  0.00825141   0.00508140
  0.00840051   0.00497220
  0.00855121   0.00486500
  0.00870341   0.00476010
  0.00885711   0.00465730
  0.00901221   0.00455670
  0.00916881   0.00445830
  0.00932671   0.00436220
  0.00948601   0.00426830
  0.00964651   0.00417670
  0.00980841   0.00408740
  0.00997161   0.00400040
  0.01013591   0.00391570
  0.01030141   0.00383340
  0.01046811   0.00375340
  0.01063601   0.00367580
  0.01080491   0.00360060
  0.01097481   0.00352780
  0.01114581   0.00345750
  0.01131771   0.00338950
  0.01149061   0.00332410
  0.01166451   0.00326110
  0.01183921   0.00320050
  0.01201471   0.00314250
  0.01219101   0.00308700
  0.01236821   0.00303400
  0.01254601   0.00298350
  0.01272461   0.00293550
  0.01290361   0.00288920
  0.01308271   0.00284340
  0.01326191   0.00279800
  0.01344121   0.00275290
  0.01362061   0.00270830
  0.01380021   0.00266410
  0.01397981   0.00262040
  0.01415951   0.00257700
  0.01433931   0.00253410
  0.01451931   0.00249150
  0.01469931   0.00244940
  0.01487941   0.00240770
  0.01505961   0.00236640
  0.01523991   0.00232560
  0.01542041   0.00228510
  0.01560091   0.00224510
  0.01578141   0.00220550
  0.01596211   0.00216630
  0.01614291   0.00212750
  0.01632381   0.00208920
  0.01650471   0.00205120
  0.01668571   0.00201370
  0.01686691   0.00197660
  0.01704811   0.00193990
  0.01722941   0.00190360
  0.01741071   0.00186780
  0.01759221   0.00183240
  0.01777371   0.00179740
  0.01795541   0.00176280
  0.01813711   0.00172860
  0.01831881   0.00169480
  0.01850071   0.00166150
  0.01868261   0.00162860
  0.01886461   0.00159610
  0.01904671   0.00156400
  0.01922891   0.00153240
  0.01941111   0.00150120
  0.01959341   0.00147040
  0.01977581   0.00144000
  0.01995821   0.00141000
  0.02014071   0.00138050
  0.02032331   0.00135140
  0.02050601   0.00132270
  0.02068871   0.00129440
  0.02087141   0.00126650
  0.02105431   0.00123910
  0.02123721   0.00121210
  0.02142011   0.00118550
  0.02160321   0.00115940
  0.02178631   0.00113360
  0.02196941   0.00110830
  0.02215261   0.00108340
  0.02233591   0.00105900
  0.02251921   0.00103490
  0.02270251   0.00101130
  0.02288601   0.00098810
  0.02306941   0.00096530
  0.02325301   0.00094300
  0.02343651   0.00092100
  0.02362021   0.00089950
  0.02380391   0.00087850
  0.02398761   0.00085780
  0.02417141   0.00083760
  0.02435521   0.00081780
  0.02453911   0.00079840
  0.02472301   0.00077950
  0.02490691   0.00076090
  0.02509091   0.00074280
  0.02527491   0.00072520
  0.02545901   0.00070790
  0.02564311   0.00069110
  0.02582731   0.00067470
  0.02601151   0.00065870
  0.02619571   0.00064320
  0.02638001   0.00062800
  0.02656431   0.00061330
  0.02674861   0.00059910
  0.02693301   0.00058520
  0.02711741   0.00057180
  0.02730181   0.00055880
  0.02748631   0.00054620
  0.02767081   0.00053410
  0.02785531   0.00052240
  0.02803981   0.00051110
  0.02822441   0.00050030
  0.02840901   0.00048970
  0.02859351   0.00047920
  0.02877811   0.00046880
  0.02896271   0.00045860
  0.02914731   0.00044840
  0.02933201   0.00043840
  0.02951661   0.00042840
  0.02970121   0.00041860
  0.02988581   0.00040890
  0.03007051   0.00039930
  0.03025511   0.00038980
  0.03043981   0.00038050
  0.03062441   0.00037120
  0.03080911   0.00036210
  0.03099371   0.00035300
  0.03117841   0.00034410
  0.03136311   0.00033530
  0.03154781   0.00032670
  0.03173241   0.00031810
  0.03191711   0.00030960
  0.03210181   0.00030130
  0.03228651   0.00029310
  0.03247121   0.00028500
  0.03265601   0.00027700
  0.03284071   0.00026910
  0.03302541   0.00026130
  0.03321011   0.00025360
  0.03339481   0.00024610
  0.03357961   0.00023870
  0.03376431   0.00023130
  0.03394911   0.00022410
  0.03413381   0.00021710
  0.03431861   0.00021010
  0.03450331   0.00020320
  0.03468811   0.00019650
  0.03487291   0.00018980
  0.03505761   0.00018330
  0.03524241   0.00017690
  0.03542721   0.00017060
  0.03561201   0.00016440
  0.03579671   0.00015840
  0.03598151   0.00015240
  0.03616631   0.00014660
  0.03635111   0.00014090
  0.03653591   0.00013530
  0.03672071   0.00012980
  0.03690551   0.00012440
  0.03709031   0.00011910
  0.03727521   0.00011400
  0.03746001   0.00010890
  0.03764481   0.00010400
  0.03782961   0.00009920
  0.03801441   0.00009450
  0.03819931   0.00008990
  0.03838411   0.00008540
  0.03856891   0.00008110
  0.03875381   0.00007680
  0.03893861   0.00007270
  0.03912341   0.00006870
  0.03930831   0.00006480
  0.03949311   0.00006100
  0.03967801   0.00005740
  0.03986281   0.00005380
  0.04004771   0.00005030
  0.04023251   0.00004700
  0.04041741   0.00004380
  0.04060231   0.00004070
  0.04078711   0.00003770
  0.04097201   0.00003480
  0.04115681   0.00003210
  0.04134171   0.00002940
  0.04152661   0.00002690
  0.04171141   0.00002450
  0.04189631   0.00002220
  0.04208121   0.00002000
  0.04226611   0.00001790
  0.04245091   0.00001590
  0.04263581   0.00001410
  0.04282071   0.00001240
  0.04300561   0.00001070
  0.04319041   0.00000920
  0.04337531   0.00000780
  0.04356021   0.00000660
  0.04374511   0.00000540
  0.04393001   0.00000430
  0.04411481   0.00000340
  0.04429971   0.00000260
  0.04448461   0.00000190
  0.04466951   0.00000130
  0.04485441   0.00000080
  0.04503931   0.00000040
  0.04522421   0.00000020
  0.04540901  -0.00000000
  0.04559391  -0.00000000
  0.04577881   0.00000010
  0.04596371   0.00000030
  0.04614861   0.00000060
  0.04633351   0.00000100
  0.04651831   0.00000160
  0.04670321   0.00000220
  0.04688811   0.00000300
  0.04707301   0.00000390
  0.04725791   0.00000490
  0.04744281   0.00000600
  0.04762761   0.00000720
  0.04781251   0.00000860
  0.04799741   0.00001000
  0.04818231   0.00001190
  0.04836711   0.00001420
  0.04855201   0.00001700
  0.04873691   0.00002020
  0.04892171   0.00002380
  0.04910661   0.00002780
  0.04929141   0.00003230
  0.04947621   0.00003720
  0.04966101   0.00004250
  0.04984581   0.00004830
  0.05003061   0.00005440
  0.05021541   0.00006100
  0.05040011   0.00006810
  0.05058481   0.00007550
  0.05076961   0.00008340
  0.05095431   0.00009170
  0.05113891   0.00010050
  0.05132361   0.00010960
  0.05150821   0.00011920
  0.05169281   0.00012920
  0.05187741   0.00013970
  0.05206201   0.00015060
  0.05224651   0.00016190
  0.05243101   0.00017360
  0.05261551   0.00018570
  0.05280001   0.00019830
  0.05298441   0.00021130
  0.05316881   0.00022470
  0.05335321   0.00023860
  0.05353751   0.00025290
  0.05372181   0.00026760
  0.05390611   0.00028270
  0.05409031   0.00029830
  0.05427451   0.00031430
  0.05445871   0.00033070
  0.05464281   0.00034750
  0.05482681   0.00036480
  0.05501091   0.00038250
  0.05519491   0.00040060
  0.05537881   0.00041910
  0.05556271   0.00043810
  0.05574661   0.00045750
  0.05593041   0.00047730
  0.05611421   0.00049750
  0.05629791   0.00051820
  0.05648161   0.00053930
  0.05666521   0.00056080
  0.05684881   0.00058270
  0.05703231   0.00060510
  0.05721581   0.00062790
  0.05739921   0.00065110
  0.05758261   0.00067470
  0.05776591   0.00069880
  0.05794921   0.00072320
  0.05813241   0.00074810
  0.05831551   0.00077350
  0.05849861   0.00079920
  0.05868161   0.00082540
  0.05886461   0.00085200
  0.05904751   0.00087900
  0.05923031   0.00090640
  0.05941311   0.00093430
  0.05959581   0.00096260
  0.05977841   0.00099130
  0.05996101   0.00102040
  0.06014351   0.00105000
  0.06032601   0.00108000
  0.06050831   0.00111040
  0.06069061   0.00114120
  0.06087291   0.00117240
  0.06105501   0.00120410
  0.06123711   0.00123610
  0.06141911   0.00126860
  0.06160101   0.00130160
  0.06178291   0.00133490
  0.06196471   0.00136870
  0.06214641   0.00140290
  0.06232801   0.00143750
  0.06250951   0.00147250
  0.06269101   0.00150790
  0.06287231   0.00154380
  0.06305361   0.00158000
  0.06323481   0.00161670
  0.06341601   0.00165390
  0.06359691   0.00169200
  0.06377721   0.00173270
  0.06395701   0.00177590
  0.06413611   0.00182170
  0.06431461   0.00187000
  0.06449231   0.00192090
  0.06466931   0.00197430
  0.06484561   0.00203010
  0.06502101   0.00208850
  0.06519561   0.00214940
  0.06536921   0.00221280
  0.06554201   0.00227860
  0.06571381   0.00234690
  0.06588471   0.00241760
  0.06605451   0.00249070
  0.06622321   0.00256620
  0.06639091   0.00264420
  0.06655741   0.00272450
  0.06672281   0.00280710
  0.06688701   0.00289220
  0.06704991   0.00297950
  0.06721161   0.00306910
  0.06737201   0.00316110
  0.06753111   0.00325530
  0.06768881   0.00335170
  0.06784521   0.00345040
  0.06800011   0.00355130
  0.06815351   0.00365440
  0.06830551   0.00375970
  0.06845601   0.00386710
  0.06860491   0.00397670
  0.06875231   0.00408830
  0.06889801   0.00420210
  0.06904221   0.00431790
  0.06918461   0.00443570
  0.06932541   0.00455560
  0.06946441   0.00467740
  0.06960171   0.00480120
  0.06973731   0.00492700
  0.06987101   0.00505470
  0.07000291   0.00518420
  0.07013291   0.00531560
  0.07026111   0.00544890
  0.07038741   0.00558390
  0.07051171   0.00572080
  0.07063401   0.00585940
  0.07075441   0.00599970
  0.07087281   0.00614170
  0.07098911   0.00628540
  0.07110341   0.00643080
  0.07121561   0.00657770
  0.07132571   0.00672620
  0.07143371   0.00687630
  0.07153951   0.00702790
  0.07164321   0.00718100
  0.07174471   0.00733550
  0.07184401   0.00749150
  0.07194101   0.00764890
  0.07203581   0.00780760
  0.07212831   0.00796770
  0.07221861   0.00812900
  0.07230651   0.00829160
  0.07239211   0.00845550
  0.07247541   0.00862060
  0.07255631   0.00878680
  0.07263491   0.00895420
  0.07271101   0.00912260
  0.07278481   0.00929220
  0.07285611   0.00946270
  0.07292501   0.00963430
  0.07299151   0.00980680
  0.07305551   0.00998030
  0.07311701   0.01015460
  0.07317611   0.01032980
  0.07323261   0.01050580
  0.07328671   0.01068270
  0.07333821   0.01086020
  0.07338721   0.01103850
  0.07343361   0.01121750
  0.07347751   0.01139700
  0.07351881   0.01157730
  0.07355761   0.01175800
  0.07359381   0.01193930
  0.07362741   0.01212110
  0.07365841   0.01230340
  0.07368691   0.01248610
  0.07371271   0.01266910
  0.07373591   0.01285260
  0.07375651   0.01303630
  0.07377451   0.01322030
  0.07378991   0.01340450
  0.07379131   0.01342370
  0.07379281   0.01344290
  0.07379421   0.01346210
  0.07379571   0.01348130
  0.07379711   0.01350050
  0.07379851   0.01351970
  0.07380001   0.01353890
  0.07380141   0.01355810
  0.07380291   0.01357730
  0.07380431   0.01359650
  0.07380571   0.01361560
  0.07380721   0.01363480
  0.07380861   0.01365400
  0.07381011   0.01367320
  0.07381151   0.01369240
  0.07381301   0.01371160
  0.07381441   0.01373080
  0.07381581   0.01375000
  0.07381731   0.01376920
  0.07381871   0.01378840
  0.07382021   0.01380760
  0.07382161   0.01382670
  0.07382301   0.01384590
  0.07382451   0.01386510
  0.07382591   0.01388430
  0.07382741   0.01390350
  0.07382881   0.01392270
  0.07383021   0.01394190
  0.07383171   0.01396110
  0.07383311   0.01398030
  0.07383461   0.01399950
  0.07383601   0.01401870
  0.07383751   0.01403780
  0.07383891   0.01405700
  0.07384031   0.01407620
  0.07384181   0.01409540
  0.07384321   0.01411460
  0.07384471   0.01413380
  0.07384611   0.01415300
  0.07384751   0.01417220
  0.07384901   0.01419140
  0.07385041   0.01421060
  0.07385191   0.01422980
  0.07385331   0.01424890
  0.07385471   0.01426810
  0.07385621   0.01428730
  0.07385761   0.01430650
  0.07385911   0.01432570
  0.07386051   0.01434490
  0.07386201   0.01436410
  0.07386341   0.01438330
  0.07386481   0.01440250
  0.07386631   0.01442170
  0.07386771   0.01444090
  0.07386921   0.01446000
  0.07387061   0.01447920
  0.07387201   0.01449840
  0.07387351   0.01451760
  0.07387491   0.01453680
  0.07387641   0.01455600
  0.07387781   0.01457520
  0.07387921   0.01459440
  0.07388071   0.01461360
  0.07388211   0.01463280
  0.07388361   0.01465200
  0.07388501   0.01467110
  0.07388651   0.01469030
  0.07388791   0.01470950
  0.07388931   0.01472870
  0.07389081   0.01474790
  0.07389221   0.01476710
  0.07389371   0.01478630
  0.07389511   0.01480550
  0.07389651   0.01482470
  0.07389801   0.01484390
  0.07389941   0.01486310
  0.07390091   0.01488220
  0.07390231   0.01490140
  0.07390371   0.01492060
  0.07390521   0.01493980
  0.07390661   0.01495900
  0.07390811   0.01497820
  0.07390951   0.01499740
  0.07391101   0.01501660
  0.07391241   0.01503580
  0.07391381   0.01505500
  0.07391531   0.01507420
  0.07391671   0.01509330
  0.07391821   0.01511250
  0.07391961   0.01513170
  0.07392101   0.01515090
  0.07392251   0.01517010
  0.07392391   0.01518930
  0.07392541   0.01520850
  0.07392681   0.01522770
  0.07392821   0.01524690
  0.07392971   0.01526610
  0.07393111   0.01528530
  0.07393261   0.01530440
  0.07393401   0.01532360
  0.07393551   0.01534280
  0.07393691   0.01536200
  0.07393831   0.01538120
  0.07393981   0.01540040
  0.07394121   0.01541960
  0.07394271   0.01543880
  0.07394411   0.01545800
  0.07394551   0.01547720
  0.07394701   0.01549640
  0.07394841   0.01551550
  0.07394991   0.01553470
  0.07395131   0.01555390
  0.07395271   0.01557310
  0.07395421   0.01559230
  0.07395561   0.01561150
  0.07395711   0.01563070
  0.07395851   0.01564990
  0.07395991   0.01566910
  0.07396141   0.01568830
  0.07396281   0.01570750
  0.07396431   0.01572660
  0.07396571   0.01574580
  0.07396721   0.01576500
  0.07396861   0.01578420
  0.07397001   0.01580340
  0.07397151   0.01582260
  0.07397291   0.01584180
  0.07397441   0.01586100
  0.07397581   0.01588020
  0.07397721   0.01589940
  0.07397871   0.01591860
  0.07398011   0.01593770
  0.07398161   0.01595690
  0.07398301   0.01597610
  0.07398441   0.01599530
  0.07398591   0.01601450
  0.07398731   0.01603370
  0.07398881   0.01605290
  0.07399021   0.01607210
  0.07399171   0.01609130
  0.07399311   0.01611050
  0.07399451   0.01612970
  0.07399601   0.01614880
  0.07399741   0.01616800
  0.07399891   0.01618720
  0.07400031   0.01620640
  0.07400171   0.01622560
  0.07400321   0.01624480
  0.07400461   0.01626400
  0.07400611   0.01628320
  0.07400751   0.01630240
  0.07400891   0.01632160
  0.07401041   0.01634080
  0.07401181   0.01635990
  0.07401331   0.01637910
  0.07401471   0.01639830
  0.07401621   0.01641750
  0.07401761   0.01643670
  0.07401901   0.01645590
  0.07402051   0.01647510
  0.07402191   0.01649430
  0.07402341   0.01651350
  0.07402481   0.01653270
  0.07402621   0.01655190
  0.07402771   0.01657100
  0.07402911   0.01659020
  0.07403061   0.01660940
  0.07403201   0.01662860
  0.07403341   0.01664780
  0.07403491   0.01666700
  0.07403631   0.01668620
  0.07403781   0.01670540
  0.07403921   0.01672460
  0.07404071   0.01674380
  0.07404211   0.01676300
  0.07404351   0.01678210
  0.07404501   0.01680130
  0.07404641   0.01682050
  0.07404791   0.01683970
  0.07404931   0.01685890
  0.07405071   0.01687810
  0.07405221   0.01689730
  0.07405361   0.01691650
  0.07405511   0.01693570
  0.07405651   0.01695490
  0.07405791   0.01697410
  0.07405941   0.01699320
  0.07406081   0.01701240
  0.07406231   0.01703160
  0.07406371   0.01705080
  0.07406521   0.01707000
  0.07406661   0.01708920
  0.07406801   0.01710840
  0.07406951   0.01712760
  0.07407091   0.01714680
  0.07407241   0.01716600
  0.07407381   0.01718520
  0.07407521   0.01720430
  0.07407671   0.01722350
  0.07407811   0.01724270
  0.07407961   0.01726190
  0.07408101   0.01728110
  0.07408241   0.01730030
  0.07408391   0.01731950
  0.07408531   0.01733870
  0.07408681   0.01735790
  0.07408821   0.01737710
  0.07408971   0.01739630
  0.07409111   0.01741540
  0.07409251   0.01743460
  0.07409401   0.01745380
  0.07409541   0.01747300
  0.07409691   0.01749220
  0.07409831   0.01751140
  0.07409971   0.01753060
  0.07410121   0.01754980
  0.07410261   0.01756900
  0.07410411   0.01758820
  0.07410551   0.01760740
  0.07410691   0.01762650
  0.07410841   0.01764570
  0.07410981   0.01766490
  0.07411131   0.01768410
  0.07411271   0.01770330
  0.07411411   0.01772250
  0.07411561   0.01774170
  0.07411701   0.01776090
  0.07411851   0.01778010
  0.07411991   0.01779930
  0.07412141   0.01781850
  0.07412281   0.01783760
  0.07412421   0.01785680
  0.07412571   0.01787600
  0.07412711   0.01789520
  0.07412861   0.01791440
  0.07413001   0.01793360
  0.07413141   0.01795280
  0.07413291   0.01797200
  0.07413431   0.01799120
  0.07413581   0.01801040
  0.07413721   0.01802960
  0.07413861   0.01804870
  0.07414011   0.01806790
  0.07414151   0.01808710
  0.07414301   0.01810630
  0.07414441   0.01812550
  0.07414591   0.01814470
  0.07414731   0.01816390
  0.07414871   0.01818310
  0.07415021   0.01820230
  0.07415161   0.01822150
  0.07415311   0.01824070
  0.07415451   0.01825980
  0.07415591   0.01827900
  0.07415741   0.01829820
  0.07415881   0.01831740
  0.07416031   0.01833660
  0.07416171   0.01835580
  0.07416311   0.01837500
  0.07416461   0.01839420
  0.07416601   0.01841340
  0.07416751   0.01843260
  0.07416891   0.01845180
  0.07417041   0.01847090
  0.07417181   0.01849010
  0.07417321   0.01850930
  0.07417471   0.01852850
  0.07417611   0.01854770
  0.07417761   0.01856690
  0.07417901   0.01858610
  0.07418041   0.01860530
  0.07418191   0.01862450
  0.07418331   0.01864370
  0.07418481   0.01866290
  0.07418621   0.01868200
  0.07418761   0.01870120
  0.07418911   0.01872040
  0.07419051   0.01873960
  0.07419201   0.01875880
  0.07419341   0.01877800
  0.07419491   0.01879720
  0.07419631   0.01881640
  0.07419771   0.01883560
  0.07419921   0.01885480
  0.07420061   0.01887400
  0.07420211   0.01889310
  0.07420351   0.01891230
  0.07420491   0.01893150
  0.07420641   0.01895070
  0.07420781   0.01896990
  0.07420931   0.01898910
  0.07421071   0.01900830
  0.07421211   0.01902750
  0.07421361   0.01904670
  0.07421501   0.01906590
  0.07421651   0.01908510
  0.07421791   0.01910420
  0.07421941   0.01912340
  0.07422081   0.01914260
  0.07422221   0.01916180
  0.07422371   0.01918100
  0.07422511   0.01920020
  0.07422661   0.01921940
  0.07422801   0.01923860
  0.07422941   0.01925780
  0.07423091   0.01927700
  0.07423231   0.01929620
  0.07423381   0.01931530
  0.07423521   0.01933450
  0.07423661   0.01935370
  0.07423811   0.01937290
  0.07423951   0.01939210
  0.07424101   0.01941130
  0.07424241   0.01943050
  0.07424381   0.01944970
  0.07424531   0.01946890
  0.07424671   0.01948810
  0.07424821   0.01950730
  0.07424961   0.01952640
  0.07425111   0.01954560
  0.07425251   0.01956480
  0.07425391   0.01958400
  0.07425541   0.01960320
  0.07425681   0.01962240
  0.07425831   0.01964160
  0.07425971   0.01966080
  0.07426111   0.01968000
  0.07426261   0.01969920
  0.07426401   0.01971840
  0.07426551   0.01973750
  0.07426691   0.01975670
  0.07426831   0.01977590
  0.07426981   0.01979510
  0.07427121   0.01981430
  0.07427271   0.01983350
  0.07427411   0.01985270
  0.07427561   0.01987190
  0.07427701   0.01989110
  0.07427841   0.01991030
  0.07427991   0.01992950
  0.07428131   0.01994860
  0.07428281   0.01996780
  0.07428421   0.01998700
  0.07428561   0.02000620
  0.07428711   0.02002540
  0.07428851   0.02004460
  0.07429001   0.02006380
  0.07429141   0.02008300
  0.07429281   0.02010220
  0.07429431   0.02012140
  0.07429571   0.02014060
  0.07429721   0.02015970
  0.07429861   0.02017890
  0.07430011   0.02019810
  0.07430151   0.02021730
  0.07430291   0.02023650
  0.07430441   0.02025570
  0.07430581   0.02027490
  0.07430731   0.02029410
  0.07430871   0.02031330
  0.07431011   0.02033250
  0.07431161   0.02035170
  0.07431301   0.02037080
  0.07431451   0.02039000
  0.07431591   0.02040920
  0.07431731   0.02042840
  0.07431881   0.02044760
  0.07432021   0.02046680
  0.07432171   0.02048600
  0.07432311   0.02050520
  0.07432461   0.02052440
  0.07432601   0.02054360
  0.07432741   0.02056280
  0.07432891   0.02058190
  0.07433031   0.02060110
  0.07433181   0.02062030
  0.07433321   0.02063950
  0.07433461   0.02065870
  0.07433611   0.02067790
  0.07433751   0.02069710
  0.07433901   0.02071630
  0.07434041   0.02073550
  0.07434181   0.02075470
  0.07434331   0.02077390
  0.07434471   0.02079300
  0.07434621   0.02081220
  0.07434761   0.02083140
  0.07434911   0.02085060
  0.07435051   0.02086980
  0.07435191   0.02088900
  0.07435341   0.02090820
  0.07435481   0.02092740
  0.07435631   0.02094660
  0.07435771   0.02096580
  0.07435911   0.02098500
  0.07436061   0.02100410
  0.07436201   0.02102330
  0.07436351   0.02104250
  0.07436491   0.02106170
  0.07436631   0.02108090
  0.07436781   0.02110010
  0.07436921   0.02111930
  0.07437071   0.02113850
  0.07437211   0.02115770
  0.07437361   0.02117690
  0.07437501   0.02119610
  0.07437641   0.02121520
  0.07437791   0.02123440
  0.07437931   0.02125360
  0.07438081   0.02127280
  0.07438221   0.02129200
  0.07438361   0.02131120
  0.07438511   0.02133040
  0.07438651   0.02134960
  0.07438801   0.02136880
  0.07438941   0.02138800
  0.07439081   0.02140720
  0.07439231   0.02142630
  0.07439371   0.02144550
  0.07439521   0.02146470
  0.07439661   0.02148390
  0.07439801   0.02150310
  0.07439951   0.02152230
  0.07440091   0.02154150
  0.07440241   0.02156070
  0.07440381   0.02157990
  0.07440531   0.02159910
  0.07440671   0.02161830
  0.07440811   0.02163740
  0.07440961   0.02165660
  0.07441101   0.02167580
  0.07441251   0.02169500
  0.07441391   0.02171420
  0.07441531   0.02173340
  0.07441681   0.02175260
  0.07441821   0.02177180
  0.07441971   0.02179100
  0.07442111   0.02181020
  0.07442251   0.02182940
  0.07442401   0.02184850
  0.07442541   0.02186770
  0.07442691   0.02188690
  0.07442831   0.02190610
  0.07442981   0.02192530
  0.07443121   0.02194450
  0.07443261   0.02196370
  0.07443411   0.02198290
  0.07443551   0.02200210
  0.07443701   0.02202130
  0.07443841   0.02204050
  0.07443981   0.02205960
  0.07444131   0.02207880
  0.07444271   0.02209800
  0.07444421   0.02211720
  0.07444561   0.02213640
  0.07444701   0.02215560
  0.07444851   0.02217480
  0.07444991   0.02219400
  0.07445141   0.02221320
  0.07445281   0.02223240
  0.07445431   0.02225160
  0.07445571   0.02227070
  0.07445711   0.02228990
  0.07445861   0.02230910
  0.07446001   0.02232830
  0.07446151   0.02234750
  0.07446291   0.02236670
  0.07446431   0.02238590
  0.07446581   0.02240510
  0.07446721   0.02242430
  0.07446871   0.02244350
  0.07447011   0.02246270
  0.07447151   0.02248180
  0.07447301   0.02250100
  0.07447441   0.02252020
  0.07447591   0.02253940
  0.07447731   0.02255860
  0.07447881   0.02257780
  0.07448021   0.02259700
  0.07448161   0.02261620
  0.07448311   0.02263540
  0.07448451   0.02265460
  0.07448601   0.02267380
  0.07448741   0.02269290
  0.07448881   0.02271210
  0.07449031   0.02273130
  0.07449171   0.02275050
  0.07449321   0.02276970
  0.07449461   0.02278890
  0.07449601   0.02280810
  0.07449751   0.02282730
  0.07449891   0.02284650
  0.07450041   0.02286570
  0.07450181   0.02288490
  0.07450331   0.02290400
  0.07450471   0.02292320
  0.07450611   0.02294240
  0.07450761   0.02296160
  0.07450901   0.02298080
  0.07451051   0.02300000
