 -0.02064804   0.02300000
 -0.02064344   0.02281520
 -0.02063884   0.02263030
 -0.02063414   0.02244550
 -0.02062954   0.02226070
 -0.02062494   0.02207590
 -0.02062034   0.02189100
 -0.02061574   0.02170620
 -0.02061114   0.02152140
 -0.02060654   0.02133660
 -0.02060184   0.02115170
 -0.02059724   0.02096690
 -0.02059264   0.02078210
 -0.02058804   0.02059720
 -0.02058344   0.02041240
 -0.02057884   0.02022760
 -0.02057424   0.02004280
 -0.02056954   0.01985790
 -0.02056494   0.01967310
 -0.02056034   0.01948830
 -0.02055574   0.01930350
 -0.02055114   0.01911860
 -0.02054654   0.01893380
 -0.02054194   0.01874900
 -0.02053724   0.01856410
 -0.02053264   0.01837930
 -0.02052804   0.01819450
 -0.02052344   0.01800970
 -0.02051884   0.01782480
 -0.02051424   0.01764000
 -0.02050954   0.01745520
 -0.02050494   0.01727040
 -0.02050034   0.01708550
 -0.02049574   0.01690070
 -0.02049114   0.01671590
 -0.02048654   0.01653100
 -0.02048194   0.01634620
 -0.02047724   0.01616140
 -0.02047264   0.01597660
 -0.02046804   0.01579170
 -0.02046344   0.01560690
 -0.02045884   0.01542210
 -0.02045424   0.01523730
 -0.02044884   0.01505240
 -0.02044104   0.01486770
 -0.02043054   0.01468310
 -0.02041734   0.01449870
 -0.02040164   0.01431450
 -0.02038324   0.01413060
 -0.02036224   0.01394690
 -0.02033864   0.01376350
 -0.02031244   0.01358050
 -0.02028364   0.01339780
 -0.02025224   0.01321560
 -0.02021834   0.01303390
 -0.02018174   0.01285270
 -0.02014264   0.01267200
 -0.02010084   0.01249190
 -0.02005664   0.01231240
 -0.02000984   0.01213350
 -0.01996044   0.01195530
 -0.01990864   0.01177790
 -0.01985424   0.01160120
 -0.01979734   0.01142530
 -0.01973794   0.01125020
 -0.01967604   0.01107600
 -0.01961164   0.01090260
 -0.01954484   0.01073020
 -0.01947564   0.01055880
 -0.01940394   0.01038840
 -0.01932984   0.01021900
 -0.01925334   0.01005070
 -0.01917444   0.00988350
 -0.01909314   0.00971740
 -0.01900954   0.00955250
 -0.01892364   0.00938890
 -0.01883534   0.00922640
 -0.01874474   0.00906520
 -0.01865194   0.00890530
 -0.01855674   0.00874680
 -0.01845944   0.00858960
 -0.01835984   0.00843390
 -0.01825804   0.00827950
 -0.01815404   0.00812670
 -0.01804794   0.00797530
 -0.01793964   0.00782540
 -0.01782924   0.00767710
 -0.01771674   0.00753040
 -0.01760214   0.00738530
 -0.01748554   0.00724190
 -0.01736684   0.00710010
 -0.01724624   0.00696000
 -0.01712354   0.00682160
 -0.01699894   0.00668510
 -0.01687244   0.00655020
 -0.01674404   0.00641730
 -0.01661364   0.00628610
 -0.01648154   0.00615680
 -0.01634754   0.00602940
 -0.01621174   0.00590390
 -0.01607424   0.00578040
 -0.01593494   0.00565880
 -0.01579384   0.00553930
 -0.01565114   0.00542170
 -0.01550684   0.00530620
 -0.01536084   0.00519280
 -0.01521324   0.00508140
 -0.01506414   0.00497220
 -0.01491344   0.00486500
 -0.01476124   0.00476010
 -0.01460754   0.00465730
 -0.01445244   0.00455670
 -0.01429584   0.00445830
 -0.01413794   0.00436220
 -0.01397864   0.00426830
 -0.01381814   0.00417670
 -0.01365624   0.00408740
 -0.01349304   0.00400040
 -0.01332874   0.00391570
 -0.01316324   0.00383340
 -0.01299654   0.00375340
 -0.01282864   0.00367580
 -0.01265974   0.00360060
 -0.01248984   0.00352780
 -0.01231884   0.00345750
 -0.01214694   0.00338950
 -0.01197404   0.00332410
 -0.01180014   0.00326110
 -0.01162544   0.00320050
 -0.01144994   0.00314250
 -0.01127364   0.00308700
 -0.01109644   0.00303400
 -0.01091864   0.00298350
 -0.01074004   0.00293550
 -0.01056104   0.00288920
 -0.01038194   0.00284340
 -0.01020274   0.00279800
 -0.01002344   0.00275290
 -0.00984404   0.00270830
 -0.00966444   0.00266410
 -0.00948484   0.00262040
 -0.00930514   0.00257700
 -0.00912534   0.00253410
 -0.00894534   0.00249150
 -0.00876534   0.00244940
 -0.00858524   0.00240770
 -0.00840504   0.00236640
 -0.00822474   0.00232560
 -0.00804424   0.00228510
 -0.00786374   0.00224510
 -0.00768324   0.00220550
 -0.00750254   0.00216630
 -0.00732174   0.00212750
 -0.00714084   0.00208920
 -0.00695994   0.00205120
 -0.00677894   0.00201370
 -0.00659774   0.00197660
 -0.00641654   0.00193990
 -0.00623524   0.00190360
 -0.00605394   0.00186780
 -0.00587244   0.00183240
 -0.00569094   0.00179740
 -0.00550924   0.00176280
 -0.00532754   0.00172860
 -0.00514584   0.00169480
 -0.00496394   0.00166150
 -0.00478204   0.00162860
 -0.00460004   0.00159610
 -0.00441794   0.00156400
 -0.00423574   0.00153240
 -0.00405354   0.00150120
 -0.00387124   0.00147040
 -0.00368884   0.00144000
 -0.00350644   0.00141000
 -0.00332394   0.00138050
 -0.00314134   0.00135140
 -0.00295864   0.00132270
 -0.00277594   0.00129440
 -0.00259324   0.00126650
 -0.00241034   0.00123910
 -0.00222744   0.00121210
 -0.00204454   0.00118550
 -0.00186144   0.00115940
 -0.00167834   0.00113360
 -0.00149524   0.00110830
 -0.00131204   0.00108340
 -0.00112874   0.00105900
 -0.00094544   0.00103490
 -0.00076214   0.00101130
 -0.00057864   0.00098810
 -0.00039524   0.00096530
 -0.00021164   0.00094300
 -0.00002814   0.00092100
  0.00015556   0.00089950
  0.00033926   0.00087850
  0.00052296   0.00085780
  0.00070676   0.00083760
  0.00089056   0.00081780
  0.00107446   0.00079840
  0.00125836   0.00077950
  0.00144226   0.00076090
  0.00162626   0.00074280
  0.00181026   0.00072520
  0.00199436   0.00070790
  0.00217846   0.00069110
  0.00236266   0.00067470
  0.00254686   0.00065870
  0.00273106   0.00064320
  0.00291536   0.00062800
  0.00309966   0.00061330
  0.00328396   0.00059910
  0.00346836   0.00058520
  0.00365276   0.00057180
  0.00383716   0.00055880
  0.00402166   0.00054620
  0.00420616   0.00053410
  0.00439066   0.00052240
  0.00457516   0.00051110
  0.00475976   0.00050030
  0.00494436   0.00048970
  0.00512886   0.00047920
  0.00531346   0.00046880
  0.00549806   0.00045860
  0.00568266   0.00044840
  0.00586736   0.00043840
  0.00605196   0.00042840
  0.00623656   0.00041860
  0.00642116   0.00040890
  0.00660586   0.00039930
  0.00679046   0.00038980
  0.00697516   0.00038050
  0.00715976   0.00037120
  0.00734446   0.00036210
  0.00752906   0.00035300
  0.00771376   0.00034410
  0.00789846   0.00033530
  0.00808316   0.00032670
  0.00826776   0.00031810
  0.00845246   0.00030960
  0.00863716   0.00030130
  0.00882186   0.00029310
  0.00900656   0.00028500
  0.00919136   0.00027700
  0.00937606   0.00026910
  0.00956076   0.00026130
  0.00974546   0.00025360
  0.00993016   0.00024610
  0.01011496   0.00023870
  0.01029966   0.00023130
  0.01048446   0.00022410
  0.01066916   0.00021710
  0.01085396   0.00021010
  0.01103866   0.00020320
  0.01122346   0.00019650
  0.01140826   0.00018980
  0.01159296   0.00018330
  0.01177776   0.00017690
  0.01196256   0.00017060
  0.01214736   0.00016440
  0.01233206   0.00015840
  0.01251686   0.00015240
  0.01270166   0.00014660
  0.01288646   0.00014090
  0.01307126   0.00013530
  0.01325606   0.00012980
  0.01344086   0.00012440
  0.01362566   0.00011910
  0.01381056   0.00011400
  0.01399536   0.00010890
  0.01418016   0.00010400
  0.01436496   0.00009920
  0.01454976   0.00009450
  0.01473466   0.00008990
  0.01491946   0.00008540
  0.01510426   0.00008110
  0.01528916   0.00007680
  0.01547396   0.00007270
  0.01565876   0.00006870
  0.01584366   0.00006480
  0.01602846   0.00006100
  0.01621336   0.00005740
  0.01639816   0.00005380
  0.01658306   0.00005030
  0.01676786   0.00004700
  0.01695276   0.00004380
  0.01713766   0.00004070
  0.01732246   0.00003770
  0.01750736   0.00003480
  0.01769216   0.00003210
  0.01787706   0.00002940
  0.01806196   0.00002690
  0.01824676   0.00002450
  0.01843166   0.00002220
  0.01861656   0.00002000
  0.01880146   0.00001790
  0.01898626   0.00001590
  0.01917116   0.00001410
  0.01935606   0.00001240
  0.01954096   0.00001070
  0.01972576   0.00000920
  0.01991066   0.00000780
  0.02009556   0.00000660
  0.02028046   0.00000540
  0.02046536   0.00000430
  0.02065016   0.00000340
  0.02083506   0.00000260
  0.02101996   0.00000190
  0.02120486   0.00000130
  0.02138976   0.00000080
  0.02157466   0.00000040
  0.02175956   0.00000020
  0.02194436  -0.00000000
  0.02212926  -0.00000000
  0.02231416   0.00000010
  0.02249906   0.00000030
  0.02268396   0.00000060
  0.02286886   0.00000100
  0.02305366   0.00000160
  0.02323856   0.00000220
  0.02342346   0.00000300
  0.02360836   0.00000390
  0.02379326   0.00000490
  0.02397816   0.00000600
  0.02416296   0.00000720
  0.02434786   0.00000860
  0.02453276   0.00001000
  0.02471766   0.00001190
  0.02490246   0.00001420
  0.02508736   0.00001700
  0.02527226   0.00002020
  0.02545706   0.00002380
  0.02564196   0.00002780
  0.02582676   0.00003230
  0.02601156   0.00003720
  0.02619636   0.00004250
  0.02638116   0.00004830
  0.02656596   0.00005440
  0.02675076   0.00006100
  0.02693546   0.00006810
  0.02712016   0.00007550
  0.02730496   0.00008340
  0.02748966   0.00009170
  0.02767426   0.00010050
  0.02785896   0.00010960
  0.02804356   0.00011920
  0.02822816   0.00012920
  0.02841276   0.00013970
  0.02859736   0.00015060
  0.02878186   0.00016190
  0.02896636   0.00017360
  0.02915086   0.00018570
  0.02933536   0.00019830
  0.02951976   0.00021130
  0.02970416   0.00022470
  0.02988856   0.00023860
  0.03007286   0.00025290
  0.03025716   0.00026760
  0.03044146   0.00028270
  0.03062566   0.00029830
  0.03080986   0.00031430
  0.03099406   0.00033070
  0.03117816   0.00034750
  0.03136216   0.00036480
  0.03154626   0.00038250
  0.03173026   0.00040060
  0.03191416   0.00041910
  0.03209806   0.00043810
  0.03228196   0.00045750
  0.03246576   0.00047730
  0.03264956   0.00049750
  0.03283326   0.00051820
  0.03301696   0.00053930
  0.03320056   0.00056080
  0.03338416   0.00058270
  0.03356766   0.00060510
  0.03375116   0.00062790
  0.03393456   0.00065110
  0.03411796   0.00067470
  0.03430126   0.00069880
  0.03448456   0.00072320
  0.03466776   0.00074810
  0.03485086   0.00077350
  0.03503396   0.00079920
  0.03521696   0.00082540
  0.03539996   0.00085200
  0.03558286   0.00087900
  0.03576566   0.00090640
  0.03594846   0.00093430
  0.03613116   0.00096260
  0.03631376   0.00099130
  0.03649636   0.00102040
  0.03667886   0.00105000
  0.03686136   0.00108000
  0.03704366   0.00111040
  0.03722596   0.00114120
  0.03740826   0.00117240
  0.03759036   0.00120410
  0.03777246   0.00123610
  0.03795446   0.00126860
  0.03813636   0.00130160
  0.03831826   0.00133490
  0.03850006   0.00136870
  0.03868176   0.00140290
  0.03886336   0.00143750
  0.03904486   0.00147250
  0.03922636   0.00150790
  0.03940766   0.00154380
  0.03958896   0.00158000
  0.03977016   0.00161670
  0.03995136   0.00165390
  0.04013226   0.00169200
  0.04031256   0.00173270
  0.04049236   0.00177590
  0.04067146   0.00182170
  0.04084996   0.00187000
  0.04102766   0.00192090
  0.04120466   0.00197430
  0.04138096   0.00203010
  0.04155636   0.00208850
  0.04173096   0.00214940
  0.04190456   0.00221280
  0.04207736   0.00227860
  0.04224916   0.00234690
  0.04242006   0.00241760
  0.04258986   0.00249070
  0.04275856   0.00256620
  0.04292626   0.00264420
  0.04309276   0.00272450
  0.04325816   0.00280710
  0.04342236   0.00289220
  0.04358526   0.00297950
  0.04374696   0.00306910
  0.04390736   0.00316110
  0.04406646   0.00325530
  0.04422416   0.00335170
  0.04438056   0.00345040
  0.04453546   0.00355130
  0.04468886   0.00365440
  0.04484086   0.00375970
  0.04499136   0.00386710
  0.04514026   0.00397670
  0.04528766   0.00408830
  0.04543336   0.00420210
  0.04557756   0.00431790
  0.04571996   0.00443570
  0.04586076   0.00455560
  0.04599976   0.00467740
  0.04613706   0.00480120
  0.04627266   0.00492700
  0.04640636   0.00505470
  0.04653826   0.00518420
  0.04666826   0.00531560
  0.04679646   0.00544890
  0.04692276   0.00558390
  0.04704706   0.00572080
  0.04716936   0.00585940
  0.04728976   0.00599970
  0.04740816   0.00614170
  0.04752446   0.00628540
  0.04763876   0.00643080
  0.04775096   0.00657770
  0.04786106   0.00672620
  0.04796906   0.00687630
  0.04807486   0.00702790
  0.04817856   0.00718100
  0.04828006   0.00733550
  0.04837936   0.00749150
  0.04847636   0.00764890
  0.04857116   0.00780760
  0.04866366   0.00796770
  0.04875396   0.00812900
  0.04884186   0.00829160
  0.04892746   0.00845550
  0.04901076   0.00862060
  0.04909166   0.00878680
  0.04917026   0.00895420
  0.04924636   0.00912260
  0.04932016   0.00929220
  0.04939146   0.00946270
  0.04946036   0.00963430
  0.04952686   0.00980680
  0.04959086   0.00998030
  0.04965236   0.01015460
  0.04971146   0.01032980
  0.04976796   0.01050580
  0.04982206   0.01068270
  0.04987356   0.01086020
  0.04992256   0.01103850
  0.04996896   0.01121750
  0.05001286   0.01139700
  0.05005416   0.01157730
  0.05009296   0.01175800
  0.05012916   0.01193930
  0.05016276   0.01212110
  0.05019376   0.01230340
  0.05022226   0.01248610
  0.05024806   0.01266910
  0.05027126   0.01285260
  0.05029186   0.01303630
  0.05030986   0.01322030
  0.05032526   0.01340450
  0.05032666   0.01342370
  0.05032816   0.01344290
  0.05032956   0.01346210
  0.05033106   0.01348130
  0.05033246   0.01350050
  0.05033386   0.01351970
  0.05033536   0.01353890
  0.05033676   0.01355810
  0.05033826   0.01357730
  0.05033966   0.01359650
  0.05034106   0.01361560
  0.05034256   0.01363480
  0.05034396   0.01365400
  0.05034546   0.01367320
  0.05034686   0.01369240
  0.05034836   0.01371160
  0.05034976   0.01373080
  0.05035116   0.01375000
  0.05035266   0.01376920
  0.05035406   0.01378840
  0.05035556   0.01380760
  0.05035696   0.01382670
  0.05035836   0.01384590
  0.05035986   0.01386510
  0.05036126   0.01388430
  0.05036276   0.01390350
  0.05036416   0.01392270
  0.05036556   0.01394190
  0.05036706   0.01396110
  0.05036846   0.01398030
  0.05036996   0.01399950
  0.05037136   0.01401870
  0.05037286   0.01403780
  0.05037426   0.01405700
  0.05037566   0.01407620
  0.05037716   0.01409540
  0.05037856   0.01411460
  0.05038006   0.01413380
  0.05038146   0.01415300
  0.05038286   0.01417220
  0.05038436   0.01419140
  0.05038576   0.01421060
  0.05038726   0.01422980
  0.05038866   0.01424890
  0.05039006   0.01426810
  0.05039156   0.01428730
  0.05039296   0.01430650
  0.05039446   0.01432570
  0.05039586   0.01434490
  0.05039736   0.01436410
  0.05039876   0.01438330
  0.05040016   0.01440250
  0.05040166   0.01442170
  0.05040306   0.01444090
  0.05040456   0.01446000
  0.05040596   0.01447920
  0.05040736   0.01449840
  0.05040886   0.01451760
  0.05041026   0.01453680
  0.05041176   0.01455600
  0.05041316   0.01457520
  0.05041456   0.01459440
  0.05041606   0.01461360
  0.05041746   0.01463280
  0.05041896   0.01465200
  0.05042036   0.01467110
  0.05042186   0.01469030
  0.05042326   0.01470950
  0.05042466   0.01472870
  0.05042616   0.01474790
  0.05042756   0.01476710
  0.05042906   0.01478630
  0.05043046   0.01480550
  0.05043186   0.01482470
  0.05043336   0.01484390
  0.05043476   0.01486310
  0.05043626   0.01488220
  0.05043766   0.01490140
  0.05043906   0.01492060
  0.05044056   0.01493980
  0.05044196   0.01495900
  0.05044346   0.01497820
  0.05044486   0.01499740
  0.05044636   0.01501660
  0.05044776   0.01503580
  0.05044916   0.01505500
  0.05045066   0.01507420
  0.05045206   0.01509330
  0.05045356   0.01511250
  0.05045496   0.01513170
  0.05045636   0.01515090
  0.05045786   0.01517010
  0.05045926   0.01518930
  0.05046076   0.01520850
  0.05046216   0.01522770
  0.05046356   0.01524690
  0.05046506   0.01526610
  0.05046646   0.01528530
  0.05046796   0.01530440
  0.05046936   0.01532360
  0.05047086   0.01534280
  0.05047226   0.01536200
  0.05047366   0.01538120
  0.05047516   0.01540040
  0.05047656   0.01541960
  0.05047806   0.01543880
  0.05047946   0.01545800
  0.05048086   0.01547720
  0.05048236   0.01549640
  0.05048376   0.01551550
  0.05048526   0.01553470
  0.05048666   0.01555390
  0.05048806   0.01557310
  0.05048956   0.01559230
  0.05049096   0.01561150
  0.05049246   0.01563070
  0.05049386   0.01564990
  0.05049526   0.01566910
  0.05049676   0.01568830
  0.05049816   0.01570750
  0.05049966   0.01572660
  0.05050106   0.01574580
  0.05050256   0.01576500
  0.05050396   0.01578420
  0.05050536   0.01580340
  0.05050686   0.01582260
  0.05050826   0.01584180
  0.05050976   0.01586100
  0.05051116   0.01588020
  0.05051256   0.01589940
  0.05051406   0.01591860
  0.05051546   0.01593770
  0.05051696   0.01595690
  0.05051836   0.01597610
  0.05051976   0.01599530
  0.05052126   0.01601450
  0.05052266   0.01603370
  0.05052416   0.01605290
  0.05052556   0.01607210
  0.05052706   0.01609130
  0.05052846   0.01611050
  0.05052986   0.01612970
  0.05053136   0.01614880
  0.05053276   0.01616800
  0.05053426   0.01618720
  0.05053566   0.01620640
  0.05053706   0.01622560
  0.05053856   0.01624480
  0.05053996   0.01626400
  0.05054146   0.01628320
  0.05054286   0.01630240
  0.05054426   0.01632160
  0.05054576   0.01634080
  0.05054716   0.01635990
  0.05054866   0.01637910
  0.05055006   0.01639830
  0.05055156   0.01641750
  0.05055296   0.01643670
  0.05055436   0.01645590
  0.05055586   0.01647510
  0.05055726   0.01649430
  0.05055876   0.01651350
  0.05056016   0.01653270
  0.05056156   0.01655190
  0.05056306   0.01657100
  0.05056446   0.01659020
  0.05056596   0.01660940
  0.05056736   0.01662860
  0.05056876   0.01664780
  0.05057026   0.01666700
  0.05057166   0.01668620
  0.05057316   0.01670540
  0.05057456   0.01672460
  0.05057606   0.01674380
  0.05057746   0.01676300
  0.05057886   0.01678210
  0.05058036   0.01680130
  0.05058176   0.01682050
  0.05058326   0.01683970
  0.05058466   0.01685890
  0.05058606   0.01687810
  0.05058756   0.01689730
  0.05058896   0.01691650
  0.05059046   0.01693570
  0.05059186   0.01695490
  0.05059326   0.01697410
  0.05059476   0.01699320
  0.05059616   0.01701240
  0.05059766   0.01703160
  0.05059906   0.01705080
  0.05060056   0.01707000
  0.05060196   0.01708920
  0.05060336   0.01710840
  0.05060486   0.01712760
  0.05060626   0.01714680
  0.05060776   0.01716600
  0.05060916   0.01718520
  0.05061056   0.01720430
  0.05061206   0.01722350
  0.05061346   0.01724270
  0.05061496   0.01726190
  0.05061636   0.01728110
  0.05061776   0.01730030
  0.05061926   0.01731950
  0.05062066   0.01733870
  0.05062216   0.01735790
  0.05062356   0.01737710
  0.05062506   0.01739630
  0.05062646   0.01741540
  0.05062786   0.01743460
  0.05062936   0.01745380
  0.05063076   0.01747300
  0.05063226   0.01749220
  0.05063366   0.01751140
  0.05063506   0.01753060
  0.05063656   0.01754980
  0.05063796   0.01756900
  0.05063946   0.01758820
  0.05064086   0.01760740
  0.05064226   0.01762650
  0.05064376   0.01764570
  0.05064516   0.01766490
  0.05064666   0.01768410
  0.05064806   0.01770330
  0.05064946   0.01772250
  0.05065096   0.01774170
  0.05065236   0.01776090
  0.05065386   0.01778010
  0.05065526   0.01779930
  0.05065676   0.01781850
  0.05065816   0.01783760
  0.05065956   0.01785680
  0.05066106   0.01787600
  0.05066246   0.01789520
  0.05066396   0.01791440
  0.05066536   0.01793360
  0.05066676   0.01795280
  0.05066826   0.01797200
  0.05066966   0.01799120
  0.05067116   0.01801040
  0.05067256   0.01802960
  0.05067396   0.01804870
  0.05067546   0.01806790
  0.05067686   0.01808710
  0.05067836   0.01810630
  0.05067976   0.01812550
  0.05068126   0.01814470
  0.05068266   0.01816390
  0.05068406   0.01818310
  0.05068556   0.01820230
  0.05068696   0.01822150
  0.05068846   0.01824070
  0.05068986   0.01825980
  0.05069126   0.01827900
  0.05069276   0.01829820
  0.05069416   0.01831740
  0.05069566   0.01833660
  0.05069706   0.01835580
  0.05069846   0.01837500
  0.05069996   0.01839420
  0.05070136   0.01841340
  0.05070286   0.01843260
  0.05070426   0.01845180
  0.05070576   0.01847090
  0.05070716   0.01849010
  0.05070856   0.01850930
  0.05071006   0.01852850
  0.05071146   0.01854770
  0.05071296   0.01856690
  0.05071436   0.01858610
  0.05071576   0.01860530
  0.05071726   0.01862450
  0.05071866   0.01864370
  0.05072016   0.01866290
  0.05072156   0.01868200
  0.05072296   0.01870120
  0.05072446   0.01872040
  0.05072586   0.01873960
  0.05072736   0.01875880
  0.05072876   0.01877800
  0.05073026   0.01879720
  0.05073166   0.01881640
  0.05073306   0.01883560
  0.05073456   0.01885480
  0.05073596   0.01887400
  0.05073746   0.01889310
  0.05073886   0.01891230
  0.05074026   0.01893150
  0.05074176   0.01895070
  0.05074316   0.01896990
  0.05074466   0.01898910
  0.05074606   0.01900830
  0.05074746   0.01902750
  0.05074896   0.01904670
  0.05075036   0.01906590
  0.05075186   0.01908510
  0.05075326   0.01910420
  0.05075476   0.01912340
  0.05075616   0.01914260
  0.05075756   0.01916180
  0.05075906   0.01918100
  0.05076046   0.01920020
  0.05076196   0.01921940
  0.05076336   0.01923860
  0.05076476   0.01925780
  0.05076626   0.01927700
  0.05076766   0.01929620
  0.05076916   0.01931530
  0.05077056   0.01933450
  0.05077196   0.01935370
  0.05077346   0.01937290
  0.05077486   0.01939210
  0.05077636   0.01941130
  0.05077776   0.01943050
  0.05077916   0.01944970
  0.05078066   0.01946890
  0.05078206   0.01948810
  0.05078356   0.01950730
  0.05078496   0.01952640
  0.05078646   0.01954560
  0.05078786   0.01956480
  0.05078926   0.01958400
  0.05079076   0.01960320
  0.05079216   0.01962240
  0.05079366   0.01964160
  0.05079506   0.01966080
  0.05079646   0.01968000
  0.05079796   0.01969920
  0.05079936   0.01971840
  0.05080086   0.01973750
  0.05080226   0.01975670
  0.05080366   0.01977590
  0.05080516   0.01979510
  0.05080656   0.01981430
  0.05080806   0.01983350
  0.05080946   0.01985270
  0.05081096   0.01987190
  0.05081236   0.01989110
  0.05081376   0.01991030
  0.05081526   0.01992950
  0.05081666   0.01994860
  0.05081816   0.01996780
  0.05081956   0.01998700
  0.05082096   0.02000620
  0.05082246   0.02002540
  0.05082386   0.02004460
  0.05082536   0.02006380
  0.05082676   0.02008300
  0.05082816   0.02010220
  0.05082966   0.02012140
  0.05083106   0.02014060
  0.05083256   0.02015970
  0.05083396   0.02017890
  0.05083546   0.02019810
  0.05083686   0.02021730
  0.05083826   0.02023650
  0.05083976   0.02025570
  0.05084116   0.02027490
  0.05084266   0.02029410
  0.05084406   0.02031330
  0.05084546   0.02033250
  0.05084696   0.02035170
  0.05084836   0.02037080
  0.05084986   0.02039000
  0.05085126   0.02040920
  0.05085266   0.02042840
  0.05085416   0.02044760
  0.05085556   0.02046680
  0.05085706   0.02048600
  0.05085846   0.02050520
  0.05085996   0.02052440
  0.05086136   0.02054360
  0.05086276   0.02056280
  0.05086426   0.02058190
  0.05086566   0.02060110
  0.05086716   0.02062030
  0.05086856   0.02063950
  0.05086996   0.02065870
  0.05087146   0.02067790
  0.05087286   0.02069710
  0.05087436   0.02071630
  0.05087576   0.02073550
  0.05087716   0.02075470
  0.05087866   0.02077390
  0.05088006   0.02079300
  0.05088156   0.02081220
  0.05088296   0.02083140
  0.05088446   0.02085060
  0.05088586   0.02086980
  0.05088726   0.02088900
  0.05088876   0.02090820
  0.05089016   0.02092740
  0.05089166   0.02094660
  0.05089306   0.02096580
  0.05089446   0.02098500
  0.05089596   0.02100410
  0.05089736   0.02102330
  0.05089886   0.02104250
  0.05090026   0.02106170
  0.05090166   0.02108090
  0.05090316   0.02110010
  0.05090456   0.02111930
  0.05090606   0.02113850
  0.05090746   0.02115770
  0.05090896   0.02117690
  0.05091036   0.02119610
  0.05091176   0.02121520
  0.05091326   0.02123440
  0.05091466   0.02125360
  0.05091616   0.02127280
  0.05091756   0.02129200
  0.05091896   0.02131120
  0.05092046   0.02133040
  0.05092186   0.02134960
  0.05092336   0.02136880
  0.05092476   0.02138800
  0.05092616   0.02140720
  0.05092766   0.02142630
  0.05092906   0.02144550
  0.05093056   0.02146470
  0.05093196   0.02148390
  0.05093336   0.02150310
  0.05093486   0.02152230
  0.05093626   0.02154150
  0.05093776   0.02156070
  0.05093916   0.02157990
  0.05094066   0.02159910
  0.05094206   0.02161830
  0.05094346   0.02163740
  0.05094496   0.02165660
  0.05094636   0.02167580
  0.05094786   0.02169500
  0.05094926   0.02171420
  0.05095066   0.02173340
  0.05095216   0.02175260
  0.05095356   0.02177180
  0.05095506   0.02179100
  0.05095646   0.02181020
  0.05095786   0.02182940
  0.05095936   0.02184850
  0.05096076   0.02186770
  0.05096226   0.02188690
  0.05096366   0.02190610
  0.05096516   0.02192530
  0.05096656   0.02194450
  0.05096796   0.02196370
  0.05096946   0.02198290
  0.05097086   0.02200210
  0.05097236   0.02202130
  0.05097376   0.02204050
  0.05097516   0.02205960
  0.05097666   0.02207880
  0.05097806   0.02209800
  0.05097956   0.02211720
  0.05098096   0.02213640
  0.05098236   0.02215560
  0.05098386   0.02217480
  0.05098526   0.02219400
  0.05098676   0.02221320
  0.05098816   0.02223240
  0.05098966   0.02225160
  0.05099106   0.02227070
  0.05099246   0.02228990
  0.05099396   0.02230910
  0.05099536   0.02232830
  0.05099686   0.02234750
  0.05099826   0.02236670
  0.05099966   0.02238590
  0.05100116   0.02240510
  0.05100256   0.02242430
  0.05100406   0.02244350
  0.05100546   0.02246270
  0.05100686   0.02248180
  0.05100836   0.02250100
  0.05100976   0.02252020
  0.05101126   0.02253940
  0.05101266   0.02255860
  0.05101416   0.02257780
  0.05101556   0.02259700
  0.05101696   0.02261620
  0.05101846   0.02263540
  0.05101986   0.02265460
  0.05102136   0.02267380
  0.05102276   0.02269290
  0.05102416   0.02271210
  0.05102566   0.02273130
  0.05102706   0.02275050
  0.05102856   0.02276970
  0.05102996   0.02278890
  0.05103136   0.02280810
  0.05103286   0.02282730
  0.05103426   0.02284650
  0.05103576   0.02286570
  0.05103716   0.02288490
  0.05103866   0.02290400
  0.05104006   0.02292320
  0.05104146   0.02294240
  0.05104296   0.02296160
  0.05104436   0.02298080
  0.05104586   0.02300000
