 -0.03566820   0.02300000
 -0.03566360   0.02281520
 -0.03565900   0.02263030
 -0.03565430   0.02244550
 -0.03564970   0.02226070
 -0.03564510   0.02207590
 -0.03564050   0.02189100
 -0.03563590   0.02170620
 -0.03563130   0.02152140
 -0.03562670   0.02133660
 -0.03562200   0.02115170
 -0.03561740   0.02096690
 -0.03561280   0.02078210
 -0.03560820   0.02059720
 -0.03560360   0.02041240
 -0.03559900   0.02022760
 -0.03559440   0.02004280
 -0.03558970   0.01985790
 -0.03558510   0.01967310
 -0.03558050   0.01948830
 -0.03557590   0.01930350
 -0.03557130   0.01911860
 -0.03556670   0.01893380
 -0.03556210   0.01874900
 -0.03555740   0.01856410
 -0.03555280   0.01837930
 -0.03554820   0.01819450
 -0.03554360   0.01800970
 -0.03553900   0.01782480
 -0.03553440   0.01764000
 -0.03552970   0.01745520
 -0.03552510   0.01727040
 -0.03552050   0.01708550
 -0.03551590   0.01690070
 -0.03551130   0.01671590
 -0.03550670   0.01653100
 -0.03550210   0.01634620
 -0.03549740   0.01616140
 -0.03549280   0.01597660
 -0.03548820   0.01579170
 -0.03548360   0.01560690
 -0.03547900   0.01542210
 -0.03547440   0.01523730
 -0.03546900   0.01505240
 -0.03546120   0.01486770
 -0.03545070   0.01468310
 -0.03543750   0.01449870
 -0.03542180   0.01431450
 -0.03540340   0.01413060
 -0.03538240   0.01394690
 -0.03535880   0.01376350
 -0.03533260   0.01358050
 -0.03530380   0.01339780
 -0.03527240   0.01321560
 -0.03523850   0.01303390
 -0.03520190   0.01285270
 -0.03516280   0.01267200
 -0.03512100   0.01249190
 -0.03507680   0.01231240
 -0.03503000   0.01213350
 -0.03498060   0.01195530
 -0.03492880   0.01177790
 -0.03487440   0.01160120
 -0.03481750   0.01142530
 -0.03475810   0.01125020
 -0.03469620   0.01107600
 -0.03463180   0.01090260
 -0.03456500   0.01073020
 -0.03449580   0.01055880
 -0.03442410   0.01038840
 -0.03435000   0.01021900
 -0.03427350   0.01005070
 -0.03419460   0.00988350
 -0.03411330   0.00971740
 -0.03402970   0.00955250
 -0.03394380   0.00938890
 -0.03385550   0.00922640
 -0.03376490   0.00906520
 -0.03367210   0.00890530
 -0.03357690   0.00874680
 -0.03347960   0.00858960
 -0.03338000   0.00843390
 -0.03327820   0.00827950
 -0.03317420   0.00812670
 -0.03306810   0.00797530
 -0.03295980   0.00782540
 -0.03284940   0.00767710
 -0.03273690   0.00753040
 -0.03262230   0.00738530
 -0.03250570   0.00724190
 -0.03238700   0.00710010
 -0.03226640   0.00696000
 -0.03214370   0.00682160
 -0.03201910   0.00668510
 -0.03189260   0.00655020
 -0.03176420   0.00641730
 -0.03163380   0.00628610
 -0.03150170   0.00615680
 -0.03136770   0.00602940
 -0.03123190   0.00590390
 -0.03109440   0.00578040
 -0.03095510   0.00565880
 -0.03081400   0.00553930
 -0.03067130   0.00542170
 -0.03052700   0.00530620
 -0.03038100   0.00519280
 -0.03023340   0.00508140
 -0.03008430   0.00497220
 -0.02993360   0.00486500
 -0.02978140   0.00476010
 -0.02962770   0.00465730
 -0.02947260   0.00455670
 -0.02931600   0.00445830
 -0.02915810   0.00436220
 -0.02899880   0.00426830
 -0.02883830   0.00417670
 -0.02867640   0.00408740
 -0.02851320   0.00400040
 -0.02834890   0.00391570
 -0.02818340   0.00383340
 -0.02801670   0.00375340
 -0.02784880   0.00367580
 -0.02767990   0.00360060
 -0.02751000   0.00352780
 -0.02733900   0.00345750
 -0.02716710   0.00338950
 -0.02699420   0.00332410
 -0.02682030   0.00326110
 -0.02664560   0.00320050
 -0.02647010   0.00314250
 -0.02629380   0.00308700
 -0.02611660   0.00303400
 -0.02593880   0.00298350
 -0.02576020   0.00293550
 -0.02558120   0.00288920
 -0.02540210   0.00284340
 -0.02522290   0.00279800
 -0.02504360   0.00275290
 -0.02486420   0.00270830
 -0.02468460   0.00266410
 -0.02450500   0.00262040
 -0.02432530   0.00257700
 -0.02414550   0.00253410
 -0.02396550   0.00249150
 -0.02378550   0.00244940
 -0.02360540   0.00240770
 -0.02342520   0.00236640
 -0.02324490   0.00232560
 -0.02306440   0.00228510
 -0.02288390   0.00224510
 -0.02270340   0.00220550
 -0.02252270   0.00216630
 -0.02234190   0.00212750
 -0.02216100   0.00208920
 -0.02198010   0.00205120
 -0.02179910   0.00201370
 -0.02161790   0.00197660
 -0.02143670   0.00193990
 -0.02125540   0.00190360
 -0.02107410   0.00186780
 -0.02089260   0.00183240
 -0.02071110   0.00179740
 -0.02052940   0.00176280
 -0.02034770   0.00172860
 -0.02016600   0.00169480
 -0.01998410   0.00166150
 -0.01980220   0.00162860
 -0.01962020   0.00159610
 -0.01943810   0.00156400
 -0.01925590   0.00153240
 -0.01907370   0.00150120
 -0.01889140   0.00147040
 -0.01870900   0.00144000
 -0.01852660   0.00141000
 -0.01834410   0.00138050
 -0.01816150   0.00135140
 -0.01797880   0.00132270
 -0.01779610   0.00129440
 -0.01761340   0.00126650
 -0.01743050   0.00123910
 -0.01724760   0.00121210
 -0.01706470   0.00118550
 -0.01688160   0.00115940
 -0.01669850   0.00113360
 -0.01651540   0.00110830
 -0.01633220   0.00108340
 -0.01614890   0.00105900
 -0.01596560   0.00103490
 -0.01578230   0.00101130
 -0.01559880   0.00098810
 -0.01541540   0.00096530
 -0.01523180   0.00094300
 -0.01504830   0.00092100
 -0.01486460   0.00089950
 -0.01468090   0.00087850
 -0.01449720   0.00085780
 -0.01431340   0.00083760
 -0.01412960   0.00081780
 -0.01394570   0.00079840
 -0.01376180   0.00077950
 -0.01357790   0.00076090
 -0.01339390   0.00074280
 -0.01320990   0.00072520
 -0.01302580   0.00070790
 -0.01284170   0.00069110
 -0.01265750   0.00067470
 -0.01247330   0.00065870
 -0.01228910   0.00064320
 -0.01210480   0.00062800
 -0.01192050   0.00061330
 -0.01173620   0.00059910
 -0.01155180   0.00058520
 -0.01136740   0.00057180
 -0.01118300   0.00055880
 -0.01099850   0.00054620
 -0.01081400   0.00053410
 -0.01062950   0.00052240
 -0.01044500   0.00051110
 -0.01026040   0.00050030
 -0.01007580   0.00048970
 -0.00989130   0.00047920
 -0.00970670   0.00046880
 -0.00952210   0.00045860
 -0.00933750   0.00044840
 -0.00915280   0.00043840
 -0.00896820   0.00042840
 -0.00878360   0.00041860
 -0.00859900   0.00040890
 -0.00841430   0.00039930
 -0.00822970   0.00038980
 -0.00804500   0.00038050
 -0.00786040   0.00037120
 -0.00767570   0.00036210
 -0.00749110   0.00035300
 -0.00730640   0.00034410
 -0.00712170   0.00033530
 -0.00693700   0.00032670
 -0.00675240   0.00031810
 -0.00656770   0.00030960
 -0.00638300   0.00030130
 -0.00619830   0.00029310
 -0.00601360   0.00028500
 -0.00582880   0.00027700
 -0.00564410   0.00026910
 -0.00545940   0.00026130
 -0.00527470   0.00025360
 -0.00509000   0.00024610
 -0.00490520   0.00023870
 -0.00472050   0.00023130
 -0.00453570   0.00022410
 -0.00435100   0.00021710
 -0.00416620   0.00021010
 -0.00398150   0.00020320
 -0.00379670   0.00019650
 -0.00361190   0.00018980
 -0.00342720   0.00018330
 -0.00324240   0.00017690
 -0.00305760   0.00017060
 -0.00287280   0.00016440
 -0.00268810   0.00015840
 -0.00250330   0.00015240
 -0.00231850   0.00014660
 -0.00213370   0.00014090
 -0.00194890   0.00013530
 -0.00176410   0.00012980
 -0.00157930   0.00012440
 -0.00139450   0.00011910
 -0.00120960   0.00011400
 -0.00102480   0.00010890
 -0.00084000   0.00010400
 -0.00065520   0.00009920
 -0.00047040   0.00009450
 -0.00028550   0.00008990
 -0.00010070   0.00008540
  0.00008410   0.00008110
  0.00026900   0.00007680
  0.00045380   0.00007270
  0.00063860   0.00006870
  0.00082350   0.00006480
  0.00100830   0.00006100
  0.00119320   0.00005740
  0.00137800   0.00005380
  0.00156290   0.00005030
  0.00174770   0.00004700
  0.00193260   0.00004380
  0.00211750   0.00004070
  0.00230230   0.00003770
  0.00248720   0.00003480
  0.00267200   0.00003210
  0.00285690   0.00002940
  0.00304180   0.00002690
  0.00322660   0.00002450
  0.00341150   0.00002220
  0.00359640   0.00002000
  0.00378130   0.00001790
  0.00396610   0.00001590
  0.00415100   0.00001410
  0.00433590   0.00001240
  0.00452080   0.00001070
  0.00470560   0.00000920
  0.00489050   0.00000780
  0.00507540   0.00000660
  0.00526030   0.00000540
  0.00544520   0.00000430
  0.00563000   0.00000340
  0.00581490   0.00000260
  0.00599980   0.00000190
  0.00618470   0.00000130
  0.00636960   0.00000080
  0.00655450   0.00000040
  0.00673940   0.00000020
  0.00692420  -0.00000000
  0.00710910  -0.00000000
  0.00729400   0.00000010
  0.00747890   0.00000030
  0.00766380   0.00000060
  0.00784870   0.00000100
  0.00803350   0.00000160
  0.00821840   0.00000220
  0.00840330   0.00000300
  0.00858820   0.00000390
  0.00877310   0.00000490
  0.00895800   0.00000600
  0.00914280   0.00000720
  0.00932770   0.00000860
  0.00951260   0.00001000
  0.00969750   0.00001190
  0.00988230   0.00001420
  0.01006720   0.00001700
  0.01025210   0.00002020
  0.01043690   0.00002380
  0.01062180   0.00002780
  0.01080660   0.00003230
  0.01099140   0.00003720
  0.01117620   0.00004250
  0.01136100   0.00004830
  0.01154580   0.00005440
  0.01173060   0.00006100
  0.01191530   0.00006810
  0.01210000   0.00007550
  0.01228480   0.00008340
  0.01246950   0.00009170
  0.01265410   0.00010050
  0.01283880   0.00010960
  0.01302340   0.00011920
  0.01320800   0.00012920
  0.01339260   0.00013970
  0.01357720   0.00015060
  0.01376170   0.00016190
  0.01394620   0.00017360
  0.01413070   0.00018570
  0.01431520   0.00019830
  0.01449960   0.00021130
  0.01468400   0.00022470
  0.01486840   0.00023860
  0.01505270   0.00025290
  0.01523700   0.00026760
  0.01542130   0.00028270
  0.01560550   0.00029830
  0.01578970   0.00031430
  0.01597390   0.00033070
  0.01615800   0.00034750
  0.01634200   0.00036480
  0.01652610   0.00038250
  0.01671010   0.00040060
  0.01689400   0.00041910
  0.01707790   0.00043810
  0.01726180   0.00045750
  0.01744560   0.00047730
  0.01762940   0.00049750
  0.01781310   0.00051820
  0.01799680   0.00053930
  0.01818040   0.00056080
  0.01836400   0.00058270
  0.01854750   0.00060510
  0.01873100   0.00062790
  0.01891440   0.00065110
  0.01909780   0.00067470
  0.01928110   0.00069880
  0.01946440   0.00072320
  0.01964760   0.00074810
  0.01983070   0.00077350
  0.02001380   0.00079920
  0.02019680   0.00082540
  0.02037980   0.00085200
  0.02056270   0.00087900
  0.02074550   0.00090640
  0.02092830   0.00093430
  0.02111100   0.00096260
  0.02129360   0.00099130
  0.02147620   0.00102040
  0.02165870   0.00105000
  0.02184120   0.00108000
  0.02202350   0.00111040
  0.02220580   0.00114120
  0.02238810   0.00117240
  0.02257020   0.00120410
  0.02275230   0.00123610
  0.02293430   0.00126860
  0.02311620   0.00130160
  0.02329810   0.00133490
  0.02347990   0.00136870
  0.02366160   0.00140290
  0.02384320   0.00143750
  0.02402470   0.00147250
  0.02420620   0.00150790
  0.02438750   0.00154380
  0.02456880   0.00158000
  0.02475000   0.00161670
  0.02493120   0.00165390
  0.02511210   0.00169200
  0.02529240   0.00173270
  0.02547220   0.00177590
  0.02565130   0.00182170
  0.02582980   0.00187000
  0.02600750   0.00192090
  0.02618450   0.00197430
  0.02636080   0.00203010
  0.02653620   0.00208850
  0.02671080   0.00214940
  0.02688440   0.00221280
  0.02705720   0.00227860
  0.02722900   0.00234690
  0.02739990   0.00241760
  0.02756970   0.00249070
  0.02773840   0.00256620
  0.02790610   0.00264420
  0.02807260   0.00272450
  0.02823800   0.00280710
  0.02840220   0.00289220
  0.02856510   0.00297950
  0.02872680   0.00306910
  0.02888720   0.00316110
  0.02904630   0.00325530
  0.02920400   0.00335170
  0.02936040   0.00345040
  0.02951530   0.00355130
  0.02966870   0.00365440
  0.02982070   0.00375970
  0.02997120   0.00386710
  0.03012010   0.00397670
  0.03026750   0.00408830
  0.03041320   0.00420210
  0.03055740   0.00431790
  0.03069980   0.00443570
  0.03084060   0.00455560
  0.03097960   0.00467740
  0.03111690   0.00480120
  0.03125250   0.00492700
  0.03138620   0.00505470
  0.03151810   0.00518420
  0.03164810   0.00531560
  0.03177630   0.00544890
  0.03190260   0.00558390
  0.03202690   0.00572080
  0.03214920   0.00585940
  0.03226960   0.00599970
  0.03238800   0.00614170
  0.03250430   0.00628540
  0.03261860   0.00643080
  0.03273080   0.00657770
  0.03284090   0.00672620
  0.03294890   0.00687630
  0.03305470   0.00702790
  0.03315840   0.00718100
  0.03325990   0.00733550
  0.03335920   0.00749150
  0.03345620   0.00764890
  0.03355100   0.00780760
  0.03364350   0.00796770
  0.03373380   0.00812900
  0.03382170   0.00829160
  0.03390730   0.00845550
  0.03399060   0.00862060
  0.03407150   0.00878680
  0.03415010   0.00895420
  0.03422620   0.00912260
  0.03430000   0.00929220
  0.03437130   0.00946270
  0.03444020   0.00963430
  0.03450670   0.00980680
  0.03457070   0.00998030
  0.03463220   0.01015460
  0.03469130   0.01032980
  0.03474780   0.01050580
  0.03480190   0.01068270
  0.03485340   0.01086020
  0.03490240   0.01103850
  0.03494880   0.01121750
  0.03499270   0.01139700
  0.03503400   0.01157730
  0.03507280   0.01175800
  0.03510900   0.01193930
  0.03514260   0.01212110
  0.03517360   0.01230340
  0.03520210   0.01248610
  0.03522790   0.01266910
  0.03525110   0.01285260
  0.03527170   0.01303630
  0.03528970   0.01322030
  0.03530510   0.01340450
  0.03530650   0.01342370
  0.03530800   0.01344290
  0.03530940   0.01346210
  0.03531090   0.01348130
  0.03531230   0.01350050
  0.03531370   0.01351970
  0.03531520   0.01353890
  0.03531660   0.01355810
  0.03531810   0.01357730
  0.03531950   0.01359650
  0.03532090   0.01361560
  0.03532240   0.01363480
  0.03532380   0.01365400
  0.03532530   0.01367320
  0.03532670   0.01369240
  0.03532820   0.01371160
  0.03532960   0.01373080
  0.03533100   0.01375000
  0.03533250   0.01376920
  0.03533390   0.01378840
  0.03533540   0.01380760
  0.03533680   0.01382670
  0.03533820   0.01384590
  0.03533970   0.01386510
  0.03534110   0.01388430
  0.03534260   0.01390350
  0.03534400   0.01392270
  0.03534540   0.01394190
  0.03534690   0.01396110
  0.03534830   0.01398030
  0.03534980   0.01399950
  0.03535120   0.01401870
  0.03535270   0.01403780
  0.03535410   0.01405700
  0.03535550   0.01407620
  0.03535700   0.01409540
  0.03535840   0.01411460
  0.03535990   0.01413380
  0.03536130   0.01415300
  0.03536270   0.01417220
  0.03536420   0.01419140
  0.03536560   0.01421060
  0.03536710   0.01422980
  0.03536850   0.01424890
  0.03536990   0.01426810
  0.03537140   0.01428730
  0.03537280   0.01430650
  0.03537430   0.01432570
  0.03537570   0.01434490
  0.03537720   0.01436410
  0.03537860   0.01438330
  0.03538000   0.01440250
  0.03538150   0.01442170
  0.03538290   0.01444090
  0.03538440   0.01446000
  0.03538580   0.01447920
  0.03538720   0.01449840
  0.03538870   0.01451760
  0.03539010   0.01453680
  0.03539160   0.01455600
  0.03539300   0.01457520
  0.03539440   0.01459440
  0.03539590   0.01461360
  0.03539730   0.01463280
  0.03539880   0.01465200
  0.03540020   0.01467110
  0.03540170   0.01469030
  0.03540310   0.01470950
  0.03540450   0.01472870
  0.03540600   0.01474790
  0.03540740   0.01476710
  0.03540890   0.01478630
  0.03541030   0.01480550
  0.03541170   0.01482470
  0.03541320   0.01484390
  0.03541460   0.01486310
  0.03541610   0.01488220
  0.03541750   0.01490140
  0.03541890   0.01492060
  0.03542040   0.01493980
  0.03542180   0.01495900
  0.03542330   0.01497820
  0.03542470   0.01499740
  0.03542620   0.01501660
  0.03542760   0.01503580
  0.03542900   0.01505500
  0.03543050   0.01507420
  0.03543190   0.01509330
  0.03543340   0.01511250
  0.03543480   0.01513170
  0.03543620   0.01515090
  0.03543770   0.01517010
  0.03543910   0.01518930
  0.03544060   0.01520850
  0.03544200   0.01522770
  0.03544340   0.01524690
  0.03544490   0.01526610
  0.03544630   0.01528530
  0.03544780   0.01530440
  0.03544920   0.01532360
  0.03545070   0.01534280
  0.03545210   0.01536200
  0.03545350   0.01538120
  0.03545500   0.01540040
  0.03545640   0.01541960
  0.03545790   0.01543880
  0.03545930   0.01545800
  0.03546070   0.01547720
  0.03546220   0.01549640
  0.03546360   0.01551550
  0.03546510   0.01553470
  0.03546650   0.01555390
  0.03546790   0.01557310
  0.03546940   0.01559230
  0.03547080   0.01561150
  0.03547230   0.01563070
  0.03547370   0.01564990
  0.03547510   0.01566910
  0.03547660   0.01568830
  0.03547800   0.01570750
  0.03547950   0.01572660
  0.03548090   0.01574580
  0.03548240   0.01576500
  0.03548380   0.01578420
  0.03548520   0.01580340
  0.03548670   0.01582260
  0.03548810   0.01584180
  0.03548960   0.01586100
  0.03549100   0.01588020
  0.03549240   0.01589940
  0.03549390   0.01591860
  0.03549530   0.01593770
  0.03549680   0.01595690
  0.03549820   0.01597610
  0.03549960   0.01599530
  0.03550110   0.01601450
  0.03550250   0.01603370
  0.03550400   0.01605290
  0.03550540   0.01607210
  0.03550690   0.01609130
  0.03550830   0.01611050
  0.03550970   0.01612970
  0.03551120   0.01614880
  0.03551260   0.01616800
  0.03551410   0.01618720
  0.03551550   0.01620640
  0.03551690   0.01622560
  0.03551840   0.01624480
  0.03551980   0.01626400
  0.03552130   0.01628320
  0.03552270   0.01630240
  0.03552410   0.01632160
  0.03552560   0.01634080
  0.03552700   0.01635990
  0.03552850   0.01637910
  0.03552990   0.01639830
  0.03553140   0.01641750
  0.03553280   0.01643670
  0.03553420   0.01645590
  0.03553570   0.01647510
  0.03553710   0.01649430
  0.03553860   0.01651350
  0.03554000   0.01653270
  0.03554140   0.01655190
  0.03554290   0.01657100
  0.03554430   0.01659020
  0.03554580   0.01660940
  0.03554720   0.01662860
  0.03554860   0.01664780
  0.03555010   0.01666700
  0.03555150   0.01668620
  0.03555300   0.01670540
  0.03555440   0.01672460
  0.03555590   0.01674380
  0.03555730   0.01676300
  0.03555870   0.01678210
  0.03556020   0.01680130
  0.03556160   0.01682050
  0.03556310   0.01683970
  0.03556450   0.01685890
  0.03556590   0.01687810
  0.03556740   0.01689730
  0.03556880   0.01691650
  0.03557030   0.01693570
  0.03557170   0.01695490
  0.03557310   0.01697410
  0.03557460   0.01699320
  0.03557600   0.01701240
  0.03557750   0.01703160
  0.03557890   0.01705080
  0.03558040   0.01707000
  0.03558180   0.01708920
  0.03558320   0.01710840
  0.03558470   0.01712760
  0.03558610   0.01714680
  0.03558760   0.01716600
  0.03558900   0.01718520
  0.03559040   0.01720430
  0.03559190   0.01722350
  0.03559330   0.01724270
  0.03559480   0.01726190
  0.03559620   0.01728110
  0.03559760   0.01730030
  0.03559910   0.01731950
  0.03560050   0.01733870
  0.03560200   0.01735790
  0.03560340   0.01737710
  0.03560490   0.01739630
  0.03560630   0.01741540
  0.03560770   0.01743460
  0.03560920   0.01745380
  0.03561060   0.01747300
  0.03561210   0.01749220
  0.03561350   0.01751140
  0.03561490   0.01753060
  0.03561640   0.01754980
  0.03561780   0.01756900
  0.03561930   0.01758820
  0.03562070   0.01760740
  0.03562210   0.01762650
  0.03562360   0.01764570
  0.03562500   0.01766490
  0.03562650   0.01768410
  0.03562790   0.01770330
  0.03562930   0.01772250
  0.03563080   0.01774170
  0.03563220   0.01776090
  0.03563370   0.01778010
  0.03563510   0.01779930
  0.03563660   0.01781850
  0.03563800   0.01783760
  0.03563940   0.01785680
  0.03564090   0.01787600
  0.03564230   0.01789520
  0.03564380   0.01791440
  0.03564520   0.01793360
  0.03564660   0.01795280
  0.03564810   0.01797200
  0.03564950   0.01799120
  0.03565100   0.01801040
  0.03565240   0.01802960
  0.03565380   0.01804870
  0.03565530   0.01806790
  0.03565670   0.01808710
  0.03565820   0.01810630
  0.03565960   0.01812550
  0.03566110   0.01814470
  0.03566250   0.01816390
  0.03566390   0.01818310
  0.03566540   0.01820230
  0.03566680   0.01822150
  0.03566830   0.01824070
  0.03566970   0.01825980
  0.03567110   0.01827900
  0.03567260   0.01829820
  0.03567400   0.01831740
  0.03567550   0.01833660
  0.03567690   0.01835580
  0.03567830   0.01837500
  0.03567980   0.01839420
  0.03568120   0.01841340
  0.03568270   0.01843260
  0.03568410   0.01845180
  0.03568560   0.01847090
  0.03568700   0.01849010
  0.03568840   0.01850930
  0.03568990   0.01852850
  0.03569130   0.01854770
  0.03569280   0.01856690
  0.03569420   0.01858610
  0.03569560   0.01860530
  0.03569710   0.01862450
  0.03569850   0.01864370
  0.03570000   0.01866290
  0.03570140   0.01868200
  0.03570280   0.01870120
  0.03570430   0.01872040
  0.03570570   0.01873960
  0.03570720   0.01875880
  0.03570860   0.01877800
  0.03571010   0.01879720
  0.03571150   0.01881640
  0.03571290   0.01883560
  0.03571440   0.01885480
  0.03571580   0.01887400
  0.03571730   0.01889310
  0.03571870   0.01891230
  0.03572010   0.01893150
  0.03572160   0.01895070
  0.03572300   0.01896990
  0.03572450   0.01898910
  0.03572590   0.01900830
  0.03572730   0.01902750
  0.03572880   0.01904670
  0.03573020   0.01906590
  0.03573170   0.01908510
  0.03573310   0.01910420
  0.03573460   0.01912340
  0.03573600   0.01914260
  0.03573740   0.01916180
  0.03573890   0.01918100
  0.03574030   0.01920020
  0.03574180   0.01921940
  0.03574320   0.01923860
  0.03574460   0.01925780
  0.03574610   0.01927700
  0.03574750   0.01929620
  0.03574900   0.01931530
  0.03575040   0.01933450
  0.03575180   0.01935370
  0.03575330   0.01937290
  0.03575470   0.01939210
  0.03575620   0.01941130
  0.03575760   0.01943050
  0.03575900   0.01944970
  0.03576050   0.01946890
  0.03576190   0.01948810
  0.03576340   0.01950730
  0.03576480   0.01952640
  0.03576630   0.01954560
  0.03576770   0.01956480
  0.03576910   0.01958400
  0.03577060   0.01960320
  0.03577200   0.01962240
  0.03577350   0.01964160
  0.03577490   0.01966080
  0.03577630   0.01968000
  0.03577780   0.01969920
  0.03577920   0.01971840
  0.03578070   0.01973750
  0.03578210   0.01975670
  0.03578350   0.01977590
  0.03578500   0.01979510
  0.03578640   0.01981430
  0.03578790   0.01983350
  0.03578930   0.01985270
  0.03579080   0.01987190
  0.03579220   0.01989110
  0.03579360   0.01991030
  0.03579510   0.01992950
  0.03579650   0.01994860
  0.03579800   0.01996780
  0.03579940   0.01998700
  0.03580080   0.02000620
  0.03580230   0.02002540
  0.03580370   0.02004460
  0.03580520   0.02006380
  0.03580660   0.02008300
  0.03580800   0.02010220
  0.03580950   0.02012140
  0.03581090   0.02014060
  0.03581240   0.02015970
  0.03581380   0.02017890
  0.03581530   0.02019810
  0.03581670   0.02021730
  0.03581810   0.02023650
  0.03581960   0.02025570
  0.03582100   0.02027490
  0.03582250   0.02029410
  0.03582390   0.02031330
  0.03582530   0.02033250
  0.03582680   0.02035170
  0.03582820   0.02037080
  0.03582970   0.02039000
  0.03583110   0.02040920
  0.03583250   0.02042840
  0.03583400   0.02044760
  0.03583540   0.02046680
  0.03583690   0.02048600
  0.03583830   0.02050520
  0.03583980   0.02052440
  0.03584120   0.02054360
  0.03584260   0.02056280
  0.03584410   0.02058190
  0.03584550   0.02060110
  0.03584700   0.02062030
  0.03584840   0.02063950
  0.03584980   0.02065870
  0.03585130   0.02067790
  0.03585270   0.02069710
  0.03585420   0.02071630
  0.03585560   0.02073550
  0.03585700   0.02075470
  0.03585850   0.02077390
  0.03585990   0.02079300
  0.03586140   0.02081220
  0.03586280   0.02083140
  0.03586430   0.02085060
  0.03586570   0.02086980
  0.03586710   0.02088900
  0.03586860   0.02090820
  0.03587000   0.02092740
  0.03587150   0.02094660
  0.03587290   0.02096580
  0.03587430   0.02098500
  0.03587580   0.02100410
  0.03587720   0.02102330
  0.03587870   0.02104250
  0.03588010   0.02106170
  0.03588150   0.02108090
  0.03588300   0.02110010
  0.03588440   0.02111930
  0.03588590   0.02113850
  0.03588730   0.02115770
  0.03588880   0.02117690
  0.03589020   0.02119610
  0.03589160   0.02121520
  0.03589310   0.02123440
  0.03589450   0.02125360
  0.03589600   0.02127280
  0.03589740   0.02129200
  0.03589880   0.02131120
  0.03590030   0.02133040
  0.03590170   0.02134960
  0.03590320   0.02136880
  0.03590460   0.02138800
  0.03590600   0.02140720
  0.03590750   0.02142630
  0.03590890   0.02144550
  0.03591040   0.02146470
  0.03591180   0.02148390
  0.03591320   0.02150310
  0.03591470   0.02152230
  0.03591610   0.02154150
  0.03591760   0.02156070
  0.03591900   0.02157990
  0.03592050   0.02159910
  0.03592190   0.02161830
  0.03592330   0.02163740
  0.03592480   0.02165660
  0.03592620   0.02167580
  0.03592770   0.02169500
  0.03592910   0.02171420
  0.03593050   0.02173340
  0.03593200   0.02175260
  0.03593340   0.02177180
  0.03593490   0.02179100
  0.03593630   0.02181020
  0.03593770   0.02182940
  0.03593920   0.02184850
  0.03594060   0.02186770
  0.03594210   0.02188690
  0.03594350   0.02190610
  0.03594500   0.02192530
  0.03594640   0.02194450
  0.03594780   0.02196370
  0.03594930   0.02198290
  0.03595070   0.02200210
  0.03595220   0.02202130
  0.03595360   0.02204050
  0.03595500   0.02205960
  0.03595650   0.02207880
  0.03595790   0.02209800
  0.03595940   0.02211720
  0.03596080   0.02213640
  0.03596220   0.02215560
  0.03596370   0.02217480
  0.03596510   0.02219400
  0.03596660   0.02221320
  0.03596800   0.02223240
  0.03596950   0.02225160
  0.03597090   0.02227070
  0.03597230   0.02228990
  0.03597380   0.02230910
  0.03597520   0.02232830
  0.03597670   0.02234750
  0.03597810   0.02236670
  0.03597950   0.02238590
  0.03598100   0.02240510
  0.03598240   0.02242430
  0.03598390   0.02244350
  0.03598530   0.02246270
  0.03598670   0.02248180
  0.03598820   0.02250100
  0.03598960   0.02252020
  0.03599110   0.02253940
  0.03599250   0.02255860
  0.03599400   0.02257780
  0.03599540   0.02259700
  0.03599680   0.02261620
  0.03599830   0.02263540
  0.03599970   0.02265460
  0.03600120   0.02267380
  0.03600260   0.02269290
  0.03600400   0.02271210
  0.03600550   0.02273130
  0.03600690   0.02275050
  0.03600840   0.02276970
  0.03600980   0.02278890
  0.03601120   0.02280810
  0.03601270   0.02282730
  0.03601410   0.02284650
  0.03601560   0.02286570
  0.03601700   0.02288490
  0.03601850   0.02290400
  0.03601990   0.02292320
  0.03602130   0.02294240
  0.03602280   0.02296160
  0.03602420   0.02298080
  0.03602570   0.02300000
