 -0.03161257   0.02300000
 -0.03160797   0.02281520
 -0.03160337   0.02263030
 -0.03159867   0.02244550
 -0.03159407   0.02226070
 -0.03158947   0.02207590
 -0.03158487   0.02189100
 -0.03158027   0.02170620
 -0.03157567   0.02152140
 -0.03157107   0.02133660
 -0.03156637   0.02115170
 -0.03156177   0.02096690
 -0.03155717   0.02078210
 -0.03155257   0.02059720
 -0.03154797   0.02041240
 -0.03154337   0.02022760
 -0.03153877   0.02004280
 -0.03153407   0.01985790
 -0.03152947   0.01967310
 -0.03152487   0.01948830
 -0.03152027   0.01930350
 -0.03151567   0.01911860
 -0.03151107   0.01893380
 -0.03150647   0.01874900
 -0.03150177   0.01856410
 -0.03149717   0.01837930
 -0.03149257   0.01819450
 -0.03148797   0.01800970
 -0.03148337   0.01782480
 -0.03147877   0.01764000
 -0.03147407   0.01745520
 -0.03146947   0.01727040
 -0.03146487   0.01708550
 -0.03146027   0.01690070
 -0.03145567   0.01671590
 -0.03145107   0.01653100
 -0.03144647   0.01634620
 -0.03144177   0.01616140
 -0.03143717   0.01597660
 -0.03143257   0.01579170
 -0.03142797   0.01560690
 -0.03142337   0.01542210
 -0.03141877   0.01523730
 -0.03141337   0.01505240
 -0.03140557   0.01486770
 -0.03139507   0.01468310
 -0.03138187   0.01449870
 -0.03136617   0.01431450
 -0.03134777   0.01413060
 -0.03132677   0.01394690
 -0.03130317   0.01376350
 -0.03127697   0.01358050
 -0.03124817   0.01339780
 -0.03121677   0.01321560
 -0.03118287   0.01303390
 -0.03114627   0.01285270
 -0.03110717   0.01267200
 -0.03106537   0.01249190
 -0.03102117   0.01231240
 -0.03097437   0.01213350
 -0.03092497   0.01195530
 -0.03087317   0.01177790
 -0.03081877   0.01160120
 -0.03076187   0.01142530
 -0.03070247   0.01125020
 -0.03064057   0.01107600
 -0.03057617   0.01090260
 -0.03050937   0.01073020
 -0.03044017   0.01055880
 -0.03036847   0.01038840
 -0.03029437   0.01021900
 -0.03021787   0.01005070
 -0.03013897   0.00988350
 -0.03005767   0.00971740
 -0.02997407   0.00955250
 -0.02988817   0.00938890
 -0.02979987   0.00922640
 -0.02970927   0.00906520
 -0.02961647   0.00890530
 -0.02952127   0.00874680
 -0.02942397   0.00858960
 -0.02932437   0.00843390
 -0.02922257   0.00827950
 -0.02911857   0.00812670
 -0.02901247   0.00797530
 -0.02890417   0.00782540
 -0.02879377   0.00767710
 -0.02868127   0.00753040
 -0.02856667   0.00738530
 -0.02845007   0.00724190
 -0.02833137   0.00710010
 -0.02821077   0.00696000
 -0.02808807   0.00682160
 -0.02796347   0.00668510
 -0.02783697   0.00655020
 -0.02770857   0.00641730
 -0.02757817   0.00628610
 -0.02744607   0.00615680
 -0.02731207   0.00602940
 -0.02717627   0.00590390
 -0.02703877   0.00578040
 -0.02689947   0.00565880
 -0.02675837   0.00553930
 -0.02661567   0.00542170
 -0.02647137   0.00530620
 -0.02632537   0.00519280
 -0.02617777   0.00508140
 -0.02602867   0.00497220
 -0.02587797   0.00486500
 -0.02572577   0.00476010
 -0.02557207   0.00465730
 -0.02541697   0.00455670
 -0.02526037   0.00445830
 -0.02510247   0.00436220
 -0.02494317   0.00426830
 -0.02478267   0.00417670
 -0.02462077   0.00408740
 -0.02445757   0.00400040
 -0.02429327   0.00391570
 -0.02412777   0.00383340
 -0.02396107   0.00375340
 -0.02379317   0.00367580
 -0.02362427   0.00360060
 -0.02345437   0.00352780
 -0.02328337   0.00345750
 -0.02311147   0.00338950
 -0.02293857   0.00332410
 -0.02276467   0.00326110
 -0.02258997   0.00320050
 -0.02241447   0.00314250
 -0.02223817   0.00308700
 -0.02206097   0.00303400
 -0.02188317   0.00298350
 -0.02170457   0.00293550
 -0.02152557   0.00288920
 -0.02134647   0.00284340
 -0.02116727   0.00279800
 -0.02098797   0.00275290
 -0.02080857   0.00270830
 -0.02062897   0.00266410
 -0.02044937   0.00262040
 -0.02026967   0.00257700
 -0.02008987   0.00253410
 -0.01990987   0.00249150
 -0.01972987   0.00244940
 -0.01954977   0.00240770
 -0.01936957   0.00236640
 -0.01918927   0.00232560
 -0.01900877   0.00228510
 -0.01882827   0.00224510
 -0.01864777   0.00220550
 -0.01846707   0.00216630
 -0.01828627   0.00212750
 -0.01810537   0.00208920
 -0.01792447   0.00205120
 -0.01774347   0.00201370
 -0.01756227   0.00197660
 -0.01738107   0.00193990
 -0.01719977   0.00190360
 -0.01701847   0.00186780
 -0.01683697   0.00183240
 -0.01665547   0.00179740
 -0.01647377   0.00176280
 -0.01629207   0.00172860
 -0.01611037   0.00169480
 -0.01592847   0.00166150
 -0.01574657   0.00162860
 -0.01556457   0.00159610
 -0.01538247   0.00156400
 -0.01520027   0.00153240
 -0.01501807   0.00150120
 -0.01483577   0.00147040
 -0.01465337   0.00144000
 -0.01447097   0.00141000
 -0.01428847   0.00138050
 -0.01410587   0.00135140
 -0.01392317   0.00132270
 -0.01374047   0.00129440
 -0.01355777   0.00126650
 -0.01337487   0.00123910
 -0.01319197   0.00121210
 -0.01300907   0.00118550
 -0.01282597   0.00115940
 -0.01264287   0.00113360
 -0.01245977   0.00110830
 -0.01227657   0.00108340
 -0.01209327   0.00105900
 -0.01190997   0.00103490
 -0.01172667   0.00101130
 -0.01154317   0.00098810
 -0.01135977   0.00096530
 -0.01117617   0.00094300
 -0.01099267   0.00092100
 -0.01080897   0.00089950
 -0.01062527   0.00087850
 -0.01044157   0.00085780
 -0.01025777   0.00083760
 -0.01007397   0.00081780
 -0.00989007   0.00079840
 -0.00970617   0.00077950
 -0.00952227   0.00076090
 -0.00933827   0.00074280
 -0.00915427   0.00072520
 -0.00897017   0.00070790
 -0.00878607   0.00069110
 -0.00860187   0.00067470
 -0.00841767   0.00065870
 -0.00823347   0.00064320
 -0.00804917   0.00062800
 -0.00786487   0.00061330
 -0.00768057   0.00059910
 -0.00749617   0.00058520
 -0.00731177   0.00057180
 -0.00712737   0.00055880
 -0.00694287   0.00054620
 -0.00675837   0.00053410
 -0.00657387   0.00052240
 -0.00638937   0.00051110
 -0.00620477   0.00050030
 -0.00602017   0.00048970
 -0.00583567   0.00047920
 -0.00565107   0.00046880
 -0.00546647   0.00045860
 -0.00528187   0.00044840
 -0.00509717   0.00043840
 -0.00491257   0.00042840
 -0.00472797   0.00041860
 -0.00454337   0.00040890
 -0.00435867   0.00039930
 -0.00417407   0.00038980
 -0.00398937   0.00038050
 -0.00380477   0.00037120
 -0.00362007   0.00036210
 -0.00343547   0.00035300
 -0.00325077   0.00034410
 -0.00306607   0.00033530
 -0.00288137   0.00032670
 -0.00269677   0.00031810
 -0.00251207   0.00030960
 -0.00232737   0.00030130
 -0.00214267   0.00029310
 -0.00195797   0.00028500
 -0.00177317   0.00027700
 -0.00158847   0.00026910
 -0.00140377   0.00026130
 -0.00121907   0.00025360
 -0.00103437   0.00024610
 -0.00084957   0.00023870
 -0.00066487   0.00023130
 -0.00048007   0.00022410
 -0.00029537   0.00021710
 -0.00011057   0.00021010
  0.00007413   0.00020320
  0.00025893   0.00019650
  0.00044373   0.00018980
  0.00062843   0.00018330
  0.00081323   0.00017690
  0.00099803   0.00017060
  0.00118283   0.00016440
  0.00136753   0.00015840
  0.00155233   0.00015240
  0.00173713   0.00014660
  0.00192193   0.00014090
  0.00210673   0.00013530
  0.00229153   0.00012980
  0.00247633   0.00012440
  0.00266113   0.00011910
  0.00284603   0.00011400
  0.00303083   0.00010890
  0.00321563   0.00010400
  0.00340043   0.00009920
  0.00358523   0.00009450
  0.00377013   0.00008990
  0.00395493   0.00008540
  0.00413973   0.00008110
  0.00432463   0.00007680
  0.00450943   0.00007270
  0.00469423   0.00006870
  0.00487913   0.00006480
  0.00506393   0.00006100
  0.00524883   0.00005740
  0.00543363   0.00005380
  0.00561853   0.00005030
  0.00580333   0.00004700
  0.00598823   0.00004380
  0.00617313   0.00004070
  0.00635793   0.00003770
  0.00654283   0.00003480
  0.00672763   0.00003210
  0.00691253   0.00002940
  0.00709743   0.00002690
  0.00728223   0.00002450
  0.00746713   0.00002220
  0.00765203   0.00002000
  0.00783693   0.00001790
  0.00802173   0.00001590
  0.00820663   0.00001410
  0.00839153   0.00001240
  0.00857643   0.00001070
  0.00876123   0.00000920
  0.00894613   0.00000780
  0.00913103   0.00000660
  0.00931593   0.00000540
  0.00950083   0.00000430
  0.00968563   0.00000340
  0.00987053   0.00000260
  0.01005543   0.00000190
  0.01024033   0.00000130
  0.01042523   0.00000080
  0.01061013   0.00000040
  0.01079503   0.00000020
  0.01097983  -0.00000000
  0.01116473  -0.00000000
  0.01134963   0.00000010
  0.01153453   0.00000030
  0.01171943   0.00000060
  0.01190433   0.00000100
  0.01208913   0.00000160
  0.01227403   0.00000220
  0.01245893   0.00000300
  0.01264383   0.00000390
  0.01282873   0.00000490
  0.01301363   0.00000600
  0.01319843   0.00000720
  0.01338333   0.00000860
  0.01356823   0.00001000
  0.01375313   0.00001190
  0.01393793   0.00001420
  0.01412283   0.00001700
  0.01430773   0.00002020
  0.01449253   0.00002380
  0.01467743   0.00002780
  0.01486223   0.00003230
  0.01504703   0.00003720
  0.01523183   0.00004250
  0.01541663   0.00004830
  0.01560143   0.00005440
  0.01578623   0.00006100
  0.01597093   0.00006810
  0.01615563   0.00007550
  0.01634043   0.00008340
  0.01652513   0.00009170
  0.01670973   0.00010050
  0.01689443   0.00010960
  0.01707903   0.00011920
  0.01726363   0.00012920
  0.01744823   0.00013970
  0.01763283   0.00015060
  0.01781733   0.00016190
  0.01800183   0.00017360
  0.01818633   0.00018570
  0.01837083   0.00019830
  0.01855523   0.00021130
  0.01873963   0.00022470
  0.01892403   0.00023860
  0.01910833   0.00025290
  0.01929263   0.00026760
  0.01947693   0.00028270
  0.01966113   0.00029830
  0.01984533   0.00031430
  0.02002953   0.00033070
  0.02021363   0.00034750
  0.02039763   0.00036480
  0.02058173   0.00038250
  0.02076573   0.00040060
  0.02094963   0.00041910
  0.02113353   0.00043810
  0.02131743   0.00045750
  0.02150123   0.00047730
  0.02168503   0.00049750
  0.02186873   0.00051820
  0.02205243   0.00053930
  0.02223603   0.00056080
  0.02241963   0.00058270
  0.02260313   0.00060510
  0.02278663   0.00062790
  0.02297003   0.00065110
  0.02315343   0.00067470
  0.02333673   0.00069880
  0.02352003   0.00072320
  0.02370323   0.00074810
  0.02388633   0.00077350
  0.02406943   0.00079920
  0.02425243   0.00082540
  0.02443543   0.00085200
  0.02461833   0.00087900
  0.02480113   0.00090640
  0.02498393   0.00093430
  0.02516663   0.00096260
  0.02534923   0.00099130
  0.02553183   0.00102040
  0.02571433   0.00105000
  0.02589683   0.00108000
  0.02607913   0.00111040
  0.02626143   0.00114120
  0.02644373   0.00117240
  0.02662583   0.00120410
  0.02680793   0.00123610
  0.02698993   0.00126860
  0.02717183   0.00130160
  0.02735373   0.00133490
  0.02753553   0.00136870
  0.02771723   0.00140290
  0.02789883   0.00143750
  0.02808033   0.00147250
  0.02826183   0.00150790
  0.02844313   0.00154380
  0.02862443   0.00158000
  0.02880563   0.00161670
  0.02898683   0.00165390
  0.02916773   0.00169200
  0.02934803   0.00173270
  0.02952783   0.00177590
  0.02970693   0.00182170
  0.02988543   0.00187000
  0.03006313   0.00192090
  0.03024013   0.00197430
  0.03041643   0.00203010
  0.03059183   0.00208850
  0.03076643   0.00214940
  0.03094003   0.00221280
  0.03111283   0.00227860
  0.03128463   0.00234690
  0.03145553   0.00241760
  0.03162533   0.00249070
  0.03179403   0.00256620
  0.03196173   0.00264420
  0.03212823   0.00272450
  0.03229363   0.00280710
  0.03245783   0.00289220
  0.03262073   0.00297950
  0.03278243   0.00306910
  0.03294283   0.00316110
  0.03310193   0.00325530
  0.03325963   0.00335170
  0.03341603   0.00345040
  0.03357093   0.00355130
  0.03372433   0.00365440
  0.03387633   0.00375970
  0.03402683   0.00386710
  0.03417573   0.00397670
  0.03432313   0.00408830
  0.03446883   0.00420210
  0.03461303   0.00431790
  0.03475543   0.00443570
  0.03489623   0.00455560
  0.03503523   0.00467740
  0.03517253   0.00480120
  0.03530813   0.00492700
  0.03544183   0.00505470
  0.03557373   0.00518420
  0.03570373   0.00531560
  0.03583193   0.00544890
  0.03595823   0.00558390
  0.03608253   0.00572080
  0.03620483   0.00585940
  0.03632523   0.00599970
  0.03644363   0.00614170
  0.03655993   0.00628540
  0.03667423   0.00643080
  0.03678643   0.00657770
  0.03689653   0.00672620
  0.03700453   0.00687630
  0.03711033   0.00702790
  0.03721403   0.00718100
  0.03731553   0.00733550
  0.03741483   0.00749150
  0.03751183   0.00764890
  0.03760663   0.00780760
  0.03769913   0.00796770
  0.03778943   0.00812900
  0.03787733   0.00829160
  0.03796293   0.00845550
  0.03804623   0.00862060
  0.03812713   0.00878680
  0.03820573   0.00895420
  0.03828183   0.00912260
  0.03835563   0.00929220
  0.03842693   0.00946270
  0.03849583   0.00963430
  0.03856233   0.00980680
  0.03862633   0.00998030
  0.03868783   0.01015460
  0.03874693   0.01032980
  0.03880343   0.01050580
  0.03885753   0.01068270
  0.03890903   0.01086020
  0.03895803   0.01103850
  0.03900443   0.01121750
  0.03904833   0.01139700
  0.03908963   0.01157730
  0.03912843   0.01175800
  0.03916463   0.01193930
  0.03919823   0.01212110
  0.03922923   0.01230340
  0.03925773   0.01248610
  0.03928353   0.01266910
  0.03930673   0.01285260
  0.03932733   0.01303630
  0.03934533   0.01322030
  0.03936073   0.01340450
  0.03936213   0.01342370
  0.03936363   0.01344290
  0.03936503   0.01346210
  0.03936653   0.01348130
  0.03936793   0.01350050
  0.03936933   0.01351970
  0.03937083   0.01353890
  0.03937223   0.01355810
  0.03937373   0.01357730
  0.03937513   0.01359650
  0.03937653   0.01361560
  0.03937803   0.01363480
  0.03937943   0.01365400
  0.03938093   0.01367320
  0.03938233   0.01369240
  0.03938383   0.01371160
  0.03938523   0.01373080
  0.03938663   0.01375000
  0.03938813   0.01376920
  0.03938953   0.01378840
  0.03939103   0.01380760
  0.03939243   0.01382670
  0.03939383   0.01384590
  0.03939533   0.01386510
  0.03939673   0.01388430
  0.03939823   0.01390350
  0.03939963   0.01392270
  0.03940103   0.01394190
  0.03940253   0.01396110
  0.03940393   0.01398030
  0.03940543   0.01399950
  0.03940683   0.01401870
  0.03940833   0.01403780
  0.03940973   0.01405700
  0.03941113   0.01407620
  0.03941263   0.01409540
  0.03941403   0.01411460
  0.03941553   0.01413380
  0.03941693   0.01415300
  0.03941833   0.01417220
  0.03941983   0.01419140
  0.03942123   0.01421060
  0.03942273   0.01422980
  0.03942413   0.01424890
  0.03942553   0.01426810
  0.03942703   0.01428730
  0.03942843   0.01430650
  0.03942993   0.01432570
  0.03943133   0.01434490
  0.03943283   0.01436410
  0.03943423   0.01438330
  0.03943563   0.01440250
  0.03943713   0.01442170
  0.03943853   0.01444090
  0.03944003   0.01446000
  0.03944143   0.01447920
  0.03944283   0.01449840
  0.03944433   0.01451760
  0.03944573   0.01453680
  0.03944723   0.01455600
  0.03944863   0.01457520
  0.03945003   0.01459440
  0.03945153   0.01461360
  0.03945293   0.01463280
  0.03945443   0.01465200
  0.03945583   0.01467110
  0.03945733   0.01469030
  0.03945873   0.01470950
  0.03946013   0.01472870
  0.03946163   0.01474790
  0.03946303   0.01476710
  0.03946453   0.01478630
  0.03946593   0.01480550
  0.03946733   0.01482470
  0.03946883   0.01484390
  0.03947023   0.01486310
  0.03947173   0.01488220
  0.03947313   0.01490140
  0.03947453   0.01492060
  0.03947603   0.01493980
  0.03947743   0.01495900
  0.03947893   0.01497820
  0.03948033   0.01499740
  0.03948183   0.01501660
  0.03948323   0.01503580
  0.03948463   0.01505500
  0.03948613   0.01507420
  0.03948753   0.01509330
  0.03948903   0.01511250
  0.03949043   0.01513170
  0.03949183   0.01515090
  0.03949333   0.01517010
  0.03949473   0.01518930
  0.03949623   0.01520850
  0.03949763   0.01522770
  0.03949903   0.01524690
  0.03950053   0.01526610
  0.03950193   0.01528530
  0.03950343   0.01530440
  0.03950483   0.01532360
  0.03950633   0.01534280
  0.03950773   0.01536200
  0.03950913   0.01538120
  0.03951063   0.01540040
  0.03951203   0.01541960
  0.03951353   0.01543880
  0.03951493   0.01545800
  0.03951633   0.01547720
  0.03951783   0.01549640
  0.03951923   0.01551550
  0.03952073   0.01553470
  0.03952213   0.01555390
  0.03952353   0.01557310
  0.03952503   0.01559230
  0.03952643   0.01561150
  0.03952793   0.01563070
  0.03952933   0.01564990
  0.03953073   0.01566910
  0.03953223   0.01568830
  0.03953363   0.01570750
  0.03953513   0.01572660
  0.03953653   0.01574580
  0.03953803   0.01576500
  0.03953943   0.01578420
  0.03954083   0.01580340
  0.03954233   0.01582260
  0.03954373   0.01584180
  0.03954523   0.01586100
  0.03954663   0.01588020
  0.03954803   0.01589940
  0.03954953   0.01591860
  0.03955093   0.01593770
  0.03955243   0.01595690
  0.03955383   0.01597610
  0.03955523   0.01599530
  0.03955673   0.01601450
  0.03955813   0.01603370
  0.03955963   0.01605290
  0.03956103   0.01607210
  0.03956253   0.01609130
  0.03956393   0.01611050
  0.03956533   0.01612970
  0.03956683   0.01614880
  0.03956823   0.01616800
  0.03956973   0.01618720
  0.03957113   0.01620640
  0.03957253   0.01622560
  0.03957403   0.01624480
  0.03957543   0.01626400
  0.03957693   0.01628320
  0.03957833   0.01630240
  0.03957973   0.01632160
  0.03958123   0.01634080
  0.03958263   0.01635990
  0.03958413   0.01637910
  0.03958553   0.01639830
  0.03958703   0.01641750
  0.03958843   0.01643670
  0.03958983   0.01645590
  0.03959133   0.01647510
  0.03959273   0.01649430
  0.03959423   0.01651350
  0.03959563   0.01653270
  0.03959703   0.01655190
  0.03959853   0.01657100
  0.03959993   0.01659020
  0.03960143   0.01660940
  0.03960283   0.01662860
  0.03960423   0.01664780
  0.03960573   0.01666700
  0.03960713   0.01668620
  0.03960863   0.01670540
  0.03961003   0.01672460
  0.03961153   0.01674380
  0.03961293   0.01676300
  0.03961433   0.01678210
  0.03961583   0.01680130
  0.03961723   0.01682050
  0.03961873   0.01683970
  0.03962013   0.01685890
  0.03962153   0.01687810
  0.03962303   0.01689730
  0.03962443   0.01691650
  0.03962593   0.01693570
  0.03962733   0.01695490
  0.03962873   0.01697410
  0.03963023   0.01699320
  0.03963163   0.01701240
  0.03963313   0.01703160
  0.03963453   0.01705080
  0.03963603   0.01707000
  0.03963743   0.01708920
  0.03963883   0.01710840
  0.03964033   0.01712760
  0.03964173   0.01714680
  0.03964323   0.01716600
  0.03964463   0.01718520
  0.03964603   0.01720430
  0.03964753   0.01722350
  0.03964893   0.01724270
  0.03965043   0.01726190
  0.03965183   0.01728110
  0.03965323   0.01730030
  0.03965473   0.01731950
  0.03965613   0.01733870
  0.03965763   0.01735790
  0.03965903   0.01737710
  0.03966053   0.01739630
  0.03966193   0.01741540
  0.03966333   0.01743460
  0.03966483   0.01745380
  0.03966623   0.01747300
  0.03966773   0.01749220
  0.03966913   0.01751140
  0.03967053   0.01753060
  0.03967203   0.01754980
  0.03967343   0.01756900
  0.03967493   0.01758820
  0.03967633   0.01760740
  0.03967773   0.01762650
  0.03967923   0.01764570
  0.03968063   0.01766490
  0.03968213   0.01768410
  0.03968353   0.01770330
  0.03968493   0.01772250
  0.03968643   0.01774170
  0.03968783   0.01776090
  0.03968933   0.01778010
  0.03969073   0.01779930
  0.03969223   0.01781850
  0.03969363   0.01783760
  0.03969503   0.01785680
  0.03969653   0.01787600
  0.03969793   0.01789520
  0.03969943   0.01791440
  0.03970083   0.01793360
  0.03970223   0.01795280
  0.03970373   0.01797200
  0.03970513   0.01799120
  0.03970663   0.01801040
  0.03970803   0.01802960
  0.03970943   0.01804870
  0.03971093   0.01806790
  0.03971233   0.01808710
  0.03971383   0.01810630
  0.03971523   0.01812550
  0.03971673   0.01814470
  0.03971813   0.01816390
  0.03971953   0.01818310
  0.03972103   0.01820230
  0.03972243   0.01822150
  0.03972393   0.01824070
  0.03972533   0.01825980
  0.03972673   0.01827900
  0.03972823   0.01829820
  0.03972963   0.01831740
  0.03973113   0.01833660
  0.03973253   0.01835580
  0.03973393   0.01837500
  0.03973543   0.01839420
  0.03973683   0.01841340
  0.03973833   0.01843260
  0.03973973   0.01845180
  0.03974123   0.01847090
  0.03974263   0.01849010
  0.03974403   0.01850930
  0.03974553   0.01852850
  0.03974693   0.01854770
  0.03974843   0.01856690
  0.03974983   0.01858610
  0.03975123   0.01860530
  0.03975273   0.01862450
  0.03975413   0.01864370
  0.03975563   0.01866290
  0.03975703   0.01868200
  0.03975843   0.01870120
  0.03975993   0.01872040
  0.03976133   0.01873960
  0.03976283   0.01875880
  0.03976423   0.01877800
  0.03976573   0.01879720
  0.03976713   0.01881640
  0.03976853   0.01883560
  0.03977003   0.01885480
  0.03977143   0.01887400
  0.03977293   0.01889310
  0.03977433   0.01891230
  0.03977573   0.01893150
  0.03977723   0.01895070
  0.03977863   0.01896990
  0.03978013   0.01898910
  0.03978153   0.01900830
  0.03978293   0.01902750
  0.03978443   0.01904670
  0.03978583   0.01906590
  0.03978733   0.01908510
  0.03978873   0.01910420
  0.03979023   0.01912340
  0.03979163   0.01914260
  0.03979303   0.01916180
  0.03979453   0.01918100
  0.03979593   0.01920020
  0.03979743   0.01921940
  0.03979883   0.01923860
  0.03980023   0.01925780
  0.03980173   0.01927700
  0.03980313   0.01929620
  0.03980463   0.01931530
  0.03980603   0.01933450
  0.03980743   0.01935370
  0.03980893   0.01937290
  0.03981033   0.01939210
  0.03981183   0.01941130
  0.03981323   0.01943050
  0.03981463   0.01944970
  0.03981613   0.01946890
  0.03981753   0.01948810
  0.03981903   0.01950730
  0.03982043   0.01952640
  0.03982193   0.01954560
  0.03982333   0.01956480
  0.03982473   0.01958400
  0.03982623   0.01960320
  0.03982763   0.01962240
  0.03982913   0.01964160
  0.03983053   0.01966080
  0.03983193   0.01968000
  0.03983343   0.01969920
  0.03983483   0.01971840
  0.03983633   0.01973750
  0.03983773   0.01975670
  0.03983913   0.01977590
  0.03984063   0.01979510
  0.03984203   0.01981430
  0.03984353   0.01983350
  0.03984493   0.01985270
  0.03984643   0.01987190
  0.03984783   0.01989110
  0.03984923   0.01991030
  0.03985073   0.01992950
  0.03985213   0.01994860
  0.03985363   0.01996780
  0.03985503   0.01998700
  0.03985643   0.02000620
  0.03985793   0.02002540
  0.03985933   0.02004460
  0.03986083   0.02006380
  0.03986223   0.02008300
  0.03986363   0.02010220
  0.03986513   0.02012140
  0.03986653   0.02014060
  0.03986803   0.02015970
  0.03986943   0.02017890
  0.03987093   0.02019810
  0.03987233   0.02021730
  0.03987373   0.02023650
  0.03987523   0.02025570
  0.03987663   0.02027490
  0.03987813   0.02029410
  0.03987953   0.02031330
  0.03988093   0.02033250
  0.03988243   0.02035170
  0.03988383   0.02037080
  0.03988533   0.02039000
  0.03988673   0.02040920
  0.03988813   0.02042840
  0.03988963   0.02044760
  0.03989103   0.02046680
  0.03989253   0.02048600
  0.03989393   0.02050520
  0.03989543   0.02052440
  0.03989683   0.02054360
  0.03989823   0.02056280
  0.03989973   0.02058190
  0.03990113   0.02060110
  0.03990263   0.02062030
  0.03990403   0.02063950
  0.03990543   0.02065870
  0.03990693   0.02067790
  0.03990833   0.02069710
  0.03990983   0.02071630
  0.03991123   0.02073550
  0.03991263   0.02075470
  0.03991413   0.02077390
  0.03991553   0.02079300
  0.03991703   0.02081220
  0.03991843   0.02083140
  0.03991993   0.02085060
  0.03992133   0.02086980
  0.03992273   0.02088900
  0.03992423   0.02090820
  0.03992563   0.02092740
  0.03992713   0.02094660
  0.03992853   0.02096580
  0.03992993   0.02098500
  0.03993143   0.02100410
  0.03993283   0.02102330
  0.03993433   0.02104250
  0.03993573   0.02106170
  0.03993713   0.02108090
  0.03993863   0.02110010
  0.03994003   0.02111930
  0.03994153   0.02113850
  0.03994293   0.02115770
  0.03994443   0.02117690
  0.03994583   0.02119610
  0.03994723   0.02121520
  0.03994873   0.02123440
  0.03995013   0.02125360
  0.03995163   0.02127280
  0.03995303   0.02129200
  0.03995443   0.02131120
  0.03995593   0.02133040
  0.03995733   0.02134960
  0.03995883   0.02136880
  0.03996023   0.02138800
  0.03996163   0.02140720
  0.03996313   0.02142630
  0.03996453   0.02144550
  0.03996603   0.02146470
  0.03996743   0.02148390
  0.03996883   0.02150310
  0.03997033   0.02152230
  0.03997173   0.02154150
  0.03997323   0.02156070
  0.03997463   0.02157990
  0.03997613   0.02159910
  0.03997753   0.02161830
  0.03997893   0.02163740
  0.03998043   0.02165660
  0.03998183   0.02167580
  0.03998333   0.02169500
  0.03998473   0.02171420
  0.03998613   0.02173340
  0.03998763   0.02175260
  0.03998903   0.02177180
  0.03999053   0.02179100
  0.03999193   0.02181020
  0.03999333   0.02182940
  0.03999483   0.02184850
  0.03999623   0.02186770
  0.03999773   0.02188690
  0.03999913   0.02190610
  0.04000063   0.02192530
  0.04000203   0.02194450
  0.04000343   0.02196370
  0.04000493   0.02198290
  0.04000633   0.02200210
  0.04000783   0.02202130
  0.04000923   0.02204050
  0.04001063   0.02205960
  0.04001213   0.02207880
  0.04001353   0.02209800
  0.04001503   0.02211720
  0.04001643   0.02213640
  0.04001783   0.02215560
  0.04001933   0.02217480
  0.04002073   0.02219400
  0.04002223   0.02221320
  0.04002363   0.02223240
  0.04002513   0.02225160
  0.04002653   0.02227070
  0.04002793   0.02228990
  0.04002943   0.02230910
  0.04003083   0.02232830
  0.04003233   0.02234750
  0.04003373   0.02236670
  0.04003513   0.02238590
  0.04003663   0.02240510
  0.04003803   0.02242430
  0.04003953   0.02244350
  0.04004093   0.02246270
  0.04004233   0.02248180
  0.04004383   0.02250100
  0.04004523   0.02252020
  0.04004673   0.02253940
  0.04004813   0.02255860
  0.04004963   0.02257780
  0.04005103   0.02259700
  0.04005243   0.02261620
  0.04005393   0.02263540
  0.04005533   0.02265460
  0.04005683   0.02267380
  0.04005823   0.02269290
  0.04005963   0.02271210
  0.04006113   0.02273130
  0.04006253   0.02275050
  0.04006403   0.02276970
  0.04006543   0.02278890
  0.04006683   0.02280810
  0.04006833   0.02282730
  0.04006973   0.02284650
  0.04007123   0.02286570
  0.04007263   0.02288490
  0.04007413   0.02290400
  0.04007553   0.02292320
  0.04007693   0.02294240
  0.04007843   0.02296160
  0.04007983   0.02298080
  0.04008133   0.02300000
