 -0.03122953   0.02300000
 -0.03122493   0.02281520
 -0.03122033   0.02263030
 -0.03121563   0.02244550
 -0.03121103   0.02226070
 -0.03120643   0.02207590
 -0.03120183   0.02189100
 -0.03119723   0.02170620
 -0.03119263   0.02152140
 -0.03118803   0.02133660
 -0.03118333   0.02115170
 -0.03117873   0.02096690
 -0.03117413   0.02078210
 -0.03116953   0.02059720
 -0.03116493   0.02041240
 -0.03116033   0.02022760
 -0.03115573   0.02004280
 -0.03115103   0.01985790
 -0.03114643   0.01967310
 -0.03114183   0.01948830
 -0.03113723   0.01930350
 -0.03113263   0.01911860
 -0.03112803   0.01893380
 -0.03112343   0.01874900
 -0.03111873   0.01856410
 -0.03111413   0.01837930
 -0.03110953   0.01819450
 -0.03110493   0.01800970
 -0.03110033   0.01782480
 -0.03109573   0.01764000
 -0.03109103   0.01745520
 -0.03108643   0.01727040
 -0.03108183   0.01708550
 -0.03107723   0.01690070
 -0.03107263   0.01671590
 -0.03106803   0.01653100
 -0.03106343   0.01634620
 -0.03105873   0.01616140
 -0.03105413   0.01597660
 -0.03104953   0.01579170
 -0.03104493   0.01560690
 -0.03104033   0.01542210
 -0.03103573   0.01523730
 -0.03103033   0.01505240
 -0.03102253   0.01486770
 -0.03101203   0.01468310
 -0.03099883   0.01449870
 -0.03098313   0.01431450
 -0.03096473   0.01413060
 -0.03094373   0.01394690
 -0.03092013   0.01376350
 -0.03089393   0.01358050
 -0.03086513   0.01339780
 -0.03083373   0.01321560
 -0.03079983   0.01303390
 -0.03076323   0.01285270
 -0.03072413   0.01267200
 -0.03068233   0.01249190
 -0.03063813   0.01231240
 -0.03059133   0.01213350
 -0.03054193   0.01195530
 -0.03049013   0.01177790
 -0.03043573   0.01160120
 -0.03037883   0.01142530
 -0.03031943   0.01125020
 -0.03025753   0.01107600
 -0.03019313   0.01090260
 -0.03012633   0.01073020
 -0.03005713   0.01055880
 -0.02998543   0.01038840
 -0.02991133   0.01021900
 -0.02983483   0.01005070
 -0.02975593   0.00988350
 -0.02967463   0.00971740
 -0.02959103   0.00955250
 -0.02950513   0.00938890
 -0.02941683   0.00922640
 -0.02932623   0.00906520
 -0.02923343   0.00890530
 -0.02913823   0.00874680
 -0.02904093   0.00858960
 -0.02894133   0.00843390
 -0.02883953   0.00827950
 -0.02873553   0.00812670
 -0.02862943   0.00797530
 -0.02852113   0.00782540
 -0.02841073   0.00767710
 -0.02829823   0.00753040
 -0.02818363   0.00738530
 -0.02806703   0.00724190
 -0.02794833   0.00710010
 -0.02782773   0.00696000
 -0.02770503   0.00682160
 -0.02758043   0.00668510
 -0.02745393   0.00655020
 -0.02732553   0.00641730
 -0.02719513   0.00628610
 -0.02706303   0.00615680
 -0.02692903   0.00602940
 -0.02679323   0.00590390
 -0.02665573   0.00578040
 -0.02651643   0.00565880
 -0.02637533   0.00553930
 -0.02623263   0.00542170
 -0.02608833   0.00530620
 -0.02594233   0.00519280
 -0.02579473   0.00508140
 -0.02564563   0.00497220
 -0.02549493   0.00486500
 -0.02534273   0.00476010
 -0.02518903   0.00465730
 -0.02503393   0.00455670
 -0.02487733   0.00445830
 -0.02471943   0.00436220
 -0.02456013   0.00426830
 -0.02439963   0.00417670
 -0.02423773   0.00408740
 -0.02407453   0.00400040
 -0.02391023   0.00391570
 -0.02374473   0.00383340
 -0.02357803   0.00375340
 -0.02341013   0.00367580
 -0.02324123   0.00360060
 -0.02307133   0.00352780
 -0.02290033   0.00345750
 -0.02272843   0.00338950
 -0.02255553   0.00332410
 -0.02238163   0.00326110
 -0.02220693   0.00320050
 -0.02203143   0.00314250
 -0.02185513   0.00308700
 -0.02167793   0.00303400
 -0.02150013   0.00298350
 -0.02132153   0.00293550
 -0.02114253   0.00288920
 -0.02096343   0.00284340
 -0.02078423   0.00279800
 -0.02060493   0.00275290
 -0.02042553   0.00270830
 -0.02024593   0.00266410
 -0.02006633   0.00262040
 -0.01988663   0.00257700
 -0.01970683   0.00253410
 -0.01952683   0.00249150
 -0.01934683   0.00244940
 -0.01916673   0.00240770
 -0.01898653   0.00236640
 -0.01880623   0.00232560
 -0.01862573   0.00228510
 -0.01844523   0.00224510
 -0.01826473   0.00220550
 -0.01808403   0.00216630
 -0.01790323   0.00212750
 -0.01772233   0.00208920
 -0.01754143   0.00205120
 -0.01736043   0.00201370
 -0.01717923   0.00197660
 -0.01699803   0.00193990
 -0.01681673   0.00190360
 -0.01663543   0.00186780
 -0.01645393   0.00183240
 -0.01627243   0.00179740
 -0.01609073   0.00176280
 -0.01590903   0.00172860
 -0.01572733   0.00169480
 -0.01554543   0.00166150
 -0.01536353   0.00162860
 -0.01518153   0.00159610
 -0.01499943   0.00156400
 -0.01481723   0.00153240
 -0.01463503   0.00150120
 -0.01445273   0.00147040
 -0.01427033   0.00144000
 -0.01408793   0.00141000
 -0.01390543   0.00138050
 -0.01372283   0.00135140
 -0.01354013   0.00132270
 -0.01335743   0.00129440
 -0.01317473   0.00126650
 -0.01299183   0.00123910
 -0.01280893   0.00121210
 -0.01262603   0.00118550
 -0.01244293   0.00115940
 -0.01225983   0.00113360
 -0.01207673   0.00110830
 -0.01189353   0.00108340
 -0.01171023   0.00105900
 -0.01152693   0.00103490
 -0.01134363   0.00101130
 -0.01116013   0.00098810
 -0.01097673   0.00096530
 -0.01079313   0.00094300
 -0.01060963   0.00092100
 -0.01042593   0.00089950
 -0.01024223   0.00087850
 -0.01005853   0.00085780
 -0.00987473   0.00083760
 -0.00969093   0.00081780
 -0.00950703   0.00079840
 -0.00932313   0.00077950
 -0.00913923   0.00076090
 -0.00895523   0.00074280
 -0.00877123   0.00072520
 -0.00858713   0.00070790
 -0.00840303   0.00069110
 -0.00821883   0.00067470
 -0.00803463   0.00065870
 -0.00785043   0.00064320
 -0.00766613   0.00062800
 -0.00748183   0.00061330
 -0.00729753   0.00059910
 -0.00711313   0.00058520
 -0.00692873   0.00057180
 -0.00674433   0.00055880
 -0.00655983   0.00054620
 -0.00637533   0.00053410
 -0.00619083   0.00052240
 -0.00600633   0.00051110
 -0.00582173   0.00050030
 -0.00563713   0.00048970
 -0.00545263   0.00047920
 -0.00526803   0.00046880
 -0.00508343   0.00045860
 -0.00489883   0.00044840
 -0.00471413   0.00043840
 -0.00452953   0.00042840
 -0.00434493   0.00041860
 -0.00416033   0.00040890
 -0.00397563   0.00039930
 -0.00379103   0.00038980
 -0.00360633   0.00038050
 -0.00342173   0.00037120
 -0.00323703   0.00036210
 -0.00305243   0.00035300
 -0.00286773   0.00034410
 -0.00268303   0.00033530
 -0.00249833   0.00032670
 -0.00231373   0.00031810
 -0.00212903   0.00030960
 -0.00194433   0.00030130
 -0.00175963   0.00029310
 -0.00157493   0.00028500
 -0.00139013   0.00027700
 -0.00120543   0.00026910
 -0.00102073   0.00026130
 -0.00083603   0.00025360
 -0.00065133   0.00024610
 -0.00046653   0.00023870
 -0.00028183   0.00023130
 -0.00009703   0.00022410
  0.00008767   0.00021710
  0.00027247   0.00021010
  0.00045717   0.00020320
  0.00064197   0.00019650
  0.00082677   0.00018980
  0.00101147   0.00018330
  0.00119627   0.00017690
  0.00138107   0.00017060
  0.00156587   0.00016440
  0.00175057   0.00015840
  0.00193537   0.00015240
  0.00212017   0.00014660
  0.00230497   0.00014090
  0.00248977   0.00013530
  0.00267457   0.00012980
  0.00285937   0.00012440
  0.00304417   0.00011910
  0.00322907   0.00011400
  0.00341387   0.00010890
  0.00359867   0.00010400
  0.00378347   0.00009920
  0.00396827   0.00009450
  0.00415317   0.00008990
  0.00433797   0.00008540
  0.00452277   0.00008110
  0.00470767   0.00007680
  0.00489247   0.00007270
  0.00507727   0.00006870
  0.00526217   0.00006480
  0.00544697   0.00006100
  0.00563187   0.00005740
  0.00581667   0.00005380
  0.00600157   0.00005030
  0.00618637   0.00004700
  0.00637127   0.00004380
  0.00655617   0.00004070
  0.00674097   0.00003770
  0.00692587   0.00003480
  0.00711067   0.00003210
  0.00729557   0.00002940
  0.00748047   0.00002690
  0.00766527   0.00002450
  0.00785017   0.00002220
  0.00803507   0.00002000
  0.00821997   0.00001790
  0.00840477   0.00001590
  0.00858967   0.00001410
  0.00877457   0.00001240
  0.00895947   0.00001070
  0.00914427   0.00000920
  0.00932917   0.00000780
  0.00951407   0.00000660
  0.00969897   0.00000540
  0.00988387   0.00000430
  0.01006867   0.00000340
  0.01025357   0.00000260
  0.01043847   0.00000190
  0.01062337   0.00000130
  0.01080827   0.00000080
  0.01099317   0.00000040
  0.01117807   0.00000020
  0.01136287  -0.00000000
  0.01154777  -0.00000000
  0.01173267   0.00000010
  0.01191757   0.00000030
  0.01210247   0.00000060
  0.01228737   0.00000100
  0.01247217   0.00000160
  0.01265707   0.00000220
  0.01284197   0.00000300
  0.01302687   0.00000390
  0.01321177   0.00000490
  0.01339667   0.00000600
  0.01358147   0.00000720
  0.01376637   0.00000860
  0.01395127   0.00001000
  0.01413617   0.00001190
  0.01432097   0.00001420
  0.01450587   0.00001700
  0.01469077   0.00002020
  0.01487557   0.00002380
  0.01506047   0.00002780
  0.01524527   0.00003230
  0.01543007   0.00003720
  0.01561487   0.00004250
  0.01579967   0.00004830
  0.01598447   0.00005440
  0.01616927   0.00006100
  0.01635397   0.00006810
  0.01653867   0.00007550
  0.01672347   0.00008340
  0.01690817   0.00009170
  0.01709277   0.00010050
  0.01727747   0.00010960
  0.01746207   0.00011920
  0.01764667   0.00012920
  0.01783127   0.00013970
  0.01801587   0.00015060
  0.01820037   0.00016190
  0.01838487   0.00017360
  0.01856937   0.00018570
  0.01875387   0.00019830
  0.01893827   0.00021130
  0.01912267   0.00022470
  0.01930707   0.00023860
  0.01949137   0.00025290
  0.01967567   0.00026760
  0.01985997   0.00028270
  0.02004417   0.00029830
  0.02022837   0.00031430
  0.02041257   0.00033070
  0.02059667   0.00034750
  0.02078067   0.00036480
  0.02096477   0.00038250
  0.02114877   0.00040060
  0.02133267   0.00041910
  0.02151657   0.00043810
  0.02170047   0.00045750
  0.02188427   0.00047730
  0.02206807   0.00049750
  0.02225177   0.00051820
  0.02243547   0.00053930
  0.02261907   0.00056080
  0.02280267   0.00058270
  0.02298617   0.00060510
  0.02316967   0.00062790
  0.02335307   0.00065110
  0.02353647   0.00067470
  0.02371977   0.00069880
  0.02390307   0.00072320
  0.02408627   0.00074810
  0.02426937   0.00077350
  0.02445247   0.00079920
  0.02463547   0.00082540
  0.02481847   0.00085200
  0.02500137   0.00087900
  0.02518417   0.00090640
  0.02536697   0.00093430
  0.02554967   0.00096260
  0.02573227   0.00099130
  0.02591487   0.00102040
  0.02609737   0.00105000
  0.02627987   0.00108000
  0.02646217   0.00111040
  0.02664447   0.00114120
  0.02682677   0.00117240
  0.02700887   0.00120410
  0.02719097   0.00123610
  0.02737297   0.00126860
  0.02755487   0.00130160
  0.02773677   0.00133490
  0.02791857   0.00136870
  0.02810027   0.00140290
  0.02828187   0.00143750
  0.02846337   0.00147250
  0.02864487   0.00150790
  0.02882617   0.00154380
  0.02900747   0.00158000
  0.02918867   0.00161670
  0.02936987   0.00165390
  0.02955077   0.00169200
  0.02973107   0.00173270
  0.02991087   0.00177590
  0.03008997   0.00182170
  0.03026847   0.00187000
  0.03044617   0.00192090
  0.03062317   0.00197430
  0.03079947   0.00203010
  0.03097487   0.00208850
  0.03114947   0.00214940
  0.03132307   0.00221280
  0.03149587   0.00227860
  0.03166767   0.00234690
  0.03183857   0.00241760
  0.03200837   0.00249070
  0.03217707   0.00256620
  0.03234477   0.00264420
  0.03251127   0.00272450
  0.03267667   0.00280710
  0.03284087   0.00289220
  0.03300377   0.00297950
  0.03316547   0.00306910
  0.03332587   0.00316110
  0.03348497   0.00325530
  0.03364267   0.00335170
  0.03379907   0.00345040
  0.03395397   0.00355130
  0.03410737   0.00365440
  0.03425937   0.00375970
  0.03440987   0.00386710
  0.03455877   0.00397670
  0.03470617   0.00408830
  0.03485187   0.00420210
  0.03499607   0.00431790
  0.03513847   0.00443570
  0.03527927   0.00455560
  0.03541827   0.00467740
  0.03555557   0.00480120
  0.03569117   0.00492700
  0.03582487   0.00505470
  0.03595677   0.00518420
  0.03608677   0.00531560
  0.03621497   0.00544890
  0.03634127   0.00558390
  0.03646557   0.00572080
  0.03658787   0.00585940
  0.03670827   0.00599970
  0.03682667   0.00614170
  0.03694297   0.00628540
  0.03705727   0.00643080
  0.03716947   0.00657770
  0.03727957   0.00672620
  0.03738757   0.00687630
  0.03749337   0.00702790
  0.03759707   0.00718100
  0.03769857   0.00733550
  0.03779787   0.00749150
  0.03789487   0.00764890
  0.03798967   0.00780760
  0.03808217   0.00796770
  0.03817247   0.00812900
  0.03826037   0.00829160
  0.03834597   0.00845550
  0.03842927   0.00862060
  0.03851017   0.00878680
  0.03858877   0.00895420
  0.03866487   0.00912260
  0.03873867   0.00929220
  0.03880997   0.00946270
  0.03887887   0.00963430
  0.03894537   0.00980680
  0.03900937   0.00998030
  0.03907087   0.01015460
  0.03912997   0.01032980
  0.03918647   0.01050580
  0.03924057   0.01068270
  0.03929207   0.01086020
  0.03934107   0.01103850
  0.03938747   0.01121750
  0.03943137   0.01139700
  0.03947267   0.01157730
  0.03951147   0.01175800
  0.03954767   0.01193930
  0.03958127   0.01212110
  0.03961227   0.01230340
  0.03964077   0.01248610
  0.03966657   0.01266910
  0.03968977   0.01285260
  0.03971037   0.01303630
  0.03972837   0.01322030
  0.03974377   0.01340450
  0.03974517   0.01342370
  0.03974667   0.01344290
  0.03974807   0.01346210
  0.03974957   0.01348130
  0.03975097   0.01350050
  0.03975237   0.01351970
  0.03975387   0.01353890
  0.03975527   0.01355810
  0.03975677   0.01357730
  0.03975817   0.01359650
  0.03975957   0.01361560
  0.03976107   0.01363480
  0.03976247   0.01365400
  0.03976397   0.01367320
  0.03976537   0.01369240
  0.03976687   0.01371160
  0.03976827   0.01373080
  0.03976967   0.01375000
  0.03977117   0.01376920
  0.03977257   0.01378840
  0.03977407   0.01380760
  0.03977547   0.01382670
  0.03977687   0.01384590
  0.03977837   0.01386510
  0.03977977   0.01388430
  0.03978127   0.01390350
  0.03978267   0.01392270
  0.03978407   0.01394190
  0.03978557   0.01396110
  0.03978697   0.01398030
  0.03978847   0.01399950
  0.03978987   0.01401870
  0.03979137   0.01403780
  0.03979277   0.01405700
  0.03979417   0.01407620
  0.03979567   0.01409540
  0.03979707   0.01411460
  0.03979857   0.01413380
  0.03979997   0.01415300
  0.03980137   0.01417220
  0.03980287   0.01419140
  0.03980427   0.01421060
  0.03980577   0.01422980
  0.03980717   0.01424890
  0.03980857   0.01426810
  0.03981007   0.01428730
  0.03981147   0.01430650
  0.03981297   0.01432570
  0.03981437   0.01434490
  0.03981587   0.01436410
  0.03981727   0.01438330
  0.03981867   0.01440250
  0.03982017   0.01442170
  0.03982157   0.01444090
  0.03982307   0.01446000
  0.03982447   0.01447920
  0.03982587   0.01449840
  0.03982737   0.01451760
  0.03982877   0.01453680
  0.03983027   0.01455600
  0.03983167   0.01457520
  0.03983307   0.01459440
  0.03983457   0.01461360
  0.03983597   0.01463280
  0.03983747   0.01465200
  0.03983887   0.01467110
  0.03984037   0.01469030
  0.03984177   0.01470950
  0.03984317   0.01472870
  0.03984467   0.01474790
  0.03984607   0.01476710
  0.03984757   0.01478630
  0.03984897   0.01480550
  0.03985037   0.01482470
  0.03985187   0.01484390
  0.03985327   0.01486310
  0.03985477   0.01488220
  0.03985617   0.01490140
  0.03985757   0.01492060
  0.03985907   0.01493980
  0.03986047   0.01495900
  0.03986197   0.01497820
  0.03986337   0.01499740
  0.03986487   0.01501660
  0.03986627   0.01503580
  0.03986767   0.01505500
  0.03986917   0.01507420
  0.03987057   0.01509330
  0.03987207   0.01511250
  0.03987347   0.01513170
  0.03987487   0.01515090
  0.03987637   0.01517010
  0.03987777   0.01518930
  0.03987927   0.01520850
  0.03988067   0.01522770
  0.03988207   0.01524690
  0.03988357   0.01526610
  0.03988497   0.01528530
  0.03988647   0.01530440
  0.03988787   0.01532360
  0.03988937   0.01534280
  0.03989077   0.01536200
  0.03989217   0.01538120
  0.03989367   0.01540040
  0.03989507   0.01541960
  0.03989657   0.01543880
  0.03989797   0.01545800
  0.03989937   0.01547720
  0.03990087   0.01549640
  0.03990227   0.01551550
  0.03990377   0.01553470
  0.03990517   0.01555390
  0.03990657   0.01557310
  0.03990807   0.01559230
  0.03990947   0.01561150
  0.03991097   0.01563070
  0.03991237   0.01564990
  0.03991377   0.01566910
  0.03991527   0.01568830
  0.03991667   0.01570750
  0.03991817   0.01572660
  0.03991957   0.01574580
  0.03992107   0.01576500
  0.03992247   0.01578420
  0.03992387   0.01580340
  0.03992537   0.01582260
  0.03992677   0.01584180
  0.03992827   0.01586100
  0.03992967   0.01588020
  0.03993107   0.01589940
  0.03993257   0.01591860
  0.03993397   0.01593770
  0.03993547   0.01595690
  0.03993687   0.01597610
  0.03993827   0.01599530
  0.03993977   0.01601450
  0.03994117   0.01603370
  0.03994267   0.01605290
  0.03994407   0.01607210
  0.03994557   0.01609130
  0.03994697   0.01611050
  0.03994837   0.01612970
  0.03994987   0.01614880
  0.03995127   0.01616800
  0.03995277   0.01618720
  0.03995417   0.01620640
  0.03995557   0.01622560
  0.03995707   0.01624480
  0.03995847   0.01626400
  0.03995997   0.01628320
  0.03996137   0.01630240
  0.03996277   0.01632160
  0.03996427   0.01634080
  0.03996567   0.01635990
  0.03996717   0.01637910
  0.03996857   0.01639830
  0.03997007   0.01641750
  0.03997147   0.01643670
  0.03997287   0.01645590
  0.03997437   0.01647510
  0.03997577   0.01649430
  0.03997727   0.01651350
  0.03997867   0.01653270
  0.03998007   0.01655190
  0.03998157   0.01657100
  0.03998297   0.01659020
  0.03998447   0.01660940
  0.03998587   0.01662860
  0.03998727   0.01664780
  0.03998877   0.01666700
  0.03999017   0.01668620
  0.03999167   0.01670540
  0.03999307   0.01672460
  0.03999457   0.01674380
  0.03999597   0.01676300
  0.03999737   0.01678210
  0.03999887   0.01680130
  0.04000027   0.01682050
  0.04000177   0.01683970
  0.04000317   0.01685890
  0.04000457   0.01687810
  0.04000607   0.01689730
  0.04000747   0.01691650
  0.04000897   0.01693570
  0.04001037   0.01695490
  0.04001177   0.01697410
  0.04001327   0.01699320
  0.04001467   0.01701240
  0.04001617   0.01703160
  0.04001757   0.01705080
  0.04001907   0.01707000
  0.04002047   0.01708920
  0.04002187   0.01710840
  0.04002337   0.01712760
  0.04002477   0.01714680
  0.04002627   0.01716600
  0.04002767   0.01718520
  0.04002907   0.01720430
  0.04003057   0.01722350
  0.04003197   0.01724270
  0.04003347   0.01726190
  0.04003487   0.01728110
  0.04003627   0.01730030
  0.04003777   0.01731950
  0.04003917   0.01733870
  0.04004067   0.01735790
  0.04004207   0.01737710
  0.04004357   0.01739630
  0.04004497   0.01741540
  0.04004637   0.01743460
  0.04004787   0.01745380
  0.04004927   0.01747300
  0.04005077   0.01749220
  0.04005217   0.01751140
  0.04005357   0.01753060
  0.04005507   0.01754980
  0.04005647   0.01756900
  0.04005797   0.01758820
  0.04005937   0.01760740
  0.04006077   0.01762650
  0.04006227   0.01764570
  0.04006367   0.01766490
  0.04006517   0.01768410
  0.04006657   0.01770330
  0.04006797   0.01772250
  0.04006947   0.01774170
  0.04007087   0.01776090
  0.04007237   0.01778010
  0.04007377   0.01779930
  0.04007527   0.01781850
  0.04007667   0.01783760
  0.04007807   0.01785680
  0.04007957   0.01787600
  0.04008097   0.01789520
  0.04008247   0.01791440
  0.04008387   0.01793360
  0.04008527   0.01795280
  0.04008677   0.01797200
  0.04008817   0.01799120
  0.04008967   0.01801040
  0.04009107   0.01802960
  0.04009247   0.01804870
  0.04009397   0.01806790
  0.04009537   0.01808710
  0.04009687   0.01810630
  0.04009827   0.01812550
  0.04009977   0.01814470
  0.04010117   0.01816390
  0.04010257   0.01818310
  0.04010407   0.01820230
  0.04010547   0.01822150
  0.04010697   0.01824070
  0.04010837   0.01825980
  0.04010977   0.01827900
  0.04011127   0.01829820
  0.04011267   0.01831740
  0.04011417   0.01833660
  0.04011557   0.01835580
  0.04011697   0.01837500
  0.04011847   0.01839420
  0.04011987   0.01841340
  0.04012137   0.01843260
  0.04012277   0.01845180
  0.04012427   0.01847090
  0.04012567   0.01849010
  0.04012707   0.01850930
  0.04012857   0.01852850
  0.04012997   0.01854770
  0.04013147   0.01856690
  0.04013287   0.01858610
  0.04013427   0.01860530
  0.04013577   0.01862450
  0.04013717   0.01864370
  0.04013867   0.01866290
  0.04014007   0.01868200
  0.04014147   0.01870120
  0.04014297   0.01872040
  0.04014437   0.01873960
  0.04014587   0.01875880
  0.04014727   0.01877800
  0.04014877   0.01879720
  0.04015017   0.01881640
  0.04015157   0.01883560
  0.04015307   0.01885480
  0.04015447   0.01887400
  0.04015597   0.01889310
  0.04015737   0.01891230
  0.04015877   0.01893150
  0.04016027   0.01895070
  0.04016167   0.01896990
  0.04016317   0.01898910
  0.04016457   0.01900830
  0.04016597   0.01902750
  0.04016747   0.01904670
  0.04016887   0.01906590
  0.04017037   0.01908510
  0.04017177   0.01910420
  0.04017327   0.01912340
  0.04017467   0.01914260
  0.04017607   0.01916180
  0.04017757   0.01918100
  0.04017897   0.01920020
  0.04018047   0.01921940
  0.04018187   0.01923860
  0.04018327   0.01925780
  0.04018477   0.01927700
  0.04018617   0.01929620
  0.04018767   0.01931530
  0.04018907   0.01933450
  0.04019047   0.01935370
  0.04019197   0.01937290
  0.04019337   0.01939210
  0.04019487   0.01941130
  0.04019627   0.01943050
  0.04019767   0.01944970
  0.04019917   0.01946890
  0.04020057   0.01948810
  0.04020207   0.01950730
  0.04020347   0.01952640
  0.04020497   0.01954560
  0.04020637   0.01956480
  0.04020777   0.01958400
  0.04020927   0.01960320
  0.04021067   0.01962240
  0.04021217   0.01964160
  0.04021357   0.01966080
  0.04021497   0.01968000
  0.04021647   0.01969920
  0.04021787   0.01971840
  0.04021937   0.01973750
  0.04022077   0.01975670
  0.04022217   0.01977590
  0.04022367   0.01979510
  0.04022507   0.01981430
  0.04022657   0.01983350
  0.04022797   0.01985270
  0.04022947   0.01987190
  0.04023087   0.01989110
  0.04023227   0.01991030
  0.04023377   0.01992950
  0.04023517   0.01994860
  0.04023667   0.01996780
  0.04023807   0.01998700
  0.04023947   0.02000620
  0.04024097   0.02002540
  0.04024237   0.02004460
  0.04024387   0.02006380
  0.04024527   0.02008300
  0.04024667   0.02010220
  0.04024817   0.02012140
  0.04024957   0.02014060
  0.04025107   0.02015970
  0.04025247   0.02017890
  0.04025397   0.02019810
  0.04025537   0.02021730
  0.04025677   0.02023650
  0.04025827   0.02025570
  0.04025967   0.02027490
  0.04026117   0.02029410
  0.04026257   0.02031330
  0.04026397   0.02033250
  0.04026547   0.02035170
  0.04026687   0.02037080
  0.04026837   0.02039000
  0.04026977   0.02040920
  0.04027117   0.02042840
  0.04027267   0.02044760
  0.04027407   0.02046680
  0.04027557   0.02048600
  0.04027697   0.02050520
  0.04027847   0.02052440
  0.04027987   0.02054360
  0.04028127   0.02056280
  0.04028277   0.02058190
  0.04028417   0.02060110
  0.04028567   0.02062030
  0.04028707   0.02063950
  0.04028847   0.02065870
  0.04028997   0.02067790
  0.04029137   0.02069710
  0.04029287   0.02071630
  0.04029427   0.02073550
  0.04029567   0.02075470
  0.04029717   0.02077390
  0.04029857   0.02079300
  0.04030007   0.02081220
  0.04030147   0.02083140
  0.04030297   0.02085060
  0.04030437   0.02086980
  0.04030577   0.02088900
  0.04030727   0.02090820
  0.04030867   0.02092740
  0.04031017   0.02094660
  0.04031157   0.02096580
  0.04031297   0.02098500
  0.04031447   0.02100410
  0.04031587   0.02102330
  0.04031737   0.02104250
  0.04031877   0.02106170
  0.04032017   0.02108090
  0.04032167   0.02110010
  0.04032307   0.02111930
  0.04032457   0.02113850
  0.04032597   0.02115770
  0.04032747   0.02117690
  0.04032887   0.02119610
  0.04033027   0.02121520
  0.04033177   0.02123440
  0.04033317   0.02125360
  0.04033467   0.02127280
  0.04033607   0.02129200
  0.04033747   0.02131120
  0.04033897   0.02133040
  0.04034037   0.02134960
  0.04034187   0.02136880
  0.04034327   0.02138800
  0.04034467   0.02140720
  0.04034617   0.02142630
  0.04034757   0.02144550
  0.04034907   0.02146470
  0.04035047   0.02148390
  0.04035187   0.02150310
  0.04035337   0.02152230
  0.04035477   0.02154150
  0.04035627   0.02156070
  0.04035767   0.02157990
  0.04035917   0.02159910
  0.04036057   0.02161830
  0.04036197   0.02163740
  0.04036347   0.02165660
  0.04036487   0.02167580
  0.04036637   0.02169500
  0.04036777   0.02171420
  0.04036917   0.02173340
  0.04037067   0.02175260
  0.04037207   0.02177180
  0.04037357   0.02179100
  0.04037497   0.02181020
  0.04037637   0.02182940
  0.04037787   0.02184850
  0.04037927   0.02186770
  0.04038077   0.02188690
  0.04038217   0.02190610
  0.04038367   0.02192530
  0.04038507   0.02194450
  0.04038647   0.02196370
  0.04038797   0.02198290
  0.04038937   0.02200210
  0.04039087   0.02202130
  0.04039227   0.02204050
  0.04039367   0.02205960
  0.04039517   0.02207880
  0.04039657   0.02209800
  0.04039807   0.02211720
  0.04039947   0.02213640
  0.04040087   0.02215560
  0.04040237   0.02217480
  0.04040377   0.02219400
  0.04040527   0.02221320
  0.04040667   0.02223240
  0.04040817   0.02225160
  0.04040957   0.02227070
  0.04041097   0.02228990
  0.04041247   0.02230910
  0.04041387   0.02232830
  0.04041537   0.02234750
  0.04041677   0.02236670
  0.04041817   0.02238590
  0.04041967   0.02240510
  0.04042107   0.02242430
  0.04042257   0.02244350
  0.04042397   0.02246270
  0.04042537   0.02248180
  0.04042687   0.02250100
  0.04042827   0.02252020
  0.04042977   0.02253940
  0.04043117   0.02255860
  0.04043267   0.02257780
  0.04043407   0.02259700
  0.04043547   0.02261620
  0.04043697   0.02263540
  0.04043837   0.02265460
  0.04043987   0.02267380
  0.04044127   0.02269290
  0.04044267   0.02271210
  0.04044417   0.02273130
  0.04044557   0.02275050
  0.04044707   0.02276970
  0.04044847   0.02278890
  0.04044987   0.02280810
  0.04045137   0.02282730
  0.04045277   0.02284650
  0.04045427   0.02286570
  0.04045567   0.02288490
  0.04045717   0.02290400
  0.04045857   0.02292320
  0.04045997   0.02294240
  0.04046147   0.02296160
  0.04046287   0.02298080
  0.04046437   0.02300000
