 -0.02166527   0.02300000
 -0.02166067   0.02281520
 -0.02165607   0.02263030
 -0.02165137   0.02244550
 -0.02164677   0.02226070
 -0.02164217   0.02207590
 -0.02163757   0.02189100
 -0.02163297   0.02170620
 -0.02162837   0.02152140
 -0.02162377   0.02133660
 -0.02161907   0.02115170
 -0.02161447   0.02096690
 -0.02160987   0.02078210
 -0.02160527   0.02059720
 -0.02160067   0.02041240
 -0.02159607   0.02022760
 -0.02159147   0.02004280
 -0.02158677   0.01985790
 -0.02158217   0.01967310
 -0.02157757   0.01948830
 -0.02157297   0.01930350
 -0.02156837   0.01911860
 -0.02156377   0.01893380
 -0.02155917   0.01874900
 -0.02155447   0.01856410
 -0.02154987   0.01837930
 -0.02154527   0.01819450
 -0.02154067   0.01800970
 -0.02153607   0.01782480
 -0.02153147   0.01764000
 -0.02152677   0.01745520
 -0.02152217   0.01727040
 -0.02151757   0.01708550
 -0.02151297   0.01690070
 -0.02150837   0.01671590
 -0.02150377   0.01653100
 -0.02149917   0.01634620
 -0.02149447   0.01616140
 -0.02148987   0.01597660
 -0.02148527   0.01579170
 -0.02148067   0.01560690
 -0.02147607   0.01542210
 -0.02147147   0.01523730
 -0.02146607   0.01505240
 -0.02145827   0.01486770
 -0.02144777   0.01468310
 -0.02143457   0.01449870
 -0.02141887   0.01431450
 -0.02140047   0.01413060
 -0.02137947   0.01394690
 -0.02135587   0.01376350
 -0.02132967   0.01358050
 -0.02130087   0.01339780
 -0.02126947   0.01321560
 -0.02123557   0.01303390
 -0.02119897   0.01285270
 -0.02115987   0.01267200
 -0.02111807   0.01249190
 -0.02107387   0.01231240
 -0.02102707   0.01213350
 -0.02097767   0.01195530
 -0.02092587   0.01177790
 -0.02087147   0.01160120
 -0.02081457   0.01142530
 -0.02075517   0.01125020
 -0.02069327   0.01107600
 -0.02062887   0.01090260
 -0.02056207   0.01073020
 -0.02049287   0.01055880
 -0.02042117   0.01038840
 -0.02034707   0.01021900
 -0.02027057   0.01005070
 -0.02019167   0.00988350
 -0.02011037   0.00971740
 -0.02002677   0.00955250
 -0.01994087   0.00938890
 -0.01985257   0.00922640
 -0.01976197   0.00906520
 -0.01966917   0.00890530
 -0.01957397   0.00874680
 -0.01947667   0.00858960
 -0.01937707   0.00843390
 -0.01927527   0.00827950
 -0.01917127   0.00812670
 -0.01906517   0.00797530
 -0.01895687   0.00782540
 -0.01884647   0.00767710
 -0.01873397   0.00753040
 -0.01861937   0.00738530
 -0.01850277   0.00724190
 -0.01838407   0.00710010
 -0.01826347   0.00696000
 -0.01814077   0.00682160
 -0.01801617   0.00668510
 -0.01788967   0.00655020
 -0.01776127   0.00641730
 -0.01763087   0.00628610
 -0.01749877   0.00615680
 -0.01736477   0.00602940
 -0.01722897   0.00590390
 -0.01709147   0.00578040
 -0.01695217   0.00565880
 -0.01681107   0.00553930
 -0.01666837   0.00542170
 -0.01652407   0.00530620
 -0.01637807   0.00519280
 -0.01623047   0.00508140
 -0.01608137   0.00497220
 -0.01593067   0.00486500
 -0.01577847   0.00476010
 -0.01562477   0.00465730
 -0.01546967   0.00455670
 -0.01531307   0.00445830
 -0.01515517   0.00436220
 -0.01499587   0.00426830
 -0.01483537   0.00417670
 -0.01467347   0.00408740
 -0.01451027   0.00400040
 -0.01434597   0.00391570
 -0.01418047   0.00383340
 -0.01401377   0.00375340
 -0.01384587   0.00367580
 -0.01367697   0.00360060
 -0.01350707   0.00352780
 -0.01333607   0.00345750
 -0.01316417   0.00338950
 -0.01299127   0.00332410
 -0.01281737   0.00326110
 -0.01264267   0.00320050
 -0.01246717   0.00314250
 -0.01229087   0.00308700
 -0.01211367   0.00303400
 -0.01193587   0.00298350
 -0.01175727   0.00293550
 -0.01157827   0.00288920
 -0.01139917   0.00284340
 -0.01121997   0.00279800
 -0.01104067   0.00275290
 -0.01086127   0.00270830
 -0.01068167   0.00266410
 -0.01050207   0.00262040
 -0.01032237   0.00257700
 -0.01014257   0.00253410
 -0.00996257   0.00249150
 -0.00978257   0.00244940
 -0.00960247   0.00240770
 -0.00942227   0.00236640
 -0.00924197   0.00232560
 -0.00906147   0.00228510
 -0.00888097   0.00224510
 -0.00870047   0.00220550
 -0.00851977   0.00216630
 -0.00833897   0.00212750
 -0.00815807   0.00208920
 -0.00797717   0.00205120
 -0.00779617   0.00201370
 -0.00761497   0.00197660
 -0.00743377   0.00193990
 -0.00725247   0.00190360
 -0.00707117   0.00186780
 -0.00688967   0.00183240
 -0.00670817   0.00179740
 -0.00652647   0.00176280
 -0.00634477   0.00172860
 -0.00616307   0.00169480
 -0.00598117   0.00166150
 -0.00579927   0.00162860
 -0.00561727   0.00159610
 -0.00543517   0.00156400
 -0.00525297   0.00153240
 -0.00507077   0.00150120
 -0.00488847   0.00147040
 -0.00470607   0.00144000
 -0.00452367   0.00141000
 -0.00434117   0.00138050
 -0.00415857   0.00135140
 -0.00397587   0.00132270
 -0.00379317   0.00129440
 -0.00361047   0.00126650
 -0.00342757   0.00123910
 -0.00324467   0.00121210
 -0.00306177   0.00118550
 -0.00287867   0.00115940
 -0.00269557   0.00113360
 -0.00251247   0.00110830
 -0.00232927   0.00108340
 -0.00214597   0.00105900
 -0.00196267   0.00103490
 -0.00177937   0.00101130
 -0.00159587   0.00098810
 -0.00141247   0.00096530
 -0.00122887   0.00094300
 -0.00104537   0.00092100
 -0.00086167   0.00089950
 -0.00067797   0.00087850
 -0.00049427   0.00085780
 -0.00031047   0.00083760
 -0.00012667   0.00081780
  0.00005723   0.00079840
  0.00024113   0.00077950
  0.00042503   0.00076090
  0.00060903   0.00074280
  0.00079303   0.00072520
  0.00097713   0.00070790
  0.00116123   0.00069110
  0.00134543   0.00067470
  0.00152963   0.00065870
  0.00171383   0.00064320
  0.00189813   0.00062800
  0.00208243   0.00061330
  0.00226673   0.00059910
  0.00245113   0.00058520
  0.00263553   0.00057180
  0.00281993   0.00055880
  0.00300443   0.00054620
  0.00318893   0.00053410
  0.00337343   0.00052240
  0.00355793   0.00051110
  0.00374253   0.00050030
  0.00392713   0.00048970
  0.00411163   0.00047920
  0.00429623   0.00046880
  0.00448083   0.00045860
  0.00466543   0.00044840
  0.00485013   0.00043840
  0.00503473   0.00042840
  0.00521933   0.00041860
  0.00540393   0.00040890
  0.00558863   0.00039930
  0.00577323   0.00038980
  0.00595793   0.00038050
  0.00614253   0.00037120
  0.00632723   0.00036210
  0.00651183   0.00035300
  0.00669653   0.00034410
  0.00688123   0.00033530
  0.00706593   0.00032670
  0.00725053   0.00031810
  0.00743523   0.00030960
  0.00761993   0.00030130
  0.00780463   0.00029310
  0.00798933   0.00028500
  0.00817413   0.00027700
  0.00835883   0.00026910
  0.00854353   0.00026130
  0.00872823   0.00025360
  0.00891293   0.00024610
  0.00909773   0.00023870
  0.00928243   0.00023130
  0.00946723   0.00022410
  0.00965193   0.00021710
  0.00983673   0.00021010
  0.01002143   0.00020320
  0.01020623   0.00019650
  0.01039103   0.00018980
  0.01057573   0.00018330
  0.01076053   0.00017690
  0.01094533   0.00017060
  0.01113013   0.00016440
  0.01131483   0.00015840
  0.01149963   0.00015240
  0.01168443   0.00014660
  0.01186923   0.00014090
  0.01205403   0.00013530
  0.01223883   0.00012980
  0.01242363   0.00012440
  0.01260843   0.00011910
  0.01279333   0.00011400
  0.01297813   0.00010890
  0.01316293   0.00010400
  0.01334773   0.00009920
  0.01353253   0.00009450
  0.01371743   0.00008990
  0.01390223   0.00008540
  0.01408703   0.00008110
  0.01427193   0.00007680
  0.01445673   0.00007270
  0.01464153   0.00006870
  0.01482643   0.00006480
  0.01501123   0.00006100
  0.01519613   0.00005740
  0.01538093   0.00005380
  0.01556583   0.00005030
  0.01575063   0.00004700
  0.01593553   0.00004380
  0.01612043   0.00004070
  0.01630523   0.00003770
  0.01649013   0.00003480
  0.01667493   0.00003210
  0.01685983   0.00002940
  0.01704473   0.00002690
  0.01722953   0.00002450
  0.01741443   0.00002220
  0.01759933   0.00002000
  0.01778423   0.00001790
  0.01796903   0.00001590
  0.01815393   0.00001410
  0.01833883   0.00001240
  0.01852373   0.00001070
  0.01870853   0.00000920
  0.01889343   0.00000780
  0.01907833   0.00000660
  0.01926323   0.00000540
  0.01944813   0.00000430
  0.01963293   0.00000340
  0.01981783   0.00000260
  0.02000273   0.00000190
  0.02018763   0.00000130
  0.02037253   0.00000080
  0.02055743   0.00000040
  0.02074233   0.00000020
  0.02092713  -0.00000000
  0.02111203  -0.00000000
  0.02129693   0.00000010
  0.02148183   0.00000030
  0.02166673   0.00000060
  0.02185163   0.00000100
  0.02203643   0.00000160
  0.02222133   0.00000220
  0.02240623   0.00000300
  0.02259113   0.00000390
  0.02277603   0.00000490
  0.02296093   0.00000600
  0.02314573   0.00000720
  0.02333063   0.00000860
  0.02351553   0.00001000
  0.02370043   0.00001190
  0.02388523   0.00001420
  0.02407013   0.00001700
  0.02425503   0.00002020
  0.02443983   0.00002380
  0.02462473   0.00002780
  0.02480953   0.00003230
  0.02499433   0.00003720
  0.02517913   0.00004250
  0.02536393   0.00004830
  0.02554873   0.00005440
  0.02573353   0.00006100
  0.02591823   0.00006810
  0.02610293   0.00007550
  0.02628773   0.00008340
  0.02647243   0.00009170
  0.02665703   0.00010050
  0.02684173   0.00010960
  0.02702633   0.00011920
  0.02721093   0.00012920
  0.02739553   0.00013970
  0.02758013   0.00015060
  0.02776463   0.00016190
  0.02794913   0.00017360
  0.02813363   0.00018570
  0.02831813   0.00019830
  0.02850253   0.00021130
  0.02868693   0.00022470
  0.02887133   0.00023860
  0.02905563   0.00025290
  0.02923993   0.00026760
  0.02942423   0.00028270
  0.02960843   0.00029830
  0.02979263   0.00031430
  0.02997683   0.00033070
  0.03016093   0.00034750
  0.03034493   0.00036480
  0.03052903   0.00038250
  0.03071303   0.00040060
  0.03089693   0.00041910
  0.03108083   0.00043810
  0.03126473   0.00045750
  0.03144853   0.00047730
  0.03163233   0.00049750
  0.03181603   0.00051820
  0.03199973   0.00053930
  0.03218333   0.00056080
  0.03236693   0.00058270
  0.03255043   0.00060510
  0.03273393   0.00062790
  0.03291733   0.00065110
  0.03310073   0.00067470
  0.03328403   0.00069880
  0.03346733   0.00072320
  0.03365053   0.00074810
  0.03383363   0.00077350
  0.03401673   0.00079920
  0.03419973   0.00082540
  0.03438273   0.00085200
  0.03456563   0.00087900
  0.03474843   0.00090640
  0.03493123   0.00093430
  0.03511393   0.00096260
  0.03529653   0.00099130
  0.03547913   0.00102040
  0.03566163   0.00105000
  0.03584413   0.00108000
  0.03602643   0.00111040
  0.03620873   0.00114120
  0.03639103   0.00117240
  0.03657313   0.00120410
  0.03675523   0.00123610
  0.03693723   0.00126860
  0.03711913   0.00130160
  0.03730103   0.00133490
  0.03748283   0.00136870
  0.03766453   0.00140290
  0.03784613   0.00143750
  0.03802763   0.00147250
  0.03820913   0.00150790
  0.03839043   0.00154380
  0.03857173   0.00158000
  0.03875293   0.00161670
  0.03893413   0.00165390
  0.03911503   0.00169200
  0.03929533   0.00173270
  0.03947513   0.00177590
  0.03965423   0.00182170
  0.03983273   0.00187000
  0.04001043   0.00192090
  0.04018743   0.00197430
  0.04036373   0.00203010
  0.04053913   0.00208850
  0.04071373   0.00214940
  0.04088733   0.00221280
  0.04106013   0.00227860
  0.04123193   0.00234690
  0.04140283   0.00241760
  0.04157263   0.00249070
  0.04174133   0.00256620
  0.04190903   0.00264420
  0.04207553   0.00272450
  0.04224093   0.00280710
  0.04240513   0.00289220
  0.04256803   0.00297950
  0.04272973   0.00306910
  0.04289013   0.00316110
  0.04304923   0.00325530
  0.04320693   0.00335170
  0.04336333   0.00345040
  0.04351823   0.00355130
  0.04367163   0.00365440
  0.04382363   0.00375970
  0.04397413   0.00386710
  0.04412303   0.00397670
  0.04427043   0.00408830
  0.04441613   0.00420210
  0.04456033   0.00431790
  0.04470273   0.00443570
  0.04484353   0.00455560
  0.04498253   0.00467740
  0.04511983   0.00480120
  0.04525543   0.00492700
  0.04538913   0.00505470
  0.04552103   0.00518420
  0.04565103   0.00531560
  0.04577923   0.00544890
  0.04590553   0.00558390
  0.04602983   0.00572080
  0.04615213   0.00585940
  0.04627253   0.00599970
  0.04639093   0.00614170
  0.04650723   0.00628540
  0.04662153   0.00643080
  0.04673373   0.00657770
  0.04684383   0.00672620
  0.04695183   0.00687630
  0.04705763   0.00702790
  0.04716133   0.00718100
  0.04726283   0.00733550
  0.04736213   0.00749150
  0.04745913   0.00764890
  0.04755393   0.00780760
  0.04764643   0.00796770
  0.04773673   0.00812900
  0.04782463   0.00829160
  0.04791023   0.00845550
  0.04799353   0.00862060
  0.04807443   0.00878680
  0.04815303   0.00895420
  0.04822913   0.00912260
  0.04830293   0.00929220
  0.04837423   0.00946270
  0.04844313   0.00963430
  0.04850963   0.00980680
  0.04857363   0.00998030
  0.04863513   0.01015460
  0.04869423   0.01032980
  0.04875073   0.01050580
  0.04880483   0.01068270
  0.04885633   0.01086020
  0.04890533   0.01103850
  0.04895173   0.01121750
  0.04899563   0.01139700
  0.04903693   0.01157730
  0.04907573   0.01175800
  0.04911193   0.01193930
  0.04914553   0.01212110
  0.04917653   0.01230340
  0.04920503   0.01248610
  0.04923083   0.01266910
  0.04925403   0.01285260
  0.04927463   0.01303630
  0.04929263   0.01322030
  0.04930803   0.01340450
  0.04930943   0.01342370
  0.04931093   0.01344290
  0.04931233   0.01346210
  0.04931383   0.01348130
  0.04931523   0.01350050
  0.04931663   0.01351970
  0.04931813   0.01353890
  0.04931953   0.01355810
  0.04932103   0.01357730
  0.04932243   0.01359650
  0.04932383   0.01361560
  0.04932533   0.01363480
  0.04932673   0.01365400
  0.04932823   0.01367320
  0.04932963   0.01369240
  0.04933113   0.01371160
  0.04933253   0.01373080
  0.04933393   0.01375000
  0.04933543   0.01376920
  0.04933683   0.01378840
  0.04933833   0.01380760
  0.04933973   0.01382670
  0.04934113   0.01384590
  0.04934263   0.01386510
  0.04934403   0.01388430
  0.04934553   0.01390350
  0.04934693   0.01392270
  0.04934833   0.01394190
  0.04934983   0.01396110
  0.04935123   0.01398030
  0.04935273   0.01399950
  0.04935413   0.01401870
  0.04935563   0.01403780
  0.04935703   0.01405700
  0.04935843   0.01407620
  0.04935993   0.01409540
  0.04936133   0.01411460
  0.04936283   0.01413380
  0.04936423   0.01415300
  0.04936563   0.01417220
  0.04936713   0.01419140
  0.04936853   0.01421060
  0.04937003   0.01422980
  0.04937143   0.01424890
  0.04937283   0.01426810
  0.04937433   0.01428730
  0.04937573   0.01430650
  0.04937723   0.01432570
  0.04937863   0.01434490
  0.04938013   0.01436410
  0.04938153   0.01438330
  0.04938293   0.01440250
  0.04938443   0.01442170
  0.04938583   0.01444090
  0.04938733   0.01446000
  0.04938873   0.01447920
  0.04939013   0.01449840
  0.04939163   0.01451760
  0.04939303   0.01453680
  0.04939453   0.01455600
  0.04939593   0.01457520
  0.04939733   0.01459440
  0.04939883   0.01461360
  0.04940023   0.01463280
  0.04940173   0.01465200
  0.04940313   0.01467110
  0.04940463   0.01469030
  0.04940603   0.01470950
  0.04940743   0.01472870
  0.04940893   0.01474790
  0.04941033   0.01476710
  0.04941183   0.01478630
  0.04941323   0.01480550
  0.04941463   0.01482470
  0.04941613   0.01484390
  0.04941753   0.01486310
  0.04941903   0.01488220
  0.04942043   0.01490140
  0.04942183   0.01492060
  0.04942333   0.01493980
  0.04942473   0.01495900
  0.04942623   0.01497820
  0.04942763   0.01499740
  0.04942913   0.01501660
  0.04943053   0.01503580
  0.04943193   0.01505500
  0.04943343   0.01507420
  0.04943483   0.01509330
  0.04943633   0.01511250
  0.04943773   0.01513170
  0.04943913   0.01515090
  0.04944063   0.01517010
  0.04944203   0.01518930
  0.04944353   0.01520850
  0.04944493   0.01522770
  0.04944633   0.01524690
  0.04944783   0.01526610
  0.04944923   0.01528530
  0.04945073   0.01530440
  0.04945213   0.01532360
  0.04945363   0.01534280
  0.04945503   0.01536200
  0.04945643   0.01538120
  0.04945793   0.01540040
  0.04945933   0.01541960
  0.04946083   0.01543880
  0.04946223   0.01545800
  0.04946363   0.01547720
  0.04946513   0.01549640
  0.04946653   0.01551550
  0.04946803   0.01553470
  0.04946943   0.01555390
  0.04947083   0.01557310
  0.04947233   0.01559230
  0.04947373   0.01561150
  0.04947523   0.01563070
  0.04947663   0.01564990
  0.04947803   0.01566910
  0.04947953   0.01568830
  0.04948093   0.01570750
  0.04948243   0.01572660
  0.04948383   0.01574580
  0.04948533   0.01576500
  0.04948673   0.01578420
  0.04948813   0.01580340
  0.04948963   0.01582260
  0.04949103   0.01584180
  0.04949253   0.01586100
  0.04949393   0.01588020
  0.04949533   0.01589940
  0.04949683   0.01591860
  0.04949823   0.01593770
  0.04949973   0.01595690
  0.04950113   0.01597610
  0.04950253   0.01599530
  0.04950403   0.01601450
  0.04950543   0.01603370
  0.04950693   0.01605290
  0.04950833   0.01607210
  0.04950983   0.01609130
  0.04951123   0.01611050
  0.04951263   0.01612970
  0.04951413   0.01614880
  0.04951553   0.01616800
  0.04951703   0.01618720
  0.04951843   0.01620640
  0.04951983   0.01622560
  0.04952133   0.01624480
  0.04952273   0.01626400
  0.04952423   0.01628320
  0.04952563   0.01630240
  0.04952703   0.01632160
  0.04952853   0.01634080
  0.04952993   0.01635990
  0.04953143   0.01637910
  0.04953283   0.01639830
  0.04953433   0.01641750
  0.04953573   0.01643670
  0.04953713   0.01645590
  0.04953863   0.01647510
  0.04954003   0.01649430
  0.04954153   0.01651350
  0.04954293   0.01653270
  0.04954433   0.01655190
  0.04954583   0.01657100
  0.04954723   0.01659020
  0.04954873   0.01660940
  0.04955013   0.01662860
  0.04955153   0.01664780
  0.04955303   0.01666700
  0.04955443   0.01668620
  0.04955593   0.01670540
  0.04955733   0.01672460
  0.04955883   0.01674380
  0.04956023   0.01676300
  0.04956163   0.01678210
  0.04956313   0.01680130
  0.04956453   0.01682050
  0.04956603   0.01683970
  0.04956743   0.01685890
  0.04956883   0.01687810
  0.04957033   0.01689730
  0.04957173   0.01691650
  0.04957323   0.01693570
  0.04957463   0.01695490
  0.04957603   0.01697410
  0.04957753   0.01699320
  0.04957893   0.01701240
  0.04958043   0.01703160
  0.04958183   0.01705080
  0.04958333   0.01707000
  0.04958473   0.01708920
  0.04958613   0.01710840
  0.04958763   0.01712760
  0.04958903   0.01714680
  0.04959053   0.01716600
  0.04959193   0.01718520
  0.04959333   0.01720430
  0.04959483   0.01722350
  0.04959623   0.01724270
  0.04959773   0.01726190
  0.04959913   0.01728110
  0.04960053   0.01730030
  0.04960203   0.01731950
  0.04960343   0.01733870
  0.04960493   0.01735790
  0.04960633   0.01737710
  0.04960783   0.01739630
  0.04960923   0.01741540
  0.04961063   0.01743460
  0.04961213   0.01745380
  0.04961353   0.01747300
  0.04961503   0.01749220
  0.04961643   0.01751140
  0.04961783   0.01753060
  0.04961933   0.01754980
  0.04962073   0.01756900
  0.04962223   0.01758820
  0.04962363   0.01760740
  0.04962503   0.01762650
  0.04962653   0.01764570
  0.04962793   0.01766490
  0.04962943   0.01768410
  0.04963083   0.01770330
  0.04963223   0.01772250
  0.04963373   0.01774170
  0.04963513   0.01776090
  0.04963663   0.01778010
  0.04963803   0.01779930
  0.04963953   0.01781850
  0.04964093   0.01783760
  0.04964233   0.01785680
  0.04964383   0.01787600
  0.04964523   0.01789520
  0.04964673   0.01791440
  0.04964813   0.01793360
  0.04964953   0.01795280
  0.04965103   0.01797200
  0.04965243   0.01799120
  0.04965393   0.01801040
  0.04965533   0.01802960
  0.04965673   0.01804870
  0.04965823   0.01806790
  0.04965963   0.01808710
  0.04966113   0.01810630
  0.04966253   0.01812550
  0.04966403   0.01814470
  0.04966543   0.01816390
  0.04966683   0.01818310
  0.04966833   0.01820230
  0.04966973   0.01822150
  0.04967123   0.01824070
  0.04967263   0.01825980
  0.04967403   0.01827900
  0.04967553   0.01829820
  0.04967693   0.01831740
  0.04967843   0.01833660
  0.04967983   0.01835580
  0.04968123   0.01837500
  0.04968273   0.01839420
  0.04968413   0.01841340
  0.04968563   0.01843260
  0.04968703   0.01845180
  0.04968853   0.01847090
  0.04968993   0.01849010
  0.04969133   0.01850930
  0.04969283   0.01852850
  0.04969423   0.01854770
  0.04969573   0.01856690
  0.04969713   0.01858610
  0.04969853   0.01860530
  0.04970003   0.01862450
  0.04970143   0.01864370
  0.04970293   0.01866290
  0.04970433   0.01868200
  0.04970573   0.01870120
  0.04970723   0.01872040
  0.04970863   0.01873960
  0.04971013   0.01875880
  0.04971153   0.01877800
  0.04971303   0.01879720
  0.04971443   0.01881640
  0.04971583   0.01883560
  0.04971733   0.01885480
  0.04971873   0.01887400
  0.04972023   0.01889310
  0.04972163   0.01891230
  0.04972303   0.01893150
  0.04972453   0.01895070
  0.04972593   0.01896990
  0.04972743   0.01898910
  0.04972883   0.01900830
  0.04973023   0.01902750
  0.04973173   0.01904670
  0.04973313   0.01906590
  0.04973463   0.01908510
  0.04973603   0.01910420
  0.04973753   0.01912340
  0.04973893   0.01914260
  0.04974033   0.01916180
  0.04974183   0.01918100
  0.04974323   0.01920020
  0.04974473   0.01921940
  0.04974613   0.01923860
  0.04974753   0.01925780
  0.04974903   0.01927700
  0.04975043   0.01929620
  0.04975193   0.01931530
  0.04975333   0.01933450
  0.04975473   0.01935370
  0.04975623   0.01937290
  0.04975763   0.01939210
  0.04975913   0.01941130
  0.04976053   0.01943050
  0.04976193   0.01944970
  0.04976343   0.01946890
  0.04976483   0.01948810
  0.04976633   0.01950730
  0.04976773   0.01952640
  0.04976923   0.01954560
  0.04977063   0.01956480
  0.04977203   0.01958400
  0.04977353   0.01960320
  0.04977493   0.01962240
  0.04977643   0.01964160
  0.04977783   0.01966080
  0.04977923   0.01968000
  0.04978073   0.01969920
  0.04978213   0.01971840
  0.04978363   0.01973750
  0.04978503   0.01975670
  0.04978643   0.01977590
  0.04978793   0.01979510
  0.04978933   0.01981430
  0.04979083   0.01983350
  0.04979223   0.01985270
  0.04979373   0.01987190
  0.04979513   0.01989110
  0.04979653   0.01991030
  0.04979803   0.01992950
  0.04979943   0.01994860
  0.04980093   0.01996780
  0.04980233   0.01998700
  0.04980373   0.02000620
  0.04980523   0.02002540
  0.04980663   0.02004460
  0.04980813   0.02006380
  0.04980953   0.02008300
  0.04981093   0.02010220
  0.04981243   0.02012140
  0.04981383   0.02014060
  0.04981533   0.02015970
  0.04981673   0.02017890
  0.04981823   0.02019810
  0.04981963   0.02021730
  0.04982103   0.02023650
  0.04982253   0.02025570
  0.04982393   0.02027490
  0.04982543   0.02029410
  0.04982683   0.02031330
  0.04982823   0.02033250
  0.04982973   0.02035170
  0.04983113   0.02037080
  0.04983263   0.02039000
  0.04983403   0.02040920
  0.04983543   0.02042840
  0.04983693   0.02044760
  0.04983833   0.02046680
  0.04983983   0.02048600
  0.04984123   0.02050520
  0.04984273   0.02052440
  0.04984413   0.02054360
  0.04984553   0.02056280
  0.04984703   0.02058190
  0.04984843   0.02060110
  0.04984993   0.02062030
  0.04985133   0.02063950
  0.04985273   0.02065870
  0.04985423   0.02067790
  0.04985563   0.02069710
  0.04985713   0.02071630
  0.04985853   0.02073550
  0.04985993   0.02075470
  0.04986143   0.02077390
  0.04986283   0.02079300
  0.04986433   0.02081220
  0.04986573   0.02083140
  0.04986723   0.02085060
  0.04986863   0.02086980
  0.04987003   0.02088900
  0.04987153   0.02090820
  0.04987293   0.02092740
  0.04987443   0.02094660
  0.04987583   0.02096580
  0.04987723   0.02098500
  0.04987873   0.02100410
  0.04988013   0.02102330
  0.04988163   0.02104250
  0.04988303   0.02106170
  0.04988443   0.02108090
  0.04988593   0.02110010
  0.04988733   0.02111930
  0.04988883   0.02113850
  0.04989023   0.02115770
  0.04989173   0.02117690
  0.04989313   0.02119610
  0.04989453   0.02121520
  0.04989603   0.02123440
  0.04989743   0.02125360
  0.04989893   0.02127280
  0.04990033   0.02129200
  0.04990173   0.02131120
  0.04990323   0.02133040
  0.04990463   0.02134960
  0.04990613   0.02136880
  0.04990753   0.02138800
  0.04990893   0.02140720
  0.04991043   0.02142630
  0.04991183   0.02144550
  0.04991333   0.02146470
  0.04991473   0.02148390
  0.04991613   0.02150310
  0.04991763   0.02152230
  0.04991903   0.02154150
  0.04992053   0.02156070
  0.04992193   0.02157990
  0.04992343   0.02159910
  0.04992483   0.02161830
  0.04992623   0.02163740
  0.04992773   0.02165660
  0.04992913   0.02167580
  0.04993063   0.02169500
  0.04993203   0.02171420
  0.04993343   0.02173340
  0.04993493   0.02175260
  0.04993633   0.02177180
  0.04993783   0.02179100
  0.04993923   0.02181020
  0.04994063   0.02182940
  0.04994213   0.02184850
  0.04994353   0.02186770
  0.04994503   0.02188690
  0.04994643   0.02190610
  0.04994793   0.02192530
  0.04994933   0.02194450
  0.04995073   0.02196370
  0.04995223   0.02198290
  0.04995363   0.02200210
  0.04995513   0.02202130
  0.04995653   0.02204050
  0.04995793   0.02205960
  0.04995943   0.02207880
  0.04996083   0.02209800
  0.04996233   0.02211720
  0.04996373   0.02213640
  0.04996513   0.02215560
  0.04996663   0.02217480
  0.04996803   0.02219400
  0.04996953   0.02221320
  0.04997093   0.02223240
  0.04997243   0.02225160
  0.04997383   0.02227070
  0.04997523   0.02228990
  0.04997673   0.02230910
  0.04997813   0.02232830
  0.04997963   0.02234750
  0.04998103   0.02236670
  0.04998243   0.02238590
  0.04998393   0.02240510
  0.04998533   0.02242430
  0.04998683   0.02244350
  0.04998823   0.02246270
  0.04998963   0.02248180
  0.04999113   0.02250100
  0.04999253   0.02252020
  0.04999403   0.02253940
  0.04999543   0.02255860
  0.04999693   0.02257780
  0.04999833   0.02259700
  0.04999973   0.02261620
  0.05000123   0.02263540
  0.05000263   0.02265460
  0.05000413   0.02267380
  0.05000553   0.02269290
  0.05000693   0.02271210
  0.05000843   0.02273130
  0.05000983   0.02275050
  0.05001133   0.02276970
  0.05001273   0.02278890
  0.05001413   0.02280810
  0.05001563   0.02282730
  0.05001703   0.02284650
  0.05001853   0.02286570
  0.05001993   0.02288490
  0.05002143   0.02290400
  0.05002283   0.02292320
  0.05002423   0.02294240
  0.05002573   0.02296160
  0.05002713   0.02298080
  0.05002863   0.02300000
