 -0.03497409   0.02300000
 -0.03496949   0.02281520
 -0.03496489   0.02263030
 -0.03496019   0.02244550
 -0.03495559   0.02226070
 -0.03495099   0.02207590
 -0.03494639   0.02189100
 -0.03494179   0.02170620
 -0.03493719   0.02152140
 -0.03493259   0.02133660
 -0.03492789   0.02115170
 -0.03492329   0.02096690
 -0.03491869   0.02078210
 -0.03491409   0.02059720
 -0.03490949   0.02041240
 -0.03490489   0.02022760
 -0.03490029   0.02004280
 -0.03489559   0.01985790
 -0.03489099   0.01967310
 -0.03488639   0.01948830
 -0.03488179   0.01930350
 -0.03487719   0.01911860
 -0.03487259   0.01893380
 -0.03486799   0.01874900
 -0.03486329   0.01856410
 -0.03485869   0.01837930
 -0.03485409   0.01819450
 -0.03484949   0.01800970
 -0.03484489   0.01782480
 -0.03484029   0.01764000
 -0.03483559   0.01745520
 -0.03483099   0.01727040
 -0.03482639   0.01708550
 -0.03482179   0.01690070
 -0.03481719   0.01671590
 -0.03481259   0.01653100
 -0.03480799   0.01634620
 -0.03480329   0.01616140
 -0.03479869   0.01597660
 -0.03479409   0.01579170
 -0.03478949   0.01560690
 -0.03478489   0.01542210
 -0.03478029   0.01523730
 -0.03477489   0.01505240
 -0.03476709   0.01486770
 -0.03475659   0.01468310
 -0.03474339   0.01449870
 -0.03472769   0.01431450
 -0.03470929   0.01413060
 -0.03468829   0.01394690
 -0.03466469   0.01376350
 -0.03463849   0.01358050
 -0.03460969   0.01339780
 -0.03457829   0.01321560
 -0.03454439   0.01303390
 -0.03450779   0.01285270
 -0.03446869   0.01267200
 -0.03442689   0.01249190
 -0.03438269   0.01231240
 -0.03433589   0.01213350
 -0.03428649   0.01195530
 -0.03423469   0.01177790
 -0.03418029   0.01160120
 -0.03412339   0.01142530
 -0.03406399   0.01125020
 -0.03400209   0.01107600
 -0.03393769   0.01090260
 -0.03387089   0.01073020
 -0.03380169   0.01055880
 -0.03372999   0.01038840
 -0.03365589   0.01021900
 -0.03357939   0.01005070
 -0.03350049   0.00988350
 -0.03341919   0.00971740
 -0.03333559   0.00955250
 -0.03324969   0.00938890
 -0.03316139   0.00922640
 -0.03307079   0.00906520
 -0.03297799   0.00890530
 -0.03288279   0.00874680
 -0.03278549   0.00858960
 -0.03268589   0.00843390
 -0.03258409   0.00827950
 -0.03248009   0.00812670
 -0.03237399   0.00797530
 -0.03226569   0.00782540
 -0.03215529   0.00767710
 -0.03204279   0.00753040
 -0.03192819   0.00738530
 -0.03181159   0.00724190
 -0.03169289   0.00710010
 -0.03157229   0.00696000
 -0.03144959   0.00682160
 -0.03132499   0.00668510
 -0.03119849   0.00655020
 -0.03107009   0.00641730
 -0.03093969   0.00628610
 -0.03080759   0.00615680
 -0.03067359   0.00602940
 -0.03053779   0.00590390
 -0.03040029   0.00578040
 -0.03026099   0.00565880
 -0.03011989   0.00553930
 -0.02997719   0.00542170
 -0.02983289   0.00530620
 -0.02968689   0.00519280
 -0.02953929   0.00508140
 -0.02939019   0.00497220
 -0.02923949   0.00486500
 -0.02908729   0.00476010
 -0.02893359   0.00465730
 -0.02877849   0.00455670
 -0.02862189   0.00445830
 -0.02846399   0.00436220
 -0.02830469   0.00426830
 -0.02814419   0.00417670
 -0.02798229   0.00408740
 -0.02781909   0.00400040
 -0.02765479   0.00391570
 -0.02748929   0.00383340
 -0.02732259   0.00375340
 -0.02715469   0.00367580
 -0.02698579   0.00360060
 -0.02681589   0.00352780
 -0.02664489   0.00345750
 -0.02647299   0.00338950
 -0.02630009   0.00332410
 -0.02612619   0.00326110
 -0.02595149   0.00320050
 -0.02577599   0.00314250
 -0.02559969   0.00308700
 -0.02542249   0.00303400
 -0.02524469   0.00298350
 -0.02506609   0.00293550
 -0.02488709   0.00288920
 -0.02470799   0.00284340
 -0.02452879   0.00279800
 -0.02434949   0.00275290
 -0.02417009   0.00270830
 -0.02399049   0.00266410
 -0.02381089   0.00262040
 -0.02363119   0.00257700
 -0.02345139   0.00253410
 -0.02327139   0.00249150
 -0.02309139   0.00244940
 -0.02291129   0.00240770
 -0.02273109   0.00236640
 -0.02255079   0.00232560
 -0.02237029   0.00228510
 -0.02218979   0.00224510
 -0.02200929   0.00220550
 -0.02182859   0.00216630
 -0.02164779   0.00212750
 -0.02146689   0.00208920
 -0.02128599   0.00205120
 -0.02110499   0.00201370
 -0.02092379   0.00197660
 -0.02074259   0.00193990
 -0.02056129   0.00190360
 -0.02037999   0.00186780
 -0.02019849   0.00183240
 -0.02001699   0.00179740
 -0.01983529   0.00176280
 -0.01965359   0.00172860
 -0.01947189   0.00169480
 -0.01928999   0.00166150
 -0.01910809   0.00162860
 -0.01892609   0.00159610
 -0.01874399   0.00156400
 -0.01856179   0.00153240
 -0.01837959   0.00150120
 -0.01819729   0.00147040
 -0.01801489   0.00144000
 -0.01783249   0.00141000
 -0.01764999   0.00138050
 -0.01746739   0.00135140
 -0.01728469   0.00132270
 -0.01710199   0.00129440
 -0.01691929   0.00126650
 -0.01673639   0.00123910
 -0.01655349   0.00121210
 -0.01637059   0.00118550
 -0.01618749   0.00115940
 -0.01600439   0.00113360
 -0.01582129   0.00110830
 -0.01563809   0.00108340
 -0.01545479   0.00105900
 -0.01527149   0.00103490
 -0.01508819   0.00101130
 -0.01490469   0.00098810
 -0.01472129   0.00096530
 -0.01453769   0.00094300
 -0.01435419   0.00092100
 -0.01417049   0.00089950
 -0.01398679   0.00087850
 -0.01380309   0.00085780
 -0.01361929   0.00083760
 -0.01343549   0.00081780
 -0.01325159   0.00079840
 -0.01306769   0.00077950
 -0.01288379   0.00076090
 -0.01269979   0.00074280
 -0.01251579   0.00072520
 -0.01233169   0.00070790
 -0.01214759   0.00069110
 -0.01196339   0.00067470
 -0.01177919   0.00065870
 -0.01159499   0.00064320
 -0.01141069   0.00062800
 -0.01122639   0.00061330
 -0.01104209   0.00059910
 -0.01085769   0.00058520
 -0.01067329   0.00057180
 -0.01048889   0.00055880
 -0.01030439   0.00054620
 -0.01011989   0.00053410
 -0.00993539   0.00052240
 -0.00975089   0.00051110
 -0.00956629   0.00050030
 -0.00938169   0.00048970
 -0.00919719   0.00047920
 -0.00901259   0.00046880
 -0.00882799   0.00045860
 -0.00864339   0.00044840
 -0.00845869   0.00043840
 -0.00827409   0.00042840
 -0.00808949   0.00041860
 -0.00790489   0.00040890
 -0.00772019   0.00039930
 -0.00753559   0.00038980
 -0.00735089   0.00038050
 -0.00716629   0.00037120
 -0.00698159   0.00036210
 -0.00679699   0.00035300
 -0.00661229   0.00034410
 -0.00642759   0.00033530
 -0.00624289   0.00032670
 -0.00605829   0.00031810
 -0.00587359   0.00030960
 -0.00568889   0.00030130
 -0.00550419   0.00029310
 -0.00531949   0.00028500
 -0.00513469   0.00027700
 -0.00494999   0.00026910
 -0.00476529   0.00026130
 -0.00458059   0.00025360
 -0.00439589   0.00024610
 -0.00421109   0.00023870
 -0.00402639   0.00023130
 -0.00384159   0.00022410
 -0.00365689   0.00021710
 -0.00347209   0.00021010
 -0.00328739   0.00020320
 -0.00310259   0.00019650
 -0.00291779   0.00018980
 -0.00273309   0.00018330
 -0.00254829   0.00017690
 -0.00236349   0.00017060
 -0.00217869   0.00016440
 -0.00199399   0.00015840
 -0.00180919   0.00015240
 -0.00162439   0.00014660
 -0.00143959   0.00014090
 -0.00125479   0.00013530
 -0.00106999   0.00012980
 -0.00088519   0.00012440
 -0.00070039   0.00011910
 -0.00051549   0.00011400
 -0.00033069   0.00010890
 -0.00014589   0.00010400
  0.00003891   0.00009920
  0.00022371   0.00009450
  0.00040861   0.00008990
  0.00059341   0.00008540
  0.00077821   0.00008110
  0.00096311   0.00007680
  0.00114791   0.00007270
  0.00133271   0.00006870
  0.00151761   0.00006480
  0.00170241   0.00006100
  0.00188731   0.00005740
  0.00207211   0.00005380
  0.00225701   0.00005030
  0.00244181   0.00004700
  0.00262671   0.00004380
  0.00281161   0.00004070
  0.00299641   0.00003770
  0.00318131   0.00003480
  0.00336611   0.00003210
  0.00355101   0.00002940
  0.00373591   0.00002690
  0.00392071   0.00002450
  0.00410561   0.00002220
  0.00429051   0.00002000
  0.00447541   0.00001790
  0.00466021   0.00001590
  0.00484511   0.00001410
  0.00503001   0.00001240
  0.00521491   0.00001070
  0.00539971   0.00000920
  0.00558461   0.00000780
  0.00576951   0.00000660
  0.00595441   0.00000540
  0.00613931   0.00000430
  0.00632411   0.00000340
  0.00650901   0.00000260
  0.00669391   0.00000190
  0.00687881   0.00000130
  0.00706371   0.00000080
  0.00724861   0.00000040
  0.00743351   0.00000020
  0.00761831  -0.00000000
  0.00780321  -0.00000000
  0.00798811   0.00000010
  0.00817301   0.00000030
  0.00835791   0.00000060
  0.00854281   0.00000100
  0.00872761   0.00000160
  0.00891251   0.00000220
  0.00909741   0.00000300
  0.00928231   0.00000390
  0.00946721   0.00000490
  0.00965211   0.00000600
  0.00983691   0.00000720
  0.01002181   0.00000860
  0.01020671   0.00001000
  0.01039161   0.00001190
  0.01057641   0.00001420
  0.01076131   0.00001700
  0.01094621   0.00002020
  0.01113101   0.00002380
  0.01131591   0.00002780
  0.01150071   0.00003230
  0.01168551   0.00003720
  0.01187031   0.00004250
  0.01205511   0.00004830
  0.01223991   0.00005440
  0.01242471   0.00006100
  0.01260941   0.00006810
  0.01279411   0.00007550
  0.01297891   0.00008340
  0.01316361   0.00009170
  0.01334821   0.00010050
  0.01353291   0.00010960
  0.01371751   0.00011920
  0.01390211   0.00012920
  0.01408671   0.00013970
  0.01427131   0.00015060
  0.01445581   0.00016190
  0.01464031   0.00017360
  0.01482481   0.00018570
  0.01500931   0.00019830
  0.01519371   0.00021130
  0.01537811   0.00022470
  0.01556251   0.00023860
  0.01574681   0.00025290
  0.01593111   0.00026760
  0.01611541   0.00028270
  0.01629961   0.00029830
  0.01648381   0.00031430
  0.01666801   0.00033070
  0.01685211   0.00034750
  0.01703611   0.00036480
  0.01722021   0.00038250
  0.01740421   0.00040060
  0.01758811   0.00041910
  0.01777201   0.00043810
  0.01795591   0.00045750
  0.01813971   0.00047730
  0.01832351   0.00049750
  0.01850721   0.00051820
  0.01869091   0.00053930
  0.01887451   0.00056080
  0.01905811   0.00058270
  0.01924161   0.00060510
  0.01942511   0.00062790
  0.01960851   0.00065110
  0.01979191   0.00067470
  0.01997521   0.00069880
  0.02015851   0.00072320
  0.02034171   0.00074810
  0.02052481   0.00077350
  0.02070791   0.00079920
  0.02089091   0.00082540
  0.02107391   0.00085200
  0.02125681   0.00087900
  0.02143961   0.00090640
  0.02162241   0.00093430
  0.02180511   0.00096260
  0.02198771   0.00099130
  0.02217031   0.00102040
  0.02235281   0.00105000
  0.02253531   0.00108000
  0.02271761   0.00111040
  0.02289991   0.00114120
  0.02308221   0.00117240
  0.02326431   0.00120410
  0.02344641   0.00123610
  0.02362841   0.00126860
  0.02381031   0.00130160
  0.02399221   0.00133490
  0.02417401   0.00136870
  0.02435571   0.00140290
  0.02453731   0.00143750
  0.02471881   0.00147250
  0.02490031   0.00150790
  0.02508161   0.00154380
  0.02526291   0.00158000
  0.02544411   0.00161670
  0.02562531   0.00165390
  0.02580621   0.00169200
  0.02598651   0.00173270
  0.02616631   0.00177590
  0.02634541   0.00182170
  0.02652391   0.00187000
  0.02670161   0.00192090
  0.02687861   0.00197430
  0.02705491   0.00203010
  0.02723031   0.00208850
  0.02740491   0.00214940
  0.02757851   0.00221280
  0.02775131   0.00227860
  0.02792311   0.00234690
  0.02809401   0.00241760
  0.02826381   0.00249070
  0.02843251   0.00256620
  0.02860021   0.00264420
  0.02876671   0.00272450
  0.02893211   0.00280710
  0.02909631   0.00289220
  0.02925921   0.00297950
  0.02942091   0.00306910
  0.02958131   0.00316110
  0.02974041   0.00325530
  0.02989811   0.00335170
  0.03005451   0.00345040
  0.03020941   0.00355130
  0.03036281   0.00365440
  0.03051481   0.00375970
  0.03066531   0.00386710
  0.03081421   0.00397670
  0.03096161   0.00408830
  0.03110731   0.00420210
  0.03125151   0.00431790
  0.03139391   0.00443570
  0.03153471   0.00455560
  0.03167371   0.00467740
  0.03181101   0.00480120
  0.03194661   0.00492700
  0.03208031   0.00505470
  0.03221221   0.00518420
  0.03234221   0.00531560
  0.03247041   0.00544890
  0.03259671   0.00558390
  0.03272101   0.00572080
  0.03284331   0.00585940
  0.03296371   0.00599970
  0.03308211   0.00614170
  0.03319841   0.00628540
  0.03331271   0.00643080
  0.03342491   0.00657770
  0.03353501   0.00672620
  0.03364301   0.00687630
  0.03374881   0.00702790
  0.03385251   0.00718100
  0.03395401   0.00733550
  0.03405331   0.00749150
  0.03415031   0.00764890
  0.03424511   0.00780760
  0.03433761   0.00796770
  0.03442791   0.00812900
  0.03451581   0.00829160
  0.03460141   0.00845550
  0.03468471   0.00862060
  0.03476561   0.00878680
  0.03484421   0.00895420
  0.03492031   0.00912260
  0.03499411   0.00929220
  0.03506541   0.00946270
  0.03513431   0.00963430
  0.03520081   0.00980680
  0.03526481   0.00998030
  0.03532631   0.01015460
  0.03538541   0.01032980
  0.03544191   0.01050580
  0.03549601   0.01068270
  0.03554751   0.01086020
  0.03559651   0.01103850
  0.03564291   0.01121750
  0.03568681   0.01139700
  0.03572811   0.01157730
  0.03576691   0.01175800
  0.03580311   0.01193930
  0.03583671   0.01212110
  0.03586771   0.01230340
  0.03589621   0.01248610
  0.03592201   0.01266910
  0.03594521   0.01285260
  0.03596581   0.01303630
  0.03598381   0.01322030
  0.03599921   0.01340450
  0.03600061   0.01342370
  0.03600211   0.01344290
  0.03600351   0.01346210
  0.03600501   0.01348130
  0.03600641   0.01350050
  0.03600781   0.01351970
  0.03600931   0.01353890
  0.03601071   0.01355810
  0.03601221   0.01357730
  0.03601361   0.01359650
  0.03601501   0.01361560
  0.03601651   0.01363480
  0.03601791   0.01365400
  0.03601941   0.01367320
  0.03602081   0.01369240
  0.03602231   0.01371160
  0.03602371   0.01373080
  0.03602511   0.01375000
  0.03602661   0.01376920
  0.03602801   0.01378840
  0.03602951   0.01380760
  0.03603091   0.01382670
  0.03603231   0.01384590
  0.03603381   0.01386510
  0.03603521   0.01388430
  0.03603671   0.01390350
  0.03603811   0.01392270
  0.03603951   0.01394190
  0.03604101   0.01396110
  0.03604241   0.01398030
  0.03604391   0.01399950
  0.03604531   0.01401870
  0.03604681   0.01403780
  0.03604821   0.01405700
  0.03604961   0.01407620
  0.03605111   0.01409540
  0.03605251   0.01411460
  0.03605401   0.01413380
  0.03605541   0.01415300
  0.03605681   0.01417220
  0.03605831   0.01419140
  0.03605971   0.01421060
  0.03606121   0.01422980
  0.03606261   0.01424890
  0.03606401   0.01426810
  0.03606551   0.01428730
  0.03606691   0.01430650
  0.03606841   0.01432570
  0.03606981   0.01434490
  0.03607131   0.01436410
  0.03607271   0.01438330
  0.03607411   0.01440250
  0.03607561   0.01442170
  0.03607701   0.01444090
  0.03607851   0.01446000
  0.03607991   0.01447920
  0.03608131   0.01449840
  0.03608281   0.01451760
  0.03608421   0.01453680
  0.03608571   0.01455600
  0.03608711   0.01457520
  0.03608851   0.01459440
  0.03609001   0.01461360
  0.03609141   0.01463280
  0.03609291   0.01465200
  0.03609431   0.01467110
  0.03609581   0.01469030
  0.03609721   0.01470950
  0.03609861   0.01472870
  0.03610011   0.01474790
  0.03610151   0.01476710
  0.03610301   0.01478630
  0.03610441   0.01480550
  0.03610581   0.01482470
  0.03610731   0.01484390
  0.03610871   0.01486310
  0.03611021   0.01488220
  0.03611161   0.01490140
  0.03611301   0.01492060
  0.03611451   0.01493980
  0.03611591   0.01495900
  0.03611741   0.01497820
  0.03611881   0.01499740
  0.03612031   0.01501660
  0.03612171   0.01503580
  0.03612311   0.01505500
  0.03612461   0.01507420
  0.03612601   0.01509330
  0.03612751   0.01511250
  0.03612891   0.01513170
  0.03613031   0.01515090
  0.03613181   0.01517010
  0.03613321   0.01518930
  0.03613471   0.01520850
  0.03613611   0.01522770
  0.03613751   0.01524690
  0.03613901   0.01526610
  0.03614041   0.01528530
  0.03614191   0.01530440
  0.03614331   0.01532360
  0.03614481   0.01534280
  0.03614621   0.01536200
  0.03614761   0.01538120
  0.03614911   0.01540040
  0.03615051   0.01541960
  0.03615201   0.01543880
  0.03615341   0.01545800
  0.03615481   0.01547720
  0.03615631   0.01549640
  0.03615771   0.01551550
  0.03615921   0.01553470
  0.03616061   0.01555390
  0.03616201   0.01557310
  0.03616351   0.01559230
  0.03616491   0.01561150
  0.03616641   0.01563070
  0.03616781   0.01564990
  0.03616921   0.01566910
  0.03617071   0.01568830
  0.03617211   0.01570750
  0.03617361   0.01572660
  0.03617501   0.01574580
  0.03617651   0.01576500
  0.03617791   0.01578420
  0.03617931   0.01580340
  0.03618081   0.01582260
  0.03618221   0.01584180
  0.03618371   0.01586100
  0.03618511   0.01588020
  0.03618651   0.01589940
  0.03618801   0.01591860
  0.03618941   0.01593770
  0.03619091   0.01595690
  0.03619231   0.01597610
  0.03619371   0.01599530
  0.03619521   0.01601450
  0.03619661   0.01603370
  0.03619811   0.01605290
  0.03619951   0.01607210
  0.03620101   0.01609130
  0.03620241   0.01611050
  0.03620381   0.01612970
  0.03620531   0.01614880
  0.03620671   0.01616800
  0.03620821   0.01618720
  0.03620961   0.01620640
  0.03621101   0.01622560
  0.03621251   0.01624480
  0.03621391   0.01626400
  0.03621541   0.01628320
  0.03621681   0.01630240
  0.03621821   0.01632160
  0.03621971   0.01634080
  0.03622111   0.01635990
  0.03622261   0.01637910
  0.03622401   0.01639830
  0.03622551   0.01641750
  0.03622691   0.01643670
  0.03622831   0.01645590
  0.03622981   0.01647510
  0.03623121   0.01649430
  0.03623271   0.01651350
  0.03623411   0.01653270
  0.03623551   0.01655190
  0.03623701   0.01657100
  0.03623841   0.01659020
  0.03623991   0.01660940
  0.03624131   0.01662860
  0.03624271   0.01664780
  0.03624421   0.01666700
  0.03624561   0.01668620
  0.03624711   0.01670540
  0.03624851   0.01672460
  0.03625001   0.01674380
  0.03625141   0.01676300
  0.03625281   0.01678210
  0.03625431   0.01680130
  0.03625571   0.01682050
  0.03625721   0.01683970
  0.03625861   0.01685890
  0.03626001   0.01687810
  0.03626151   0.01689730
  0.03626291   0.01691650
  0.03626441   0.01693570
  0.03626581   0.01695490
  0.03626721   0.01697410
  0.03626871   0.01699320
  0.03627011   0.01701240
  0.03627161   0.01703160
  0.03627301   0.01705080
  0.03627451   0.01707000
  0.03627591   0.01708920
  0.03627731   0.01710840
  0.03627881   0.01712760
  0.03628021   0.01714680
  0.03628171   0.01716600
  0.03628311   0.01718520
  0.03628451   0.01720430
  0.03628601   0.01722350
  0.03628741   0.01724270
  0.03628891   0.01726190
  0.03629031   0.01728110
  0.03629171   0.01730030
  0.03629321   0.01731950
  0.03629461   0.01733870
  0.03629611   0.01735790
  0.03629751   0.01737710
  0.03629901   0.01739630
  0.03630041   0.01741540
  0.03630181   0.01743460
  0.03630331   0.01745380
  0.03630471   0.01747300
  0.03630621   0.01749220
  0.03630761   0.01751140
  0.03630901   0.01753060
  0.03631051   0.01754980
  0.03631191   0.01756900
  0.03631341   0.01758820
  0.03631481   0.01760740
  0.03631621   0.01762650
  0.03631771   0.01764570
  0.03631911   0.01766490
  0.03632061   0.01768410
  0.03632201   0.01770330
  0.03632341   0.01772250
  0.03632491   0.01774170
  0.03632631   0.01776090
  0.03632781   0.01778010
  0.03632921   0.01779930
  0.03633071   0.01781850
  0.03633211   0.01783760
  0.03633351   0.01785680
  0.03633501   0.01787600
  0.03633641   0.01789520
  0.03633791   0.01791440
  0.03633931   0.01793360
  0.03634071   0.01795280
  0.03634221   0.01797200
  0.03634361   0.01799120
  0.03634511   0.01801040
  0.03634651   0.01802960
  0.03634791   0.01804870
  0.03634941   0.01806790
  0.03635081   0.01808710
  0.03635231   0.01810630
  0.03635371   0.01812550
  0.03635521   0.01814470
  0.03635661   0.01816390
  0.03635801   0.01818310
  0.03635951   0.01820230
  0.03636091   0.01822150
  0.03636241   0.01824070
  0.03636381   0.01825980
  0.03636521   0.01827900
  0.03636671   0.01829820
  0.03636811   0.01831740
  0.03636961   0.01833660
  0.03637101   0.01835580
  0.03637241   0.01837500
  0.03637391   0.01839420
  0.03637531   0.01841340
  0.03637681   0.01843260
  0.03637821   0.01845180
  0.03637971   0.01847090
  0.03638111   0.01849010
  0.03638251   0.01850930
  0.03638401   0.01852850
  0.03638541   0.01854770
  0.03638691   0.01856690
  0.03638831   0.01858610
  0.03638971   0.01860530
  0.03639121   0.01862450
  0.03639261   0.01864370
  0.03639411   0.01866290
  0.03639551   0.01868200
  0.03639691   0.01870120
  0.03639841   0.01872040
  0.03639981   0.01873960
  0.03640131   0.01875880
  0.03640271   0.01877800
  0.03640421   0.01879720
  0.03640561   0.01881640
  0.03640701   0.01883560
  0.03640851   0.01885480
  0.03640991   0.01887400
  0.03641141   0.01889310
  0.03641281   0.01891230
  0.03641421   0.01893150
  0.03641571   0.01895070
  0.03641711   0.01896990
  0.03641861   0.01898910
  0.03642001   0.01900830
  0.03642141   0.01902750
  0.03642291   0.01904670
  0.03642431   0.01906590
  0.03642581   0.01908510
  0.03642721   0.01910420
  0.03642871   0.01912340
  0.03643011   0.01914260
  0.03643151   0.01916180
  0.03643301   0.01918100
  0.03643441   0.01920020
  0.03643591   0.01921940
  0.03643731   0.01923860
  0.03643871   0.01925780
  0.03644021   0.01927700
  0.03644161   0.01929620
  0.03644311   0.01931530
  0.03644451   0.01933450
  0.03644591   0.01935370
  0.03644741   0.01937290
  0.03644881   0.01939210
  0.03645031   0.01941130
  0.03645171   0.01943050
  0.03645311   0.01944970
  0.03645461   0.01946890
  0.03645601   0.01948810
  0.03645751   0.01950730
  0.03645891   0.01952640
  0.03646041   0.01954560
  0.03646181   0.01956480
  0.03646321   0.01958400
  0.03646471   0.01960320
  0.03646611   0.01962240
  0.03646761   0.01964160
  0.03646901   0.01966080
  0.03647041   0.01968000
  0.03647191   0.01969920
  0.03647331   0.01971840
  0.03647481   0.01973750
  0.03647621   0.01975670
  0.03647761   0.01977590
  0.03647911   0.01979510
  0.03648051   0.01981430
  0.03648201   0.01983350
  0.03648341   0.01985270
  0.03648491   0.01987190
  0.03648631   0.01989110
  0.03648771   0.01991030
  0.03648921   0.01992950
  0.03649061   0.01994860
  0.03649211   0.01996780
  0.03649351   0.01998700
  0.03649491   0.02000620
  0.03649641   0.02002540
  0.03649781   0.02004460
  0.03649931   0.02006380
  0.03650071   0.02008300
  0.03650211   0.02010220
  0.03650361   0.02012140
  0.03650501   0.02014060
  0.03650651   0.02015970
  0.03650791   0.02017890
  0.03650941   0.02019810
  0.03651081   0.02021730
  0.03651221   0.02023650
  0.03651371   0.02025570
  0.03651511   0.02027490
  0.03651661   0.02029410
  0.03651801   0.02031330
  0.03651941   0.02033250
  0.03652091   0.02035170
  0.03652231   0.02037080
  0.03652381   0.02039000
  0.03652521   0.02040920
  0.03652661   0.02042840
  0.03652811   0.02044760
  0.03652951   0.02046680
  0.03653101   0.02048600
  0.03653241   0.02050520
  0.03653391   0.02052440
  0.03653531   0.02054360
  0.03653671   0.02056280
  0.03653821   0.02058190
  0.03653961   0.02060110
  0.03654111   0.02062030
  0.03654251   0.02063950
  0.03654391   0.02065870
  0.03654541   0.02067790
  0.03654681   0.02069710
  0.03654831   0.02071630
  0.03654971   0.02073550
  0.03655111   0.02075470
  0.03655261   0.02077390
  0.03655401   0.02079300
  0.03655551   0.02081220
  0.03655691   0.02083140
  0.03655841   0.02085060
  0.03655981   0.02086980
  0.03656121   0.02088900
  0.03656271   0.02090820
  0.03656411   0.02092740
  0.03656561   0.02094660
  0.03656701   0.02096580
  0.03656841   0.02098500
  0.03656991   0.02100410
  0.03657131   0.02102330
  0.03657281   0.02104250
  0.03657421   0.02106170
  0.03657561   0.02108090
  0.03657711   0.02110010
  0.03657851   0.02111930
  0.03658001   0.02113850
  0.03658141   0.02115770
  0.03658291   0.02117690
  0.03658431   0.02119610
  0.03658571   0.02121520
  0.03658721   0.02123440
  0.03658861   0.02125360
  0.03659011   0.02127280
  0.03659151   0.02129200
  0.03659291   0.02131120
  0.03659441   0.02133040
  0.03659581   0.02134960
  0.03659731   0.02136880
  0.03659871   0.02138800
  0.03660011   0.02140720
  0.03660161   0.02142630
  0.03660301   0.02144550
  0.03660451   0.02146470
  0.03660591   0.02148390
  0.03660731   0.02150310
  0.03660881   0.02152230
  0.03661021   0.02154150
  0.03661171   0.02156070
  0.03661311   0.02157990
  0.03661461   0.02159910
  0.03661601   0.02161830
  0.03661741   0.02163740
  0.03661891   0.02165660
  0.03662031   0.02167580
  0.03662181   0.02169500
  0.03662321   0.02171420
  0.03662461   0.02173340
  0.03662611   0.02175260
  0.03662751   0.02177180
  0.03662901   0.02179100
  0.03663041   0.02181020
  0.03663181   0.02182940
  0.03663331   0.02184850
  0.03663471   0.02186770
  0.03663621   0.02188690
  0.03663761   0.02190610
  0.03663911   0.02192530
  0.03664051   0.02194450
  0.03664191   0.02196370
  0.03664341   0.02198290
  0.03664481   0.02200210
  0.03664631   0.02202130
  0.03664771   0.02204050
  0.03664911   0.02205960
  0.03665061   0.02207880
  0.03665201   0.02209800
  0.03665351   0.02211720
  0.03665491   0.02213640
  0.03665631   0.02215560
  0.03665781   0.02217480
  0.03665921   0.02219400
  0.03666071   0.02221320
  0.03666211   0.02223240
  0.03666361   0.02225160
  0.03666501   0.02227070
  0.03666641   0.02228990
  0.03666791   0.02230910
  0.03666931   0.02232830
  0.03667081   0.02234750
  0.03667221   0.02236670
  0.03667361   0.02238590
  0.03667511   0.02240510
  0.03667651   0.02242430
  0.03667801   0.02244350
  0.03667941   0.02246270
  0.03668081   0.02248180
  0.03668231   0.02250100
  0.03668371   0.02252020
  0.03668521   0.02253940
  0.03668661   0.02255860
  0.03668811   0.02257780
  0.03668951   0.02259700
  0.03669091   0.02261620
  0.03669241   0.02263540
  0.03669381   0.02265460
  0.03669531   0.02267380
  0.03669671   0.02269290
  0.03669811   0.02271210
  0.03669961   0.02273130
  0.03670101   0.02275050
  0.03670251   0.02276970
  0.03670391   0.02278890
  0.03670531   0.02280810
  0.03670681   0.02282730
  0.03670821   0.02284650
  0.03670971   0.02286570
  0.03671111   0.02288490
  0.03671261   0.02290400
  0.03671401   0.02292320
  0.03671541   0.02294240
  0.03671691   0.02296160
  0.03671831   0.02298080
  0.03671981   0.02300000
