 -0.03368195   0.02300000
 -0.03367735   0.02281520
 -0.03367275   0.02263030
 -0.03366805   0.02244550
 -0.03366345   0.02226070
 -0.03365885   0.02207590
 -0.03365425   0.02189100
 -0.03364965   0.02170620
 -0.03364505   0.02152140
 -0.03364045   0.02133660
 -0.03363575   0.02115170
 -0.03363115   0.02096690
 -0.03362655   0.02078210
 -0.03362195   0.02059720
 -0.03361735   0.02041240
 -0.03361275   0.02022760
 -0.03360815   0.02004280
 -0.03360345   0.01985790
 -0.03359885   0.01967310
 -0.03359425   0.01948830
 -0.03358965   0.01930350
 -0.03358505   0.01911860
 -0.03358045   0.01893380
 -0.03357585   0.01874900
 -0.03357115   0.01856410
 -0.03356655   0.01837930
 -0.03356195   0.01819450
 -0.03355735   0.01800970
 -0.03355275   0.01782480
 -0.03354815   0.01764000
 -0.03354345   0.01745520
 -0.03353885   0.01727040
 -0.03353425   0.01708550
 -0.03352965   0.01690070
 -0.03352505   0.01671590
 -0.03352045   0.01653100
 -0.03351585   0.01634620
 -0.03351115   0.01616140
 -0.03350655   0.01597660
 -0.03350195   0.01579170
 -0.03349735   0.01560690
 -0.03349275   0.01542210
 -0.03348815   0.01523730
 -0.03348275   0.01505240
 -0.03347495   0.01486770
 -0.03346445   0.01468310
 -0.03345125   0.01449870
 -0.03343555   0.01431450
 -0.03341715   0.01413060
 -0.03339615   0.01394690
 -0.03337255   0.01376350
 -0.03334635   0.01358050
 -0.03331755   0.01339780
 -0.03328615   0.01321560
 -0.03325225   0.01303390
 -0.03321565   0.01285270
 -0.03317655   0.01267200
 -0.03313475   0.01249190
 -0.03309055   0.01231240
 -0.03304375   0.01213350
 -0.03299435   0.01195530
 -0.03294255   0.01177790
 -0.03288815   0.01160120
 -0.03283125   0.01142530
 -0.03277185   0.01125020
 -0.03270995   0.01107600
 -0.03264555   0.01090260
 -0.03257875   0.01073020
 -0.03250955   0.01055880
 -0.03243785   0.01038840
 -0.03236375   0.01021900
 -0.03228725   0.01005070
 -0.03220835   0.00988350
 -0.03212705   0.00971740
 -0.03204345   0.00955250
 -0.03195755   0.00938890
 -0.03186925   0.00922640
 -0.03177865   0.00906520
 -0.03168585   0.00890530
 -0.03159065   0.00874680
 -0.03149335   0.00858960
 -0.03139375   0.00843390
 -0.03129195   0.00827950
 -0.03118795   0.00812670
 -0.03108185   0.00797530
 -0.03097355   0.00782540
 -0.03086315   0.00767710
 -0.03075065   0.00753040
 -0.03063605   0.00738530
 -0.03051945   0.00724190
 -0.03040075   0.00710010
 -0.03028015   0.00696000
 -0.03015745   0.00682160
 -0.03003285   0.00668510
 -0.02990635   0.00655020
 -0.02977795   0.00641730
 -0.02964755   0.00628610
 -0.02951545   0.00615680
 -0.02938145   0.00602940
 -0.02924565   0.00590390
 -0.02910815   0.00578040
 -0.02896885   0.00565880
 -0.02882775   0.00553930
 -0.02868505   0.00542170
 -0.02854075   0.00530620
 -0.02839475   0.00519280
 -0.02824715   0.00508140
 -0.02809805   0.00497220
 -0.02794735   0.00486500
 -0.02779515   0.00476010
 -0.02764145   0.00465730
 -0.02748635   0.00455670
 -0.02732975   0.00445830
 -0.02717185   0.00436220
 -0.02701255   0.00426830
 -0.02685205   0.00417670
 -0.02669015   0.00408740
 -0.02652695   0.00400040
 -0.02636265   0.00391570
 -0.02619715   0.00383340
 -0.02603045   0.00375340
 -0.02586255   0.00367580
 -0.02569365   0.00360060
 -0.02552375   0.00352780
 -0.02535275   0.00345750
 -0.02518085   0.00338950
 -0.02500795   0.00332410
 -0.02483405   0.00326110
 -0.02465935   0.00320050
 -0.02448385   0.00314250
 -0.02430755   0.00308700
 -0.02413035   0.00303400
 -0.02395255   0.00298350
 -0.02377395   0.00293550
 -0.02359495   0.00288920
 -0.02341585   0.00284340
 -0.02323665   0.00279800
 -0.02305735   0.00275290
 -0.02287795   0.00270830
 -0.02269835   0.00266410
 -0.02251875   0.00262040
 -0.02233905   0.00257700
 -0.02215925   0.00253410
 -0.02197925   0.00249150
 -0.02179925   0.00244940
 -0.02161915   0.00240770
 -0.02143895   0.00236640
 -0.02125865   0.00232560
 -0.02107815   0.00228510
 -0.02089765   0.00224510
 -0.02071715   0.00220550
 -0.02053645   0.00216630
 -0.02035565   0.00212750
 -0.02017475   0.00208920
 -0.01999385   0.00205120
 -0.01981285   0.00201370
 -0.01963165   0.00197660
 -0.01945045   0.00193990
 -0.01926915   0.00190360
 -0.01908785   0.00186780
 -0.01890635   0.00183240
 -0.01872485   0.00179740
 -0.01854315   0.00176280
 -0.01836145   0.00172860
 -0.01817975   0.00169480
 -0.01799785   0.00166150
 -0.01781595   0.00162860
 -0.01763395   0.00159610
 -0.01745185   0.00156400
 -0.01726965   0.00153240
 -0.01708745   0.00150120
 -0.01690515   0.00147040
 -0.01672275   0.00144000
 -0.01654035   0.00141000
 -0.01635785   0.00138050
 -0.01617525   0.00135140
 -0.01599255   0.00132270
 -0.01580985   0.00129440
 -0.01562715   0.00126650
 -0.01544425   0.00123910
 -0.01526135   0.00121210
 -0.01507845   0.00118550
 -0.01489535   0.00115940
 -0.01471225   0.00113360
 -0.01452915   0.00110830
 -0.01434595   0.00108340
 -0.01416265   0.00105900
 -0.01397935   0.00103490
 -0.01379605   0.00101130
 -0.01361255   0.00098810
 -0.01342915   0.00096530
 -0.01324555   0.00094300
 -0.01306205   0.00092100
 -0.01287835   0.00089950
 -0.01269465   0.00087850
 -0.01251095   0.00085780
 -0.01232715   0.00083760
 -0.01214335   0.00081780
 -0.01195945   0.00079840
 -0.01177555   0.00077950
 -0.01159165   0.00076090
 -0.01140765   0.00074280
 -0.01122365   0.00072520
 -0.01103955   0.00070790
 -0.01085545   0.00069110
 -0.01067125   0.00067470
 -0.01048705   0.00065870
 -0.01030285   0.00064320
 -0.01011855   0.00062800
 -0.00993425   0.00061330
 -0.00974995   0.00059910
 -0.00956555   0.00058520
 -0.00938115   0.00057180
 -0.00919675   0.00055880
 -0.00901225   0.00054620
 -0.00882775   0.00053410
 -0.00864325   0.00052240
 -0.00845875   0.00051110
 -0.00827415   0.00050030
 -0.00808955   0.00048970
 -0.00790505   0.00047920
 -0.00772045   0.00046880
 -0.00753585   0.00045860
 -0.00735125   0.00044840
 -0.00716655   0.00043840
 -0.00698195   0.00042840
 -0.00679735   0.00041860
 -0.00661275   0.00040890
 -0.00642805   0.00039930
 -0.00624345   0.00038980
 -0.00605875   0.00038050
 -0.00587415   0.00037120
 -0.00568945   0.00036210
 -0.00550485   0.00035300
 -0.00532015   0.00034410
 -0.00513545   0.00033530
 -0.00495075   0.00032670
 -0.00476615   0.00031810
 -0.00458145   0.00030960
 -0.00439675   0.00030130
 -0.00421205   0.00029310
 -0.00402735   0.00028500
 -0.00384255   0.00027700
 -0.00365785   0.00026910
 -0.00347315   0.00026130
 -0.00328845   0.00025360
 -0.00310375   0.00024610
 -0.00291895   0.00023870
 -0.00273425   0.00023130
 -0.00254945   0.00022410
 -0.00236475   0.00021710
 -0.00217995   0.00021010
 -0.00199525   0.00020320
 -0.00181045   0.00019650
 -0.00162565   0.00018980
 -0.00144095   0.00018330
 -0.00125615   0.00017690
 -0.00107135   0.00017060
 -0.00088655   0.00016440
 -0.00070185   0.00015840
 -0.00051705   0.00015240
 -0.00033225   0.00014660
 -0.00014745   0.00014090
  0.00003735   0.00013530
  0.00022215   0.00012980
  0.00040695   0.00012440
  0.00059175   0.00011910
  0.00077665   0.00011400
  0.00096145   0.00010890
  0.00114625   0.00010400
  0.00133105   0.00009920
  0.00151585   0.00009450
  0.00170075   0.00008990
  0.00188555   0.00008540
  0.00207035   0.00008110
  0.00225525   0.00007680
  0.00244005   0.00007270
  0.00262485   0.00006870
  0.00280975   0.00006480
  0.00299455   0.00006100
  0.00317945   0.00005740
  0.00336425   0.00005380
  0.00354915   0.00005030
  0.00373395   0.00004700
  0.00391885   0.00004380
  0.00410375   0.00004070
  0.00428855   0.00003770
  0.00447345   0.00003480
  0.00465825   0.00003210
  0.00484315   0.00002940
  0.00502805   0.00002690
  0.00521285   0.00002450
  0.00539775   0.00002220
  0.00558265   0.00002000
  0.00576755   0.00001790
  0.00595235   0.00001590
  0.00613725   0.00001410
  0.00632215   0.00001240
  0.00650705   0.00001070
  0.00669185   0.00000920
  0.00687675   0.00000780
  0.00706165   0.00000660
  0.00724655   0.00000540
  0.00743145   0.00000430
  0.00761625   0.00000340
  0.00780115   0.00000260
  0.00798605   0.00000190
  0.00817095   0.00000130
  0.00835585   0.00000080
  0.00854075   0.00000040
  0.00872565   0.00000020
  0.00891045  -0.00000000
  0.00909535  -0.00000000
  0.00928025   0.00000010
  0.00946515   0.00000030
  0.00965005   0.00000060
  0.00983495   0.00000100
  0.01001975   0.00000160
  0.01020465   0.00000220
  0.01038955   0.00000300
  0.01057445   0.00000390
  0.01075935   0.00000490
  0.01094425   0.00000600
  0.01112905   0.00000720
  0.01131395   0.00000860
  0.01149885   0.00001000
  0.01168375   0.00001190
  0.01186855   0.00001420
  0.01205345   0.00001700
  0.01223835   0.00002020
  0.01242315   0.00002380
  0.01260805   0.00002780
  0.01279285   0.00003230
  0.01297765   0.00003720
  0.01316245   0.00004250
  0.01334725   0.00004830
  0.01353205   0.00005440
  0.01371685   0.00006100
  0.01390155   0.00006810
  0.01408625   0.00007550
  0.01427105   0.00008340
  0.01445575   0.00009170
  0.01464035   0.00010050
  0.01482505   0.00010960
  0.01500965   0.00011920
  0.01519425   0.00012920
  0.01537885   0.00013970
  0.01556345   0.00015060
  0.01574795   0.00016190
  0.01593245   0.00017360
  0.01611695   0.00018570
  0.01630145   0.00019830
  0.01648585   0.00021130
  0.01667025   0.00022470
  0.01685465   0.00023860
  0.01703895   0.00025290
  0.01722325   0.00026760
  0.01740755   0.00028270
  0.01759175   0.00029830
  0.01777595   0.00031430
  0.01796015   0.00033070
  0.01814425   0.00034750
  0.01832825   0.00036480
  0.01851235   0.00038250
  0.01869635   0.00040060
  0.01888025   0.00041910
  0.01906415   0.00043810
  0.01924805   0.00045750
  0.01943185   0.00047730
  0.01961565   0.00049750
  0.01979935   0.00051820
  0.01998305   0.00053930
  0.02016665   0.00056080
  0.02035025   0.00058270
  0.02053375   0.00060510
  0.02071725   0.00062790
  0.02090065   0.00065110
  0.02108405   0.00067470
  0.02126735   0.00069880
  0.02145065   0.00072320
  0.02163385   0.00074810
  0.02181695   0.00077350
  0.02200005   0.00079920
  0.02218305   0.00082540
  0.02236605   0.00085200
  0.02254895   0.00087900
  0.02273175   0.00090640
  0.02291455   0.00093430
  0.02309725   0.00096260
  0.02327985   0.00099130
  0.02346245   0.00102040
  0.02364495   0.00105000
  0.02382745   0.00108000
  0.02400975   0.00111040
  0.02419205   0.00114120
  0.02437435   0.00117240
  0.02455645   0.00120410
  0.02473855   0.00123610
  0.02492055   0.00126860
  0.02510245   0.00130160
  0.02528435   0.00133490
  0.02546615   0.00136870
  0.02564785   0.00140290
  0.02582945   0.00143750
  0.02601095   0.00147250
  0.02619245   0.00150790
  0.02637375   0.00154380
  0.02655505   0.00158000
  0.02673625   0.00161670
  0.02691745   0.00165390
  0.02709835   0.00169200
  0.02727865   0.00173270
  0.02745845   0.00177590
  0.02763755   0.00182170
  0.02781605   0.00187000
  0.02799375   0.00192090
  0.02817075   0.00197430
  0.02834705   0.00203010
  0.02852245   0.00208850
  0.02869705   0.00214940
  0.02887065   0.00221280
  0.02904345   0.00227860
  0.02921525   0.00234690
  0.02938615   0.00241760
  0.02955595   0.00249070
  0.02972465   0.00256620
  0.02989235   0.00264420
  0.03005885   0.00272450
  0.03022425   0.00280710
  0.03038845   0.00289220
  0.03055135   0.00297950
  0.03071305   0.00306910
  0.03087345   0.00316110
  0.03103255   0.00325530
  0.03119025   0.00335170
  0.03134665   0.00345040
  0.03150155   0.00355130
  0.03165495   0.00365440
  0.03180695   0.00375970
  0.03195745   0.00386710
  0.03210635   0.00397670
  0.03225375   0.00408830
  0.03239945   0.00420210
  0.03254365   0.00431790
  0.03268605   0.00443570
  0.03282685   0.00455560
  0.03296585   0.00467740
  0.03310315   0.00480120
  0.03323875   0.00492700
  0.03337245   0.00505470
  0.03350435   0.00518420
  0.03363435   0.00531560
  0.03376255   0.00544890
  0.03388885   0.00558390
  0.03401315   0.00572080
  0.03413545   0.00585940
  0.03425585   0.00599970
  0.03437425   0.00614170
  0.03449055   0.00628540
  0.03460485   0.00643080
  0.03471705   0.00657770
  0.03482715   0.00672620
  0.03493515   0.00687630
  0.03504095   0.00702790
  0.03514465   0.00718100
  0.03524615   0.00733550
  0.03534545   0.00749150
  0.03544245   0.00764890
  0.03553725   0.00780760
  0.03562975   0.00796770
  0.03572005   0.00812900
  0.03580795   0.00829160
  0.03589355   0.00845550
  0.03597685   0.00862060
  0.03605775   0.00878680
  0.03613635   0.00895420
  0.03621245   0.00912260
  0.03628625   0.00929220
  0.03635755   0.00946270
  0.03642645   0.00963430
  0.03649295   0.00980680
  0.03655695   0.00998030
  0.03661845   0.01015460
  0.03667755   0.01032980
  0.03673405   0.01050580
  0.03678815   0.01068270
  0.03683965   0.01086020
  0.03688865   0.01103850
  0.03693505   0.01121750
  0.03697895   0.01139700
  0.03702025   0.01157730
  0.03705905   0.01175800
  0.03709525   0.01193930
  0.03712885   0.01212110
  0.03715985   0.01230340
  0.03718835   0.01248610
  0.03721415   0.01266910
  0.03723735   0.01285260
  0.03725795   0.01303630
  0.03727595   0.01322030
  0.03729135   0.01340450
  0.03729275   0.01342370
  0.03729425   0.01344290
  0.03729565   0.01346210
  0.03729715   0.01348130
  0.03729855   0.01350050
  0.03729995   0.01351970
  0.03730145   0.01353890
  0.03730285   0.01355810
  0.03730435   0.01357730
  0.03730575   0.01359650
  0.03730715   0.01361560
  0.03730865   0.01363480
  0.03731005   0.01365400
  0.03731155   0.01367320
  0.03731295   0.01369240
  0.03731445   0.01371160
  0.03731585   0.01373080
  0.03731725   0.01375000
  0.03731875   0.01376920
  0.03732015   0.01378840
  0.03732165   0.01380760
  0.03732305   0.01382670
  0.03732445   0.01384590
  0.03732595   0.01386510
  0.03732735   0.01388430
  0.03732885   0.01390350
  0.03733025   0.01392270
  0.03733165   0.01394190
  0.03733315   0.01396110
  0.03733455   0.01398030
  0.03733605   0.01399950
  0.03733745   0.01401870
  0.03733895   0.01403780
  0.03734035   0.01405700
  0.03734175   0.01407620
  0.03734325   0.01409540
  0.03734465   0.01411460
  0.03734615   0.01413380
  0.03734755   0.01415300
  0.03734895   0.01417220
  0.03735045   0.01419140
  0.03735185   0.01421060
  0.03735335   0.01422980
  0.03735475   0.01424890
  0.03735615   0.01426810
  0.03735765   0.01428730
  0.03735905   0.01430650
  0.03736055   0.01432570
  0.03736195   0.01434490
  0.03736345   0.01436410
  0.03736485   0.01438330
  0.03736625   0.01440250
  0.03736775   0.01442170
  0.03736915   0.01444090
  0.03737065   0.01446000
  0.03737205   0.01447920
  0.03737345   0.01449840
  0.03737495   0.01451760
  0.03737635   0.01453680
  0.03737785   0.01455600
  0.03737925   0.01457520
  0.03738065   0.01459440
  0.03738215   0.01461360
  0.03738355   0.01463280
  0.03738505   0.01465200
  0.03738645   0.01467110
  0.03738795   0.01469030
  0.03738935   0.01470950
  0.03739075   0.01472870
  0.03739225   0.01474790
  0.03739365   0.01476710
  0.03739515   0.01478630
  0.03739655   0.01480550
  0.03739795   0.01482470
  0.03739945   0.01484390
  0.03740085   0.01486310
  0.03740235   0.01488220
  0.03740375   0.01490140
  0.03740515   0.01492060
  0.03740665   0.01493980
  0.03740805   0.01495900
  0.03740955   0.01497820
  0.03741095   0.01499740
  0.03741245   0.01501660
  0.03741385   0.01503580
  0.03741525   0.01505500
  0.03741675   0.01507420
  0.03741815   0.01509330
  0.03741965   0.01511250
  0.03742105   0.01513170
  0.03742245   0.01515090
  0.03742395   0.01517010
  0.03742535   0.01518930
  0.03742685   0.01520850
  0.03742825   0.01522770
  0.03742965   0.01524690
  0.03743115   0.01526610
  0.03743255   0.01528530
  0.03743405   0.01530440
  0.03743545   0.01532360
  0.03743695   0.01534280
  0.03743835   0.01536200
  0.03743975   0.01538120
  0.03744125   0.01540040
  0.03744265   0.01541960
  0.03744415   0.01543880
  0.03744555   0.01545800
  0.03744695   0.01547720
  0.03744845   0.01549640
  0.03744985   0.01551550
  0.03745135   0.01553470
  0.03745275   0.01555390
  0.03745415   0.01557310
  0.03745565   0.01559230
  0.03745705   0.01561150
  0.03745855   0.01563070
  0.03745995   0.01564990
  0.03746135   0.01566910
  0.03746285   0.01568830
  0.03746425   0.01570750
  0.03746575   0.01572660
  0.03746715   0.01574580
  0.03746865   0.01576500
  0.03747005   0.01578420
  0.03747145   0.01580340
  0.03747295   0.01582260
  0.03747435   0.01584180
  0.03747585   0.01586100
  0.03747725   0.01588020
  0.03747865   0.01589940
  0.03748015   0.01591860
  0.03748155   0.01593770
  0.03748305   0.01595690
  0.03748445   0.01597610
  0.03748585   0.01599530
  0.03748735   0.01601450
  0.03748875   0.01603370
  0.03749025   0.01605290
  0.03749165   0.01607210
  0.03749315   0.01609130
  0.03749455   0.01611050
  0.03749595   0.01612970
  0.03749745   0.01614880
  0.03749885   0.01616800
  0.03750035   0.01618720
  0.03750175   0.01620640
  0.03750315   0.01622560
  0.03750465   0.01624480
  0.03750605   0.01626400
  0.03750755   0.01628320
  0.03750895   0.01630240
  0.03751035   0.01632160
  0.03751185   0.01634080
  0.03751325   0.01635990
  0.03751475   0.01637910
  0.03751615   0.01639830
  0.03751765   0.01641750
  0.03751905   0.01643670
  0.03752045   0.01645590
  0.03752195   0.01647510
  0.03752335   0.01649430
  0.03752485   0.01651350
  0.03752625   0.01653270
  0.03752765   0.01655190
  0.03752915   0.01657100
  0.03753055   0.01659020
  0.03753205   0.01660940
  0.03753345   0.01662860
  0.03753485   0.01664780
  0.03753635   0.01666700
  0.03753775   0.01668620
  0.03753925   0.01670540
  0.03754065   0.01672460
  0.03754215   0.01674380
  0.03754355   0.01676300
  0.03754495   0.01678210
  0.03754645   0.01680130
  0.03754785   0.01682050
  0.03754935   0.01683970
  0.03755075   0.01685890
  0.03755215   0.01687810
  0.03755365   0.01689730
  0.03755505   0.01691650
  0.03755655   0.01693570
  0.03755795   0.01695490
  0.03755935   0.01697410
  0.03756085   0.01699320
  0.03756225   0.01701240
  0.03756375   0.01703160
  0.03756515   0.01705080
  0.03756665   0.01707000
  0.03756805   0.01708920
  0.03756945   0.01710840
  0.03757095   0.01712760
  0.03757235   0.01714680
  0.03757385   0.01716600
  0.03757525   0.01718520
  0.03757665   0.01720430
  0.03757815   0.01722350
  0.03757955   0.01724270
  0.03758105   0.01726190
  0.03758245   0.01728110
  0.03758385   0.01730030
  0.03758535   0.01731950
  0.03758675   0.01733870
  0.03758825   0.01735790
  0.03758965   0.01737710
  0.03759115   0.01739630
  0.03759255   0.01741540
  0.03759395   0.01743460
  0.03759545   0.01745380
  0.03759685   0.01747300
  0.03759835   0.01749220
  0.03759975   0.01751140
  0.03760115   0.01753060
  0.03760265   0.01754980
  0.03760405   0.01756900
  0.03760555   0.01758820
  0.03760695   0.01760740
  0.03760835   0.01762650
  0.03760985   0.01764570
  0.03761125   0.01766490
  0.03761275   0.01768410
  0.03761415   0.01770330
  0.03761555   0.01772250
  0.03761705   0.01774170
  0.03761845   0.01776090
  0.03761995   0.01778010
  0.03762135   0.01779930
  0.03762285   0.01781850
  0.03762425   0.01783760
  0.03762565   0.01785680
  0.03762715   0.01787600
  0.03762855   0.01789520
  0.03763005   0.01791440
  0.03763145   0.01793360
  0.03763285   0.01795280
  0.03763435   0.01797200
  0.03763575   0.01799120
  0.03763725   0.01801040
  0.03763865   0.01802960
  0.03764005   0.01804870
  0.03764155   0.01806790
  0.03764295   0.01808710
  0.03764445   0.01810630
  0.03764585   0.01812550
  0.03764735   0.01814470
  0.03764875   0.01816390
  0.03765015   0.01818310
  0.03765165   0.01820230
  0.03765305   0.01822150
  0.03765455   0.01824070
  0.03765595   0.01825980
  0.03765735   0.01827900
  0.03765885   0.01829820
  0.03766025   0.01831740
  0.03766175   0.01833660
  0.03766315   0.01835580
  0.03766455   0.01837500
  0.03766605   0.01839420
  0.03766745   0.01841340
  0.03766895   0.01843260
  0.03767035   0.01845180
  0.03767185   0.01847090
  0.03767325   0.01849010
  0.03767465   0.01850930
  0.03767615   0.01852850
  0.03767755   0.01854770
  0.03767905   0.01856690
  0.03768045   0.01858610
  0.03768185   0.01860530
  0.03768335   0.01862450
  0.03768475   0.01864370
  0.03768625   0.01866290
  0.03768765   0.01868200
  0.03768905   0.01870120
  0.03769055   0.01872040
  0.03769195   0.01873960
  0.03769345   0.01875880
  0.03769485   0.01877800
  0.03769635   0.01879720
  0.03769775   0.01881640
  0.03769915   0.01883560
  0.03770065   0.01885480
  0.03770205   0.01887400
  0.03770355   0.01889310
  0.03770495   0.01891230
  0.03770635   0.01893150
  0.03770785   0.01895070
  0.03770925   0.01896990
  0.03771075   0.01898910
  0.03771215   0.01900830
  0.03771355   0.01902750
  0.03771505   0.01904670
  0.03771645   0.01906590
  0.03771795   0.01908510
  0.03771935   0.01910420
  0.03772085   0.01912340
  0.03772225   0.01914260
  0.03772365   0.01916180
  0.03772515   0.01918100
  0.03772655   0.01920020
  0.03772805   0.01921940
  0.03772945   0.01923860
  0.03773085   0.01925780
  0.03773235   0.01927700
  0.03773375   0.01929620
  0.03773525   0.01931530
  0.03773665   0.01933450
  0.03773805   0.01935370
  0.03773955   0.01937290
  0.03774095   0.01939210
  0.03774245   0.01941130
  0.03774385   0.01943050
  0.03774525   0.01944970
  0.03774675   0.01946890
  0.03774815   0.01948810
  0.03774965   0.01950730
  0.03775105   0.01952640
  0.03775255   0.01954560
  0.03775395   0.01956480
  0.03775535   0.01958400
  0.03775685   0.01960320
  0.03775825   0.01962240
  0.03775975   0.01964160
  0.03776115   0.01966080
  0.03776255   0.01968000
  0.03776405   0.01969920
  0.03776545   0.01971840
  0.03776695   0.01973750
  0.03776835   0.01975670
  0.03776975   0.01977590
  0.03777125   0.01979510
  0.03777265   0.01981430
  0.03777415   0.01983350
  0.03777555   0.01985270
  0.03777705   0.01987190
  0.03777845   0.01989110
  0.03777985   0.01991030
  0.03778135   0.01992950
  0.03778275   0.01994860
  0.03778425   0.01996780
  0.03778565   0.01998700
  0.03778705   0.02000620
  0.03778855   0.02002540
  0.03778995   0.02004460
  0.03779145   0.02006380
  0.03779285   0.02008300
  0.03779425   0.02010220
  0.03779575   0.02012140
  0.03779715   0.02014060
  0.03779865   0.02015970
  0.03780005   0.02017890
  0.03780155   0.02019810
  0.03780295   0.02021730
  0.03780435   0.02023650
  0.03780585   0.02025570
  0.03780725   0.02027490
  0.03780875   0.02029410
  0.03781015   0.02031330
  0.03781155   0.02033250
  0.03781305   0.02035170
  0.03781445   0.02037080
  0.03781595   0.02039000
  0.03781735   0.02040920
  0.03781875   0.02042840
  0.03782025   0.02044760
  0.03782165   0.02046680
  0.03782315   0.02048600
  0.03782455   0.02050520
  0.03782605   0.02052440
  0.03782745   0.02054360
  0.03782885   0.02056280
  0.03783035   0.02058190
  0.03783175   0.02060110
  0.03783325   0.02062030
  0.03783465   0.02063950
  0.03783605   0.02065870
  0.03783755   0.02067790
  0.03783895   0.02069710
  0.03784045   0.02071630
  0.03784185   0.02073550
  0.03784325   0.02075470
  0.03784475   0.02077390
  0.03784615   0.02079300
  0.03784765   0.02081220
  0.03784905   0.02083140
  0.03785055   0.02085060
  0.03785195   0.02086980
  0.03785335   0.02088900
  0.03785485   0.02090820
  0.03785625   0.02092740
  0.03785775   0.02094660
  0.03785915   0.02096580
  0.03786055   0.02098500
  0.03786205   0.02100410
  0.03786345   0.02102330
  0.03786495   0.02104250
  0.03786635   0.02106170
  0.03786775   0.02108090
  0.03786925   0.02110010
  0.03787065   0.02111930
  0.03787215   0.02113850
  0.03787355   0.02115770
  0.03787505   0.02117690
  0.03787645   0.02119610
  0.03787785   0.02121520
  0.03787935   0.02123440
  0.03788075   0.02125360
  0.03788225   0.02127280
  0.03788365   0.02129200
  0.03788505   0.02131120
  0.03788655   0.02133040
  0.03788795   0.02134960
  0.03788945   0.02136880
  0.03789085   0.02138800
  0.03789225   0.02140720
  0.03789375   0.02142630
  0.03789515   0.02144550
  0.03789665   0.02146470
  0.03789805   0.02148390
  0.03789945   0.02150310
  0.03790095   0.02152230
  0.03790235   0.02154150
  0.03790385   0.02156070
  0.03790525   0.02157990
  0.03790675   0.02159910
  0.03790815   0.02161830
  0.03790955   0.02163740
  0.03791105   0.02165660
  0.03791245   0.02167580
  0.03791395   0.02169500
  0.03791535   0.02171420
  0.03791675   0.02173340
  0.03791825   0.02175260
  0.03791965   0.02177180
  0.03792115   0.02179100
  0.03792255   0.02181020
  0.03792395   0.02182940
  0.03792545   0.02184850
  0.03792685   0.02186770
  0.03792835   0.02188690
  0.03792975   0.02190610
  0.03793125   0.02192530
  0.03793265   0.02194450
  0.03793405   0.02196370
  0.03793555   0.02198290
  0.03793695   0.02200210
  0.03793845   0.02202130
  0.03793985   0.02204050
  0.03794125   0.02205960
  0.03794275   0.02207880
  0.03794415   0.02209800
  0.03794565   0.02211720
  0.03794705   0.02213640
  0.03794845   0.02215560
  0.03794995   0.02217480
  0.03795135   0.02219400
  0.03795285   0.02221320
  0.03795425   0.02223240
  0.03795575   0.02225160
  0.03795715   0.02227070
  0.03795855   0.02228990
  0.03796005   0.02230910
  0.03796145   0.02232830
  0.03796295   0.02234750
  0.03796435   0.02236670
  0.03796575   0.02238590
  0.03796725   0.02240510
  0.03796865   0.02242430
  0.03797015   0.02244350
  0.03797155   0.02246270
  0.03797295   0.02248180
  0.03797445   0.02250100
  0.03797585   0.02252020
  0.03797735   0.02253940
  0.03797875   0.02255860
  0.03798025   0.02257780
  0.03798165   0.02259700
  0.03798305   0.02261620
  0.03798455   0.02263540
  0.03798595   0.02265460
  0.03798745   0.02267380
  0.03798885   0.02269290
  0.03799025   0.02271210
  0.03799175   0.02273130
  0.03799315   0.02275050
  0.03799465   0.02276970
  0.03799605   0.02278890
  0.03799745   0.02280810
  0.03799895   0.02282730
  0.03800035   0.02284650
  0.03800185   0.02286570
  0.03800325   0.02288490
  0.03800475   0.02290400
  0.03800615   0.02292320
  0.03800755   0.02294240
  0.03800905   0.02296160
  0.03801045   0.02298080
  0.03801195   0.02300000
