21980.0083           -248.151
21950.255           -247.5207
21920.5017           -246.8905
21890.7483           -246.2605
21860.995           -245.6309
21831.2417           -245.0018
21801.4883           -244.3731
21771.7349           -243.745
21741.9815           -243.1175
21712.2281           -242.4908
21682.4747           -241.865
21652.7213           -241.24
21622.9678           -240.6161
21593.2143           -239.9931
21563.4608           -239.3712
21533.7073           -238.7502
21503.9538           -238.1301
21474.2002           -237.511
21444.4466           -236.8927
21414.6931           -236.2754
21384.9394           -235.6588
21355.1858           -235.0431
21325.4322           -234.4281
21295.6785           -233.814
21265.9248           -233.2005
21236.1711           -232.5878
21206.4174           -231.9758
21176.6637           -231.3647
21146.91           -230.7543
21117.1562           -230.1448
21087.4024           -229.5361
21057.6486           -228.9282
21027.8948           -228.321
20998.141           -227.7146
20968.3872           -227.1089
20938.6333           -226.5041
20908.8794           -225.9
20879.1256           -225.2968
20849.3717           -224.6945
20819.6177           -224.0932
20789.8638           -223.4928
20760.1098           -222.8934
20730.3558           -222.295
20700.6018           -221.6975
20670.8478           -221.1007
20641.0938           -220.5045
20611.3398           -219.9088
20581.5857           -219.3134
20551.8317           -218.7183
20502.4814           -217.7374
20482.8852           -217.3515
20463.289           -216.9656
20443.6928           -216.5799
20424.0966           -216.1944
20404.5004           -215.8091
20384.9042           -215.4241
20365.3079           -215.0393
20345.7117           -214.655
20326.1155           -214.271
20306.5192           -213.8874
20286.923           -213.5044
20267.3267           -213.1219
20247.7304           -212.7399
20228.1341           -212.3586
20208.5378           -211.9779
20188.9415           -211.5979
20169.3452           -211.2187
20149.7488           -210.8403
20130.1525           -210.4627
20110.5561           -210.086
20090.9597           -209.7102
20071.3633           -209.3354
20051.7668           -208.9616
20032.1704           -208.5888
20012.5739           -208.2172
19992.9774           -207.8465
19973.3809           -207.477
19953.7844           -207.1083
19934.1878           -206.7406
19914.5913           -206.3738
19894.9947           -206.0079
19875.3981           -205.6427
19855.8015           -205.2782
19836.2048           -204.9145
19816.6082           -204.5514
19797.0116           -204.189
19777.4149           -203.8271
19757.8182           -203.4658
19738.2215           -203.1049
19718.6249           -202.7445
19699.0282           -202.3844
19679.4315           -202.0248
19659.8348           -201.6654
19640.2381           -201.3063
19620.6413           -200.9474
19601.0446           -200.5887
19581.4479           -200.2301
19561.8512           -199.8716
19444.2241           -197.759
19346.1938           -196.0066
19248.1633           -194.2579
19150.1328           -192.5145
19052.1021           -190.7783
18954.0713           -189.0511
18856.0403           -187.3345
18758.0091           -185.6287
18659.9778           -183.933
18561.9463           -182.2471
18463.9146           -180.5702
18365.8827           -178.902
18267.8508           -177.2419
18169.8187           -175.5899
18071.7864           -173.9464
17973.754           -172.3119
17875.7215           -170.6863
17777.6888           -169.0693
17679.6559           -167.4611
17581.6229           -165.8617
17483.5898           -164.271
17385.5566           -162.689
17287.5232           -161.1158
17189.4896           -159.5513
17091.4559           -157.9956
16993.4221           -156.4487
16895.3881           -154.9104
16797.354           -153.381
16699.3198           -151.8603
16601.2854           -150.3483
16503.2509           -148.8451
16405.2163           -147.3506
16307.1815           -145.8649
16209.1466           -144.388
16111.1116           -142.9197
16013.0764           -141.4603
15915.0411           -140.0096
15817.0057           -138.5676
15718.9702           -137.1344
15620.9345           -135.7099
15522.8987           -134.2942
15424.8627           -132.8872
15326.8267           -131.489
15228.7905           -130.0995
15130.7542           -128.7188
15032.7178           -127.3469
14934.6812           -125.9836
14836.6446           -124.6292
14738.6078           -123.2834
14640.5709           -121.9465
14542.5338           -120.6183
14444.4967           -119.2988
14346.4594           -117.9881
14248.422           -116.6861
14150.3845           -115.3929
14052.3469           -114.1084
13954.3092           -112.8327
13856.2714           -111.5657
13758.2334           -110.3075
13660.1953           -109.058
13562.1572           -107.8173
13464.1189           -106.5853
13366.0805           -105.3621
13268.042           -104.1476
13170.0034           -102.9419
13071.9646           -101.7449
12973.9258           -100.5567
12875.8869           -99.3772
12777.8478           -98.2065
12679.8087           -97.0445
12581.7695           -95.8913
12483.7301           -94.7468
12385.6907           -93.6111
12287.6511           -92.4841
12189.6115           -91.3659
12091.5717           -90.2565
11993.5319           -89.1557
11895.4919           -88.0638
11797.4519           -86.9805
11699.4117           -85.9061
11601.3715           -84.8403
11503.3312           -83.7834
11405.2907           -82.7351
11307.2502           -81.6957
11209.2096           -80.6649
11111.1689           -79.643
11013.1281           -78.6298
10915.0872           -77.6253
10817.0463           -76.6296
10719.0052           -75.6426
10620.9641           -74.6644
10522.9228           -73.6949
10424.8815           -72.7342
10326.8401           -71.7822
10228.7986           -70.839
10130.757           -69.9045
10032.7154           -68.9788
9934.6736           -68.0618
9836.6318           -67.1536
9738.5899           -66.2541
9640.5479           -65.3634
9542.5059           -64.4815
9444.4637           -63.6082
9346.4215           -62.7438
9248.3792           -61.888
9150.3369           -61.0411
9052.2944           -60.2029
8954.2519           -59.3734
8856.2093           -58.5527
8758.1666           -57.7407
8660.1239           -56.9375
8562.0811           -56.143
8464.0382           -55.3573
8365.9953           -54.5804
8267.9523           -53.8121
8169.9092           -53.0527
8071.866           -52.302
7973.8228           -51.56
7875.7795           -50.8268
7777.7362           -50.1023
7679.6927           -49.3866
7581.6493           -48.6796
7483.6057           -47.9814
7385.5621           -47.292
7287.5185           -46.6113
7189.4747           -45.9393
7091.431           -45.2761
6993.3871           -44.6216
6895.3432           -43.9759
6797.2993           -43.339
6699.2552           -42.7107
6601.2112           -42.0913
6503.167           -41.4806
6405.1229           -40.8787
6307.0786           -40.2854
6209.0343           -39.7009
6110.99           -39.1252
6012.9456           -38.5585
5914.9012           -38.0004
5816.8567           -37.4505
5718.8122           -36.9088
5620.7676           -36.3758
5522.723           -35.852
5424.6783           -35.3382
5326.6335           -34.835
5228.5888           -34.3423
5130.5439           -33.8584
5032.4991           -33.3811
4934.4542           -32.9082
4820.2897           -32.3559
4804.1701           -32.2743
4788.0505           -32.1926
4771.9309           -32.1108
4755.8113           -32.0287
4739.6917           -31.9463
4723.5721           -31.8635
4707.4526           -31.7803
4691.333           -31.6966
4675.2134           -31.6124
4659.0938           -31.5276
4642.9742           -31.4421
4626.8547           -31.3559
4610.7351           -31.2689
4594.6156           -31.1811
4578.496           -31.0924
4562.3764           -31.0027
4546.2569           -30.912
4530.1374           -30.8202
4514.0178           -30.7273
4497.8983           -30.6332
4481.7788           -30.5378
4465.6593           -30.441
4449.5398           -30.3429
4433.4203           -30.2434
4417.3008           -30.1423
4401.1813           -30.0399
4385.0619           -29.936
4368.9424           -29.8308
4352.823           -29.7244
4336.7035           -29.6167
4320.5841           -29.5079
4304.4647           -29.3981
4288.3453           -29.2872
4272.2258           -29.1753
4256.1064           -29.0625
4239.987           -28.9489
4223.8676           -28.8345
4207.7483           -28.7194
4191.6289           -28.6037
4175.5095           -28.4873
4159.3901           -28.3704
4143.2707           -28.253
4127.1514           -28.1352
4111.032           -28.017
4094.9126           -27.8985
4078.7933           -27.7798
4062.6739           -27.6609
4046.5546           -27.5419
3990.1265           -27.1155
3949.8178           -26.8082
3909.5091           -26.5013
3869.2005           -26.1947
3828.8918           -25.8886
3788.5831           -25.5833
3748.2743           -25.2787
3707.9656           -24.975
3667.6569           -24.6724
3627.3482           -24.371
3587.0394           -24.0708
3546.7307           -23.7722
3506.4219           -23.4751
3466.1131           -23.1798
3425.8044           -22.8862
3385.4956           -22.5946
3345.1867           -22.3047
3304.8779           -22.0167
3264.5691           -21.7304
3224.2602           -21.4457
3183.9514           -21.1628
3143.6425           -20.8815
3103.3336           -20.6017
3063.0247           -20.3235
3022.7158           -20.0468
2982.4069           -19.7716
2942.0979           -19.4979
2901.789           -19.2255
2861.4801           -18.9544
2821.1711           -18.6847
2780.8621           -18.4164
2740.5532           -18.1495
2700.2442           -17.884
2659.9352           -17.62
2619.6262           -17.3575
2579.3172           -17.0965
2539.0081           -16.837
2498.6991           -16.579
2458.3901           -16.3225
2418.081           -16.0675
2377.772           -15.814
2337.4629           -15.5619
2297.1538           -15.3113
2256.8447           -15.0622
2216.5356           -14.8146
2176.2265           -14.5684
2135.9174           -14.3237
2095.6083           -14.0805
2055.2991           -13.8387
2014.99           -13.5985
1974.6808           -13.3597
1934.3717           -13.1224
1894.0625           -12.8866
1853.7533           -12.6523
1813.4442           -12.4194
1773.135           -12.1881
1732.8258           -11.9582
1692.5166           -11.7298
1652.2073           -11.5028
1611.8981           -11.2774
1571.5889           -11.0534
1531.2796           -10.8309
1490.9704           -10.6099
1450.6611           -10.3903
1410.3518           -10.1723
1370.0426           -9.9557
1329.7333           -9.7406
1289.424           -9.527
1249.1147           -9.3148
1208.8054           -9.1041
1168.4961           -8.895
1128.1868           -8.6872
1087.8774           -8.481
1047.5681           -8.2763
1007.2587           -8.073
966.9494           -7.8712
926.64           -7.6709
886.3307           -7.4721
846.0213           -7.2747
805.7119           -7.0788
765.4025           -6.8844
725.0931           -6.6915
684.7837           -6.5
644.4743           -6.3101
604.1649           -6.1217
563.8555           -5.9347
523.546           -5.7493
483.2366           -5.5652
442.9271           -5.3827
402.6177           -5.2015
362.3082           -5.0217
321.9988           -4.8434
281.6893           -4.6666
241.3798           -4.4915
201.0703           -4.318
160.7608           -4.1464
120.4513           -3.9764
80.1418           -3.8076
39.8323           -3.6396
-12.8571           -3.4219
-25.237           -3.372
-37.617           -3.322
-49.9969           -3.2721
-62.3768           -3.2222
-74.7567           -3.1724
-87.1367           -3.1226
-99.5166           -3.0728
-111.8965           -3.0232
-124.2765           -2.9736
-136.6564           -2.9241
-149.0363           -2.8746
-161.4162           -2.8253
-173.7962           -2.7761
-186.1761           -2.727
-198.556           -2.6781
-210.936           -2.6292
-223.3159           -2.5805
-235.6958           -2.532
-248.0758           -2.4836
-260.4557           -2.4354
-272.8356           -2.3874
-285.2156           -2.3395
-297.5955           -2.2918
-309.9755           -2.2444
-322.3554           -2.1971
-334.7353           -2.1501
-347.1153           -2.1032
-359.4952           -2.0565
-371.8752           -2.01
-384.2551           -1.9637
-396.635           -1.9175
-409.015           -1.8715
-421.3949           -1.8256
-433.7749           -1.7799
-446.1548           -1.7343
-458.5348           -1.6887
-470.9147           -1.6433
-483.2947           -1.5981
-495.6746           -1.5529
-508.0546           -1.5077
-520.4345           -1.4627
-532.8144           -1.4177
-545.1944           -1.3728
-557.5743           -1.3279
-569.9543           -1.2831
-582.3342           -1.2383
-594.7142           -1.1935
-607.0941           -1.1488
-631.474           -1.0649
-643.474           -1.0259
-655.4739           -0.987
-667.4739           -0.9484
-679.4738           -0.91
-691.4738           -0.8719
-703.4737           -0.8344
-715.4737           -0.7973
-727.4737           -0.7608
-739.4736           -0.7249
-751.4736           -0.6898
-763.4735           -0.6554
-775.4735           -0.6219
-787.4735           -0.5894
-799.4734           -0.5579
-811.4734           -0.5274
-823.4734           -0.4979
-835.4734           -0.4694
-847.4734           -0.4419
-859.4733           -0.4153
-871.4733           -0.3896
-883.4733           -0.3649
-895.4733           -0.341
-907.4733           -0.318
-919.4733           -0.2958
-931.4733           -0.2744
-943.4733           -0.2537
-955.4733           -0.2339
-967.4733           -0.2147
-979.4733           -0.1963
-991.4733           -0.1786
-1003.4733           -0.1616
-1015.4733           -0.1455
-1027.4733           -0.1302
-1039.4733           -0.1157
-1051.4733           -0.1021
-1063.4733           -0.0895
-1075.4733           -0.0778
-1087.4733           -0.0672
-1099.4733           -0.0575
-1111.4733           -0.0489
-1123.4733           -0.0412
-1135.4734           -0.0343
-1147.4734           -0.0281
-1159.4734           -0.0225
-1171.4734           -0.0174
-1183.4734           -0.0127
-1195.4734           -0.0083
-1207.4734           -0.0041
