 -0.03049386   0.02300000
 -0.03048926   0.02281520
 -0.03048466   0.02263030
 -0.03047996   0.02244550
 -0.03047536   0.02226070
 -0.03047076   0.02207590
 -0.03046616   0.02189100
 -0.03046156   0.02170620
 -0.03045696   0.02152140
 -0.03045236   0.02133660
 -0.03044766   0.02115170
 -0.03044306   0.02096690
 -0.03043846   0.02078210
 -0.03043386   0.02059720
 -0.03042926   0.02041240
 -0.03042466   0.02022760
 -0.03042006   0.02004280
 -0.03041536   0.01985790
 -0.03041076   0.01967310
 -0.03040616   0.01948830
 -0.03040156   0.01930350
 -0.03039696   0.01911860
 -0.03039236   0.01893380
 -0.03038776   0.01874900
 -0.03038306   0.01856410
 -0.03037846   0.01837930
 -0.03037386   0.01819450
 -0.03036926   0.01800970
 -0.03036466   0.01782480
 -0.03036006   0.01764000
 -0.03035536   0.01745520
 -0.03035076   0.01727040
 -0.03034616   0.01708550
 -0.03034156   0.01690070
 -0.03033696   0.01671590
 -0.03033236   0.01653100
 -0.03032776   0.01634620
 -0.03032306   0.01616140
 -0.03031846   0.01597660
 -0.03031386   0.01579170
 -0.03030926   0.01560690
 -0.03030466   0.01542210
 -0.03030006   0.01523730
 -0.03029466   0.01505240
 -0.03028686   0.01486770
 -0.03027636   0.01468310
 -0.03026316   0.01449870
 -0.03024746   0.01431450
 -0.03022906   0.01413060
 -0.03020806   0.01394690
 -0.03018446   0.01376350
 -0.03015826   0.01358050
 -0.03012946   0.01339780
 -0.03009806   0.01321560
 -0.03006416   0.01303390
 -0.03002756   0.01285270
 -0.02998846   0.01267200
 -0.02994666   0.01249190
 -0.02990246   0.01231240
 -0.02985566   0.01213350
 -0.02980626   0.01195530
 -0.02975446   0.01177790
 -0.02970006   0.01160120
 -0.02964316   0.01142530
 -0.02958376   0.01125020
 -0.02952186   0.01107600
 -0.02945746   0.01090260
 -0.02939066   0.01073020
 -0.02932146   0.01055880
 -0.02924976   0.01038840
 -0.02917566   0.01021900
 -0.02909916   0.01005070
 -0.02902026   0.00988350
 -0.02893896   0.00971740
 -0.02885536   0.00955250
 -0.02876946   0.00938890
 -0.02868116   0.00922640
 -0.02859056   0.00906520
 -0.02849776   0.00890530
 -0.02840256   0.00874680
 -0.02830526   0.00858960
 -0.02820566   0.00843390
 -0.02810386   0.00827950
 -0.02799986   0.00812670
 -0.02789376   0.00797530
 -0.02778546   0.00782540
 -0.02767506   0.00767710
 -0.02756256   0.00753040
 -0.02744796   0.00738530
 -0.02733136   0.00724190
 -0.02721266   0.00710010
 -0.02709206   0.00696000
 -0.02696936   0.00682160
 -0.02684476   0.00668510
 -0.02671826   0.00655020
 -0.02658986   0.00641730
 -0.02645946   0.00628610
 -0.02632736   0.00615680
 -0.02619336   0.00602940
 -0.02605756   0.00590390
 -0.02592006   0.00578040
 -0.02578076   0.00565880
 -0.02563966   0.00553930
 -0.02549696   0.00542170
 -0.02535266   0.00530620
 -0.02520666   0.00519280
 -0.02505906   0.00508140
 -0.02490996   0.00497220
 -0.02475926   0.00486500
 -0.02460706   0.00476010
 -0.02445336   0.00465730
 -0.02429826   0.00455670
 -0.02414166   0.00445830
 -0.02398376   0.00436220
 -0.02382446   0.00426830
 -0.02366396   0.00417670
 -0.02350206   0.00408740
 -0.02333886   0.00400040
 -0.02317456   0.00391570
 -0.02300906   0.00383340
 -0.02284236   0.00375340
 -0.02267446   0.00367580
 -0.02250556   0.00360060
 -0.02233566   0.00352780
 -0.02216466   0.00345750
 -0.02199276   0.00338950
 -0.02181986   0.00332410
 -0.02164596   0.00326110
 -0.02147126   0.00320050
 -0.02129576   0.00314250
 -0.02111946   0.00308700
 -0.02094226   0.00303400
 -0.02076446   0.00298350
 -0.02058586   0.00293550
 -0.02040686   0.00288920
 -0.02022776   0.00284340
 -0.02004856   0.00279800
 -0.01986926   0.00275290
 -0.01968986   0.00270830
 -0.01951026   0.00266410
 -0.01933066   0.00262040
 -0.01915096   0.00257700
 -0.01897116   0.00253410
 -0.01879116   0.00249150
 -0.01861116   0.00244940
 -0.01843106   0.00240770
 -0.01825086   0.00236640
 -0.01807056   0.00232560
 -0.01789006   0.00228510
 -0.01770956   0.00224510
 -0.01752906   0.00220550
 -0.01734836   0.00216630
 -0.01716756   0.00212750
 -0.01698666   0.00208920
 -0.01680576   0.00205120
 -0.01662476   0.00201370
 -0.01644356   0.00197660
 -0.01626236   0.00193990
 -0.01608106   0.00190360
 -0.01589976   0.00186780
 -0.01571826   0.00183240
 -0.01553676   0.00179740
 -0.01535506   0.00176280
 -0.01517336   0.00172860
 -0.01499166   0.00169480
 -0.01480976   0.00166150
 -0.01462786   0.00162860
 -0.01444586   0.00159610
 -0.01426376   0.00156400
 -0.01408156   0.00153240
 -0.01389936   0.00150120
 -0.01371706   0.00147040
 -0.01353466   0.00144000
 -0.01335226   0.00141000
 -0.01316976   0.00138050
 -0.01298716   0.00135140
 -0.01280446   0.00132270
 -0.01262176   0.00129440
 -0.01243906   0.00126650
 -0.01225616   0.00123910
 -0.01207326   0.00121210
 -0.01189036   0.00118550
 -0.01170726   0.00115940
 -0.01152416   0.00113360
 -0.01134106   0.00110830
 -0.01115786   0.00108340
 -0.01097456   0.00105900
 -0.01079126   0.00103490
 -0.01060796   0.00101130
 -0.01042446   0.00098810
 -0.01024106   0.00096530
 -0.01005746   0.00094300
 -0.00987396   0.00092100
 -0.00969026   0.00089950
 -0.00950656   0.00087850
 -0.00932286   0.00085780
 -0.00913906   0.00083760
 -0.00895526   0.00081780
 -0.00877136   0.00079840
 -0.00858746   0.00077950
 -0.00840356   0.00076090
 -0.00821956   0.00074280
 -0.00803556   0.00072520
 -0.00785146   0.00070790
 -0.00766736   0.00069110
 -0.00748316   0.00067470
 -0.00729896   0.00065870
 -0.00711476   0.00064320
 -0.00693046   0.00062800
 -0.00674616   0.00061330
 -0.00656186   0.00059910
 -0.00637746   0.00058520
 -0.00619306   0.00057180
 -0.00600866   0.00055880
 -0.00582416   0.00054620
 -0.00563966   0.00053410
 -0.00545516   0.00052240
 -0.00527066   0.00051110
 -0.00508606   0.00050030
 -0.00490146   0.00048970
 -0.00471696   0.00047920
 -0.00453236   0.00046880
 -0.00434776   0.00045860
 -0.00416316   0.00044840
 -0.00397846   0.00043840
 -0.00379386   0.00042840
 -0.00360926   0.00041860
 -0.00342466   0.00040890
 -0.00323996   0.00039930
 -0.00305536   0.00038980
 -0.00287066   0.00038050
 -0.00268606   0.00037120
 -0.00250136   0.00036210
 -0.00231676   0.00035300
 -0.00213206   0.00034410
 -0.00194736   0.00033530
 -0.00176266   0.00032670
 -0.00157806   0.00031810
 -0.00139336   0.00030960
 -0.00120866   0.00030130
 -0.00102396   0.00029310
 -0.00083926   0.00028500
 -0.00065446   0.00027700
 -0.00046976   0.00026910
 -0.00028506   0.00026130
 -0.00010036   0.00025360
  0.00008434   0.00024610
  0.00026914   0.00023870
  0.00045384   0.00023130
  0.00063864   0.00022410
  0.00082334   0.00021710
  0.00100814   0.00021010
  0.00119284   0.00020320
  0.00137764   0.00019650
  0.00156244   0.00018980
  0.00174714   0.00018330
  0.00193194   0.00017690
  0.00211674   0.00017060
  0.00230154   0.00016440
  0.00248624   0.00015840
  0.00267104   0.00015240
  0.00285584   0.00014660
  0.00304064   0.00014090
  0.00322544   0.00013530
  0.00341024   0.00012980
  0.00359504   0.00012440
  0.00377984   0.00011910
  0.00396474   0.00011400
  0.00414954   0.00010890
  0.00433434   0.00010400
  0.00451914   0.00009920
  0.00470394   0.00009450
  0.00488884   0.00008990
  0.00507364   0.00008540
  0.00525844   0.00008110
  0.00544334   0.00007680
  0.00562814   0.00007270
  0.00581294   0.00006870
  0.00599784   0.00006480
  0.00618264   0.00006100
  0.00636754   0.00005740
  0.00655234   0.00005380
  0.00673724   0.00005030
  0.00692204   0.00004700
  0.00710694   0.00004380
  0.00729184   0.00004070
  0.00747664   0.00003770
  0.00766154   0.00003480
  0.00784634   0.00003210
  0.00803124   0.00002940
  0.00821614   0.00002690
  0.00840094   0.00002450
  0.00858584   0.00002220
  0.00877074   0.00002000
  0.00895564   0.00001790
  0.00914044   0.00001590
  0.00932534   0.00001410
  0.00951024   0.00001240
  0.00969514   0.00001070
  0.00987994   0.00000920
  0.01006484   0.00000780
  0.01024974   0.00000660
  0.01043464   0.00000540
  0.01061954   0.00000430
  0.01080434   0.00000340
  0.01098924   0.00000260
  0.01117414   0.00000190
  0.01135904   0.00000130
  0.01154394   0.00000080
  0.01172884   0.00000040
  0.01191374   0.00000020
  0.01209854  -0.00000000
  0.01228344  -0.00000000
  0.01246834   0.00000010
  0.01265324   0.00000030
  0.01283814   0.00000060
  0.01302304   0.00000100
  0.01320784   0.00000160
  0.01339274   0.00000220
  0.01357764   0.00000300
  0.01376254   0.00000390
  0.01394744   0.00000490
  0.01413234   0.00000600
  0.01431714   0.00000720
  0.01450204   0.00000860
  0.01468694   0.00001000
  0.01487184   0.00001190
  0.01505664   0.00001420
  0.01524154   0.00001700
  0.01542644   0.00002020
  0.01561124   0.00002380
  0.01579614   0.00002780
  0.01598094   0.00003230
  0.01616574   0.00003720
  0.01635054   0.00004250
  0.01653534   0.00004830
  0.01672014   0.00005440
  0.01690494   0.00006100
  0.01708964   0.00006810
  0.01727434   0.00007550
  0.01745914   0.00008340
  0.01764384   0.00009170
  0.01782844   0.00010050
  0.01801314   0.00010960
  0.01819774   0.00011920
  0.01838234   0.00012920
  0.01856694   0.00013970
  0.01875154   0.00015060
  0.01893604   0.00016190
  0.01912054   0.00017360
  0.01930504   0.00018570
  0.01948954   0.00019830
  0.01967394   0.00021130
  0.01985834   0.00022470
  0.02004274   0.00023860
  0.02022704   0.00025290
  0.02041134   0.00026760
  0.02059564   0.00028270
  0.02077984   0.00029830
  0.02096404   0.00031430
  0.02114824   0.00033070
  0.02133234   0.00034750
  0.02151634   0.00036480
  0.02170044   0.00038250
  0.02188444   0.00040060
  0.02206834   0.00041910
  0.02225224   0.00043810
  0.02243614   0.00045750
  0.02261994   0.00047730
  0.02280374   0.00049750
  0.02298744   0.00051820
  0.02317114   0.00053930
  0.02335474   0.00056080
  0.02353834   0.00058270
  0.02372184   0.00060510
  0.02390534   0.00062790
  0.02408874   0.00065110
  0.02427214   0.00067470
  0.02445544   0.00069880
  0.02463874   0.00072320
  0.02482194   0.00074810
  0.02500504   0.00077350
  0.02518814   0.00079920
  0.02537114   0.00082540
  0.02555414   0.00085200
  0.02573704   0.00087900
  0.02591984   0.00090640
  0.02610264   0.00093430
  0.02628534   0.00096260
  0.02646794   0.00099130
  0.02665054   0.00102040
  0.02683304   0.00105000
  0.02701554   0.00108000
  0.02719784   0.00111040
  0.02738014   0.00114120
  0.02756244   0.00117240
  0.02774454   0.00120410
  0.02792664   0.00123610
  0.02810864   0.00126860
  0.02829054   0.00130160
  0.02847244   0.00133490
  0.02865424   0.00136870
  0.02883594   0.00140290
  0.02901754   0.00143750
  0.02919904   0.00147250
  0.02938054   0.00150790
  0.02956184   0.00154380
  0.02974314   0.00158000
  0.02992434   0.00161670
  0.03010554   0.00165390
  0.03028644   0.00169200
  0.03046674   0.00173270
  0.03064654   0.00177590
  0.03082564   0.00182170
  0.03100414   0.00187000
  0.03118184   0.00192090
  0.03135884   0.00197430
  0.03153514   0.00203010
  0.03171054   0.00208850
  0.03188514   0.00214940
  0.03205874   0.00221280
  0.03223154   0.00227860
  0.03240334   0.00234690
  0.03257424   0.00241760
  0.03274404   0.00249070
  0.03291274   0.00256620
  0.03308044   0.00264420
  0.03324694   0.00272450
  0.03341234   0.00280710
  0.03357654   0.00289220
  0.03373944   0.00297950
  0.03390114   0.00306910
  0.03406154   0.00316110
  0.03422064   0.00325530
  0.03437834   0.00335170
  0.03453474   0.00345040
  0.03468964   0.00355130
  0.03484304   0.00365440
  0.03499504   0.00375970
  0.03514554   0.00386710
  0.03529444   0.00397670
  0.03544184   0.00408830
  0.03558754   0.00420210
  0.03573174   0.00431790
  0.03587414   0.00443570
  0.03601494   0.00455560
  0.03615394   0.00467740
  0.03629124   0.00480120
  0.03642684   0.00492700
  0.03656054   0.00505470
  0.03669244   0.00518420
  0.03682244   0.00531560
  0.03695064   0.00544890
  0.03707694   0.00558390
  0.03720124   0.00572080
  0.03732354   0.00585940
  0.03744394   0.00599970
  0.03756234   0.00614170
  0.03767864   0.00628540
  0.03779294   0.00643080
  0.03790514   0.00657770
  0.03801524   0.00672620
  0.03812324   0.00687630
  0.03822904   0.00702790
  0.03833274   0.00718100
  0.03843424   0.00733550
  0.03853354   0.00749150
  0.03863054   0.00764890
  0.03872534   0.00780760
  0.03881784   0.00796770
  0.03890814   0.00812900
  0.03899604   0.00829160
  0.03908164   0.00845550
  0.03916494   0.00862060
  0.03924584   0.00878680
  0.03932444   0.00895420
  0.03940054   0.00912260
  0.03947434   0.00929220
  0.03954564   0.00946270
  0.03961454   0.00963430
  0.03968104   0.00980680
  0.03974504   0.00998030
  0.03980654   0.01015460
  0.03986564   0.01032980
  0.03992214   0.01050580
  0.03997624   0.01068270
  0.04002774   0.01086020
  0.04007674   0.01103850
  0.04012314   0.01121750
  0.04016704   0.01139700
  0.04020834   0.01157730
  0.04024714   0.01175800
  0.04028334   0.01193930
  0.04031694   0.01212110
  0.04034794   0.01230340
  0.04037644   0.01248610
  0.04040224   0.01266910
  0.04042544   0.01285260
  0.04044604   0.01303630
  0.04046404   0.01322030
  0.04047944   0.01340450
  0.04048084   0.01342370
  0.04048234   0.01344290
  0.04048374   0.01346210
  0.04048524   0.01348130
  0.04048664   0.01350050
  0.04048804   0.01351970
  0.04048954   0.01353890
  0.04049094   0.01355810
  0.04049244   0.01357730
  0.04049384   0.01359650
  0.04049524   0.01361560
  0.04049674   0.01363480
  0.04049814   0.01365400
  0.04049964   0.01367320
  0.04050104   0.01369240
  0.04050254   0.01371160
  0.04050394   0.01373080
  0.04050534   0.01375000
  0.04050684   0.01376920
  0.04050824   0.01378840
  0.04050974   0.01380760
  0.04051114   0.01382670
  0.04051254   0.01384590
  0.04051404   0.01386510
  0.04051544   0.01388430
  0.04051694   0.01390350
  0.04051834   0.01392270
  0.04051974   0.01394190
  0.04052124   0.01396110
  0.04052264   0.01398030
  0.04052414   0.01399950
  0.04052554   0.01401870
  0.04052704   0.01403780
  0.04052844   0.01405700
  0.04052984   0.01407620
  0.04053134   0.01409540
  0.04053274   0.01411460
  0.04053424   0.01413380
  0.04053564   0.01415300
  0.04053704   0.01417220
  0.04053854   0.01419140
  0.04053994   0.01421060
  0.04054144   0.01422980
  0.04054284   0.01424890
  0.04054424   0.01426810
  0.04054574   0.01428730
  0.04054714   0.01430650
  0.04054864   0.01432570
  0.04055004   0.01434490
  0.04055154   0.01436410
  0.04055294   0.01438330
  0.04055434   0.01440250
  0.04055584   0.01442170
  0.04055724   0.01444090
  0.04055874   0.01446000
  0.04056014   0.01447920
  0.04056154   0.01449840
  0.04056304   0.01451760
  0.04056444   0.01453680
  0.04056594   0.01455600
  0.04056734   0.01457520
  0.04056874   0.01459440
  0.04057024   0.01461360
  0.04057164   0.01463280
  0.04057314   0.01465200
  0.04057454   0.01467110
  0.04057604   0.01469030
  0.04057744   0.01470950
  0.04057884   0.01472870
  0.04058034   0.01474790
  0.04058174   0.01476710
  0.04058324   0.01478630
  0.04058464   0.01480550
  0.04058604   0.01482470
  0.04058754   0.01484390
  0.04058894   0.01486310
  0.04059044   0.01488220
  0.04059184   0.01490140
  0.04059324   0.01492060
  0.04059474   0.01493980
  0.04059614   0.01495900
  0.04059764   0.01497820
  0.04059904   0.01499740
  0.04060054   0.01501660
  0.04060194   0.01503580
  0.04060334   0.01505500
  0.04060484   0.01507420
  0.04060624   0.01509330
  0.04060774   0.01511250
  0.04060914   0.01513170
  0.04061054   0.01515090
  0.04061204   0.01517010
  0.04061344   0.01518930
  0.04061494   0.01520850
  0.04061634   0.01522770
  0.04061774   0.01524690
  0.04061924   0.01526610
  0.04062064   0.01528530
  0.04062214   0.01530440
  0.04062354   0.01532360
  0.04062504   0.01534280
  0.04062644   0.01536200
  0.04062784   0.01538120
  0.04062934   0.01540040
  0.04063074   0.01541960
  0.04063224   0.01543880
  0.04063364   0.01545800
  0.04063504   0.01547720
  0.04063654   0.01549640
  0.04063794   0.01551550
  0.04063944   0.01553470
  0.04064084   0.01555390
  0.04064224   0.01557310
  0.04064374   0.01559230
  0.04064514   0.01561150
  0.04064664   0.01563070
  0.04064804   0.01564990
  0.04064944   0.01566910
  0.04065094   0.01568830
  0.04065234   0.01570750
  0.04065384   0.01572660
  0.04065524   0.01574580
  0.04065674   0.01576500
  0.04065814   0.01578420
  0.04065954   0.01580340
  0.04066104   0.01582260
  0.04066244   0.01584180
  0.04066394   0.01586100
  0.04066534   0.01588020
  0.04066674   0.01589940
  0.04066824   0.01591860
  0.04066964   0.01593770
  0.04067114   0.01595690
  0.04067254   0.01597610
  0.04067394   0.01599530
  0.04067544   0.01601450
  0.04067684   0.01603370
  0.04067834   0.01605290
  0.04067974   0.01607210
  0.04068124   0.01609130
  0.04068264   0.01611050
  0.04068404   0.01612970
  0.04068554   0.01614880
  0.04068694   0.01616800
  0.04068844   0.01618720
  0.04068984   0.01620640
  0.04069124   0.01622560
  0.04069274   0.01624480
  0.04069414   0.01626400
  0.04069564   0.01628320
  0.04069704   0.01630240
  0.04069844   0.01632160
  0.04069994   0.01634080
  0.04070134   0.01635990
  0.04070284   0.01637910
  0.04070424   0.01639830
  0.04070574   0.01641750
  0.04070714   0.01643670
  0.04070854   0.01645590
  0.04071004   0.01647510
  0.04071144   0.01649430
  0.04071294   0.01651350
  0.04071434   0.01653270
  0.04071574   0.01655190
  0.04071724   0.01657100
  0.04071864   0.01659020
  0.04072014   0.01660940
  0.04072154   0.01662860
  0.04072294   0.01664780
  0.04072444   0.01666700
  0.04072584   0.01668620
  0.04072734   0.01670540
  0.04072874   0.01672460
  0.04073024   0.01674380
  0.04073164   0.01676300
  0.04073304   0.01678210
  0.04073454   0.01680130
  0.04073594   0.01682050
  0.04073744   0.01683970
  0.04073884   0.01685890
  0.04074024   0.01687810
  0.04074174   0.01689730
  0.04074314   0.01691650
  0.04074464   0.01693570
  0.04074604   0.01695490
  0.04074744   0.01697410
  0.04074894   0.01699320
  0.04075034   0.01701240
  0.04075184   0.01703160
  0.04075324   0.01705080
  0.04075474   0.01707000
  0.04075614   0.01708920
  0.04075754   0.01710840
  0.04075904   0.01712760
  0.04076044   0.01714680
  0.04076194   0.01716600
  0.04076334   0.01718520
  0.04076474   0.01720430
  0.04076624   0.01722350
  0.04076764   0.01724270
  0.04076914   0.01726190
  0.04077054   0.01728110
  0.04077194   0.01730030
  0.04077344   0.01731950
  0.04077484   0.01733870
  0.04077634   0.01735790
  0.04077774   0.01737710
  0.04077924   0.01739630
  0.04078064   0.01741540
  0.04078204   0.01743460
  0.04078354   0.01745380
  0.04078494   0.01747300
  0.04078644   0.01749220
  0.04078784   0.01751140
  0.04078924   0.01753060
  0.04079074   0.01754980
  0.04079214   0.01756900
  0.04079364   0.01758820
  0.04079504   0.01760740
  0.04079644   0.01762650
  0.04079794   0.01764570
  0.04079934   0.01766490
  0.04080084   0.01768410
  0.04080224   0.01770330
  0.04080364   0.01772250
  0.04080514   0.01774170
  0.04080654   0.01776090
  0.04080804   0.01778010
  0.04080944   0.01779930
  0.04081094   0.01781850
  0.04081234   0.01783760
  0.04081374   0.01785680
  0.04081524   0.01787600
  0.04081664   0.01789520
  0.04081814   0.01791440
  0.04081954   0.01793360
  0.04082094   0.01795280
  0.04082244   0.01797200
  0.04082384   0.01799120
  0.04082534   0.01801040
  0.04082674   0.01802960
  0.04082814   0.01804870
  0.04082964   0.01806790
  0.04083104   0.01808710
  0.04083254   0.01810630
  0.04083394   0.01812550
  0.04083544   0.01814470
  0.04083684   0.01816390
  0.04083824   0.01818310
  0.04083974   0.01820230
  0.04084114   0.01822150
  0.04084264   0.01824070
  0.04084404   0.01825980
  0.04084544   0.01827900
  0.04084694   0.01829820
  0.04084834   0.01831740
  0.04084984   0.01833660
  0.04085124   0.01835580
  0.04085264   0.01837500
  0.04085414   0.01839420
  0.04085554   0.01841340
  0.04085704   0.01843260
  0.04085844   0.01845180
  0.04085994   0.01847090
  0.04086134   0.01849010
  0.04086274   0.01850930
  0.04086424   0.01852850
  0.04086564   0.01854770
  0.04086714   0.01856690
  0.04086854   0.01858610
  0.04086994   0.01860530
  0.04087144   0.01862450
  0.04087284   0.01864370
  0.04087434   0.01866290
  0.04087574   0.01868200
  0.04087714   0.01870120
  0.04087864   0.01872040
  0.04088004   0.01873960
  0.04088154   0.01875880
  0.04088294   0.01877800
  0.04088444   0.01879720
  0.04088584   0.01881640
  0.04088724   0.01883560
  0.04088874   0.01885480
  0.04089014   0.01887400
  0.04089164   0.01889310
  0.04089304   0.01891230
  0.04089444   0.01893150
  0.04089594   0.01895070
  0.04089734   0.01896990
  0.04089884   0.01898910
  0.04090024   0.01900830
  0.04090164   0.01902750
  0.04090314   0.01904670
  0.04090454   0.01906590
  0.04090604   0.01908510
  0.04090744   0.01910420
  0.04090894   0.01912340
  0.04091034   0.01914260
  0.04091174   0.01916180
  0.04091324   0.01918100
  0.04091464   0.01920020
  0.04091614   0.01921940
  0.04091754   0.01923860
  0.04091894   0.01925780
  0.04092044   0.01927700
  0.04092184   0.01929620
  0.04092334   0.01931530
  0.04092474   0.01933450
  0.04092614   0.01935370
  0.04092764   0.01937290
  0.04092904   0.01939210
  0.04093054   0.01941130
  0.04093194   0.01943050
  0.04093334   0.01944970
  0.04093484   0.01946890
  0.04093624   0.01948810
  0.04093774   0.01950730
  0.04093914   0.01952640
  0.04094064   0.01954560
  0.04094204   0.01956480
  0.04094344   0.01958400
  0.04094494   0.01960320
  0.04094634   0.01962240
  0.04094784   0.01964160
  0.04094924   0.01966080
  0.04095064   0.01968000
  0.04095214   0.01969920
  0.04095354   0.01971840
  0.04095504   0.01973750
  0.04095644   0.01975670
  0.04095784   0.01977590
  0.04095934   0.01979510
  0.04096074   0.01981430
  0.04096224   0.01983350
  0.04096364   0.01985270
  0.04096514   0.01987190
  0.04096654   0.01989110
  0.04096794   0.01991030
  0.04096944   0.01992950
  0.04097084   0.01994860
  0.04097234   0.01996780
  0.04097374   0.01998700
  0.04097514   0.02000620
  0.04097664   0.02002540
  0.04097804   0.02004460
  0.04097954   0.02006380
  0.04098094   0.02008300
  0.04098234   0.02010220
  0.04098384   0.02012140
  0.04098524   0.02014060
  0.04098674   0.02015970
  0.04098814   0.02017890
  0.04098964   0.02019810
  0.04099104   0.02021730
  0.04099244   0.02023650
  0.04099394   0.02025570
  0.04099534   0.02027490
  0.04099684   0.02029410
  0.04099824   0.02031330
  0.04099964   0.02033250
  0.04100114   0.02035170
  0.04100254   0.02037080
  0.04100404   0.02039000
  0.04100544   0.02040920
  0.04100684   0.02042840
  0.04100834   0.02044760
  0.04100974   0.02046680
  0.04101124   0.02048600
  0.04101264   0.02050520
  0.04101414   0.02052440
  0.04101554   0.02054360
  0.04101694   0.02056280
  0.04101844   0.02058190
  0.04101984   0.02060110
  0.04102134   0.02062030
  0.04102274   0.02063950
  0.04102414   0.02065870
  0.04102564   0.02067790
  0.04102704   0.02069710
  0.04102854   0.02071630
  0.04102994   0.02073550
  0.04103134   0.02075470
  0.04103284   0.02077390
  0.04103424   0.02079300
  0.04103574   0.02081220
  0.04103714   0.02083140
  0.04103864   0.02085060
  0.04104004   0.02086980
  0.04104144   0.02088900
  0.04104294   0.02090820
  0.04104434   0.02092740
  0.04104584   0.02094660
  0.04104724   0.02096580
  0.04104864   0.02098500
  0.04105014   0.02100410
  0.04105154   0.02102330
  0.04105304   0.02104250
  0.04105444   0.02106170
  0.04105584   0.02108090
  0.04105734   0.02110010
  0.04105874   0.02111930
  0.04106024   0.02113850
  0.04106164   0.02115770
  0.04106314   0.02117690
  0.04106454   0.02119610
  0.04106594   0.02121520
  0.04106744   0.02123440
  0.04106884   0.02125360
  0.04107034   0.02127280
  0.04107174   0.02129200
  0.04107314   0.02131120
  0.04107464   0.02133040
  0.04107604   0.02134960
  0.04107754   0.02136880
  0.04107894   0.02138800
  0.04108034   0.02140720
  0.04108184   0.02142630
  0.04108324   0.02144550
  0.04108474   0.02146470
  0.04108614   0.02148390
  0.04108754   0.02150310
  0.04108904   0.02152230
  0.04109044   0.02154150
  0.04109194   0.02156070
  0.04109334   0.02157990
  0.04109484   0.02159910
  0.04109624   0.02161830
  0.04109764   0.02163740
  0.04109914   0.02165660
  0.04110054   0.02167580
  0.04110204   0.02169500
  0.04110344   0.02171420
  0.04110484   0.02173340
  0.04110634   0.02175260
  0.04110774   0.02177180
  0.04110924   0.02179100
  0.04111064   0.02181020
  0.04111204   0.02182940
  0.04111354   0.02184850
  0.04111494   0.02186770
  0.04111644   0.02188690
  0.04111784   0.02190610
  0.04111934   0.02192530
  0.04112074   0.02194450
  0.04112214   0.02196370
  0.04112364   0.02198290
  0.04112504   0.02200210
  0.04112654   0.02202130
  0.04112794   0.02204050
  0.04112934   0.02205960
  0.04113084   0.02207880
  0.04113224   0.02209800
  0.04113374   0.02211720
  0.04113514   0.02213640
  0.04113654   0.02215560
  0.04113804   0.02217480
  0.04113944   0.02219400
  0.04114094   0.02221320
  0.04114234   0.02223240
  0.04114384   0.02225160
  0.04114524   0.02227070
  0.04114664   0.02228990
  0.04114814   0.02230910
  0.04114954   0.02232830
  0.04115104   0.02234750
  0.04115244   0.02236670
  0.04115384   0.02238590
  0.04115534   0.02240510
  0.04115674   0.02242430
  0.04115824   0.02244350
  0.04115964   0.02246270
  0.04116104   0.02248180
  0.04116254   0.02250100
  0.04116394   0.02252020
  0.04116544   0.02253940
  0.04116684   0.02255860
  0.04116834   0.02257780
  0.04116974   0.02259700
  0.04117114   0.02261620
  0.04117264   0.02263540
  0.04117404   0.02265460
  0.04117554   0.02267380
  0.04117694   0.02269290
  0.04117834   0.02271210
  0.04117984   0.02273130
  0.04118124   0.02275050
  0.04118274   0.02276970
  0.04118414   0.02278890
  0.04118554   0.02280810
  0.04118704   0.02282730
  0.04118844   0.02284650
  0.04118994   0.02286570
  0.04119134   0.02288490
  0.04119284   0.02290400
  0.04119424   0.02292320
  0.04119564   0.02294240
  0.04119714   0.02296160
  0.04119854   0.02298080
  0.04120004   0.02300000
