  0.02623395   0.02300000
  0.02623855   0.02281520
  0.02624315   0.02263030
  0.02624785   0.02244550
  0.02625245   0.02226070
  0.02625705   0.02207590
  0.02626165   0.02189100
  0.02626625   0.02170620
  0.02627085   0.02152140
  0.02627545   0.02133660
  0.02628015   0.02115170
  0.02628475   0.02096690
  0.02628935   0.02078210
  0.02629395   0.02059720
  0.02629855   0.02041240
  0.02630315   0.02022760
  0.02630775   0.02004280
  0.02631245   0.01985790
  0.02631705   0.01967310
  0.02632165   0.01948830
  0.02632625   0.01930350
  0.02633085   0.01911860
  0.02633545   0.01893380
  0.02634005   0.01874900
  0.02634475   0.01856410
  0.02634935   0.01837930
  0.02635395   0.01819450
  0.02635855   0.01800970
  0.02636315   0.01782480
  0.02636775   0.01764000
  0.02637245   0.01745520
  0.02637705   0.01727040
  0.02638165   0.01708550
  0.02638625   0.01690070
  0.02639085   0.01671590
  0.02639545   0.01653100
  0.02640005   0.01634620
  0.02640475   0.01616140
  0.02640935   0.01597660
  0.02641395   0.01579170
  0.02641855   0.01560690
  0.02642315   0.01542210
  0.02642775   0.01523730
  0.02643315   0.01505240
  0.02644095   0.01486770
  0.02645145   0.01468310
  0.02646465   0.01449870
  0.02648035   0.01431450
  0.02649875   0.01413060
  0.02651975   0.01394690
  0.02654335   0.01376350
  0.02656955   0.01358050
  0.02659835   0.01339780
  0.02662975   0.01321560
  0.02666365   0.01303390
  0.02670025   0.01285270
  0.02673935   0.01267200
  0.02678115   0.01249190
  0.02682535   0.01231240
  0.02687215   0.01213350
  0.02692155   0.01195530
  0.02697335   0.01177790
  0.02702775   0.01160120
  0.02708465   0.01142530
  0.02714405   0.01125020
  0.02720595   0.01107600
  0.02727035   0.01090260
  0.02733715   0.01073020
  0.02740635   0.01055880
  0.02747805   0.01038840
  0.02755215   0.01021900
  0.02762865   0.01005070
  0.02770755   0.00988350
  0.02778885   0.00971740
  0.02787245   0.00955250
  0.02795835   0.00938890
  0.02804665   0.00922640
  0.02813725   0.00906520
  0.02823005   0.00890530
  0.02832525   0.00874680
  0.02842255   0.00858960
  0.02852215   0.00843390
  0.02862395   0.00827950
  0.02872795   0.00812670
  0.02883405   0.00797530
  0.02894235   0.00782540
  0.02905275   0.00767710
  0.02916525   0.00753040
  0.02927985   0.00738530
  0.02939645   0.00724190
  0.02951515   0.00710010
  0.02963575   0.00696000
  0.02975845   0.00682160
  0.02988305   0.00668510
  0.03000955   0.00655020
  0.03013795   0.00641730
  0.03026835   0.00628610
  0.03040045   0.00615680
  0.03053445   0.00602940
  0.03067025   0.00590390
  0.03080775   0.00578040
  0.03094705   0.00565880
  0.03108815   0.00553930
  0.03123085   0.00542170
  0.03137515   0.00530620
  0.03152115   0.00519280
  0.03166875   0.00508140
  0.03181785   0.00497220
  0.03196855   0.00486500
  0.03212075   0.00476010
  0.03227445   0.00465730
  0.03242955   0.00455670
  0.03258615   0.00445830
  0.03274405   0.00436220
  0.03290335   0.00426830
  0.03306385   0.00417670
  0.03322575   0.00408740
  0.03338895   0.00400040
  0.03355325   0.00391570
  0.03371875   0.00383340
  0.03388545   0.00375340
  0.03405335   0.00367580
  0.03422225   0.00360060
  0.03439215   0.00352780
  0.03456315   0.00345750
  0.03473505   0.00338950
  0.03490795   0.00332410
  0.03508185   0.00326110
  0.03525655   0.00320050
  0.03543205   0.00314250
  0.03560835   0.00308700
  0.03578555   0.00303400
  0.03596335   0.00298350
  0.03614195   0.00293550
  0.03632095   0.00288920
  0.03650005   0.00284340
  0.03667925   0.00279800
  0.03685855   0.00275290
  0.03703795   0.00270830
  0.03721755   0.00266410
  0.03739715   0.00262040
  0.03757685   0.00257700
  0.03775665   0.00253410
  0.03793665   0.00249150
  0.03811665   0.00244940
  0.03829675   0.00240770
  0.03847695   0.00236640
  0.03865725   0.00232560
  0.03883775   0.00228510
  0.03901825   0.00224510
  0.03919875   0.00220550
  0.03937945   0.00216630
  0.03956025   0.00212750
  0.03974115   0.00208920
  0.03992205   0.00205120
  0.04010305   0.00201370
  0.04028425   0.00197660
  0.04046545   0.00193990
  0.04064675   0.00190360
  0.04082805   0.00186780
  0.04100955   0.00183240
  0.04119105   0.00179740
  0.04137275   0.00176280
  0.04155445   0.00172860
  0.04173615   0.00169480
  0.04191805   0.00166150
  0.04209995   0.00162860
  0.04228195   0.00159610
  0.04246405   0.00156400
  0.04264625   0.00153240
  0.04282845   0.00150120
  0.04301075   0.00147040
  0.04319315   0.00144000
  0.04337555   0.00141000
  0.04355805   0.00138050
  0.04374065   0.00135140
  0.04392335   0.00132270
  0.04410605   0.00129440
  0.04428875   0.00126650
  0.04447165   0.00123910
  0.04465455   0.00121210
  0.04483745   0.00118550
  0.04502055   0.00115940
  0.04520365   0.00113360
  0.04538675   0.00110830
  0.04556995   0.00108340
  0.04575325   0.00105900
  0.04593655   0.00103490
  0.04611985   0.00101130
  0.04630335   0.00098810
  0.04648675   0.00096530
  0.04667035   0.00094300
  0.04685385   0.00092100
  0.04703755   0.00089950
  0.04722125   0.00087850
  0.04740495   0.00085780
  0.04758875   0.00083760
  0.04777255   0.00081780
  0.04795645   0.00079840
  0.04814035   0.00077950
  0.04832425   0.00076090
  0.04850825   0.00074280
  0.04869225   0.00072520
  0.04887635   0.00070790
  0.04906045   0.00069110
  0.04924465   0.00067470
  0.04942885   0.00065870
  0.04961305   0.00064320
  0.04979735   0.00062800
  0.04998165   0.00061330
  0.05016595   0.00059910
  0.05035035   0.00058520
  0.05053475   0.00057180
  0.05071915   0.00055880
  0.05090365   0.00054620
  0.05108815   0.00053410
  0.05127265   0.00052240
  0.05145715   0.00051110
  0.05164175   0.00050030
  0.05182635   0.00048970
  0.05201085   0.00047920
  0.05219545   0.00046880
  0.05238005   0.00045860
  0.05256465   0.00044840
  0.05274935   0.00043840
  0.05293395   0.00042840
  0.05311855   0.00041860
  0.05330315   0.00040890
  0.05348785   0.00039930
  0.05367245   0.00038980
  0.05385715   0.00038050
  0.05404175   0.00037120
  0.05422645   0.00036210
  0.05441105   0.00035300
  0.05459575   0.00034410
  0.05478045   0.00033530
  0.05496515   0.00032670
  0.05514975   0.00031810
  0.05533445   0.00030960
  0.05551915   0.00030130
  0.05570385   0.00029310
  0.05588855   0.00028500
  0.05607335   0.00027700
  0.05625805   0.00026910
  0.05644275   0.00026130
  0.05662745   0.00025360
  0.05681215   0.00024610
  0.05699695   0.00023870
  0.05718165   0.00023130
  0.05736645   0.00022410
  0.05755115   0.00021710
  0.05773595   0.00021010
  0.05792065   0.00020320
  0.05810545   0.00019650
  0.05829025   0.00018980
  0.05847495   0.00018330
  0.05865975   0.00017690
  0.05884455   0.00017060
  0.05902935   0.00016440
  0.05921405   0.00015840
  0.05939885   0.00015240
  0.05958365   0.00014660
  0.05976845   0.00014090
  0.05995325   0.00013530
  0.06013805   0.00012980
  0.06032285   0.00012440
  0.06050765   0.00011910
  0.06069255   0.00011400
  0.06087735   0.00010890
  0.06106215   0.00010400
  0.06124695   0.00009920
  0.06143175   0.00009450
  0.06161665   0.00008990
  0.06180145   0.00008540
  0.06198625   0.00008110
  0.06217115   0.00007680
  0.06235595   0.00007270
  0.06254075   0.00006870
  0.06272565   0.00006480
  0.06291045   0.00006100
  0.06309535   0.00005740
  0.06328015   0.00005380
  0.06346505   0.00005030
  0.06364985   0.00004700
  0.06383475   0.00004380
  0.06401965   0.00004070
  0.06420445   0.00003770
  0.06438935   0.00003480
  0.06457415   0.00003210
  0.06475905   0.00002940
  0.06494395   0.00002690
  0.06512875   0.00002450
  0.06531365   0.00002220
  0.06549855   0.00002000
  0.06568345   0.00001790
  0.06586825   0.00001590
  0.06605315   0.00001410
  0.06623805   0.00001240
  0.06642295   0.00001070
  0.06660775   0.00000920
  0.06679265   0.00000780
  0.06697755   0.00000660
  0.06716245   0.00000540
  0.06734735   0.00000430
  0.06753215   0.00000340
  0.06771705   0.00000260
  0.06790195   0.00000190
  0.06808685   0.00000130
  0.06827175   0.00000080
  0.06845665   0.00000040
  0.06864155   0.00000020
  0.06882635  -0.00000000
  0.06901125  -0.00000000
  0.06919615   0.00000010
  0.06938105   0.00000030
  0.06956595   0.00000060
  0.06975085   0.00000100
  0.06993565   0.00000160
  0.07012055   0.00000220
  0.07030545   0.00000300
  0.07049035   0.00000390
  0.07067525   0.00000490
  0.07086015   0.00000600
  0.07104495   0.00000720
  0.07122985   0.00000860
  0.07141475   0.00001000
  0.07159965   0.00001190
  0.07178445   0.00001420
  0.07196935   0.00001700
  0.07215425   0.00002020
  0.07233905   0.00002380
  0.07252395   0.00002780
  0.07270875   0.00003230
  0.07289355   0.00003720
  0.07307835   0.00004250
  0.07326315   0.00004830
  0.07344795   0.00005440
  0.07363275   0.00006100
  0.07381745   0.00006810
  0.07400215   0.00007550
  0.07418695   0.00008340
  0.07437165   0.00009170
  0.07455625   0.00010050
  0.07474095   0.00010960
  0.07492555   0.00011920
  0.07511015   0.00012920
  0.07529475   0.00013970
  0.07547935   0.00015060
  0.07566385   0.00016190
  0.07584835   0.00017360
  0.07603285   0.00018570
  0.07621735   0.00019830
  0.07640175   0.00021130
  0.07658615   0.00022470
  0.07677055   0.00023860
  0.07695485   0.00025290
  0.07713915   0.00026760
  0.07732345   0.00028270
  0.07750765   0.00029830
  0.07769185   0.00031430
  0.07787605   0.00033070
  0.07806015   0.00034750
  0.07824415   0.00036480
  0.07842825   0.00038250
  0.07861225   0.00040060
  0.07879615   0.00041910
  0.07898005   0.00043810
  0.07916395   0.00045750
  0.07934775   0.00047730
  0.07953155   0.00049750
  0.07971525   0.00051820
  0.07989895   0.00053930
  0.08008255   0.00056080
  0.08026615   0.00058270
  0.08044965   0.00060510
  0.08063315   0.00062790
  0.08081655   0.00065110
  0.08099995   0.00067470
  0.08118325   0.00069880
  0.08136655   0.00072320
  0.08154975   0.00074810
  0.08173285   0.00077350
  0.08191595   0.00079920
  0.08209895   0.00082540
  0.08228195   0.00085200
  0.08246485   0.00087900
  0.08264765   0.00090640
  0.08283045   0.00093430
  0.08301315   0.00096260
  0.08319575   0.00099130
  0.08337835   0.00102040
  0.08356085   0.00105000
  0.08374335   0.00108000
  0.08392565   0.00111040
  0.08410795   0.00114120
  0.08429025   0.00117240
  0.08447235   0.00120410
  0.08465445   0.00123610
  0.08483645   0.00126860
  0.08501835   0.00130160
  0.08520025   0.00133490
  0.08538205   0.00136870
  0.08556375   0.00140290
  0.08574535   0.00143750
  0.08592685   0.00147250
  0.08610835   0.00150790
  0.08628965   0.00154380
  0.08647095   0.00158000
  0.08665215   0.00161670
  0.08683335   0.00165390
  0.08701425   0.00169200
  0.08719455   0.00173270
  0.08737435   0.00177590
  0.08755345   0.00182170
  0.08773195   0.00187000
  0.08790965   0.00192090
  0.08808665   0.00197430
  0.08826295   0.00203010
  0.08843835   0.00208850
  0.08861295   0.00214940
  0.08878655   0.00221280
  0.08895935   0.00227860
  0.08913115   0.00234690
  0.08930205   0.00241760
  0.08947185   0.00249070
  0.08964055   0.00256620
  0.08980825   0.00264420
  0.08997475   0.00272450
  0.09014015   0.00280710
  0.09030435   0.00289220
  0.09046725   0.00297950
  0.09062895   0.00306910
  0.09078935   0.00316110
  0.09094845   0.00325530
  0.09110615   0.00335170
  0.09126255   0.00345040
  0.09141745   0.00355130
  0.09157085   0.00365440
  0.09172285   0.00375970
  0.09187335   0.00386710
  0.09202225   0.00397670
  0.09216965   0.00408830
  0.09231535   0.00420210
  0.09245955   0.00431790
  0.09260195   0.00443570
  0.09274275   0.00455560
  0.09288175   0.00467740
  0.09301905   0.00480120
  0.09315465   0.00492700
  0.09328835   0.00505470
  0.09342025   0.00518420
  0.09355025   0.00531560
  0.09367845   0.00544890
  0.09380475   0.00558390
  0.09392905   0.00572080
  0.09405135   0.00585940
  0.09417175   0.00599970
  0.09429015   0.00614170
  0.09440645   0.00628540
  0.09452075   0.00643080
  0.09463295   0.00657770
  0.09474305   0.00672620
  0.09485105   0.00687630
  0.09495685   0.00702790
  0.09506055   0.00718100
  0.09516205   0.00733550
  0.09526135   0.00749150
  0.09535835   0.00764890
  0.09545315   0.00780760
  0.09554565   0.00796770
  0.09563595   0.00812900
  0.09572385   0.00829160
  0.09580945   0.00845550
  0.09589275   0.00862060
  0.09597365   0.00878680
  0.09605225   0.00895420
  0.09612835   0.00912260
  0.09620215   0.00929220
  0.09627345   0.00946270
  0.09634235   0.00963430
  0.09640885   0.00980680
  0.09647285   0.00998030
  0.09653435   0.01015460
  0.09659345   0.01032980
  0.09664995   0.01050580
  0.09670405   0.01068270
  0.09675555   0.01086020
  0.09680455   0.01103850
  0.09685095   0.01121750
  0.09689485   0.01139700
  0.09693615   0.01157730
  0.09697495   0.01175800
  0.09701115   0.01193930
  0.09704475   0.01212110
  0.09707575   0.01230340
  0.09710425   0.01248610
  0.09713005   0.01266910
  0.09715325   0.01285260
  0.09717385   0.01303630
  0.09719185   0.01322030
  0.09720725   0.01340450
  0.09720865   0.01342370
  0.09721015   0.01344290
  0.09721155   0.01346210
  0.09721305   0.01348130
  0.09721445   0.01350050
  0.09721585   0.01351970
  0.09721735   0.01353890
  0.09721875   0.01355810
  0.09722025   0.01357730
  0.09722165   0.01359650
  0.09722305   0.01361560
  0.09722455   0.01363480
  0.09722595   0.01365400
  0.09722745   0.01367320
  0.09722885   0.01369240
  0.09723035   0.01371160
  0.09723175   0.01373080
  0.09723315   0.01375000
  0.09723465   0.01376920
  0.09723605   0.01378840
  0.09723755   0.01380760
  0.09723895   0.01382670
  0.09724035   0.01384590
  0.09724185   0.01386510
  0.09724325   0.01388430
  0.09724475   0.01390350
  0.09724615   0.01392270
  0.09724755   0.01394190
  0.09724905   0.01396110
  0.09725045   0.01398030
  0.09725195   0.01399950
  0.09725335   0.01401870
  0.09725485   0.01403780
  0.09725625   0.01405700
  0.09725765   0.01407620
  0.09725915   0.01409540
  0.09726055   0.01411460
  0.09726205   0.01413380
  0.09726345   0.01415300
  0.09726485   0.01417220
  0.09726635   0.01419140
  0.09726775   0.01421060
  0.09726925   0.01422980
  0.09727065   0.01424890
  0.09727205   0.01426810
  0.09727355   0.01428730
  0.09727495   0.01430650
  0.09727645   0.01432570
  0.09727785   0.01434490
  0.09727935   0.01436410
  0.09728075   0.01438330
  0.09728215   0.01440250
  0.09728365   0.01442170
  0.09728505   0.01444090
  0.09728655   0.01446000
  0.09728795   0.01447920
  0.09728935   0.01449840
  0.09729085   0.01451760
  0.09729225   0.01453680
  0.09729375   0.01455600
  0.09729515   0.01457520
  0.09729655   0.01459440
  0.09729805   0.01461360
  0.09729945   0.01463280
  0.09730095   0.01465200
  0.09730235   0.01467110
  0.09730385   0.01469030
  0.09730525   0.01470950
  0.09730665   0.01472870
  0.09730815   0.01474790
  0.09730955   0.01476710
  0.09731105   0.01478630
  0.09731245   0.01480550
  0.09731385   0.01482470
  0.09731535   0.01484390
  0.09731675   0.01486310
  0.09731825   0.01488220
  0.09731965   0.01490140
  0.09732105   0.01492060
  0.09732255   0.01493980
  0.09732395   0.01495900
  0.09732545   0.01497820
  0.09732685   0.01499740
  0.09732835   0.01501660
  0.09732975   0.01503580
  0.09733115   0.01505500
  0.09733265   0.01507420
  0.09733405   0.01509330
  0.09733555   0.01511250
  0.09733695   0.01513170
  0.09733835   0.01515090
  0.09733985   0.01517010
  0.09734125   0.01518930
  0.09734275   0.01520850
  0.09734415   0.01522770
  0.09734555   0.01524690
  0.09734705   0.01526610
  0.09734845   0.01528530
  0.09734995   0.01530440
  0.09735135   0.01532360
  0.09735285   0.01534280
  0.09735425   0.01536200
  0.09735565   0.01538120
  0.09735715   0.01540040
  0.09735855   0.01541960
  0.09736005   0.01543880
  0.09736145   0.01545800
  0.09736285   0.01547720
  0.09736435   0.01549640
  0.09736575   0.01551550
  0.09736725   0.01553470
  0.09736865   0.01555390
  0.09737005   0.01557310
  0.09737155   0.01559230
  0.09737295   0.01561150
  0.09737445   0.01563070
  0.09737585   0.01564990
  0.09737725   0.01566910
  0.09737875   0.01568830
  0.09738015   0.01570750
  0.09738165   0.01572660
  0.09738305   0.01574580
  0.09738455   0.01576500
  0.09738595   0.01578420
  0.09738735   0.01580340
  0.09738885   0.01582260
  0.09739025   0.01584180
  0.09739175   0.01586100
  0.09739315   0.01588020
  0.09739455   0.01589940
  0.09739605   0.01591860
  0.09739745   0.01593770
  0.09739895   0.01595690
  0.09740035   0.01597610
  0.09740175   0.01599530
  0.09740325   0.01601450
  0.09740465   0.01603370
  0.09740615   0.01605290
  0.09740755   0.01607210
  0.09740905   0.01609130
  0.09741045   0.01611050
  0.09741185   0.01612970
  0.09741335   0.01614880
  0.09741475   0.01616800
  0.09741625   0.01618720
  0.09741765   0.01620640
  0.09741905   0.01622560
  0.09742055   0.01624480
  0.09742195   0.01626400
  0.09742345   0.01628320
  0.09742485   0.01630240
  0.09742625   0.01632160
  0.09742775   0.01634080
  0.09742915   0.01635990
  0.09743065   0.01637910
  0.09743205   0.01639830
  0.09743355   0.01641750
  0.09743495   0.01643670
  0.09743635   0.01645590
  0.09743785   0.01647510
  0.09743925   0.01649430
  0.09744075   0.01651350
  0.09744215   0.01653270
  0.09744355   0.01655190
  0.09744505   0.01657100
  0.09744645   0.01659020
  0.09744795   0.01660940
  0.09744935   0.01662860
  0.09745075   0.01664780
  0.09745225   0.01666700
  0.09745365   0.01668620
  0.09745515   0.01670540
  0.09745655   0.01672460
  0.09745805   0.01674380
  0.09745945   0.01676300
  0.09746085   0.01678210
  0.09746235   0.01680130
  0.09746375   0.01682050
  0.09746525   0.01683970
  0.09746665   0.01685890
  0.09746805   0.01687810
  0.09746955   0.01689730
  0.09747095   0.01691650
  0.09747245   0.01693570
  0.09747385   0.01695490
  0.09747525   0.01697410
  0.09747675   0.01699320
  0.09747815   0.01701240
  0.09747965   0.01703160
  0.09748105   0.01705080
  0.09748255   0.01707000
  0.09748395   0.01708920
  0.09748535   0.01710840
  0.09748685   0.01712760
  0.09748825   0.01714680
  0.09748975   0.01716600
  0.09749115   0.01718520
  0.09749255   0.01720430
  0.09749405   0.01722350
  0.09749545   0.01724270
  0.09749695   0.01726190
  0.09749835   0.01728110
  0.09749975   0.01730030
  0.09750125   0.01731950
  0.09750265   0.01733870
  0.09750415   0.01735790
  0.09750555   0.01737710
  0.09750705   0.01739630
  0.09750845   0.01741540
  0.09750985   0.01743460
  0.09751135   0.01745380
  0.09751275   0.01747300
  0.09751425   0.01749220
  0.09751565   0.01751140
  0.09751705   0.01753060
  0.09751855   0.01754980
  0.09751995   0.01756900
  0.09752145   0.01758820
  0.09752285   0.01760740
  0.09752425   0.01762650
  0.09752575   0.01764570
  0.09752715   0.01766490
  0.09752865   0.01768410
  0.09753005   0.01770330
  0.09753145   0.01772250
  0.09753295   0.01774170
  0.09753435   0.01776090
  0.09753585   0.01778010
  0.09753725   0.01779930
  0.09753875   0.01781850
  0.09754015   0.01783760
  0.09754155   0.01785680
  0.09754305   0.01787600
  0.09754445   0.01789520
  0.09754595   0.01791440
  0.09754735   0.01793360
  0.09754875   0.01795280
  0.09755025   0.01797200
  0.09755165   0.01799120
  0.09755315   0.01801040
  0.09755455   0.01802960
  0.09755595   0.01804870
  0.09755745   0.01806790
  0.09755885   0.01808710
  0.09756035   0.01810630
  0.09756175   0.01812550
  0.09756325   0.01814470
  0.09756465   0.01816390
  0.09756605   0.01818310
  0.09756755   0.01820230
  0.09756895   0.01822150
  0.09757045   0.01824070
  0.09757185   0.01825980
  0.09757325   0.01827900
  0.09757475   0.01829820
  0.09757615   0.01831740
  0.09757765   0.01833660
  0.09757905   0.01835580
  0.09758045   0.01837500
  0.09758195   0.01839420
  0.09758335   0.01841340
  0.09758485   0.01843260
  0.09758625   0.01845180
  0.09758775   0.01847090
  0.09758915   0.01849010
  0.09759055   0.01850930
  0.09759205   0.01852850
  0.09759345   0.01854770
  0.09759495   0.01856690
  0.09759635   0.01858610
  0.09759775   0.01860530
  0.09759925   0.01862450
  0.09760065   0.01864370
  0.09760215   0.01866290
  0.09760355   0.01868200
  0.09760495   0.01870120
  0.09760645   0.01872040
  0.09760785   0.01873960
  0.09760935   0.01875880
  0.09761075   0.01877800
  0.09761225   0.01879720
  0.09761365   0.01881640
  0.09761505   0.01883560
  0.09761655   0.01885480
  0.09761795   0.01887400
  0.09761945   0.01889310
  0.09762085   0.01891230
  0.09762225   0.01893150
  0.09762375   0.01895070
  0.09762515   0.01896990
  0.09762665   0.01898910
  0.09762805   0.01900830
  0.09762945   0.01902750
  0.09763095   0.01904670
  0.09763235   0.01906590
  0.09763385   0.01908510
  0.09763525   0.01910420
  0.09763675   0.01912340
  0.09763815   0.01914260
  0.09763955   0.01916180
  0.09764105   0.01918100
  0.09764245   0.01920020
  0.09764395   0.01921940
  0.09764535   0.01923860
  0.09764675   0.01925780
  0.09764825   0.01927700
  0.09764965   0.01929620
  0.09765115   0.01931530
  0.09765255   0.01933450
  0.09765395   0.01935370
  0.09765545   0.01937290
  0.09765685   0.01939210
  0.09765835   0.01941130
  0.09765975   0.01943050
  0.09766115   0.01944970
  0.09766265   0.01946890
  0.09766405   0.01948810
  0.09766555   0.01950730
  0.09766695   0.01952640
  0.09766845   0.01954560
  0.09766985   0.01956480
  0.09767125   0.01958400
  0.09767275   0.01960320
  0.09767415   0.01962240
  0.09767565   0.01964160
  0.09767705   0.01966080
  0.09767845   0.01968000
  0.09767995   0.01969920
  0.09768135   0.01971840
  0.09768285   0.01973750
  0.09768425   0.01975670
  0.09768565   0.01977590
  0.09768715   0.01979510
  0.09768855   0.01981430
  0.09769005   0.01983350
  0.09769145   0.01985270
  0.09769295   0.01987190
  0.09769435   0.01989110
  0.09769575   0.01991030
  0.09769725   0.01992950
  0.09769865   0.01994860
  0.09770015   0.01996780
  0.09770155   0.01998700
  0.09770295   0.02000620
  0.09770445   0.02002540
  0.09770585   0.02004460
  0.09770735   0.02006380
  0.09770875   0.02008300
  0.09771015   0.02010220
  0.09771165   0.02012140
  0.09771305   0.02014060
  0.09771455   0.02015970
  0.09771595   0.02017890
  0.09771745   0.02019810
  0.09771885   0.02021730
  0.09772025   0.02023650
  0.09772175   0.02025570
  0.09772315   0.02027490
  0.09772465   0.02029410
  0.09772605   0.02031330
  0.09772745   0.02033250
  0.09772895   0.02035170
  0.09773035   0.02037080
  0.09773185   0.02039000
  0.09773325   0.02040920
  0.09773465   0.02042840
  0.09773615   0.02044760
  0.09773755   0.02046680
  0.09773905   0.02048600
  0.09774045   0.02050520
  0.09774195   0.02052440
  0.09774335   0.02054360
  0.09774475   0.02056280
  0.09774625   0.02058190
  0.09774765   0.02060110
  0.09774915   0.02062030
  0.09775055   0.02063950
  0.09775195   0.02065870
  0.09775345   0.02067790
  0.09775485   0.02069710
  0.09775635   0.02071630
  0.09775775   0.02073550
  0.09775915   0.02075470
  0.09776065   0.02077390
  0.09776205   0.02079300
  0.09776355   0.02081220
  0.09776495   0.02083140
  0.09776645   0.02085060
  0.09776785   0.02086980
  0.09776925   0.02088900
  0.09777075   0.02090820
  0.09777215   0.02092740
  0.09777365   0.02094660
  0.09777505   0.02096580
  0.09777645   0.02098500
  0.09777795   0.02100410
  0.09777935   0.02102330
  0.09778085   0.02104250
  0.09778225   0.02106170
  0.09778365   0.02108090
  0.09778515   0.02110010
  0.09778655   0.02111930
  0.09778805   0.02113850
  0.09778945   0.02115770
  0.09779095   0.02117690
  0.09779235   0.02119610
  0.09779375   0.02121520
  0.09779525   0.02123440
  0.09779665   0.02125360
  0.09779815   0.02127280
  0.09779955   0.02129200
  0.09780095   0.02131120
  0.09780245   0.02133040
  0.09780385   0.02134960
  0.09780535   0.02136880
  0.09780675   0.02138800
  0.09780815   0.02140720
  0.09780965   0.02142630
  0.09781105   0.02144550
  0.09781255   0.02146470
  0.09781395   0.02148390
  0.09781535   0.02150310
  0.09781685   0.02152230
  0.09781825   0.02154150
  0.09781975   0.02156070
  0.09782115   0.02157990
  0.09782265   0.02159910
  0.09782405   0.02161830
  0.09782545   0.02163740
  0.09782695   0.02165660
  0.09782835   0.02167580
  0.09782985   0.02169500
  0.09783125   0.02171420
  0.09783265   0.02173340
  0.09783415   0.02175260
  0.09783555   0.02177180
  0.09783705   0.02179100
  0.09783845   0.02181020
  0.09783985   0.02182940
  0.09784135   0.02184850
  0.09784275   0.02186770
  0.09784425   0.02188690
  0.09784565   0.02190610
  0.09784715   0.02192530
  0.09784855   0.02194450
  0.09784995   0.02196370
  0.09785145   0.02198290
  0.09785285   0.02200210
  0.09785435   0.02202130
  0.09785575   0.02204050
  0.09785715   0.02205960
  0.09785865   0.02207880
  0.09786005   0.02209800
  0.09786155   0.02211720
  0.09786295   0.02213640
  0.09786435   0.02215560
  0.09786585   0.02217480
  0.09786725   0.02219400
  0.09786875   0.02221320
  0.09787015   0.02223240
  0.09787165   0.02225160
  0.09787305   0.02227070
  0.09787445   0.02228990
  0.09787595   0.02230910
  0.09787735   0.02232830
  0.09787885   0.02234750
  0.09788025   0.02236670
  0.09788165   0.02238590
  0.09788315   0.02240510
  0.09788455   0.02242430
  0.09788605   0.02244350
  0.09788745   0.02246270
  0.09788885   0.02248180
  0.09789035   0.02250100
  0.09789175   0.02252020
  0.09789325   0.02253940
  0.09789465   0.02255860
  0.09789615   0.02257780
  0.09789755   0.02259700
  0.09789895   0.02261620
  0.09790045   0.02263540
  0.09790185   0.02265460
  0.09790335   0.02267380
  0.09790475   0.02269290
  0.09790615   0.02271210
  0.09790765   0.02273130
  0.09790905   0.02275050
  0.09791055   0.02276970
  0.09791195   0.02278890
  0.09791335   0.02280810
  0.09791485   0.02282730
  0.09791625   0.02284650
  0.09791775   0.02286570
  0.09791915   0.02288490
  0.09792065   0.02290400
  0.09792205   0.02292320
  0.09792345   0.02294240
  0.09792495   0.02296160
  0.09792635   0.02298080
  0.09792785   0.02300000
