 -0.02951289   0.02300000
 -0.02950829   0.02281520
 -0.02950369   0.02263030
 -0.02949899   0.02244550
 -0.02949439   0.02226070
 -0.02948979   0.02207590
 -0.02948519   0.02189100
 -0.02948059   0.02170620
 -0.02947599   0.02152140
 -0.02947139   0.02133660
 -0.02946669   0.02115170
 -0.02946209   0.02096690
 -0.02945749   0.02078210
 -0.02945289   0.02059720
 -0.02944829   0.02041240
 -0.02944369   0.02022760
 -0.02943909   0.02004280
 -0.02943439   0.01985790
 -0.02942979   0.01967310
 -0.02942519   0.01948830
 -0.02942059   0.01930350
 -0.02941599   0.01911860
 -0.02941139   0.01893380
 -0.02940679   0.01874900
 -0.02940209   0.01856410
 -0.02939749   0.01837930
 -0.02939289   0.01819450
 -0.02938829   0.01800970
 -0.02938369   0.01782480
 -0.02937909   0.01764000
 -0.02937439   0.01745520
 -0.02936979   0.01727040
 -0.02936519   0.01708550
 -0.02936059   0.01690070
 -0.02935599   0.01671590
 -0.02935139   0.01653100
 -0.02934679   0.01634620
 -0.02934209   0.01616140
 -0.02933749   0.01597660
 -0.02933289   0.01579170
 -0.02932829   0.01560690
 -0.02932369   0.01542210
 -0.02931909   0.01523730
 -0.02931369   0.01505240
 -0.02930589   0.01486770
 -0.02929539   0.01468310
 -0.02928219   0.01449870
 -0.02926649   0.01431450
 -0.02924809   0.01413060
 -0.02922709   0.01394690
 -0.02920349   0.01376350
 -0.02917729   0.01358050
 -0.02914849   0.01339780
 -0.02911709   0.01321560
 -0.02908319   0.01303390
 -0.02904659   0.01285270
 -0.02900749   0.01267200
 -0.02896569   0.01249190
 -0.02892149   0.01231240
 -0.02887469   0.01213350
 -0.02882529   0.01195530
 -0.02877349   0.01177790
 -0.02871909   0.01160120
 -0.02866219   0.01142530
 -0.02860279   0.01125020
 -0.02854089   0.01107600
 -0.02847649   0.01090260
 -0.02840969   0.01073020
 -0.02834049   0.01055880
 -0.02826879   0.01038840
 -0.02819469   0.01021900
 -0.02811819   0.01005070
 -0.02803929   0.00988350
 -0.02795799   0.00971740
 -0.02787439   0.00955250
 -0.02778849   0.00938890
 -0.02770019   0.00922640
 -0.02760959   0.00906520
 -0.02751679   0.00890530
 -0.02742159   0.00874680
 -0.02732429   0.00858960
 -0.02722469   0.00843390
 -0.02712289   0.00827950
 -0.02701889   0.00812670
 -0.02691279   0.00797530
 -0.02680449   0.00782540
 -0.02669409   0.00767710
 -0.02658159   0.00753040
 -0.02646699   0.00738530
 -0.02635039   0.00724190
 -0.02623169   0.00710010
 -0.02611109   0.00696000
 -0.02598839   0.00682160
 -0.02586379   0.00668510
 -0.02573729   0.00655020
 -0.02560889   0.00641730
 -0.02547849   0.00628610
 -0.02534639   0.00615680
 -0.02521239   0.00602940
 -0.02507659   0.00590390
 -0.02493909   0.00578040
 -0.02479979   0.00565880
 -0.02465869   0.00553930
 -0.02451599   0.00542170
 -0.02437169   0.00530620
 -0.02422569   0.00519280
 -0.02407809   0.00508140
 -0.02392899   0.00497220
 -0.02377829   0.00486500
 -0.02362609   0.00476010
 -0.02347239   0.00465730
 -0.02331729   0.00455670
 -0.02316069   0.00445830
 -0.02300279   0.00436220
 -0.02284349   0.00426830
 -0.02268299   0.00417670
 -0.02252109   0.00408740
 -0.02235789   0.00400040
 -0.02219359   0.00391570
 -0.02202809   0.00383340
 -0.02186139   0.00375340
 -0.02169349   0.00367580
 -0.02152459   0.00360060
 -0.02135469   0.00352780
 -0.02118369   0.00345750
 -0.02101179   0.00338950
 -0.02083889   0.00332410
 -0.02066499   0.00326110
 -0.02049029   0.00320050
 -0.02031479   0.00314250
 -0.02013849   0.00308700
 -0.01996129   0.00303400
 -0.01978349   0.00298350
 -0.01960489   0.00293550
 -0.01942589   0.00288920
 -0.01924679   0.00284340
 -0.01906759   0.00279800
 -0.01888829   0.00275290
 -0.01870889   0.00270830
 -0.01852929   0.00266410
 -0.01834969   0.00262040
 -0.01816999   0.00257700
 -0.01799019   0.00253410
 -0.01781019   0.00249150
 -0.01763019   0.00244940
 -0.01745009   0.00240770
 -0.01726989   0.00236640
 -0.01708959   0.00232560
 -0.01690909   0.00228510
 -0.01672859   0.00224510
 -0.01654809   0.00220550
 -0.01636739   0.00216630
 -0.01618659   0.00212750
 -0.01600569   0.00208920
 -0.01582479   0.00205120
 -0.01564379   0.00201370
 -0.01546259   0.00197660
 -0.01528139   0.00193990
 -0.01510009   0.00190360
 -0.01491879   0.00186780
 -0.01473729   0.00183240
 -0.01455579   0.00179740
 -0.01437409   0.00176280
 -0.01419239   0.00172860
 -0.01401069   0.00169480
 -0.01382879   0.00166150
 -0.01364689   0.00162860
 -0.01346489   0.00159610
 -0.01328279   0.00156400
 -0.01310059   0.00153240
 -0.01291839   0.00150120
 -0.01273609   0.00147040
 -0.01255369   0.00144000
 -0.01237129   0.00141000
 -0.01218879   0.00138050
 -0.01200619   0.00135140
 -0.01182349   0.00132270
 -0.01164079   0.00129440
 -0.01145809   0.00126650
 -0.01127519   0.00123910
 -0.01109229   0.00121210
 -0.01090939   0.00118550
 -0.01072629   0.00115940
 -0.01054319   0.00113360
 -0.01036009   0.00110830
 -0.01017689   0.00108340
 -0.00999359   0.00105900
 -0.00981029   0.00103490
 -0.00962699   0.00101130
 -0.00944349   0.00098810
 -0.00926009   0.00096530
 -0.00907649   0.00094300
 -0.00889299   0.00092100
 -0.00870929   0.00089950
 -0.00852559   0.00087850
 -0.00834189   0.00085780
 -0.00815809   0.00083760
 -0.00797429   0.00081780
 -0.00779039   0.00079840
 -0.00760649   0.00077950
 -0.00742259   0.00076090
 -0.00723859   0.00074280
 -0.00705459   0.00072520
 -0.00687049   0.00070790
 -0.00668639   0.00069110
 -0.00650219   0.00067470
 -0.00631799   0.00065870
 -0.00613379   0.00064320
 -0.00594949   0.00062800
 -0.00576519   0.00061330
 -0.00558089   0.00059910
 -0.00539649   0.00058520
 -0.00521209   0.00057180
 -0.00502769   0.00055880
 -0.00484319   0.00054620
 -0.00465869   0.00053410
 -0.00447419   0.00052240
 -0.00428969   0.00051110
 -0.00410509   0.00050030
 -0.00392049   0.00048970
 -0.00373599   0.00047920
 -0.00355139   0.00046880
 -0.00336679   0.00045860
 -0.00318219   0.00044840
 -0.00299749   0.00043840
 -0.00281289   0.00042840
 -0.00262829   0.00041860
 -0.00244369   0.00040890
 -0.00225899   0.00039930
 -0.00207439   0.00038980
 -0.00188969   0.00038050
 -0.00170509   0.00037120
 -0.00152039   0.00036210
 -0.00133579   0.00035300
 -0.00115109   0.00034410
 -0.00096639   0.00033530
 -0.00078169   0.00032670
 -0.00059709   0.00031810
 -0.00041239   0.00030960
 -0.00022769   0.00030130
 -0.00004299   0.00029310
  0.00014171   0.00028500
  0.00032651   0.00027700
  0.00051121   0.00026910
  0.00069591   0.00026130
  0.00088061   0.00025360
  0.00106531   0.00024610
  0.00125011   0.00023870
  0.00143481   0.00023130
  0.00161961   0.00022410
  0.00180431   0.00021710
  0.00198911   0.00021010
  0.00217381   0.00020320
  0.00235861   0.00019650
  0.00254341   0.00018980
  0.00272811   0.00018330
  0.00291291   0.00017690
  0.00309771   0.00017060
  0.00328251   0.00016440
  0.00346721   0.00015840
  0.00365201   0.00015240
  0.00383681   0.00014660
  0.00402161   0.00014090
  0.00420641   0.00013530
  0.00439121   0.00012980
  0.00457601   0.00012440
  0.00476081   0.00011910
  0.00494571   0.00011400
  0.00513051   0.00010890
  0.00531531   0.00010400
  0.00550011   0.00009920
  0.00568491   0.00009450
  0.00586981   0.00008990
  0.00605461   0.00008540
  0.00623941   0.00008110
  0.00642431   0.00007680
  0.00660911   0.00007270
  0.00679391   0.00006870
  0.00697881   0.00006480
  0.00716361   0.00006100
  0.00734851   0.00005740
  0.00753331   0.00005380
  0.00771821   0.00005030
  0.00790301   0.00004700
  0.00808791   0.00004380
  0.00827281   0.00004070
  0.00845761   0.00003770
  0.00864251   0.00003480
  0.00882731   0.00003210
  0.00901221   0.00002940
  0.00919711   0.00002690
  0.00938191   0.00002450
  0.00956681   0.00002220
  0.00975171   0.00002000
  0.00993661   0.00001790
  0.01012141   0.00001590
  0.01030631   0.00001410
  0.01049121   0.00001240
  0.01067611   0.00001070
  0.01086091   0.00000920
  0.01104581   0.00000780
  0.01123071   0.00000660
  0.01141561   0.00000540
  0.01160051   0.00000430
  0.01178531   0.00000340
  0.01197021   0.00000260
  0.01215511   0.00000190
  0.01234001   0.00000130
  0.01252491   0.00000080
  0.01270981   0.00000040
  0.01289471   0.00000020
  0.01307951  -0.00000000
  0.01326441  -0.00000000
  0.01344931   0.00000010
  0.01363421   0.00000030
  0.01381911   0.00000060
  0.01400401   0.00000100
  0.01418881   0.00000160
  0.01437371   0.00000220
  0.01455861   0.00000300
  0.01474351   0.00000390
  0.01492841   0.00000490
  0.01511331   0.00000600
  0.01529811   0.00000720
  0.01548301   0.00000860
  0.01566791   0.00001000
  0.01585281   0.00001190
  0.01603761   0.00001420
  0.01622251   0.00001700
  0.01640741   0.00002020
  0.01659221   0.00002380
  0.01677711   0.00002780
  0.01696191   0.00003230
  0.01714671   0.00003720
  0.01733151   0.00004250
  0.01751631   0.00004830
  0.01770111   0.00005440
  0.01788591   0.00006100
  0.01807061   0.00006810
  0.01825531   0.00007550
  0.01844011   0.00008340
  0.01862481   0.00009170
  0.01880941   0.00010050
  0.01899411   0.00010960
  0.01917871   0.00011920
  0.01936331   0.00012920
  0.01954791   0.00013970
  0.01973251   0.00015060
  0.01991701   0.00016190
  0.02010151   0.00017360
  0.02028601   0.00018570
  0.02047051   0.00019830
  0.02065491   0.00021130
  0.02083931   0.00022470
  0.02102371   0.00023860
  0.02120801   0.00025290
  0.02139231   0.00026760
  0.02157661   0.00028270
  0.02176081   0.00029830
  0.02194501   0.00031430
  0.02212921   0.00033070
  0.02231331   0.00034750
  0.02249731   0.00036480
  0.02268141   0.00038250
  0.02286541   0.00040060
  0.02304931   0.00041910
  0.02323321   0.00043810
  0.02341711   0.00045750
  0.02360091   0.00047730
  0.02378471   0.00049750
  0.02396841   0.00051820
  0.02415211   0.00053930
  0.02433571   0.00056080
  0.02451931   0.00058270
  0.02470281   0.00060510
  0.02488631   0.00062790
  0.02506971   0.00065110
  0.02525311   0.00067470
  0.02543641   0.00069880
  0.02561971   0.00072320
  0.02580291   0.00074810
  0.02598601   0.00077350
  0.02616911   0.00079920
  0.02635211   0.00082540
  0.02653511   0.00085200
  0.02671801   0.00087900
  0.02690081   0.00090640
  0.02708361   0.00093430
  0.02726631   0.00096260
  0.02744891   0.00099130
  0.02763151   0.00102040
  0.02781401   0.00105000
  0.02799651   0.00108000
  0.02817881   0.00111040
  0.02836111   0.00114120
  0.02854341   0.00117240
  0.02872551   0.00120410
  0.02890761   0.00123610
  0.02908961   0.00126860
  0.02927151   0.00130160
  0.02945341   0.00133490
  0.02963521   0.00136870
  0.02981691   0.00140290
  0.02999851   0.00143750
  0.03018001   0.00147250
  0.03036151   0.00150790
  0.03054281   0.00154380
  0.03072411   0.00158000
  0.03090531   0.00161670
  0.03108651   0.00165390
  0.03126741   0.00169200
  0.03144771   0.00173270
  0.03162751   0.00177590
  0.03180661   0.00182170
  0.03198511   0.00187000
  0.03216281   0.00192090
  0.03233981   0.00197430
  0.03251611   0.00203010
  0.03269151   0.00208850
  0.03286611   0.00214940
  0.03303971   0.00221280
  0.03321251   0.00227860
  0.03338431   0.00234690
  0.03355521   0.00241760
  0.03372501   0.00249070
  0.03389371   0.00256620
  0.03406141   0.00264420
  0.03422791   0.00272450
  0.03439331   0.00280710
  0.03455751   0.00289220
  0.03472041   0.00297950
  0.03488211   0.00306910
  0.03504251   0.00316110
  0.03520161   0.00325530
  0.03535931   0.00335170
  0.03551571   0.00345040
  0.03567061   0.00355130
  0.03582401   0.00365440
  0.03597601   0.00375970
  0.03612651   0.00386710
  0.03627541   0.00397670
  0.03642281   0.00408830
  0.03656851   0.00420210
  0.03671271   0.00431790
  0.03685511   0.00443570
  0.03699591   0.00455560
  0.03713491   0.00467740
  0.03727221   0.00480120
  0.03740781   0.00492700
  0.03754151   0.00505470
  0.03767341   0.00518420
  0.03780341   0.00531560
  0.03793161   0.00544890
  0.03805791   0.00558390
  0.03818221   0.00572080
  0.03830451   0.00585940
  0.03842491   0.00599970
  0.03854331   0.00614170
  0.03865961   0.00628540
  0.03877391   0.00643080
  0.03888611   0.00657770
  0.03899621   0.00672620
  0.03910421   0.00687630
  0.03921001   0.00702790
  0.03931371   0.00718100
  0.03941521   0.00733550
  0.03951451   0.00749150
  0.03961151   0.00764890
  0.03970631   0.00780760
  0.03979881   0.00796770
  0.03988911   0.00812900
  0.03997701   0.00829160
  0.04006261   0.00845550
  0.04014591   0.00862060
  0.04022681   0.00878680
  0.04030541   0.00895420
  0.04038151   0.00912260
  0.04045531   0.00929220
  0.04052661   0.00946270
  0.04059551   0.00963430
  0.04066201   0.00980680
  0.04072601   0.00998030
  0.04078751   0.01015460
  0.04084661   0.01032980
  0.04090311   0.01050580
  0.04095721   0.01068270
  0.04100871   0.01086020
  0.04105771   0.01103850
  0.04110411   0.01121750
  0.04114801   0.01139700
  0.04118931   0.01157730
  0.04122811   0.01175800
  0.04126431   0.01193930
  0.04129791   0.01212110
  0.04132891   0.01230340
  0.04135741   0.01248610
  0.04138321   0.01266910
  0.04140641   0.01285260
  0.04142701   0.01303630
  0.04144501   0.01322030
  0.04146041   0.01340450
  0.04146181   0.01342370
  0.04146331   0.01344290
  0.04146471   0.01346210
  0.04146621   0.01348130
  0.04146761   0.01350050
  0.04146901   0.01351970
  0.04147051   0.01353890
  0.04147191   0.01355810
  0.04147341   0.01357730
  0.04147481   0.01359650
  0.04147621   0.01361560
  0.04147771   0.01363480
  0.04147911   0.01365400
  0.04148061   0.01367320
  0.04148201   0.01369240
  0.04148351   0.01371160
  0.04148491   0.01373080
  0.04148631   0.01375000
  0.04148781   0.01376920
  0.04148921   0.01378840
  0.04149071   0.01380760
  0.04149211   0.01382670
  0.04149351   0.01384590
  0.04149501   0.01386510
  0.04149641   0.01388430
  0.04149791   0.01390350
  0.04149931   0.01392270
  0.04150071   0.01394190
  0.04150221   0.01396110
  0.04150361   0.01398030
  0.04150511   0.01399950
  0.04150651   0.01401870
  0.04150801   0.01403780
  0.04150941   0.01405700
  0.04151081   0.01407620
  0.04151231   0.01409540
  0.04151371   0.01411460
  0.04151521   0.01413380
  0.04151661   0.01415300
  0.04151801   0.01417220
  0.04151951   0.01419140
  0.04152091   0.01421060
  0.04152241   0.01422980
  0.04152381   0.01424890
  0.04152521   0.01426810
  0.04152671   0.01428730
  0.04152811   0.01430650
  0.04152961   0.01432570
  0.04153101   0.01434490
  0.04153251   0.01436410
  0.04153391   0.01438330
  0.04153531   0.01440250
  0.04153681   0.01442170
  0.04153821   0.01444090
  0.04153971   0.01446000
  0.04154111   0.01447920
  0.04154251   0.01449840
  0.04154401   0.01451760
  0.04154541   0.01453680
  0.04154691   0.01455600
  0.04154831   0.01457520
  0.04154971   0.01459440
  0.04155121   0.01461360
  0.04155261   0.01463280
  0.04155411   0.01465200
  0.04155551   0.01467110
  0.04155701   0.01469030
  0.04155841   0.01470950
  0.04155981   0.01472870
  0.04156131   0.01474790
  0.04156271   0.01476710
  0.04156421   0.01478630
  0.04156561   0.01480550
  0.04156701   0.01482470
  0.04156851   0.01484390
  0.04156991   0.01486310
  0.04157141   0.01488220
  0.04157281   0.01490140
  0.04157421   0.01492060
  0.04157571   0.01493980
  0.04157711   0.01495900
  0.04157861   0.01497820
  0.04158001   0.01499740
  0.04158151   0.01501660
  0.04158291   0.01503580
  0.04158431   0.01505500
  0.04158581   0.01507420
  0.04158721   0.01509330
  0.04158871   0.01511250
  0.04159011   0.01513170
  0.04159151   0.01515090
  0.04159301   0.01517010
  0.04159441   0.01518930
  0.04159591   0.01520850
  0.04159731   0.01522770
  0.04159871   0.01524690
  0.04160021   0.01526610
  0.04160161   0.01528530
  0.04160311   0.01530440
  0.04160451   0.01532360
  0.04160601   0.01534280
  0.04160741   0.01536200
  0.04160881   0.01538120
  0.04161031   0.01540040
  0.04161171   0.01541960
  0.04161321   0.01543880
  0.04161461   0.01545800
  0.04161601   0.01547720
  0.04161751   0.01549640
  0.04161891   0.01551550
  0.04162041   0.01553470
  0.04162181   0.01555390
  0.04162321   0.01557310
  0.04162471   0.01559230
  0.04162611   0.01561150
  0.04162761   0.01563070
  0.04162901   0.01564990
  0.04163041   0.01566910
  0.04163191   0.01568830
  0.04163331   0.01570750
  0.04163481   0.01572660
  0.04163621   0.01574580
  0.04163771   0.01576500
  0.04163911   0.01578420
  0.04164051   0.01580340
  0.04164201   0.01582260
  0.04164341   0.01584180
  0.04164491   0.01586100
  0.04164631   0.01588020
  0.04164771   0.01589940
  0.04164921   0.01591860
  0.04165061   0.01593770
  0.04165211   0.01595690
  0.04165351   0.01597610
  0.04165491   0.01599530
  0.04165641   0.01601450
  0.04165781   0.01603370
  0.04165931   0.01605290
  0.04166071   0.01607210
  0.04166221   0.01609130
  0.04166361   0.01611050
  0.04166501   0.01612970
  0.04166651   0.01614880
  0.04166791   0.01616800
  0.04166941   0.01618720
  0.04167081   0.01620640
  0.04167221   0.01622560
  0.04167371   0.01624480
  0.04167511   0.01626400
  0.04167661   0.01628320
  0.04167801   0.01630240
  0.04167941   0.01632160
  0.04168091   0.01634080
  0.04168231   0.01635990
  0.04168381   0.01637910
  0.04168521   0.01639830
  0.04168671   0.01641750
  0.04168811   0.01643670
  0.04168951   0.01645590
  0.04169101   0.01647510
  0.04169241   0.01649430
  0.04169391   0.01651350
  0.04169531   0.01653270
  0.04169671   0.01655190
  0.04169821   0.01657100
  0.04169961   0.01659020
  0.04170111   0.01660940
  0.04170251   0.01662860
  0.04170391   0.01664780
  0.04170541   0.01666700
  0.04170681   0.01668620
  0.04170831   0.01670540
  0.04170971   0.01672460
  0.04171121   0.01674380
  0.04171261   0.01676300
  0.04171401   0.01678210
  0.04171551   0.01680130
  0.04171691   0.01682050
  0.04171841   0.01683970
  0.04171981   0.01685890
  0.04172121   0.01687810
  0.04172271   0.01689730
  0.04172411   0.01691650
  0.04172561   0.01693570
  0.04172701   0.01695490
  0.04172841   0.01697410
  0.04172991   0.01699320
  0.04173131   0.01701240
  0.04173281   0.01703160
  0.04173421   0.01705080
  0.04173571   0.01707000
  0.04173711   0.01708920
  0.04173851   0.01710840
  0.04174001   0.01712760
  0.04174141   0.01714680
  0.04174291   0.01716600
  0.04174431   0.01718520
  0.04174571   0.01720430
  0.04174721   0.01722350
  0.04174861   0.01724270
  0.04175011   0.01726190
  0.04175151   0.01728110
  0.04175291   0.01730030
  0.04175441   0.01731950
  0.04175581   0.01733870
  0.04175731   0.01735790
  0.04175871   0.01737710
  0.04176021   0.01739630
  0.04176161   0.01741540
  0.04176301   0.01743460
  0.04176451   0.01745380
  0.04176591   0.01747300
  0.04176741   0.01749220
  0.04176881   0.01751140
  0.04177021   0.01753060
  0.04177171   0.01754980
  0.04177311   0.01756900
  0.04177461   0.01758820
  0.04177601   0.01760740
  0.04177741   0.01762650
  0.04177891   0.01764570
  0.04178031   0.01766490
  0.04178181   0.01768410
  0.04178321   0.01770330
  0.04178461   0.01772250
  0.04178611   0.01774170
  0.04178751   0.01776090
  0.04178901   0.01778010
  0.04179041   0.01779930
  0.04179191   0.01781850
  0.04179331   0.01783760
  0.04179471   0.01785680
  0.04179621   0.01787600
  0.04179761   0.01789520
  0.04179911   0.01791440
  0.04180051   0.01793360
  0.04180191   0.01795280
  0.04180341   0.01797200
  0.04180481   0.01799120
  0.04180631   0.01801040
  0.04180771   0.01802960
  0.04180911   0.01804870
  0.04181061   0.01806790
  0.04181201   0.01808710
  0.04181351   0.01810630
  0.04181491   0.01812550
  0.04181641   0.01814470
  0.04181781   0.01816390
  0.04181921   0.01818310
  0.04182071   0.01820230
  0.04182211   0.01822150
  0.04182361   0.01824070
  0.04182501   0.01825980
  0.04182641   0.01827900
  0.04182791   0.01829820
  0.04182931   0.01831740
  0.04183081   0.01833660
  0.04183221   0.01835580
  0.04183361   0.01837500
  0.04183511   0.01839420
  0.04183651   0.01841340
  0.04183801   0.01843260
  0.04183941   0.01845180
  0.04184091   0.01847090
  0.04184231   0.01849010
  0.04184371   0.01850930
  0.04184521   0.01852850
  0.04184661   0.01854770
  0.04184811   0.01856690
  0.04184951   0.01858610
  0.04185091   0.01860530
  0.04185241   0.01862450
  0.04185381   0.01864370
  0.04185531   0.01866290
  0.04185671   0.01868200
  0.04185811   0.01870120
  0.04185961   0.01872040
  0.04186101   0.01873960
  0.04186251   0.01875880
  0.04186391   0.01877800
  0.04186541   0.01879720
  0.04186681   0.01881640
  0.04186821   0.01883560
  0.04186971   0.01885480
  0.04187111   0.01887400
  0.04187261   0.01889310
  0.04187401   0.01891230
  0.04187541   0.01893150
  0.04187691   0.01895070
  0.04187831   0.01896990
  0.04187981   0.01898910
  0.04188121   0.01900830
  0.04188261   0.01902750
  0.04188411   0.01904670
  0.04188551   0.01906590
  0.04188701   0.01908510
  0.04188841   0.01910420
  0.04188991   0.01912340
  0.04189131   0.01914260
  0.04189271   0.01916180
  0.04189421   0.01918100
  0.04189561   0.01920020
  0.04189711   0.01921940
  0.04189851   0.01923860
  0.04189991   0.01925780
  0.04190141   0.01927700
  0.04190281   0.01929620
  0.04190431   0.01931530
  0.04190571   0.01933450
  0.04190711   0.01935370
  0.04190861   0.01937290
  0.04191001   0.01939210
  0.04191151   0.01941130
  0.04191291   0.01943050
  0.04191431   0.01944970
  0.04191581   0.01946890
  0.04191721   0.01948810
  0.04191871   0.01950730
  0.04192011   0.01952640
  0.04192161   0.01954560
  0.04192301   0.01956480
  0.04192441   0.01958400
  0.04192591   0.01960320
  0.04192731   0.01962240
  0.04192881   0.01964160
  0.04193021   0.01966080
  0.04193161   0.01968000
  0.04193311   0.01969920
  0.04193451   0.01971840
  0.04193601   0.01973750
  0.04193741   0.01975670
  0.04193881   0.01977590
  0.04194031   0.01979510
  0.04194171   0.01981430
  0.04194321   0.01983350
  0.04194461   0.01985270
  0.04194611   0.01987190
  0.04194751   0.01989110
  0.04194891   0.01991030
  0.04195041   0.01992950
  0.04195181   0.01994860
  0.04195331   0.01996780
  0.04195471   0.01998700
  0.04195611   0.02000620
  0.04195761   0.02002540
  0.04195901   0.02004460
  0.04196051   0.02006380
  0.04196191   0.02008300
  0.04196331   0.02010220
  0.04196481   0.02012140
  0.04196621   0.02014060
  0.04196771   0.02015970
  0.04196911   0.02017890
  0.04197061   0.02019810
  0.04197201   0.02021730
  0.04197341   0.02023650
  0.04197491   0.02025570
  0.04197631   0.02027490
  0.04197781   0.02029410
  0.04197921   0.02031330
  0.04198061   0.02033250
  0.04198211   0.02035170
  0.04198351   0.02037080
  0.04198501   0.02039000
  0.04198641   0.02040920
  0.04198781   0.02042840
  0.04198931   0.02044760
  0.04199071   0.02046680
  0.04199221   0.02048600
  0.04199361   0.02050520
  0.04199511   0.02052440
  0.04199651   0.02054360
  0.04199791   0.02056280
  0.04199941   0.02058190
  0.04200081   0.02060110
  0.04200231   0.02062030
  0.04200371   0.02063950
  0.04200511   0.02065870
  0.04200661   0.02067790
  0.04200801   0.02069710
  0.04200951   0.02071630
  0.04201091   0.02073550
  0.04201231   0.02075470
  0.04201381   0.02077390
  0.04201521   0.02079300
  0.04201671   0.02081220
  0.04201811   0.02083140
  0.04201961   0.02085060
  0.04202101   0.02086980
  0.04202241   0.02088900
  0.04202391   0.02090820
  0.04202531   0.02092740
  0.04202681   0.02094660
  0.04202821   0.02096580
  0.04202961   0.02098500
  0.04203111   0.02100410
  0.04203251   0.02102330
  0.04203401   0.02104250
  0.04203541   0.02106170
  0.04203681   0.02108090
  0.04203831   0.02110010
  0.04203971   0.02111930
  0.04204121   0.02113850
  0.04204261   0.02115770
  0.04204411   0.02117690
  0.04204551   0.02119610
  0.04204691   0.02121520
  0.04204841   0.02123440
  0.04204981   0.02125360
  0.04205131   0.02127280
  0.04205271   0.02129200
  0.04205411   0.02131120
  0.04205561   0.02133040
  0.04205701   0.02134960
  0.04205851   0.02136880
  0.04205991   0.02138800
  0.04206131   0.02140720
  0.04206281   0.02142630
  0.04206421   0.02144550
  0.04206571   0.02146470
  0.04206711   0.02148390
  0.04206851   0.02150310
  0.04207001   0.02152230
  0.04207141   0.02154150
  0.04207291   0.02156070
  0.04207431   0.02157990
  0.04207581   0.02159910
  0.04207721   0.02161830
  0.04207861   0.02163740
  0.04208011   0.02165660
  0.04208151   0.02167580
  0.04208301   0.02169500
  0.04208441   0.02171420
  0.04208581   0.02173340
  0.04208731   0.02175260
  0.04208871   0.02177180
  0.04209021   0.02179100
  0.04209161   0.02181020
  0.04209301   0.02182940
  0.04209451   0.02184850
  0.04209591   0.02186770
  0.04209741   0.02188690
  0.04209881   0.02190610
  0.04210031   0.02192530
  0.04210171   0.02194450
  0.04210311   0.02196370
  0.04210461   0.02198290
  0.04210601   0.02200210
  0.04210751   0.02202130
  0.04210891   0.02204050
  0.04211031   0.02205960
  0.04211181   0.02207880
  0.04211321   0.02209800
  0.04211471   0.02211720
  0.04211611   0.02213640
  0.04211751   0.02215560
  0.04211901   0.02217480
  0.04212041   0.02219400
  0.04212191   0.02221320
  0.04212331   0.02223240
  0.04212481   0.02225160
  0.04212621   0.02227070
  0.04212761   0.02228990
  0.04212911   0.02230910
  0.04213051   0.02232830
  0.04213201   0.02234750
  0.04213341   0.02236670
  0.04213481   0.02238590
  0.04213631   0.02240510
  0.04213771   0.02242430
  0.04213921   0.02244350
  0.04214061   0.02246270
  0.04214201   0.02248180
  0.04214351   0.02250100
  0.04214491   0.02252020
  0.04214641   0.02253940
  0.04214781   0.02255860
  0.04214931   0.02257780
  0.04215071   0.02259700
  0.04215211   0.02261620
  0.04215361   0.02263540
  0.04215501   0.02265460
  0.04215651   0.02267380
  0.04215791   0.02269290
  0.04215931   0.02271210
  0.04216081   0.02273130
  0.04216221   0.02275050
  0.04216371   0.02276970
  0.04216511   0.02278890
  0.04216651   0.02280810
  0.04216801   0.02282730
  0.04216941   0.02284650
  0.04217091   0.02286570
  0.04217231   0.02288490
  0.04217381   0.02290400
  0.04217521   0.02292320
  0.04217661   0.02294240
  0.04217811   0.02296160
  0.04217951   0.02298080
  0.04218101   0.02300000
