 -0.02500879   0.02300000
 -0.02500419   0.02281520
 -0.02499959   0.02263030
 -0.02499489   0.02244550
 -0.02499029   0.02226070
 -0.02498569   0.02207590
 -0.02498109   0.02189100
 -0.02497649   0.02170620
 -0.02497189   0.02152140
 -0.02496729   0.02133660
 -0.02496259   0.02115170
 -0.02495799   0.02096690
 -0.02495339   0.02078210
 -0.02494879   0.02059720
 -0.02494419   0.02041240
 -0.02493959   0.02022760
 -0.02493499   0.02004280
 -0.02493029   0.01985790
 -0.02492569   0.01967310
 -0.02492109   0.01948830
 -0.02491649   0.01930350
 -0.02491189   0.01911860
 -0.02490729   0.01893380
 -0.02490269   0.01874900
 -0.02489799   0.01856410
 -0.02489339   0.01837930
 -0.02488879   0.01819450
 -0.02488419   0.01800970
 -0.02487959   0.01782480
 -0.02487499   0.01764000
 -0.02487029   0.01745520
 -0.02486569   0.01727040
 -0.02486109   0.01708550
 -0.02485649   0.01690070
 -0.02485189   0.01671590
 -0.02484729   0.01653100
 -0.02484269   0.01634620
 -0.02483799   0.01616140
 -0.02483339   0.01597660
 -0.02482879   0.01579170
 -0.02482419   0.01560690
 -0.02481959   0.01542210
 -0.02481499   0.01523730
 -0.02480959   0.01505240
 -0.02480179   0.01486770
 -0.02479129   0.01468310
 -0.02477809   0.01449870
 -0.02476239   0.01431450
 -0.02474399   0.01413060
 -0.02472299   0.01394690
 -0.02469939   0.01376350
 -0.02467319   0.01358050
 -0.02464439   0.01339780
 -0.02461299   0.01321560
 -0.02457909   0.01303390
 -0.02454249   0.01285270
 -0.02450339   0.01267200
 -0.02446159   0.01249190
 -0.02441739   0.01231240
 -0.02437059   0.01213350
 -0.02432119   0.01195530
 -0.02426939   0.01177790
 -0.02421499   0.01160120
 -0.02415809   0.01142530
 -0.02409869   0.01125020
 -0.02403679   0.01107600
 -0.02397239   0.01090260
 -0.02390559   0.01073020
 -0.02383639   0.01055880
 -0.02376469   0.01038840
 -0.02369059   0.01021900
 -0.02361409   0.01005070
 -0.02353519   0.00988350
 -0.02345389   0.00971740
 -0.02337029   0.00955250
 -0.02328439   0.00938890
 -0.02319609   0.00922640
 -0.02310549   0.00906520
 -0.02301269   0.00890530
 -0.02291749   0.00874680
 -0.02282019   0.00858960
 -0.02272059   0.00843390
 -0.02261879   0.00827950
 -0.02251479   0.00812670
 -0.02240869   0.00797530
 -0.02230039   0.00782540
 -0.02218999   0.00767710
 -0.02207749   0.00753040
 -0.02196289   0.00738530
 -0.02184629   0.00724190
 -0.02172759   0.00710010
 -0.02160699   0.00696000
 -0.02148429   0.00682160
 -0.02135969   0.00668510
 -0.02123319   0.00655020
 -0.02110479   0.00641730
 -0.02097439   0.00628610
 -0.02084229   0.00615680
 -0.02070829   0.00602940
 -0.02057249   0.00590390
 -0.02043499   0.00578040
 -0.02029569   0.00565880
 -0.02015459   0.00553930
 -0.02001189   0.00542170
 -0.01986759   0.00530620
 -0.01972159   0.00519280
 -0.01957399   0.00508140
 -0.01942489   0.00497220
 -0.01927419   0.00486500
 -0.01912199   0.00476010
 -0.01896829   0.00465730
 -0.01881319   0.00455670
 -0.01865659   0.00445830
 -0.01849869   0.00436220
 -0.01833939   0.00426830
 -0.01817889   0.00417670
 -0.01801699   0.00408740
 -0.01785379   0.00400040
 -0.01768949   0.00391570
 -0.01752399   0.00383340
 -0.01735729   0.00375340
 -0.01718939   0.00367580
 -0.01702049   0.00360060
 -0.01685059   0.00352780
 -0.01667959   0.00345750
 -0.01650769   0.00338950
 -0.01633479   0.00332410
 -0.01616089   0.00326110
 -0.01598619   0.00320050
 -0.01581069   0.00314250
 -0.01563439   0.00308700
 -0.01545719   0.00303400
 -0.01527939   0.00298350
 -0.01510079   0.00293550
 -0.01492179   0.00288920
 -0.01474269   0.00284340
 -0.01456349   0.00279800
 -0.01438419   0.00275290
 -0.01420479   0.00270830
 -0.01402519   0.00266410
 -0.01384559   0.00262040
 -0.01366589   0.00257700
 -0.01348609   0.00253410
 -0.01330609   0.00249150
 -0.01312609   0.00244940
 -0.01294599   0.00240770
 -0.01276579   0.00236640
 -0.01258549   0.00232560
 -0.01240499   0.00228510
 -0.01222449   0.00224510
 -0.01204399   0.00220550
 -0.01186329   0.00216630
 -0.01168249   0.00212750
 -0.01150159   0.00208920
 -0.01132069   0.00205120
 -0.01113969   0.00201370
 -0.01095849   0.00197660
 -0.01077729   0.00193990
 -0.01059599   0.00190360
 -0.01041469   0.00186780
 -0.01023319   0.00183240
 -0.01005169   0.00179740
 -0.00986999   0.00176280
 -0.00968829   0.00172860
 -0.00950659   0.00169480
 -0.00932469   0.00166150
 -0.00914279   0.00162860
 -0.00896079   0.00159610
 -0.00877869   0.00156400
 -0.00859649   0.00153240
 -0.00841429   0.00150120
 -0.00823199   0.00147040
 -0.00804959   0.00144000
 -0.00786719   0.00141000
 -0.00768469   0.00138050
 -0.00750209   0.00135140
 -0.00731939   0.00132270
 -0.00713669   0.00129440
 -0.00695399   0.00126650
 -0.00677109   0.00123910
 -0.00658819   0.00121210
 -0.00640529   0.00118550
 -0.00622219   0.00115940
 -0.00603909   0.00113360
 -0.00585599   0.00110830
 -0.00567279   0.00108340
 -0.00548949   0.00105900
 -0.00530619   0.00103490
 -0.00512289   0.00101130
 -0.00493939   0.00098810
 -0.00475599   0.00096530
 -0.00457239   0.00094300
 -0.00438889   0.00092100
 -0.00420519   0.00089950
 -0.00402149   0.00087850
 -0.00383779   0.00085780
 -0.00365399   0.00083760
 -0.00347019   0.00081780
 -0.00328629   0.00079840
 -0.00310239   0.00077950
 -0.00291849   0.00076090
 -0.00273449   0.00074280
 -0.00255049   0.00072520
 -0.00236639   0.00070790
 -0.00218229   0.00069110
 -0.00199809   0.00067470
 -0.00181389   0.00065870
 -0.00162969   0.00064320
 -0.00144539   0.00062800
 -0.00126109   0.00061330
 -0.00107679   0.00059910
 -0.00089239   0.00058520
 -0.00070799   0.00057180
 -0.00052359   0.00055880
 -0.00033909   0.00054620
 -0.00015459   0.00053410
  0.00002991   0.00052240
  0.00021441   0.00051110
  0.00039901   0.00050030
  0.00058361   0.00048970
  0.00076811   0.00047920
  0.00095271   0.00046880
  0.00113731   0.00045860
  0.00132191   0.00044840
  0.00150661   0.00043840
  0.00169121   0.00042840
  0.00187581   0.00041860
  0.00206041   0.00040890
  0.00224511   0.00039930
  0.00242971   0.00038980
  0.00261441   0.00038050
  0.00279901   0.00037120
  0.00298371   0.00036210
  0.00316831   0.00035300
  0.00335301   0.00034410
  0.00353771   0.00033530
  0.00372241   0.00032670
  0.00390701   0.00031810
  0.00409171   0.00030960
  0.00427641   0.00030130
  0.00446111   0.00029310
  0.00464581   0.00028500
  0.00483061   0.00027700
  0.00501531   0.00026910
  0.00520001   0.00026130
  0.00538471   0.00025360
  0.00556941   0.00024610
  0.00575421   0.00023870
  0.00593891   0.00023130
  0.00612371   0.00022410
  0.00630841   0.00021710
  0.00649321   0.00021010
  0.00667791   0.00020320
  0.00686271   0.00019650
  0.00704751   0.00018980
  0.00723221   0.00018330
  0.00741701   0.00017690
  0.00760181   0.00017060
  0.00778661   0.00016440
  0.00797131   0.00015840
  0.00815611   0.00015240
  0.00834091   0.00014660
  0.00852571   0.00014090
  0.00871051   0.00013530
  0.00889531   0.00012980
  0.00908011   0.00012440
  0.00926491   0.00011910
  0.00944981   0.00011400
  0.00963461   0.00010890
  0.00981941   0.00010400
  0.01000421   0.00009920
  0.01018901   0.00009450
  0.01037391   0.00008990
  0.01055871   0.00008540
  0.01074351   0.00008110
  0.01092841   0.00007680
  0.01111321   0.00007270
  0.01129801   0.00006870
  0.01148291   0.00006480
  0.01166771   0.00006100
  0.01185261   0.00005740
  0.01203741   0.00005380
  0.01222231   0.00005030
  0.01240711   0.00004700
  0.01259201   0.00004380
  0.01277691   0.00004070
  0.01296171   0.00003770
  0.01314661   0.00003480
  0.01333141   0.00003210
  0.01351631   0.00002940
  0.01370121   0.00002690
  0.01388601   0.00002450
  0.01407091   0.00002220
  0.01425581   0.00002000
  0.01444071   0.00001790
  0.01462551   0.00001590
  0.01481041   0.00001410
  0.01499531   0.00001240
  0.01518021   0.00001070
  0.01536501   0.00000920
  0.01554991   0.00000780
  0.01573481   0.00000660
  0.01591971   0.00000540
  0.01610461   0.00000430
  0.01628941   0.00000340
  0.01647431   0.00000260
  0.01665921   0.00000190
  0.01684411   0.00000130
  0.01702901   0.00000080
  0.01721391   0.00000040
  0.01739881   0.00000020
  0.01758361  -0.00000000
  0.01776851  -0.00000000
  0.01795341   0.00000010
  0.01813831   0.00000030
  0.01832321   0.00000060
  0.01850811   0.00000100
  0.01869291   0.00000160
  0.01887781   0.00000220
  0.01906271   0.00000300
  0.01924761   0.00000390
  0.01943251   0.00000490
  0.01961741   0.00000600
  0.01980221   0.00000720
  0.01998711   0.00000860
  0.02017201   0.00001000
  0.02035691   0.00001190
  0.02054171   0.00001420
  0.02072661   0.00001700
  0.02091151   0.00002020
  0.02109631   0.00002380
  0.02128121   0.00002780
  0.02146601   0.00003230
  0.02165081   0.00003720
  0.02183561   0.00004250
  0.02202041   0.00004830
  0.02220521   0.00005440
  0.02239001   0.00006100
  0.02257471   0.00006810
  0.02275941   0.00007550
  0.02294421   0.00008340
  0.02312891   0.00009170
  0.02331351   0.00010050
  0.02349821   0.00010960
  0.02368281   0.00011920
  0.02386741   0.00012920
  0.02405201   0.00013970
  0.02423661   0.00015060
  0.02442111   0.00016190
  0.02460561   0.00017360
  0.02479011   0.00018570
  0.02497461   0.00019830
  0.02515901   0.00021130
  0.02534341   0.00022470
  0.02552781   0.00023860
  0.02571211   0.00025290
  0.02589641   0.00026760
  0.02608071   0.00028270
  0.02626491   0.00029830
  0.02644911   0.00031430
  0.02663331   0.00033070
  0.02681741   0.00034750
  0.02700141   0.00036480
  0.02718551   0.00038250
  0.02736951   0.00040060
  0.02755341   0.00041910
  0.02773731   0.00043810
  0.02792121   0.00045750
  0.02810501   0.00047730
  0.02828881   0.00049750
  0.02847251   0.00051820
  0.02865621   0.00053930
  0.02883981   0.00056080
  0.02902341   0.00058270
  0.02920691   0.00060510
  0.02939041   0.00062790
  0.02957381   0.00065110
  0.02975721   0.00067470
  0.02994051   0.00069880
  0.03012381   0.00072320
  0.03030701   0.00074810
  0.03049011   0.00077350
  0.03067321   0.00079920
  0.03085621   0.00082540
  0.03103921   0.00085200
  0.03122211   0.00087900
  0.03140491   0.00090640
  0.03158771   0.00093430
  0.03177041   0.00096260
  0.03195301   0.00099130
  0.03213561   0.00102040
  0.03231811   0.00105000
  0.03250061   0.00108000
  0.03268291   0.00111040
  0.03286521   0.00114120
  0.03304751   0.00117240
  0.03322961   0.00120410
  0.03341171   0.00123610
  0.03359371   0.00126860
  0.03377561   0.00130160
  0.03395751   0.00133490
  0.03413931   0.00136870
  0.03432101   0.00140290
  0.03450261   0.00143750
  0.03468411   0.00147250
  0.03486561   0.00150790
  0.03504691   0.00154380
  0.03522821   0.00158000
  0.03540941   0.00161670
  0.03559061   0.00165390
  0.03577151   0.00169200
  0.03595181   0.00173270
  0.03613161   0.00177590
  0.03631071   0.00182170
  0.03648921   0.00187000
  0.03666691   0.00192090
  0.03684391   0.00197430
  0.03702021   0.00203010
  0.03719561   0.00208850
  0.03737021   0.00214940
  0.03754381   0.00221280
  0.03771661   0.00227860
  0.03788841   0.00234690
  0.03805931   0.00241760
  0.03822911   0.00249070
  0.03839781   0.00256620
  0.03856551   0.00264420
  0.03873201   0.00272450
  0.03889741   0.00280710
  0.03906161   0.00289220
  0.03922451   0.00297950
  0.03938621   0.00306910
  0.03954661   0.00316110
  0.03970571   0.00325530
  0.03986341   0.00335170
  0.04001981   0.00345040
  0.04017471   0.00355130
  0.04032811   0.00365440
  0.04048011   0.00375970
  0.04063061   0.00386710
  0.04077951   0.00397670
  0.04092691   0.00408830
  0.04107261   0.00420210
  0.04121681   0.00431790
  0.04135921   0.00443570
  0.04150001   0.00455560
  0.04163901   0.00467740
  0.04177631   0.00480120
  0.04191191   0.00492700
  0.04204561   0.00505470
  0.04217751   0.00518420
  0.04230751   0.00531560
  0.04243571   0.00544890
  0.04256201   0.00558390
  0.04268631   0.00572080
  0.04280861   0.00585940
  0.04292901   0.00599970
  0.04304741   0.00614170
  0.04316371   0.00628540
  0.04327801   0.00643080
  0.04339021   0.00657770
  0.04350031   0.00672620
  0.04360831   0.00687630
  0.04371411   0.00702790
  0.04381781   0.00718100
  0.04391931   0.00733550
  0.04401861   0.00749150
  0.04411561   0.00764890
  0.04421041   0.00780760
  0.04430291   0.00796770
  0.04439321   0.00812900
  0.04448111   0.00829160
  0.04456671   0.00845550
  0.04465001   0.00862060
  0.04473091   0.00878680
  0.04480951   0.00895420
  0.04488561   0.00912260
  0.04495941   0.00929220
  0.04503071   0.00946270
  0.04509961   0.00963430
  0.04516611   0.00980680
  0.04523011   0.00998030
  0.04529161   0.01015460
  0.04535071   0.01032980
  0.04540721   0.01050580
  0.04546131   0.01068270
  0.04551281   0.01086020
  0.04556181   0.01103850
  0.04560821   0.01121750
  0.04565211   0.01139700
  0.04569341   0.01157730
  0.04573221   0.01175800
  0.04576841   0.01193930
  0.04580201   0.01212110
  0.04583301   0.01230340
  0.04586151   0.01248610
  0.04588731   0.01266910
  0.04591051   0.01285260
  0.04593111   0.01303630
  0.04594911   0.01322030
  0.04596451   0.01340450
  0.04596591   0.01342370
  0.04596741   0.01344290
  0.04596881   0.01346210
  0.04597031   0.01348130
  0.04597171   0.01350050
  0.04597311   0.01351970
  0.04597461   0.01353890
  0.04597601   0.01355810
  0.04597751   0.01357730
  0.04597891   0.01359650
  0.04598031   0.01361560
  0.04598181   0.01363480
  0.04598321   0.01365400
  0.04598471   0.01367320
  0.04598611   0.01369240
  0.04598761   0.01371160
  0.04598901   0.01373080
  0.04599041   0.01375000
  0.04599191   0.01376920
  0.04599331   0.01378840
  0.04599481   0.01380760
  0.04599621   0.01382670
  0.04599761   0.01384590
  0.04599911   0.01386510
  0.04600051   0.01388430
  0.04600201   0.01390350
  0.04600341   0.01392270
  0.04600481   0.01394190
  0.04600631   0.01396110
  0.04600771   0.01398030
  0.04600921   0.01399950
  0.04601061   0.01401870
  0.04601211   0.01403780
  0.04601351   0.01405700
  0.04601491   0.01407620
  0.04601641   0.01409540
  0.04601781   0.01411460
  0.04601931   0.01413380
  0.04602071   0.01415300
  0.04602211   0.01417220
  0.04602361   0.01419140
  0.04602501   0.01421060
  0.04602651   0.01422980
  0.04602791   0.01424890
  0.04602931   0.01426810
  0.04603081   0.01428730
  0.04603221   0.01430650
  0.04603371   0.01432570
  0.04603511   0.01434490
  0.04603661   0.01436410
  0.04603801   0.01438330
  0.04603941   0.01440250
  0.04604091   0.01442170
  0.04604231   0.01444090
  0.04604381   0.01446000
  0.04604521   0.01447920
  0.04604661   0.01449840
  0.04604811   0.01451760
  0.04604951   0.01453680
  0.04605101   0.01455600
  0.04605241   0.01457520
  0.04605381   0.01459440
  0.04605531   0.01461360
  0.04605671   0.01463280
  0.04605821   0.01465200
  0.04605961   0.01467110
  0.04606111   0.01469030
  0.04606251   0.01470950
  0.04606391   0.01472870
  0.04606541   0.01474790
  0.04606681   0.01476710
  0.04606831   0.01478630
  0.04606971   0.01480550
  0.04607111   0.01482470
  0.04607261   0.01484390
  0.04607401   0.01486310
  0.04607551   0.01488220
  0.04607691   0.01490140
  0.04607831   0.01492060
  0.04607981   0.01493980
  0.04608121   0.01495900
  0.04608271   0.01497820
  0.04608411   0.01499740
  0.04608561   0.01501660
  0.04608701   0.01503580
  0.04608841   0.01505500
  0.04608991   0.01507420
  0.04609131   0.01509330
  0.04609281   0.01511250
  0.04609421   0.01513170
  0.04609561   0.01515090
  0.04609711   0.01517010
  0.04609851   0.01518930
  0.04610001   0.01520850
  0.04610141   0.01522770
  0.04610281   0.01524690
  0.04610431   0.01526610
  0.04610571   0.01528530
  0.04610721   0.01530440
  0.04610861   0.01532360
  0.04611011   0.01534280
  0.04611151   0.01536200
  0.04611291   0.01538120
  0.04611441   0.01540040
  0.04611581   0.01541960
  0.04611731   0.01543880
  0.04611871   0.01545800
  0.04612011   0.01547720
  0.04612161   0.01549640
  0.04612301   0.01551550
  0.04612451   0.01553470
  0.04612591   0.01555390
  0.04612731   0.01557310
  0.04612881   0.01559230
  0.04613021   0.01561150
  0.04613171   0.01563070
  0.04613311   0.01564990
  0.04613451   0.01566910
  0.04613601   0.01568830
  0.04613741   0.01570750
  0.04613891   0.01572660
  0.04614031   0.01574580
  0.04614181   0.01576500
  0.04614321   0.01578420
  0.04614461   0.01580340
  0.04614611   0.01582260
  0.04614751   0.01584180
  0.04614901   0.01586100
  0.04615041   0.01588020
  0.04615181   0.01589940
  0.04615331   0.01591860
  0.04615471   0.01593770
  0.04615621   0.01595690
  0.04615761   0.01597610
  0.04615901   0.01599530
  0.04616051   0.01601450
  0.04616191   0.01603370
  0.04616341   0.01605290
  0.04616481   0.01607210
  0.04616631   0.01609130
  0.04616771   0.01611050
  0.04616911   0.01612970
  0.04617061   0.01614880
  0.04617201   0.01616800
  0.04617351   0.01618720
  0.04617491   0.01620640
  0.04617631   0.01622560
  0.04617781   0.01624480
  0.04617921   0.01626400
  0.04618071   0.01628320
  0.04618211   0.01630240
  0.04618351   0.01632160
  0.04618501   0.01634080
  0.04618641   0.01635990
  0.04618791   0.01637910
  0.04618931   0.01639830
  0.04619081   0.01641750
  0.04619221   0.01643670
  0.04619361   0.01645590
  0.04619511   0.01647510
  0.04619651   0.01649430
  0.04619801   0.01651350
  0.04619941   0.01653270
  0.04620081   0.01655190
  0.04620231   0.01657100
  0.04620371   0.01659020
  0.04620521   0.01660940
  0.04620661   0.01662860
  0.04620801   0.01664780
  0.04620951   0.01666700
  0.04621091   0.01668620
  0.04621241   0.01670540
  0.04621381   0.01672460
  0.04621531   0.01674380
  0.04621671   0.01676300
  0.04621811   0.01678210
  0.04621961   0.01680130
  0.04622101   0.01682050
  0.04622251   0.01683970
  0.04622391   0.01685890
  0.04622531   0.01687810
  0.04622681   0.01689730
  0.04622821   0.01691650
  0.04622971   0.01693570
  0.04623111   0.01695490
  0.04623251   0.01697410
  0.04623401   0.01699320
  0.04623541   0.01701240
  0.04623691   0.01703160
  0.04623831   0.01705080
  0.04623981   0.01707000
  0.04624121   0.01708920
  0.04624261   0.01710840
  0.04624411   0.01712760
  0.04624551   0.01714680
  0.04624701   0.01716600
  0.04624841   0.01718520
  0.04624981   0.01720430
  0.04625131   0.01722350
  0.04625271   0.01724270
  0.04625421   0.01726190
  0.04625561   0.01728110
  0.04625701   0.01730030
  0.04625851   0.01731950
  0.04625991   0.01733870
  0.04626141   0.01735790
  0.04626281   0.01737710
  0.04626431   0.01739630
  0.04626571   0.01741540
  0.04626711   0.01743460
  0.04626861   0.01745380
  0.04627001   0.01747300
  0.04627151   0.01749220
  0.04627291   0.01751140
  0.04627431   0.01753060
  0.04627581   0.01754980
  0.04627721   0.01756900
  0.04627871   0.01758820
  0.04628011   0.01760740
  0.04628151   0.01762650
  0.04628301   0.01764570
  0.04628441   0.01766490
  0.04628591   0.01768410
  0.04628731   0.01770330
  0.04628871   0.01772250
  0.04629021   0.01774170
  0.04629161   0.01776090
  0.04629311   0.01778010
  0.04629451   0.01779930
  0.04629601   0.01781850
  0.04629741   0.01783760
  0.04629881   0.01785680
  0.04630031   0.01787600
  0.04630171   0.01789520
  0.04630321   0.01791440
  0.04630461   0.01793360
  0.04630601   0.01795280
  0.04630751   0.01797200
  0.04630891   0.01799120
  0.04631041   0.01801040
  0.04631181   0.01802960
  0.04631321   0.01804870
  0.04631471   0.01806790
  0.04631611   0.01808710
  0.04631761   0.01810630
  0.04631901   0.01812550
  0.04632051   0.01814470
  0.04632191   0.01816390
  0.04632331   0.01818310
  0.04632481   0.01820230
  0.04632621   0.01822150
  0.04632771   0.01824070
  0.04632911   0.01825980
  0.04633051   0.01827900
  0.04633201   0.01829820
  0.04633341   0.01831740
  0.04633491   0.01833660
  0.04633631   0.01835580
  0.04633771   0.01837500
  0.04633921   0.01839420
  0.04634061   0.01841340
  0.04634211   0.01843260
  0.04634351   0.01845180
  0.04634501   0.01847090
  0.04634641   0.01849010
  0.04634781   0.01850930
  0.04634931   0.01852850
  0.04635071   0.01854770
  0.04635221   0.01856690
  0.04635361   0.01858610
  0.04635501   0.01860530
  0.04635651   0.01862450
  0.04635791   0.01864370
  0.04635941   0.01866290
  0.04636081   0.01868200
  0.04636221   0.01870120
  0.04636371   0.01872040
  0.04636511   0.01873960
  0.04636661   0.01875880
  0.04636801   0.01877800
  0.04636951   0.01879720
  0.04637091   0.01881640
  0.04637231   0.01883560
  0.04637381   0.01885480
  0.04637521   0.01887400
  0.04637671   0.01889310
  0.04637811   0.01891230
  0.04637951   0.01893150
  0.04638101   0.01895070
  0.04638241   0.01896990
  0.04638391   0.01898910
  0.04638531   0.01900830
  0.04638671   0.01902750
  0.04638821   0.01904670
  0.04638961   0.01906590
  0.04639111   0.01908510
  0.04639251   0.01910420
  0.04639401   0.01912340
  0.04639541   0.01914260
  0.04639681   0.01916180
  0.04639831   0.01918100
  0.04639971   0.01920020
  0.04640121   0.01921940
  0.04640261   0.01923860
  0.04640401   0.01925780
  0.04640551   0.01927700
  0.04640691   0.01929620
  0.04640841   0.01931530
  0.04640981   0.01933450
  0.04641121   0.01935370
  0.04641271   0.01937290
  0.04641411   0.01939210
  0.04641561   0.01941130
  0.04641701   0.01943050
  0.04641841   0.01944970
  0.04641991   0.01946890
  0.04642131   0.01948810
  0.04642281   0.01950730
  0.04642421   0.01952640
  0.04642571   0.01954560
  0.04642711   0.01956480
  0.04642851   0.01958400
  0.04643001   0.01960320
  0.04643141   0.01962240
  0.04643291   0.01964160
  0.04643431   0.01966080
  0.04643571   0.01968000
  0.04643721   0.01969920
  0.04643861   0.01971840
  0.04644011   0.01973750
  0.04644151   0.01975670
  0.04644291   0.01977590
  0.04644441   0.01979510
  0.04644581   0.01981430
  0.04644731   0.01983350
  0.04644871   0.01985270
  0.04645021   0.01987190
  0.04645161   0.01989110
  0.04645301   0.01991030
  0.04645451   0.01992950
  0.04645591   0.01994860
  0.04645741   0.01996780
  0.04645881   0.01998700
  0.04646021   0.02000620
  0.04646171   0.02002540
  0.04646311   0.02004460
  0.04646461   0.02006380
  0.04646601   0.02008300
  0.04646741   0.02010220
  0.04646891   0.02012140
  0.04647031   0.02014060
  0.04647181   0.02015970
  0.04647321   0.02017890
  0.04647471   0.02019810
  0.04647611   0.02021730
  0.04647751   0.02023650
  0.04647901   0.02025570
  0.04648041   0.02027490
  0.04648191   0.02029410
  0.04648331   0.02031330
  0.04648471   0.02033250
  0.04648621   0.02035170
  0.04648761   0.02037080
  0.04648911   0.02039000
  0.04649051   0.02040920
  0.04649191   0.02042840
  0.04649341   0.02044760
  0.04649481   0.02046680
  0.04649631   0.02048600
  0.04649771   0.02050520
  0.04649921   0.02052440
  0.04650061   0.02054360
  0.04650201   0.02056280
  0.04650351   0.02058190
  0.04650491   0.02060110
  0.04650641   0.02062030
  0.04650781   0.02063950
  0.04650921   0.02065870
  0.04651071   0.02067790
  0.04651211   0.02069710
  0.04651361   0.02071630
  0.04651501   0.02073550
  0.04651641   0.02075470
  0.04651791   0.02077390
  0.04651931   0.02079300
  0.04652081   0.02081220
  0.04652221   0.02083140
  0.04652371   0.02085060
  0.04652511   0.02086980
  0.04652651   0.02088900
  0.04652801   0.02090820
  0.04652941   0.02092740
  0.04653091   0.02094660
  0.04653231   0.02096580
  0.04653371   0.02098500
  0.04653521   0.02100410
  0.04653661   0.02102330
  0.04653811   0.02104250
  0.04653951   0.02106170
  0.04654091   0.02108090
  0.04654241   0.02110010
  0.04654381   0.02111930
  0.04654531   0.02113850
  0.04654671   0.02115770
  0.04654821   0.02117690
  0.04654961   0.02119610
  0.04655101   0.02121520
  0.04655251   0.02123440
  0.04655391   0.02125360
  0.04655541   0.02127280
  0.04655681   0.02129200
  0.04655821   0.02131120
  0.04655971   0.02133040
  0.04656111   0.02134960
  0.04656261   0.02136880
  0.04656401   0.02138800
  0.04656541   0.02140720
  0.04656691   0.02142630
  0.04656831   0.02144550
  0.04656981   0.02146470
  0.04657121   0.02148390
  0.04657261   0.02150310
  0.04657411   0.02152230
  0.04657551   0.02154150
  0.04657701   0.02156070
  0.04657841   0.02157990
  0.04657991   0.02159910
  0.04658131   0.02161830
  0.04658271   0.02163740
  0.04658421   0.02165660
  0.04658561   0.02167580
  0.04658711   0.02169500
  0.04658851   0.02171420
  0.04658991   0.02173340
  0.04659141   0.02175260
  0.04659281   0.02177180
  0.04659431   0.02179100
  0.04659571   0.02181020
  0.04659711   0.02182940
  0.04659861   0.02184850
  0.04660001   0.02186770
  0.04660151   0.02188690
  0.04660291   0.02190610
  0.04660441   0.02192530
  0.04660581   0.02194450
  0.04660721   0.02196370
  0.04660871   0.02198290
  0.04661011   0.02200210
  0.04661161   0.02202130
  0.04661301   0.02204050
  0.04661441   0.02205960
  0.04661591   0.02207880
  0.04661731   0.02209800
  0.04661881   0.02211720
  0.04662021   0.02213640
  0.04662161   0.02215560
  0.04662311   0.02217480
  0.04662451   0.02219400
  0.04662601   0.02221320
  0.04662741   0.02223240
  0.04662891   0.02225160
  0.04663031   0.02227070
  0.04663171   0.02228990
  0.04663321   0.02230910
  0.04663461   0.02232830
  0.04663611   0.02234750
  0.04663751   0.02236670
  0.04663891   0.02238590
  0.04664041   0.02240510
  0.04664181   0.02242430
  0.04664331   0.02244350
  0.04664471   0.02246270
  0.04664611   0.02248180
  0.04664761   0.02250100
  0.04664901   0.02252020
  0.04665051   0.02253940
  0.04665191   0.02255860
  0.04665341   0.02257780
  0.04665481   0.02259700
  0.04665621   0.02261620
  0.04665771   0.02263540
  0.04665911   0.02265460
  0.04666061   0.02267380
  0.04666201   0.02269290
  0.04666341   0.02271210
  0.04666491   0.02273130
  0.04666631   0.02275050
  0.04666781   0.02276970
  0.04666921   0.02278890
  0.04667061   0.02280810
  0.04667211   0.02282730
  0.04667351   0.02284650
  0.04667501   0.02286570
  0.04667641   0.02288490
  0.04667791   0.02290400
  0.04667931   0.02292320
  0.04668071   0.02294240
  0.04668221   0.02296160
  0.04668361   0.02298080
  0.04668511   0.02300000
