 -0.02657000   0.02300000
 -0.02656540   0.02281520
 -0.02656080   0.02263030
 -0.02655610   0.02244550
 -0.02655150   0.02226070
 -0.02654690   0.02207590
 -0.02654230   0.02189100
 -0.02653770   0.02170620
 -0.02653310   0.02152140
 -0.02652850   0.02133660
 -0.02652380   0.02115170
 -0.02651920   0.02096690
 -0.02651460   0.02078210
 -0.02651000   0.02059720
 -0.02650540   0.02041240
 -0.02650080   0.02022760
 -0.02649620   0.02004280
 -0.02649150   0.01985790
 -0.02648690   0.01967310
 -0.02648230   0.01948830
 -0.02647770   0.01930350
 -0.02647310   0.01911860
 -0.02646850   0.01893380
 -0.02646390   0.01874900
 -0.02645920   0.01856410
 -0.02645460   0.01837930
 -0.02645000   0.01819450
 -0.02644540   0.01800970
 -0.02644080   0.01782480
 -0.02643620   0.01764000
 -0.02643150   0.01745520
 -0.02642690   0.01727040
 -0.02642230   0.01708550
 -0.02641770   0.01690070
 -0.02641310   0.01671590
 -0.02640850   0.01653100
 -0.02640390   0.01634620
 -0.02639920   0.01616140
 -0.02639460   0.01597660
 -0.02639000   0.01579170
 -0.02638540   0.01560690
 -0.02638080   0.01542210
 -0.02637620   0.01523730
 -0.02637080   0.01505240
 -0.02636300   0.01486770
 -0.02635250   0.01468310
 -0.02633930   0.01449870
 -0.02632360   0.01431450
 -0.02630520   0.01413060
 -0.02628420   0.01394690
 -0.02626060   0.01376350
 -0.02623440   0.01358050
 -0.02620560   0.01339780
 -0.02617420   0.01321560
 -0.02614030   0.01303390
 -0.02610370   0.01285270
 -0.02606460   0.01267200
 -0.02602280   0.01249190
 -0.02597860   0.01231240
 -0.02593180   0.01213350
 -0.02588240   0.01195530
 -0.02583060   0.01177790
 -0.02577620   0.01160120
 -0.02571930   0.01142530
 -0.02565990   0.01125020
 -0.02559800   0.01107600
 -0.02553360   0.01090260
 -0.02546680   0.01073020
 -0.02539760   0.01055880
 -0.02532590   0.01038840
 -0.02525180   0.01021900
 -0.02517530   0.01005070
 -0.02509640   0.00988350
 -0.02501510   0.00971740
 -0.02493150   0.00955250
 -0.02484560   0.00938890
 -0.02475730   0.00922640
 -0.02466670   0.00906520
 -0.02457390   0.00890530
 -0.02447870   0.00874680
 -0.02438140   0.00858960
 -0.02428180   0.00843390
 -0.02418000   0.00827950
 -0.02407600   0.00812670
 -0.02396990   0.00797530
 -0.02386160   0.00782540
 -0.02375120   0.00767710
 -0.02363870   0.00753040
 -0.02352410   0.00738530
 -0.02340750   0.00724190
 -0.02328880   0.00710010
 -0.02316820   0.00696000
 -0.02304550   0.00682160
 -0.02292090   0.00668510
 -0.02279440   0.00655020
 -0.02266600   0.00641730
 -0.02253560   0.00628610
 -0.02240350   0.00615680
 -0.02226950   0.00602940
 -0.02213370   0.00590390
 -0.02199620   0.00578040
 -0.02185690   0.00565880
 -0.02171580   0.00553930
 -0.02157310   0.00542170
 -0.02142880   0.00530620
 -0.02128280   0.00519280
 -0.02113520   0.00508140
 -0.02098610   0.00497220
 -0.02083540   0.00486500
 -0.02068320   0.00476010
 -0.02052950   0.00465730
 -0.02037440   0.00455670
 -0.02021780   0.00445830
 -0.02005990   0.00436220
 -0.01990060   0.00426830
 -0.01974010   0.00417670
 -0.01957820   0.00408740
 -0.01941500   0.00400040
 -0.01925070   0.00391570
 -0.01908520   0.00383340
 -0.01891850   0.00375340
 -0.01875060   0.00367580
 -0.01858170   0.00360060
 -0.01841180   0.00352780
 -0.01824080   0.00345750
 -0.01806890   0.00338950
 -0.01789600   0.00332410
 -0.01772210   0.00326110
 -0.01754740   0.00320050
 -0.01737190   0.00314250
 -0.01719560   0.00308700
 -0.01701840   0.00303400
 -0.01684060   0.00298350
 -0.01666200   0.00293550
 -0.01648300   0.00288920
 -0.01630390   0.00284340
 -0.01612470   0.00279800
 -0.01594540   0.00275290
 -0.01576600   0.00270830
 -0.01558640   0.00266410
 -0.01540680   0.00262040
 -0.01522710   0.00257700
 -0.01504730   0.00253410
 -0.01486730   0.00249150
 -0.01468730   0.00244940
 -0.01450720   0.00240770
 -0.01432700   0.00236640
 -0.01414670   0.00232560
 -0.01396620   0.00228510
 -0.01378570   0.00224510
 -0.01360520   0.00220550
 -0.01342450   0.00216630
 -0.01324370   0.00212750
 -0.01306280   0.00208920
 -0.01288190   0.00205120
 -0.01270090   0.00201370
 -0.01251970   0.00197660
 -0.01233850   0.00193990
 -0.01215720   0.00190360
 -0.01197590   0.00186780
 -0.01179440   0.00183240
 -0.01161290   0.00179740
 -0.01143120   0.00176280
 -0.01124950   0.00172860
 -0.01106780   0.00169480
 -0.01088590   0.00166150
 -0.01070400   0.00162860
 -0.01052200   0.00159610
 -0.01033990   0.00156400
 -0.01015770   0.00153240
 -0.00997550   0.00150120
 -0.00979320   0.00147040
 -0.00961080   0.00144000
 -0.00942840   0.00141000
 -0.00924590   0.00138050
 -0.00906330   0.00135140
 -0.00888060   0.00132270
 -0.00869790   0.00129440
 -0.00851520   0.00126650
 -0.00833230   0.00123910
 -0.00814940   0.00121210
 -0.00796650   0.00118550
 -0.00778340   0.00115940
 -0.00760030   0.00113360
 -0.00741720   0.00110830
 -0.00723400   0.00108340
 -0.00705070   0.00105900
 -0.00686740   0.00103490
 -0.00668410   0.00101130
 -0.00650060   0.00098810
 -0.00631720   0.00096530
 -0.00613360   0.00094300
 -0.00595010   0.00092100
 -0.00576640   0.00089950
 -0.00558270   0.00087850
 -0.00539900   0.00085780
 -0.00521520   0.00083760
 -0.00503140   0.00081780
 -0.00484750   0.00079840
 -0.00466360   0.00077950
 -0.00447970   0.00076090
 -0.00429570   0.00074280
 -0.00411170   0.00072520
 -0.00392760   0.00070790
 -0.00374350   0.00069110
 -0.00355930   0.00067470
 -0.00337510   0.00065870
 -0.00319090   0.00064320
 -0.00300660   0.00062800
 -0.00282230   0.00061330
 -0.00263800   0.00059910
 -0.00245360   0.00058520
 -0.00226920   0.00057180
 -0.00208480   0.00055880
 -0.00190030   0.00054620
 -0.00171580   0.00053410
 -0.00153130   0.00052240
 -0.00134680   0.00051110
 -0.00116220   0.00050030
 -0.00097760   0.00048970
 -0.00079310   0.00047920
 -0.00060850   0.00046880
 -0.00042390   0.00045860
 -0.00023930   0.00044840
 -0.00005460   0.00043840
  0.00013000   0.00042840
  0.00031460   0.00041860
  0.00049920   0.00040890
  0.00068390   0.00039930
  0.00086850   0.00038980
  0.00105320   0.00038050
  0.00123780   0.00037120
  0.00142250   0.00036210
  0.00160710   0.00035300
  0.00179180   0.00034410
  0.00197650   0.00033530
  0.00216120   0.00032670
  0.00234580   0.00031810
  0.00253050   0.00030960
  0.00271520   0.00030130
  0.00289990   0.00029310
  0.00308460   0.00028500
  0.00326940   0.00027700
  0.00345410   0.00026910
  0.00363880   0.00026130
  0.00382350   0.00025360
  0.00400820   0.00024610
  0.00419300   0.00023870
  0.00437770   0.00023130
  0.00456250   0.00022410
  0.00474720   0.00021710
  0.00493200   0.00021010
  0.00511670   0.00020320
  0.00530150   0.00019650
  0.00548630   0.00018980
  0.00567100   0.00018330
  0.00585580   0.00017690
  0.00604060   0.00017060
  0.00622540   0.00016440
  0.00641010   0.00015840
  0.00659490   0.00015240
  0.00677970   0.00014660
  0.00696450   0.00014090
  0.00714930   0.00013530
  0.00733410   0.00012980
  0.00751890   0.00012440
  0.00770370   0.00011910
  0.00788860   0.00011400
  0.00807340   0.00010890
  0.00825820   0.00010400
  0.00844300   0.00009920
  0.00862780   0.00009450
  0.00881270   0.00008990
  0.00899750   0.00008540
  0.00918230   0.00008110
  0.00936720   0.00007680
  0.00955200   0.00007270
  0.00973680   0.00006870
  0.00992170   0.00006480
  0.01010650   0.00006100
  0.01029140   0.00005740
  0.01047620   0.00005380
  0.01066110   0.00005030
  0.01084590   0.00004700
  0.01103080   0.00004380
  0.01121570   0.00004070
  0.01140050   0.00003770
  0.01158540   0.00003480
  0.01177020   0.00003210
  0.01195510   0.00002940
  0.01214000   0.00002690
  0.01232480   0.00002450
  0.01250970   0.00002220
  0.01269460   0.00002000
  0.01287950   0.00001790
  0.01306430   0.00001590
  0.01324920   0.00001410
  0.01343410   0.00001240
  0.01361900   0.00001070
  0.01380380   0.00000920
  0.01398870   0.00000780
  0.01417360   0.00000660
  0.01435850   0.00000540
  0.01454340   0.00000430
  0.01472820   0.00000340
  0.01491310   0.00000260
  0.01509800   0.00000190
  0.01528290   0.00000130
  0.01546780   0.00000080
  0.01565270   0.00000040
  0.01583760   0.00000020
  0.01602240  -0.00000000
  0.01620730  -0.00000000
  0.01639220   0.00000010
  0.01657710   0.00000030
  0.01676200   0.00000060
  0.01694690   0.00000100
  0.01713170   0.00000160
  0.01731660   0.00000220
  0.01750150   0.00000300
  0.01768640   0.00000390
  0.01787130   0.00000490
  0.01805620   0.00000600
  0.01824100   0.00000720
  0.01842590   0.00000860
  0.01861080   0.00001000
  0.01879570   0.00001190
  0.01898050   0.00001420
  0.01916540   0.00001700
  0.01935030   0.00002020
  0.01953510   0.00002380
  0.01972000   0.00002780
  0.01990480   0.00003230
  0.02008960   0.00003720
  0.02027440   0.00004250
  0.02045920   0.00004830
  0.02064400   0.00005440
  0.02082880   0.00006100
  0.02101350   0.00006810
  0.02119820   0.00007550
  0.02138300   0.00008340
  0.02156770   0.00009170
  0.02175230   0.00010050
  0.02193700   0.00010960
  0.02212160   0.00011920
  0.02230620   0.00012920
  0.02249080   0.00013970
  0.02267540   0.00015060
  0.02285990   0.00016190
  0.02304440   0.00017360
  0.02322890   0.00018570
  0.02341340   0.00019830
  0.02359780   0.00021130
  0.02378220   0.00022470
  0.02396660   0.00023860
  0.02415090   0.00025290
  0.02433520   0.00026760
  0.02451950   0.00028270
  0.02470370   0.00029830
  0.02488790   0.00031430
  0.02507210   0.00033070
  0.02525620   0.00034750
  0.02544020   0.00036480
  0.02562430   0.00038250
  0.02580830   0.00040060
  0.02599220   0.00041910
  0.02617610   0.00043810
  0.02636000   0.00045750
  0.02654380   0.00047730
  0.02672760   0.00049750
  0.02691130   0.00051820
  0.02709500   0.00053930
  0.02727860   0.00056080
  0.02746220   0.00058270
  0.02764570   0.00060510
  0.02782920   0.00062790
  0.02801260   0.00065110
  0.02819600   0.00067470
  0.02837930   0.00069880
  0.02856260   0.00072320
  0.02874580   0.00074810
  0.02892890   0.00077350
  0.02911200   0.00079920
  0.02929500   0.00082540
  0.02947800   0.00085200
  0.02966090   0.00087900
  0.02984370   0.00090640
  0.03002650   0.00093430
  0.03020920   0.00096260
  0.03039180   0.00099130
  0.03057440   0.00102040
  0.03075690   0.00105000
  0.03093940   0.00108000
  0.03112170   0.00111040
  0.03130400   0.00114120
  0.03148630   0.00117240
  0.03166840   0.00120410
  0.03185050   0.00123610
  0.03203250   0.00126860
  0.03221440   0.00130160
  0.03239630   0.00133490
  0.03257810   0.00136870
  0.03275980   0.00140290
  0.03294140   0.00143750
  0.03312290   0.00147250
  0.03330440   0.00150790
  0.03348570   0.00154380
  0.03366700   0.00158000
  0.03384820   0.00161670
  0.03402940   0.00165390
  0.03421030   0.00169200
  0.03439060   0.00173270
  0.03457040   0.00177590
  0.03474950   0.00182170
  0.03492800   0.00187000
  0.03510570   0.00192090
  0.03528270   0.00197430
  0.03545900   0.00203010
  0.03563440   0.00208850
  0.03580900   0.00214940
  0.03598260   0.00221280
  0.03615540   0.00227860
  0.03632720   0.00234690
  0.03649810   0.00241760
  0.03666790   0.00249070
  0.03683660   0.00256620
  0.03700430   0.00264420
  0.03717080   0.00272450
  0.03733620   0.00280710
  0.03750040   0.00289220
  0.03766330   0.00297950
  0.03782500   0.00306910
  0.03798540   0.00316110
  0.03814450   0.00325530
  0.03830220   0.00335170
  0.03845860   0.00345040
  0.03861350   0.00355130
  0.03876690   0.00365440
  0.03891890   0.00375970
  0.03906940   0.00386710
  0.03921830   0.00397670
  0.03936570   0.00408830
  0.03951140   0.00420210
  0.03965560   0.00431790
  0.03979800   0.00443570
  0.03993880   0.00455560
  0.04007780   0.00467740
  0.04021510   0.00480120
  0.04035070   0.00492700
  0.04048440   0.00505470
  0.04061630   0.00518420
  0.04074630   0.00531560
  0.04087450   0.00544890
  0.04100080   0.00558390
  0.04112510   0.00572080
  0.04124740   0.00585940
  0.04136780   0.00599970
  0.04148620   0.00614170
  0.04160250   0.00628540
  0.04171680   0.00643080
  0.04182900   0.00657770
  0.04193910   0.00672620
  0.04204710   0.00687630
  0.04215290   0.00702790
  0.04225660   0.00718100
  0.04235810   0.00733550
  0.04245740   0.00749150
  0.04255440   0.00764890
  0.04264920   0.00780760
  0.04274170   0.00796770
  0.04283200   0.00812900
  0.04291990   0.00829160
  0.04300550   0.00845550
  0.04308880   0.00862060
  0.04316970   0.00878680
  0.04324830   0.00895420
  0.04332440   0.00912260
  0.04339820   0.00929220
  0.04346950   0.00946270
  0.04353840   0.00963430
  0.04360490   0.00980680
  0.04366890   0.00998030
  0.04373040   0.01015460
  0.04378950   0.01032980
  0.04384600   0.01050580
  0.04390010   0.01068270
  0.04395160   0.01086020
  0.04400060   0.01103850
  0.04404700   0.01121750
  0.04409090   0.01139700
  0.04413220   0.01157730
  0.04417100   0.01175800
  0.04420720   0.01193930
  0.04424080   0.01212110
  0.04427180   0.01230340
  0.04430030   0.01248610
  0.04432610   0.01266910
  0.04434930   0.01285260
  0.04436990   0.01303630
  0.04438790   0.01322030
  0.04440330   0.01340450
  0.04440470   0.01342370
  0.04440620   0.01344290
  0.04440760   0.01346210
  0.04440910   0.01348130
  0.04441050   0.01350050
  0.04441190   0.01351970
  0.04441340   0.01353890
  0.04441480   0.01355810
  0.04441630   0.01357730
  0.04441770   0.01359650
  0.04441910   0.01361560
  0.04442060   0.01363480
  0.04442200   0.01365400
  0.04442350   0.01367320
  0.04442490   0.01369240
  0.04442640   0.01371160
  0.04442780   0.01373080
  0.04442920   0.01375000
  0.04443070   0.01376920
  0.04443210   0.01378840
  0.04443360   0.01380760
  0.04443500   0.01382670
  0.04443640   0.01384590
  0.04443790   0.01386510
  0.04443930   0.01388430
  0.04444080   0.01390350
  0.04444220   0.01392270
  0.04444360   0.01394190
  0.04444510   0.01396110
  0.04444650   0.01398030
  0.04444800   0.01399950
  0.04444940   0.01401870
  0.04445090   0.01403780
  0.04445230   0.01405700
  0.04445370   0.01407620
  0.04445520   0.01409540
  0.04445660   0.01411460
  0.04445810   0.01413380
  0.04445950   0.01415300
  0.04446090   0.01417220
  0.04446240   0.01419140
  0.04446380   0.01421060
  0.04446530   0.01422980
  0.04446670   0.01424890
  0.04446810   0.01426810
  0.04446960   0.01428730
  0.04447100   0.01430650
  0.04447250   0.01432570
  0.04447390   0.01434490
  0.04447540   0.01436410
  0.04447680   0.01438330
  0.04447820   0.01440250
  0.04447970   0.01442170
  0.04448110   0.01444090
  0.04448260   0.01446000
  0.04448400   0.01447920
  0.04448540   0.01449840
  0.04448690   0.01451760
  0.04448830   0.01453680
  0.04448980   0.01455600
  0.04449120   0.01457520
  0.04449260   0.01459440
  0.04449410   0.01461360
  0.04449550   0.01463280
  0.04449700   0.01465200
  0.04449840   0.01467110
  0.04449990   0.01469030
  0.04450130   0.01470950
  0.04450270   0.01472870
  0.04450420   0.01474790
  0.04450560   0.01476710
  0.04450710   0.01478630
  0.04450850   0.01480550
  0.04450990   0.01482470
  0.04451140   0.01484390
  0.04451280   0.01486310
  0.04451430   0.01488220
  0.04451570   0.01490140
  0.04451710   0.01492060
  0.04451860   0.01493980
  0.04452000   0.01495900
  0.04452150   0.01497820
  0.04452290   0.01499740
  0.04452440   0.01501660
  0.04452580   0.01503580
  0.04452720   0.01505500
  0.04452870   0.01507420
  0.04453010   0.01509330
  0.04453160   0.01511250
  0.04453300   0.01513170
  0.04453440   0.01515090
  0.04453590   0.01517010
  0.04453730   0.01518930
  0.04453880   0.01520850
  0.04454020   0.01522770
  0.04454160   0.01524690
  0.04454310   0.01526610
  0.04454450   0.01528530
  0.04454600   0.01530440
  0.04454740   0.01532360
  0.04454890   0.01534280
  0.04455030   0.01536200
  0.04455170   0.01538120
  0.04455320   0.01540040
  0.04455460   0.01541960
  0.04455610   0.01543880
  0.04455750   0.01545800
  0.04455890   0.01547720
  0.04456040   0.01549640
  0.04456180   0.01551550
  0.04456330   0.01553470
  0.04456470   0.01555390
  0.04456610   0.01557310
  0.04456760   0.01559230
  0.04456900   0.01561150
  0.04457050   0.01563070
  0.04457190   0.01564990
  0.04457330   0.01566910
  0.04457480   0.01568830
  0.04457620   0.01570750
  0.04457770   0.01572660
  0.04457910   0.01574580
  0.04458060   0.01576500
  0.04458200   0.01578420
  0.04458340   0.01580340
  0.04458490   0.01582260
  0.04458630   0.01584180
  0.04458780   0.01586100
  0.04458920   0.01588020
  0.04459060   0.01589940
  0.04459210   0.01591860
  0.04459350   0.01593770
  0.04459500   0.01595690
  0.04459640   0.01597610
  0.04459780   0.01599530
  0.04459930   0.01601450
  0.04460070   0.01603370
  0.04460220   0.01605290
  0.04460360   0.01607210
  0.04460510   0.01609130
  0.04460650   0.01611050
  0.04460790   0.01612970
  0.04460940   0.01614880
  0.04461080   0.01616800
  0.04461230   0.01618720
  0.04461370   0.01620640
  0.04461510   0.01622560
  0.04461660   0.01624480
  0.04461800   0.01626400
  0.04461950   0.01628320
  0.04462090   0.01630240
  0.04462230   0.01632160
  0.04462380   0.01634080
  0.04462520   0.01635990
  0.04462670   0.01637910
  0.04462810   0.01639830
  0.04462960   0.01641750
  0.04463100   0.01643670
  0.04463240   0.01645590
  0.04463390   0.01647510
  0.04463530   0.01649430
  0.04463680   0.01651350
  0.04463820   0.01653270
  0.04463960   0.01655190
  0.04464110   0.01657100
  0.04464250   0.01659020
  0.04464400   0.01660940
  0.04464540   0.01662860
  0.04464680   0.01664780
  0.04464830   0.01666700
  0.04464970   0.01668620
  0.04465120   0.01670540
  0.04465260   0.01672460
  0.04465410   0.01674380
  0.04465550   0.01676300
  0.04465690   0.01678210
  0.04465840   0.01680130
  0.04465980   0.01682050
  0.04466130   0.01683970
  0.04466270   0.01685890
  0.04466410   0.01687810
  0.04466560   0.01689730
  0.04466700   0.01691650
  0.04466850   0.01693570
  0.04466990   0.01695490
  0.04467130   0.01697410
  0.04467280   0.01699320
  0.04467420   0.01701240
  0.04467570   0.01703160
  0.04467710   0.01705080
  0.04467860   0.01707000
  0.04468000   0.01708920
  0.04468140   0.01710840
  0.04468290   0.01712760
  0.04468430   0.01714680
  0.04468580   0.01716600
  0.04468720   0.01718520
  0.04468860   0.01720430
  0.04469010   0.01722350
  0.04469150   0.01724270
  0.04469300   0.01726190
  0.04469440   0.01728110
  0.04469580   0.01730030
  0.04469730   0.01731950
  0.04469870   0.01733870
  0.04470020   0.01735790
  0.04470160   0.01737710
  0.04470310   0.01739630
  0.04470450   0.01741540
  0.04470590   0.01743460
  0.04470740   0.01745380
  0.04470880   0.01747300
  0.04471030   0.01749220
  0.04471170   0.01751140
  0.04471310   0.01753060
  0.04471460   0.01754980
  0.04471600   0.01756900
  0.04471750   0.01758820
  0.04471890   0.01760740
  0.04472030   0.01762650
  0.04472180   0.01764570
  0.04472320   0.01766490
  0.04472470   0.01768410
  0.04472610   0.01770330
  0.04472750   0.01772250
  0.04472900   0.01774170
  0.04473040   0.01776090
  0.04473190   0.01778010
  0.04473330   0.01779930
  0.04473480   0.01781850
  0.04473620   0.01783760
  0.04473760   0.01785680
  0.04473910   0.01787600
  0.04474050   0.01789520
  0.04474200   0.01791440
  0.04474340   0.01793360
  0.04474480   0.01795280
  0.04474630   0.01797200
  0.04474770   0.01799120
  0.04474920   0.01801040
  0.04475060   0.01802960
  0.04475200   0.01804870
  0.04475350   0.01806790
  0.04475490   0.01808710
  0.04475640   0.01810630
  0.04475780   0.01812550
  0.04475930   0.01814470
  0.04476070   0.01816390
  0.04476210   0.01818310
  0.04476360   0.01820230
  0.04476500   0.01822150
  0.04476650   0.01824070
  0.04476790   0.01825980
  0.04476930   0.01827900
  0.04477080   0.01829820
  0.04477220   0.01831740
  0.04477370   0.01833660
  0.04477510   0.01835580
  0.04477650   0.01837500
  0.04477800   0.01839420
  0.04477940   0.01841340
  0.04478090   0.01843260
  0.04478230   0.01845180
  0.04478380   0.01847090
  0.04478520   0.01849010
  0.04478660   0.01850930
  0.04478810   0.01852850
  0.04478950   0.01854770
  0.04479100   0.01856690
  0.04479240   0.01858610
  0.04479380   0.01860530
  0.04479530   0.01862450
  0.04479670   0.01864370
  0.04479820   0.01866290
  0.04479960   0.01868200
  0.04480100   0.01870120
  0.04480250   0.01872040
  0.04480390   0.01873960
  0.04480540   0.01875880
  0.04480680   0.01877800
  0.04480830   0.01879720
  0.04480970   0.01881640
  0.04481110   0.01883560
  0.04481260   0.01885480
  0.04481400   0.01887400
  0.04481550   0.01889310
  0.04481690   0.01891230
  0.04481830   0.01893150
  0.04481980   0.01895070
  0.04482120   0.01896990
  0.04482270   0.01898910
  0.04482410   0.01900830
  0.04482550   0.01902750
  0.04482700   0.01904670
  0.04482840   0.01906590
  0.04482990   0.01908510
  0.04483130   0.01910420
  0.04483280   0.01912340
  0.04483420   0.01914260
  0.04483560   0.01916180
  0.04483710   0.01918100
  0.04483850   0.01920020
  0.04484000   0.01921940
  0.04484140   0.01923860
  0.04484280   0.01925780
  0.04484430   0.01927700
  0.04484570   0.01929620
  0.04484720   0.01931530
  0.04484860   0.01933450
  0.04485000   0.01935370
  0.04485150   0.01937290
  0.04485290   0.01939210
  0.04485440   0.01941130
  0.04485580   0.01943050
  0.04485720   0.01944970
  0.04485870   0.01946890
  0.04486010   0.01948810
  0.04486160   0.01950730
  0.04486300   0.01952640
  0.04486450   0.01954560
  0.04486590   0.01956480
  0.04486730   0.01958400
  0.04486880   0.01960320
  0.04487020   0.01962240
  0.04487170   0.01964160
  0.04487310   0.01966080
  0.04487450   0.01968000
  0.04487600   0.01969920
  0.04487740   0.01971840
  0.04487890   0.01973750
  0.04488030   0.01975670
  0.04488170   0.01977590
  0.04488320   0.01979510
  0.04488460   0.01981430
  0.04488610   0.01983350
  0.04488750   0.01985270
  0.04488900   0.01987190
  0.04489040   0.01989110
  0.04489180   0.01991030
  0.04489330   0.01992950
  0.04489470   0.01994860
  0.04489620   0.01996780
  0.04489760   0.01998700
  0.04489900   0.02000620
  0.04490050   0.02002540
  0.04490190   0.02004460
  0.04490340   0.02006380
  0.04490480   0.02008300
  0.04490620   0.02010220
  0.04490770   0.02012140
  0.04490910   0.02014060
  0.04491060   0.02015970
  0.04491200   0.02017890
  0.04491350   0.02019810
  0.04491490   0.02021730
  0.04491630   0.02023650
  0.04491780   0.02025570
  0.04491920   0.02027490
  0.04492070   0.02029410
  0.04492210   0.02031330
  0.04492350   0.02033250
  0.04492500   0.02035170
  0.04492640   0.02037080
  0.04492790   0.02039000
  0.04492930   0.02040920
  0.04493070   0.02042840
  0.04493220   0.02044760
  0.04493360   0.02046680
  0.04493510   0.02048600
  0.04493650   0.02050520
  0.04493800   0.02052440
  0.04493940   0.02054360
  0.04494080   0.02056280
  0.04494230   0.02058190
  0.04494370   0.02060110
  0.04494520   0.02062030
  0.04494660   0.02063950
  0.04494800   0.02065870
  0.04494950   0.02067790
  0.04495090   0.02069710
  0.04495240   0.02071630
  0.04495380   0.02073550
  0.04495520   0.02075470
  0.04495670   0.02077390
  0.04495810   0.02079300
  0.04495960   0.02081220
  0.04496100   0.02083140
  0.04496250   0.02085060
  0.04496390   0.02086980
  0.04496530   0.02088900
  0.04496680   0.02090820
  0.04496820   0.02092740
  0.04496970   0.02094660
  0.04497110   0.02096580
  0.04497250   0.02098500
  0.04497400   0.02100410
  0.04497540   0.02102330
  0.04497690   0.02104250
  0.04497830   0.02106170
  0.04497970   0.02108090
  0.04498120   0.02110010
  0.04498260   0.02111930
  0.04498410   0.02113850
  0.04498550   0.02115770
  0.04498700   0.02117690
  0.04498840   0.02119610
  0.04498980   0.02121520
  0.04499130   0.02123440
  0.04499270   0.02125360
  0.04499420   0.02127280
  0.04499560   0.02129200
  0.04499700   0.02131120
  0.04499850   0.02133040
  0.04499990   0.02134960
  0.04500140   0.02136880
  0.04500280   0.02138800
  0.04500420   0.02140720
  0.04500570   0.02142630
  0.04500710   0.02144550
  0.04500860   0.02146470
  0.04501000   0.02148390
  0.04501140   0.02150310
  0.04501290   0.02152230
  0.04501430   0.02154150
  0.04501580   0.02156070
  0.04501720   0.02157990
  0.04501870   0.02159910
  0.04502010   0.02161830
  0.04502150   0.02163740
  0.04502300   0.02165660
  0.04502440   0.02167580
  0.04502590   0.02169500
  0.04502730   0.02171420
  0.04502870   0.02173340
  0.04503020   0.02175260
  0.04503160   0.02177180
  0.04503310   0.02179100
  0.04503450   0.02181020
  0.04503590   0.02182940
  0.04503740   0.02184850
  0.04503880   0.02186770
  0.04504030   0.02188690
  0.04504170   0.02190610
  0.04504320   0.02192530
  0.04504460   0.02194450
  0.04504600   0.02196370
  0.04504750   0.02198290
  0.04504890   0.02200210
  0.04505040   0.02202130
  0.04505180   0.02204050
  0.04505320   0.02205960
  0.04505470   0.02207880
  0.04505610   0.02209800
  0.04505760   0.02211720
  0.04505900   0.02213640
  0.04506040   0.02215560
  0.04506190   0.02217480
  0.04506330   0.02219400
  0.04506480   0.02221320
  0.04506620   0.02223240
  0.04506770   0.02225160
  0.04506910   0.02227070
  0.04507050   0.02228990
  0.04507200   0.02230910
  0.04507340   0.02232830
  0.04507490   0.02234750
  0.04507630   0.02236670
  0.04507770   0.02238590
  0.04507920   0.02240510
  0.04508060   0.02242430
  0.04508210   0.02244350
  0.04508350   0.02246270
  0.04508490   0.02248180
  0.04508640   0.02250100
  0.04508780   0.02252020
  0.04508930   0.02253940
  0.04509070   0.02255860
  0.04509220   0.02257780
  0.04509360   0.02259700
  0.04509500   0.02261620
  0.04509650   0.02263540
  0.04509790   0.02265460
  0.04509940   0.02267380
  0.04510080   0.02269290
  0.04510220   0.02271210
  0.04510370   0.02273130
  0.04510510   0.02275050
  0.04510660   0.02276970
  0.04510800   0.02278890
  0.04510940   0.02280810
  0.04511090   0.02282730
  0.04511230   0.02284650
  0.04511380   0.02286570
  0.04511520   0.02288490
  0.04511670   0.02290400
  0.04511810   0.02292320
  0.04511950   0.02294240
  0.04512100   0.02296160
  0.04512240   0.02298080
  0.04512390   0.02300000
