 -0.01320505   0.02222687
 -0.01320045   0.02204207
 -0.01319585   0.02185717
 -0.01319115   0.02167237
 -0.01318655   0.02148757
 -0.01318195   0.02130277
 -0.01317735   0.02111787
 -0.01317275   0.02093307
 -0.01316815   0.02074827
 -0.01316355   0.02056347
 -0.01315885   0.02037857
 -0.01315425   0.02019377
 -0.01314965   0.02000897
 -0.01314505   0.01982407
 -0.01314045   0.01963927
 -0.01313585   0.01945447
 -0.01313125   0.01926967
 -0.01312655   0.01908477
 -0.01312195   0.01889997
 -0.01311735   0.01871517
 -0.01311275   0.01853037
 -0.01310815   0.01834547
 -0.01310355   0.01816067
 -0.01309895   0.01797587
 -0.01309425   0.01779097
 -0.01308965   0.01760617
 -0.01308505   0.01742137
 -0.01308045   0.01723657
 -0.01307585   0.01705167
 -0.01307125   0.01686687
 -0.01306655   0.01668207
 -0.01306195   0.01649727
 -0.01305735   0.01631237
 -0.01305275   0.01612757
 -0.01304815   0.01594277
 -0.01304355   0.01575787
 -0.01303895   0.01557307
 -0.01303425   0.01538827
 -0.01302965   0.01520347
 -0.01302505   0.01501857
 -0.01302045   0.01483377
 -0.01301585   0.01464897
 -0.01301125   0.01446417
 -0.01300585   0.01427927
 -0.01299805   0.01409457
 -0.01298755   0.01390997
 -0.01297435   0.01372557
 -0.01295865   0.01354137
 -0.01294025   0.01335747
 -0.01291925   0.01317377
 -0.01289565   0.01299037
 -0.01286945   0.01280737
 -0.01284065   0.01262467
 -0.01280925   0.01244247
 -0.01277535   0.01226077
 -0.01273875   0.01207957
 -0.01269965   0.01189887
 -0.01265785   0.01171877
 -0.01261365   0.01153927
 -0.01256685   0.01136037
 -0.01251745   0.01118217
 -0.01246565   0.01100477
 -0.01241125   0.01082807
 -0.01235435   0.01065217
 -0.01229495   0.01047707
 -0.01223305   0.01030287
 -0.01216865   0.01012947
 -0.01210185   0.00995707
 -0.01203265   0.00978567
 -0.01196095   0.00961527
 -0.01188685   0.00944587
 -0.01181035   0.00927757
 -0.01173145   0.00911037
 -0.01165015   0.00894427
 -0.01156655   0.00877937
 -0.01148065   0.00861577
 -0.01139235   0.00845327
 -0.01130175   0.00829207
 -0.01120895   0.00813217
 -0.01111375   0.00797367
 -0.01101645   0.00781647
 -0.01091685   0.00766077
 -0.01081505   0.00750637
 -0.01071105   0.00735357
 -0.01060495   0.00720217
 -0.01049665   0.00705227
 -0.01038625   0.00690397
 -0.01027375   0.00675727
 -0.01015915   0.00661217
 -0.01004255   0.00646877
 -0.00992385   0.00632697
 -0.00980325   0.00618687
 -0.00968055   0.00604847
 -0.00955595   0.00591197
 -0.00942945   0.00577707
 -0.00930105   0.00564417
 -0.00917065   0.00551297
 -0.00903855   0.00538367
 -0.00890455   0.00525627
 -0.00876875   0.00513077
 -0.00863125   0.00500727
 -0.00849195   0.00488567
 -0.00835085   0.00476617
 -0.00820815   0.00464857
 -0.00806385   0.00453307
 -0.00791785   0.00441967
 -0.00777025   0.00430827
 -0.00762115   0.00419907
 -0.00747045   0.00409187
 -0.00731825   0.00398697
 -0.00716455   0.00388417
 -0.00700945   0.00378357
 -0.00685285   0.00368517
 -0.00669495   0.00358907
 -0.00653565   0.00349517
 -0.00637515   0.00340357
 -0.00621325   0.00331427
 -0.00605005   0.00322727
 -0.00588575   0.00314257
 -0.00572025   0.00306027
 -0.00555355   0.00298027
 -0.00538565   0.00290267
 -0.00521675   0.00282747
 -0.00504685   0.00275467
 -0.00487585   0.00268437
 -0.00470395   0.00261637
 -0.00453105   0.00255097
 -0.00435715   0.00248797
 -0.00418245   0.00242737
 -0.00400695   0.00236937
 -0.00383065   0.00231387
 -0.00365345   0.00226087
 -0.00347565   0.00221037
 -0.00329705   0.00216237
 -0.00311805   0.00211607
 -0.00293895   0.00207027
 -0.00275975   0.00202487
 -0.00258045   0.00197977
 -0.00240105   0.00193517
 -0.00222145   0.00189097
 -0.00204185   0.00184727
 -0.00186215   0.00180387
 -0.00168235   0.00176097
 -0.00150235   0.00171837
 -0.00132235   0.00167627
 -0.00114225   0.00163457
 -0.00096205   0.00159327
 -0.00078175   0.00155247
 -0.00060125   0.00151197
 -0.00042075   0.00147197
 -0.00024025   0.00143237
 -0.00005955   0.00139317
  0.00012125   0.00135437
  0.00030215   0.00131607
  0.00048305   0.00127807
  0.00066405   0.00124057
  0.00084525   0.00120347
  0.00102645   0.00116677
  0.00120775   0.00113047
  0.00138905   0.00109467
  0.00157055   0.00105927
  0.00175205   0.00102427
  0.00193375   0.00098967
  0.00211545   0.00095547
  0.00229715   0.00092167
  0.00247905   0.00088837
  0.00266095   0.00085547
  0.00284295   0.00082297
  0.00302505   0.00079087
  0.00320725   0.00075927
  0.00338945   0.00072807
  0.00357175   0.00069727
  0.00375415   0.00066687
  0.00393655   0.00063687
  0.00411905   0.00060737
  0.00430165   0.00057827
  0.00448435   0.00054957
  0.00466705   0.00052127
  0.00484975   0.00049337
  0.00503265   0.00046597
  0.00521555   0.00043897
  0.00539845   0.00041237
  0.00558155   0.00038627
  0.00576465   0.00036047
  0.00594775   0.00033517
  0.00613095   0.00031027
  0.00631425   0.00028587
  0.00649755   0.00026177
  0.00668085   0.00023817
  0.00686435   0.00021497
  0.00704775   0.00019217
  0.00723135   0.00016987
  0.00741485   0.00014787
  0.00759855   0.00012637
  0.00778225   0.00010537
  0.00796595   0.00008467
  0.00814975   0.00006447
  0.00833355   0.00004467
  0.00851745   0.00002527
  0.00870135   0.00000637
  0.00888525  -0.00001223
  0.00906925  -0.00003033
  0.00925325  -0.00004793
  0.00943735  -0.00006523
  0.00962145  -0.00008203
  0.00980565  -0.00009843
  0.00998985  -0.00011443
  0.01017405  -0.00012993
  0.01035835  -0.00014513
  0.01054265  -0.00015983
  0.01072695  -0.00017403
  0.01091135  -0.00018793
  0.01109575  -0.00020133
  0.01128015  -0.00021433
  0.01146465  -0.00022693
  0.01164915  -0.00023903
  0.01183365  -0.00025073
  0.01201815  -0.00026203
  0.01220275  -0.00027283
  0.01238735  -0.00028343
  0.01257185  -0.00029393
  0.01275645  -0.00030433
  0.01294105  -0.00031453
  0.01312565  -0.00032473
  0.01331035  -0.00033473
  0.01349495  -0.00034473
  0.01367955  -0.00035453
  0.01386415  -0.00036423
  0.01404885  -0.00037383
  0.01423345  -0.00038333
  0.01441815  -0.00039263
  0.01460275  -0.00040193
  0.01478745  -0.00041103
  0.01497205  -0.00042013
  0.01515675  -0.00042903
  0.01534145  -0.00043783
  0.01552615  -0.00044643
  0.01571075  -0.00045503
  0.01589545  -0.00046353
  0.01608015  -0.00047183
  0.01626485  -0.00048003
  0.01644955  -0.00048813
  0.01663435  -0.00049613
  0.01681905  -0.00050403
  0.01700375  -0.00051183
  0.01718845  -0.00051953
  0.01737315  -0.00052703
  0.01755795  -0.00053443
  0.01774265  -0.00054183
  0.01792745  -0.00054903
  0.01811215  -0.00055603
  0.01829695  -0.00056303
  0.01848165  -0.00056993
  0.01866645  -0.00057663
  0.01885125  -0.00058333
  0.01903595  -0.00058983
  0.01922075  -0.00059623
  0.01940555  -0.00060253
  0.01959035  -0.00060873
  0.01977505  -0.00061473
  0.01995985  -0.00062073
  0.02014465  -0.00062653
  0.02032945  -0.00063223
  0.02051425  -0.00063783
  0.02069905  -0.00064333
  0.02088385  -0.00064873
  0.02106865  -0.00065403
  0.02125355  -0.00065913
  0.02143835  -0.00066423
  0.02162315  -0.00066913
  0.02180795  -0.00067393
  0.02199275  -0.00067863
  0.02217765  -0.00068323
  0.02236245  -0.00068773
  0.02254725  -0.00069203
  0.02273215  -0.00069633
  0.02291695  -0.00070043
  0.02310175  -0.00070443
  0.02328665  -0.00070833
  0.02347145  -0.00071213
  0.02365635  -0.00071573
  0.02384115  -0.00071933
  0.02402605  -0.00072283
  0.02421085  -0.00072613
  0.02439575  -0.00072933
  0.02458065  -0.00073243
  0.02476545  -0.00073543
  0.02495035  -0.00073833
  0.02513515  -0.00074103
  0.02532005  -0.00074373
  0.02550495  -0.00074623
  0.02568975  -0.00074863
  0.02587465  -0.00075093
  0.02605955  -0.00075313
  0.02624445  -0.00075523
  0.02642925  -0.00075723
  0.02661415  -0.00075903
  0.02679905  -0.00076073
  0.02698395  -0.00076243
  0.02716875  -0.00076393
  0.02735365  -0.00076533
  0.02753855  -0.00076653
  0.02772345  -0.00076773
  0.02790835  -0.00076883
  0.02809315  -0.00076973
  0.02827805  -0.00077053
  0.02846295  -0.00077123
  0.02864785  -0.00077183
  0.02883275  -0.00077233
  0.02901765  -0.00077273
  0.02920255  -0.00077293
  0.02938735  -0.00077313
  0.02957225  -0.00077313
  0.02975715  -0.00077303
  0.02994205  -0.00077283
  0.03012695  -0.00077253
  0.03031185  -0.00077213
  0.03049665  -0.00077153
  0.03068155  -0.00077093
  0.03086645  -0.00077013
  0.03105135  -0.00076923
  0.03123625  -0.00076823
  0.03142115  -0.00076713
  0.03160595  -0.00076593
  0.03179085  -0.00076453
  0.03197575  -0.00076313
  0.03216065  -0.00076123
  0.03234545  -0.00075893
  0.03253035  -0.00075613
  0.03271525  -0.00075293
  0.03290005  -0.00074933
  0.03308495  -0.00074533
  0.03326975  -0.00074083
  0.03345455  -0.00073593
  0.03363935  -0.00073063
  0.03382415  -0.00072483
  0.03400895  -0.00071873
  0.03419375  -0.00071213
  0.03437845  -0.00070503
  0.03456315  -0.00069763
  0.03474795  -0.00068973
  0.03493265  -0.00068143
  0.03511725  -0.00067263
  0.03530195  -0.00066353
  0.03548655  -0.00065393
  0.03567115  -0.00064393
  0.03585575  -0.00063343
  0.03604035  -0.00062253
  0.03622485  -0.00061123
  0.03640935  -0.00059953
  0.03659385  -0.00058743
  0.03677835  -0.00057483
  0.03696275  -0.00056183
  0.03714715  -0.00054843
  0.03733155  -0.00053453
  0.03751585  -0.00052023
  0.03770015  -0.00050553
  0.03788445  -0.00049043
  0.03806865  -0.00047483
  0.03825285  -0.00045883
  0.03843705  -0.00044243
  0.03862115  -0.00042563
  0.03880515  -0.00040833
  0.03898925  -0.00039063
  0.03917325  -0.00037253
  0.03935715  -0.00035403
  0.03954105  -0.00033503
  0.03972495  -0.00031563
  0.03990875  -0.00029583
  0.04009255  -0.00027563
  0.04027625  -0.00025493
  0.04045995  -0.00023383
  0.04064355  -0.00021233
  0.04082715  -0.00019043
  0.04101065  -0.00016803
  0.04119415  -0.00014523
  0.04137755  -0.00012203
  0.04156095  -0.00009843
  0.04174425  -0.00007433
  0.04192755  -0.00004993
  0.04211075  -0.00002503
  0.04229385   0.00000037
  0.04247695   0.00002607
  0.04265995   0.00005227
  0.04284295   0.00007887
  0.04302585   0.00010587
  0.04320865   0.00013327
  0.04339145   0.00016117
  0.04357415   0.00018947
  0.04375675   0.00021817
  0.04393935   0.00024727
  0.04412185   0.00027687
  0.04430435   0.00030687
  0.04448665   0.00033727
  0.04466895   0.00036807
  0.04485125   0.00039927
  0.04503335   0.00043097
  0.04521545   0.00046297
  0.04539745   0.00049547
  0.04557935   0.00052847
  0.04576125   0.00056177
  0.04594305   0.00059557
  0.04612475   0.00062977
  0.04630635   0.00066437
  0.04648785   0.00069937
  0.04666935   0.00073477
  0.04685065   0.00077067
  0.04703195   0.00080687
  0.04721315   0.00084357
  0.04739435   0.00088077
  0.04757525   0.00091887
  0.04775555   0.00095957
  0.04793535   0.00100277
  0.04811445   0.00104857
  0.04829295   0.00109687
  0.04847065   0.00114777
  0.04864765   0.00120117
  0.04882395   0.00125697
  0.04899935   0.00131537
  0.04917395   0.00137627
  0.04934755   0.00143967
  0.04952035   0.00150547
  0.04969215   0.00157377
  0.04986305   0.00164447
  0.05003285   0.00171757
  0.05020155   0.00179307
  0.05036925   0.00187107
  0.05053575   0.00195137
  0.05070115   0.00203397
  0.05086535   0.00211907
  0.05102825   0.00220637
  0.05118995   0.00229597
  0.05135035   0.00238797
  0.05150945   0.00248217
  0.05166715   0.00257857
  0.05182355   0.00267727
  0.05197845   0.00277817
  0.05213185   0.00288127
  0.05228385   0.00298657
  0.05243435   0.00309397
  0.05258325   0.00320357
  0.05273065   0.00331517
  0.05287635   0.00342897
  0.05302055   0.00354477
  0.05316295   0.00366257
  0.05330375   0.00378247
  0.05344275   0.00390427
  0.05358005   0.00402807
  0.05371565   0.00415387
  0.05384935   0.00428157
  0.05398125   0.00441107
  0.05411125   0.00454247
  0.05423945   0.00467577
  0.05436575   0.00481077
  0.05449005   0.00494767
  0.05461235   0.00508627
  0.05473275   0.00522657
  0.05485115   0.00536857
  0.05496745   0.00551227
  0.05508175   0.00565767
  0.05519395   0.00580457
  0.05530405   0.00595307
  0.05541205   0.00610317
  0.05551785   0.00625477
  0.05562155   0.00640787
  0.05572305   0.00656237
  0.05582235   0.00671837
  0.05591935   0.00687577
  0.05601415   0.00703447
  0.05610665   0.00719457
  0.05619695   0.00735587
  0.05628485   0.00751847
  0.05637045   0.00768237
  0.05645375   0.00784747
  0.05653465   0.00801367
  0.05661325   0.00818107
  0.05668935   0.00834947
  0.05676315   0.00851907
  0.05683445   0.00868957
  0.05690335   0.00886117
  0.05696985   0.00903367
  0.05703385   0.00920717
  0.05709535   0.00938147
  0.05715445   0.00955667
  0.05721095   0.00973267
  0.05726505   0.00990957
  0.05731655   0.01008707
  0.05736555   0.01026537
  0.05741195   0.01044437
  0.05745585   0.01062387
  0.05749715   0.01080417
  0.05753595   0.01098487
  0.05757215   0.01116617
  0.05760575   0.01134797
  0.05763675   0.01153027
  0.05766525   0.01171297
  0.05769105   0.01189597
  0.05771425   0.01207947
  0.05773485   0.01226317
  0.05775285   0.01244717
  0.05776825   0.01263137
  0.05776965   0.01265057
  0.05777115   0.01266977
  0.05777255   0.01268897
  0.05777405   0.01270817
  0.05777545   0.01272737
  0.05777685   0.01274657
  0.05777835   0.01276577
  0.05777975   0.01278497
  0.05778125   0.01280417
  0.05778265   0.01282337
  0.05778405   0.01284247
  0.05778555   0.01286167
  0.05778695   0.01288087
  0.05778845   0.01290007
  0.05778985   0.01291927
  0.05779135   0.01293847
  0.05779275   0.01295767
  0.05779415   0.01297687
  0.05779565   0.01299607
  0.05779705   0.01301527
  0.05779855   0.01303447
  0.05779995   0.01305357
  0.05780135   0.01307277
  0.05780285   0.01309197
  0.05780425   0.01311117
  0.05780575   0.01313037
  0.05780715   0.01314957
  0.05780855   0.01316877
  0.05781005   0.01318797
  0.05781145   0.01320717
  0.05781295   0.01322637
  0.05781435   0.01324557
  0.05781585   0.01326467
  0.05781725   0.01328387
  0.05781865   0.01330307
  0.05782015   0.01332227
  0.05782155   0.01334147
  0.05782305   0.01336067
  0.05782445   0.01337987
  0.05782585   0.01339907
  0.05782735   0.01341827
  0.05782875   0.01343747
  0.05783025   0.01345667
  0.05783165   0.01347577
  0.05783305   0.01349497
  0.05783455   0.01351417
  0.05783595   0.01353337
  0.05783745   0.01355257
  0.05783885   0.01357177
  0.05784035   0.01359097
  0.05784175   0.01361017
  0.05784315   0.01362937
  0.05784465   0.01364857
  0.05784605   0.01366777
  0.05784755   0.01368687
  0.05784895   0.01370607
  0.05785035   0.01372527
  0.05785185   0.01374447
  0.05785325   0.01376367
  0.05785475   0.01378287
  0.05785615   0.01380207
  0.05785755   0.01382127
  0.05785905   0.01384047
  0.05786045   0.01385967
  0.05786195   0.01387887
  0.05786335   0.01389797
  0.05786485   0.01391717
  0.05786625   0.01393637
  0.05786765   0.01395557
  0.05786915   0.01397477
  0.05787055   0.01399397
  0.05787205   0.01401317
  0.05787345   0.01403237
  0.05787485   0.01405157
  0.05787635   0.01407077
  0.05787775   0.01408997
  0.05787925   0.01410907
  0.05788065   0.01412827
  0.05788205   0.01414747
  0.05788355   0.01416667
  0.05788495   0.01418587
  0.05788645   0.01420507
  0.05788785   0.01422427
  0.05788935   0.01424347
  0.05789075   0.01426267
  0.05789215   0.01428187
  0.05789365   0.01430107
  0.05789505   0.01432017
  0.05789655   0.01433937
  0.05789795   0.01435857
  0.05789935   0.01437777
  0.05790085   0.01439697
  0.05790225   0.01441617
  0.05790375   0.01443537
  0.05790515   0.01445457
  0.05790655   0.01447377
  0.05790805   0.01449297
  0.05790945   0.01451217
  0.05791095   0.01453127
  0.05791235   0.01455047
  0.05791385   0.01456967
  0.05791525   0.01458887
  0.05791665   0.01460807
  0.05791815   0.01462727
  0.05791955   0.01464647
  0.05792105   0.01466567
  0.05792245   0.01468487
  0.05792385   0.01470407
  0.05792535   0.01472327
  0.05792675   0.01474237
  0.05792825   0.01476157
  0.05792965   0.01478077
  0.05793105   0.01479997
  0.05793255   0.01481917
  0.05793395   0.01483837
  0.05793545   0.01485757
  0.05793685   0.01487677
  0.05793825   0.01489597
  0.05793975   0.01491517
  0.05794115   0.01493437
  0.05794265   0.01495347
  0.05794405   0.01497267
  0.05794555   0.01499187
  0.05794695   0.01501107
  0.05794835   0.01503027
  0.05794985   0.01504947
  0.05795125   0.01506867
  0.05795275   0.01508787
  0.05795415   0.01510707
  0.05795555   0.01512627
  0.05795705   0.01514547
  0.05795845   0.01516457
  0.05795995   0.01518377
  0.05796135   0.01520297
  0.05796275   0.01522217
  0.05796425   0.01524137
  0.05796565   0.01526057
  0.05796715   0.01527977
  0.05796855   0.01529897
  0.05797005   0.01531817
  0.05797145   0.01533737
  0.05797285   0.01535657
  0.05797435   0.01537567
  0.05797575   0.01539487
  0.05797725   0.01541407
  0.05797865   0.01543327
  0.05798005   0.01545247
  0.05798155   0.01547167
  0.05798295   0.01549087
  0.05798445   0.01551007
  0.05798585   0.01552927
  0.05798725   0.01554847
  0.05798875   0.01556767
  0.05799015   0.01558677
  0.05799165   0.01560597
  0.05799305   0.01562517
  0.05799455   0.01564437
  0.05799595   0.01566357
  0.05799735   0.01568277
  0.05799885   0.01570197
  0.05800025   0.01572117
  0.05800175   0.01574037
  0.05800315   0.01575957
  0.05800455   0.01577877
  0.05800605   0.01579787
  0.05800745   0.01581707
  0.05800895   0.01583627
  0.05801035   0.01585547
  0.05801175   0.01587467
  0.05801325   0.01589387
  0.05801465   0.01591307
  0.05801615   0.01593227
  0.05801755   0.01595147
  0.05801905   0.01597067
  0.05802045   0.01598987
  0.05802185   0.01600897
  0.05802335   0.01602817
  0.05802475   0.01604737
  0.05802625   0.01606657
  0.05802765   0.01608577
  0.05802905   0.01610497
  0.05803055   0.01612417
  0.05803195   0.01614337
  0.05803345   0.01616257
  0.05803485   0.01618177
  0.05803625   0.01620097
  0.05803775   0.01622007
  0.05803915   0.01623927
  0.05804065   0.01625847
  0.05804205   0.01627767
  0.05804355   0.01629687
  0.05804495   0.01631607
  0.05804635   0.01633527
  0.05804785   0.01635447
  0.05804925   0.01637367
  0.05805075   0.01639287
  0.05805215   0.01641207
  0.05805355   0.01643117
  0.05805505   0.01645037
  0.05805645   0.01646957
  0.05805795   0.01648877
  0.05805935   0.01650797
  0.05806075   0.01652717
  0.05806225   0.01654637
  0.05806365   0.01656557
  0.05806515   0.01658477
  0.05806655   0.01660397
  0.05806805   0.01662317
  0.05806945   0.01664227
  0.05807085   0.01666147
  0.05807235   0.01668067
  0.05807375   0.01669987
  0.05807525   0.01671907
  0.05807665   0.01673827
  0.05807805   0.01675747
  0.05807955   0.01677667
  0.05808095   0.01679587
  0.05808245   0.01681507
  0.05808385   0.01683427
  0.05808525   0.01685337
  0.05808675   0.01687257
  0.05808815   0.01689177
  0.05808965   0.01691097
  0.05809105   0.01693017
  0.05809245   0.01694937
  0.05809395   0.01696857
  0.05809535   0.01698777
  0.05809685   0.01700697
  0.05809825   0.01702617
  0.05809975   0.01704537
  0.05810115   0.01706447
  0.05810255   0.01708367
  0.05810405   0.01710287
  0.05810545   0.01712207
  0.05810695   0.01714127
  0.05810835   0.01716047
  0.05810975   0.01717967
  0.05811125   0.01719887
  0.05811265   0.01721807
  0.05811415   0.01723727
  0.05811555   0.01725647
  0.05811695   0.01727557
  0.05811845   0.01729477
  0.05811985   0.01731397
  0.05812135   0.01733317
  0.05812275   0.01735237
  0.05812425   0.01737157
  0.05812565   0.01739077
  0.05812705   0.01740997
  0.05812855   0.01742917
  0.05812995   0.01744837
  0.05813145   0.01746757
  0.05813285   0.01748667
  0.05813425   0.01750587
  0.05813575   0.01752507
  0.05813715   0.01754427
  0.05813865   0.01756347
  0.05814005   0.01758267
  0.05814145   0.01760187
  0.05814295   0.01762107
  0.05814435   0.01764027
  0.05814585   0.01765947
  0.05814725   0.01767867
  0.05814875   0.01769777
  0.05815015   0.01771697
  0.05815155   0.01773617
  0.05815305   0.01775537
  0.05815445   0.01777457
  0.05815595   0.01779377
  0.05815735   0.01781297
  0.05815875   0.01783217
  0.05816025   0.01785137
  0.05816165   0.01787057
  0.05816315   0.01788977
  0.05816455   0.01790887
  0.05816595   0.01792807
  0.05816745   0.01794727
  0.05816885   0.01796647
  0.05817035   0.01798567
  0.05817175   0.01800487
  0.05817325   0.01802407
  0.05817465   0.01804327
  0.05817605   0.01806247
  0.05817755   0.01808167
  0.05817895   0.01810087
  0.05818045   0.01811997
  0.05818185   0.01813917
  0.05818325   0.01815837
  0.05818475   0.01817757
  0.05818615   0.01819677
  0.05818765   0.01821597
  0.05818905   0.01823517
  0.05819045   0.01825437
  0.05819195   0.01827357
  0.05819335   0.01829277
  0.05819485   0.01831197
  0.05819625   0.01833107
  0.05819775   0.01835027
  0.05819915   0.01836947
  0.05820055   0.01838867
  0.05820205   0.01840787
  0.05820345   0.01842707
  0.05820495   0.01844627
  0.05820635   0.01846547
  0.05820775   0.01848467
  0.05820925   0.01850387
  0.05821065   0.01852307
  0.05821215   0.01854217
  0.05821355   0.01856137
  0.05821495   0.01858057
  0.05821645   0.01859977
  0.05821785   0.01861897
  0.05821935   0.01863817
  0.05822075   0.01865737
  0.05822215   0.01867657
  0.05822365   0.01869577
  0.05822505   0.01871497
  0.05822655   0.01873417
  0.05822795   0.01875327
  0.05822945   0.01877247
  0.05823085   0.01879167
  0.05823225   0.01881087
  0.05823375   0.01883007
  0.05823515   0.01884927
  0.05823665   0.01886847
  0.05823805   0.01888767
  0.05823945   0.01890687
  0.05824095   0.01892607
  0.05824235   0.01894527
  0.05824385   0.01896437
  0.05824525   0.01898357
  0.05824665   0.01900277
  0.05824815   0.01902197
  0.05824955   0.01904117
  0.05825105   0.01906037
  0.05825245   0.01907957
  0.05825395   0.01909877
  0.05825535   0.01911797
  0.05825675   0.01913717
  0.05825825   0.01915637
  0.05825965   0.01917547
  0.05826115   0.01919467
  0.05826255   0.01921387
  0.05826395   0.01923307
  0.05826545   0.01925227
  0.05826685   0.01927147
  0.05826835   0.01929067
  0.05826975   0.01930987
  0.05827115   0.01932907
  0.05827265   0.01934827
  0.05827405   0.01936747
  0.05827555   0.01938657
  0.05827695   0.01940577
  0.05827845   0.01942497
  0.05827985   0.01944417
  0.05828125   0.01946337
  0.05828275   0.01948257
  0.05828415   0.01950177
  0.05828565   0.01952097
  0.05828705   0.01954017
  0.05828845   0.01955937
  0.05828995   0.01957857
  0.05829135   0.01959767
  0.05829285   0.01961687
  0.05829425   0.01963607
  0.05829565   0.01965527
  0.05829715   0.01967447
  0.05829855   0.01969367
  0.05830005   0.01971287
  0.05830145   0.01973207
  0.05830295   0.01975127
  0.05830435   0.01977047
  0.05830575   0.01978967
  0.05830725   0.01980877
  0.05830865   0.01982797
  0.05831015   0.01984717
  0.05831155   0.01986637
  0.05831295   0.01988557
  0.05831445   0.01990477
  0.05831585   0.01992397
  0.05831735   0.01994317
  0.05831875   0.01996237
  0.05832015   0.01998157
  0.05832165   0.02000077
  0.05832305   0.02001987
  0.05832455   0.02003907
  0.05832595   0.02005827
  0.05832745   0.02007747
  0.05832885   0.02009667
  0.05833025   0.02011587
  0.05833175   0.02013507
  0.05833315   0.02015427
  0.05833465   0.02017347
  0.05833605   0.02019267
  0.05833745   0.02021187
  0.05833895   0.02023097
  0.05834035   0.02025017
  0.05834185   0.02026937
  0.05834325   0.02028857
  0.05834465   0.02030777
  0.05834615   0.02032697
  0.05834755   0.02034617
  0.05834905   0.02036537
  0.05835045   0.02038457
  0.05835195   0.02040377
  0.05835335   0.02042297
  0.05835475   0.02044207
  0.05835625   0.02046127
  0.05835765   0.02048047
  0.05835915   0.02049967
  0.05836055   0.02051887
  0.05836195   0.02053807
  0.05836345   0.02055727
  0.05836485   0.02057647
  0.05836635   0.02059567
  0.05836775   0.02061487
  0.05836915   0.02063407
  0.05837065   0.02065317
  0.05837205   0.02067237
  0.05837355   0.02069157
  0.05837495   0.02071077
  0.05837635   0.02072997
  0.05837785   0.02074917
  0.05837925   0.02076837
  0.05838075   0.02078757
  0.05838215   0.02080677
  0.05838365   0.02082597
  0.05838505   0.02084517
  0.05838645   0.02086427
  0.05838795   0.02088347
  0.05838935   0.02090267
  0.05839085   0.02092187
  0.05839225   0.02094107
  0.05839365   0.02096027
  0.05839515   0.02097947
  0.05839655   0.02099867
  0.05839805   0.02101787
  0.05839945   0.02103707
  0.05840085   0.02105627
  0.05840235   0.02107537
  0.05840375   0.02109457
  0.05840525   0.02111377
  0.05840665   0.02113297
  0.05840815   0.02115217
  0.05840955   0.02117137
  0.05841095   0.02119057
  0.05841245   0.02120977
  0.05841385   0.02122897
  0.05841535   0.02124817
  0.05841675   0.02126737
  0.05841815   0.02128647
  0.05841965   0.02130567
  0.05842105   0.02132487
  0.05842255   0.02134407
  0.05842395   0.02136327
  0.05842535   0.02138247
  0.05842685   0.02140167
  0.05842825   0.02142087
  0.05842975   0.02144007
  0.05843115   0.02145927
  0.05843265   0.02147847
  0.05843405   0.02149757
  0.05843545   0.02151677
  0.05843695   0.02153597
  0.05843835   0.02155517
  0.05843985   0.02157437
  0.05844125   0.02159357
  0.05844265   0.02161277
  0.05844415   0.02163197
  0.05844555   0.02165117
  0.05844705   0.02167037
  0.05844845   0.02168957
  0.05844985   0.02170867
  0.05845135   0.02172787
  0.05845275   0.02174707
  0.05845425   0.02176627
  0.05845565   0.02178547
  0.05845715   0.02180467
  0.05845855   0.02182387
  0.05845995   0.02184307
  0.05846145   0.02186227
  0.05846285   0.02188147
  0.05846435   0.02190067
  0.05846575   0.02191977
  0.05846715   0.02193897
  0.05846865   0.02195817
  0.05847005   0.02197737
  0.05847155   0.02199657
  0.05847295   0.02201577
  0.05847435   0.02203497
  0.05847585   0.02205417
  0.05847725   0.02207337
  0.05847875   0.02209257
  0.05848015   0.02211177
  0.05848165   0.02213087
  0.05848305   0.02215007
  0.05848445   0.02216927
  0.05848595   0.02218847
  0.05848735   0.02220767
  0.05848885   0.02222687
