  0.11697825   0.02300000
  0.11698285   0.02281520
  0.11698745   0.02263030
  0.11699215   0.02244550
  0.11699675   0.02226070
  0.11700135   0.02207590
  0.11700595   0.02189100
  0.11701055   0.02170620
  0.11701515   0.02152140
  0.11701975   0.02133660
  0.11702445   0.02115170
  0.11702905   0.02096690
  0.11703365   0.02078210
  0.11703825   0.02059720
  0.11704285   0.02041240
  0.11704745   0.02022760
  0.11705205   0.02004280
  0.11705675   0.01985790
  0.11706135   0.01967310
  0.11706595   0.01948830
  0.11707055   0.01930350
  0.11707515   0.01911860
  0.11707975   0.01893380
  0.11708435   0.01874900
  0.11708905   0.01856410
  0.11709365   0.01837930
  0.11709825   0.01819450
  0.11710285   0.01800970
  0.11710745   0.01782480
  0.11711205   0.01764000
  0.11711675   0.01745520
  0.11712135   0.01727040
  0.11712595   0.01708550
  0.11713055   0.01690070
  0.11713515   0.01671590
  0.11713975   0.01653100
  0.11714435   0.01634620
  0.11714905   0.01616140
  0.11715365   0.01597660
  0.11715825   0.01579170
  0.11716285   0.01560690
  0.11716745   0.01542210
  0.11717205   0.01523730
  0.11717745   0.01505240
  0.11718525   0.01486770
  0.11719575   0.01468310
  0.11720895   0.01449870
  0.11722465   0.01431450
  0.11724305   0.01413060
  0.11726405   0.01394690
  0.11728765   0.01376350
  0.11731385   0.01358050
  0.11734265   0.01339780
  0.11737405   0.01321560
  0.11740795   0.01303390
  0.11744455   0.01285270
  0.11748365   0.01267200
  0.11752545   0.01249190
  0.11756965   0.01231240
  0.11761645   0.01213350
  0.11766585   0.01195530
  0.11771765   0.01177790
  0.11777205   0.01160120
  0.11782895   0.01142530
  0.11788835   0.01125020
  0.11795025   0.01107600
  0.11801465   0.01090260
  0.11808145   0.01073020
  0.11815065   0.01055880
  0.11822235   0.01038840
  0.11829645   0.01021900
  0.11837295   0.01005070
  0.11845185   0.00988350
  0.11853315   0.00971740
  0.11861675   0.00955250
  0.11870265   0.00938890
  0.11879095   0.00922640
  0.11888155   0.00906520
  0.11897435   0.00890530
  0.11906955   0.00874680
  0.11916685   0.00858960
  0.11926645   0.00843390
  0.11936825   0.00827950
  0.11947225   0.00812670
  0.11957835   0.00797530
  0.11968665   0.00782540
  0.11979705   0.00767710
  0.11990955   0.00753040
  0.12002415   0.00738530
  0.12014075   0.00724190
  0.12025945   0.00710010
  0.12038005   0.00696000
  0.12050275   0.00682160
  0.12062735   0.00668510
  0.12075385   0.00655020
  0.12088225   0.00641730
  0.12101265   0.00628610
  0.12114475   0.00615680
  0.12127875   0.00602940
  0.12141455   0.00590390
  0.12155205   0.00578040
  0.12169135   0.00565880
  0.12183245   0.00553930
  0.12197515   0.00542170
  0.12211945   0.00530620
  0.12226545   0.00519280
  0.12241305   0.00508140
  0.12256215   0.00497220
  0.12271285   0.00486500
  0.12286505   0.00476010
  0.12301875   0.00465730
  0.12317385   0.00455670
  0.12333045   0.00445830
  0.12348835   0.00436220
  0.12364765   0.00426830
  0.12380815   0.00417670
  0.12397005   0.00408740
  0.12413325   0.00400040
  0.12429755   0.00391570
  0.12446305   0.00383340
  0.12462975   0.00375340
  0.12479765   0.00367580
  0.12496655   0.00360060
  0.12513645   0.00352780
  0.12530745   0.00345750
  0.12547935   0.00338950
  0.12565225   0.00332410
  0.12582615   0.00326110
  0.12600085   0.00320050
  0.12617635   0.00314250
  0.12635265   0.00308700
  0.12652985   0.00303400
  0.12670765   0.00298350
  0.12688625   0.00293550
  0.12706525   0.00288920
  0.12724435   0.00284340
  0.12742355   0.00279800
  0.12760285   0.00275290
  0.12778225   0.00270830
  0.12796185   0.00266410
  0.12814145   0.00262040
  0.12832115   0.00257700
  0.12850095   0.00253410
  0.12868095   0.00249150
  0.12886095   0.00244940
  0.12904105   0.00240770
  0.12922125   0.00236640
  0.12940155   0.00232560
  0.12958205   0.00228510
  0.12976255   0.00224510
  0.12994305   0.00220550
  0.13012375   0.00216630
  0.13030455   0.00212750
  0.13048545   0.00208920
  0.13066635   0.00205120
  0.13084735   0.00201370
  0.13102855   0.00197660
  0.13120975   0.00193990
  0.13139105   0.00190360
  0.13157235   0.00186780
  0.13175385   0.00183240
  0.13193535   0.00179740
  0.13211705   0.00176280
  0.13229875   0.00172860
  0.13248045   0.00169480
  0.13266235   0.00166150
  0.13284425   0.00162860
  0.13302625   0.00159610
  0.13320835   0.00156400
  0.13339055   0.00153240
  0.13357275   0.00150120
  0.13375505   0.00147040
  0.13393745   0.00144000
  0.13411985   0.00141000
  0.13430235   0.00138050
  0.13448495   0.00135140
  0.13466765   0.00132270
  0.13485035   0.00129440
  0.13503305   0.00126650
  0.13521595   0.00123910
  0.13539885   0.00121210
  0.13558175   0.00118550
  0.13576485   0.00115940
  0.13594795   0.00113360
  0.13613105   0.00110830
  0.13631425   0.00108340
  0.13649755   0.00105900
  0.13668085   0.00103490
  0.13686415   0.00101130
  0.13704765   0.00098810
  0.13723105   0.00096530
  0.13741465   0.00094300
  0.13759815   0.00092100
  0.13778185   0.00089950
  0.13796555   0.00087850
  0.13814925   0.00085780
  0.13833305   0.00083760
  0.13851685   0.00081780
  0.13870075   0.00079840
  0.13888465   0.00077950
  0.13906855   0.00076090
  0.13925255   0.00074280
  0.13943655   0.00072520
  0.13962065   0.00070790
  0.13980475   0.00069110
  0.13998895   0.00067470
  0.14017315   0.00065870
  0.14035735   0.00064320
  0.14054165   0.00062800
  0.14072595   0.00061330
  0.14091025   0.00059910
  0.14109465   0.00058520
  0.14127905   0.00057180
  0.14146345   0.00055880
  0.14164795   0.00054620
  0.14183245   0.00053410
  0.14201695   0.00052240
  0.14220145   0.00051110
  0.14238605   0.00050030
  0.14257065   0.00048970
  0.14275515   0.00047920
  0.14293975   0.00046880
  0.14312435   0.00045860
  0.14330895   0.00044840
  0.14349365   0.00043840
  0.14367825   0.00042840
  0.14386285   0.00041860
  0.14404745   0.00040890
  0.14423215   0.00039930
  0.14441675   0.00038980
  0.14460145   0.00038050
  0.14478605   0.00037120
  0.14497075   0.00036210
  0.14515535   0.00035300
  0.14534005   0.00034410
  0.14552475   0.00033530
  0.14570945   0.00032670
  0.14589405   0.00031810
  0.14607875   0.00030960
  0.14626345   0.00030130
  0.14644815   0.00029310
  0.14663285   0.00028500
  0.14681765   0.00027700
  0.14700235   0.00026910
  0.14718705   0.00026130
  0.14737175   0.00025360
  0.14755645   0.00024610
  0.14774125   0.00023870
  0.14792595   0.00023130
  0.14811075   0.00022410
  0.14829545   0.00021710
  0.14848025   0.00021010
  0.14866495   0.00020320
  0.14884975   0.00019650
  0.14903455   0.00018980
  0.14921925   0.00018330
  0.14940405   0.00017690
  0.14958885   0.00017060
  0.14977365   0.00016440
  0.14995835   0.00015840
  0.15014315   0.00015240
  0.15032795   0.00014660
  0.15051275   0.00014090
  0.15069755   0.00013530
  0.15088235   0.00012980
  0.15106715   0.00012440
  0.15125195   0.00011910
  0.15143685   0.00011400
  0.15162165   0.00010890
  0.15180645   0.00010400
  0.15199125   0.00009920
  0.15217605   0.00009450
  0.15236095   0.00008990
  0.15254575   0.00008540
  0.15273055   0.00008110
  0.15291545   0.00007680
  0.15310025   0.00007270
  0.15328505   0.00006870
  0.15346995   0.00006480
  0.15365475   0.00006100
  0.15383965   0.00005740
  0.15402445   0.00005380
  0.15420935   0.00005030
  0.15439415   0.00004700
  0.15457905   0.00004380
  0.15476395   0.00004070
  0.15494875   0.00003770
  0.15513365   0.00003480
  0.15531845   0.00003210
  0.15550335   0.00002940
  0.15568825   0.00002690
  0.15587305   0.00002450
  0.15605795   0.00002220
  0.15624285   0.00002000
  0.15642775   0.00001790
  0.15661255   0.00001590
  0.15679745   0.00001410
  0.15698235   0.00001240
  0.15716725   0.00001070
  0.15735205   0.00000920
  0.15753695   0.00000780
  0.15772185   0.00000660
  0.15790675   0.00000540
  0.15809165   0.00000430
  0.15827645   0.00000340
  0.15846135   0.00000260
  0.15864625   0.00000190
  0.15883115   0.00000130
  0.15901605   0.00000080
  0.15920095   0.00000040
  0.15938585   0.00000020
  0.15957065  -0.00000000
  0.15975555  -0.00000000
  0.15994045   0.00000010
  0.16012535   0.00000030
  0.16031025   0.00000060
  0.16049515   0.00000100
  0.16067995   0.00000160
  0.16086485   0.00000220
  0.16104975   0.00000300
  0.16123465   0.00000390
  0.16141955   0.00000490
  0.16160445   0.00000600
  0.16178925   0.00000720
  0.16197415   0.00000860
  0.16215905   0.00001000
  0.16234395   0.00001190
  0.16252875   0.00001420
  0.16271365   0.00001700
  0.16289855   0.00002020
  0.16308335   0.00002380
  0.16326825   0.00002780
  0.16345305   0.00003230
  0.16363785   0.00003720
  0.16382265   0.00004250
  0.16400745   0.00004830
  0.16419225   0.00005440
  0.16437705   0.00006100
  0.16456175   0.00006810
  0.16474645   0.00007550
  0.16493125   0.00008340
  0.16511595   0.00009170
  0.16530055   0.00010050
  0.16548525   0.00010960
  0.16566985   0.00011920
  0.16585445   0.00012920
  0.16603905   0.00013970
  0.16622365   0.00015060
  0.16640815   0.00016190
  0.16659265   0.00017360
  0.16677715   0.00018570
  0.16696165   0.00019830
  0.16714605   0.00021130
  0.16733045   0.00022470
  0.16751485   0.00023860
  0.16769915   0.00025290
  0.16788345   0.00026760
  0.16806775   0.00028270
  0.16825195   0.00029830
  0.16843615   0.00031430
  0.16862035   0.00033070
  0.16880445   0.00034750
  0.16898845   0.00036480
  0.16917255   0.00038250
  0.16935655   0.00040060
  0.16954045   0.00041910
  0.16972435   0.00043810
  0.16990825   0.00045750
  0.17009205   0.00047730
  0.17027585   0.00049750
  0.17045955   0.00051820
  0.17064325   0.00053930
  0.17082685   0.00056080
  0.17101045   0.00058270
  0.17119395   0.00060510
  0.17137745   0.00062790
  0.17156085   0.00065110
  0.17174425   0.00067470
  0.17192755   0.00069880
  0.17211085   0.00072320
  0.17229405   0.00074810
  0.17247715   0.00077350
  0.17266025   0.00079920
  0.17284325   0.00082540
  0.17302625   0.00085200
  0.17320915   0.00087900
  0.17339195   0.00090640
  0.17357475   0.00093430
  0.17375745   0.00096260
  0.17394005   0.00099130
  0.17412265   0.00102040
  0.17430515   0.00105000
  0.17448765   0.00108000
  0.17466995   0.00111040
  0.17485225   0.00114120
  0.17503455   0.00117240
  0.17521665   0.00120410
  0.17539875   0.00123610
  0.17558075   0.00126860
  0.17576265   0.00130160
  0.17594455   0.00133490
  0.17612635   0.00136870
  0.17630805   0.00140290
  0.17648965   0.00143750
  0.17667115   0.00147250
  0.17685265   0.00150790
  0.17703395   0.00154380
  0.17721525   0.00158000
  0.17739645   0.00161670
  0.17757765   0.00165390
  0.17775855   0.00169200
  0.17793885   0.00173270
  0.17811865   0.00177590
  0.17829775   0.00182170
  0.17847625   0.00187000
  0.17865395   0.00192090
  0.17883095   0.00197430
  0.17900725   0.00203010
  0.17918265   0.00208850
  0.17935725   0.00214940
  0.17953085   0.00221280
  0.17970365   0.00227860
  0.17987545   0.00234690
  0.18004635   0.00241760
  0.18021615   0.00249070
  0.18038485   0.00256620
  0.18055255   0.00264420
  0.18071905   0.00272450
  0.18088445   0.00280710
  0.18104865   0.00289220
  0.18121155   0.00297950
  0.18137325   0.00306910
  0.18153365   0.00316110
  0.18169275   0.00325530
  0.18185045   0.00335170
  0.18200685   0.00345040
  0.18216175   0.00355130
  0.18231515   0.00365440
  0.18246715   0.00375970
  0.18261765   0.00386710
  0.18276655   0.00397670
  0.18291395   0.00408830
  0.18305965   0.00420210
  0.18320385   0.00431790
  0.18334625   0.00443570
  0.18348705   0.00455560
  0.18362605   0.00467740
  0.18376335   0.00480120
  0.18389895   0.00492700
  0.18403265   0.00505470
  0.18416455   0.00518420
  0.18429455   0.00531560
  0.18442275   0.00544890
  0.18454905   0.00558390
  0.18467335   0.00572080
  0.18479565   0.00585940
  0.18491605   0.00599970
  0.18503445   0.00614170
  0.18515075   0.00628540
  0.18526505   0.00643080
  0.18537725   0.00657770
  0.18548735   0.00672620
  0.18559535   0.00687630
  0.18570115   0.00702790
  0.18580485   0.00718100
  0.18590635   0.00733550
  0.18600565   0.00749150
  0.18610265   0.00764890
  0.18619745   0.00780760
  0.18628995   0.00796770
  0.18638025   0.00812900
  0.18646815   0.00829160
  0.18655375   0.00845550
  0.18663705   0.00862060
  0.18671795   0.00878680
  0.18679655   0.00895420
  0.18687265   0.00912260
  0.18694645   0.00929220
  0.18701775   0.00946270
  0.18708665   0.00963430
  0.18715315   0.00980680
  0.18721715   0.00998030
  0.18727865   0.01015460
  0.18733775   0.01032980
  0.18739425   0.01050580
  0.18744835   0.01068270
  0.18749985   0.01086020
  0.18754885   0.01103850
  0.18759525   0.01121750
  0.18763915   0.01139700
  0.18768045   0.01157730
  0.18771925   0.01175800
  0.18775545   0.01193930
  0.18778905   0.01212110
  0.18782005   0.01230340
  0.18784855   0.01248610
  0.18787435   0.01266910
  0.18789755   0.01285260
  0.18791815   0.01303630
  0.18793615   0.01322030
  0.18795155   0.01340450
  0.18795295   0.01342370
  0.18795445   0.01344290
  0.18795585   0.01346210
  0.18795735   0.01348130
  0.18795875   0.01350050
  0.18796015   0.01351970
  0.18796165   0.01353890
  0.18796305   0.01355810
  0.18796455   0.01357730
  0.18796595   0.01359650
  0.18796735   0.01361560
  0.18796885   0.01363480
  0.18797025   0.01365400
  0.18797175   0.01367320
  0.18797315   0.01369240
  0.18797465   0.01371160
  0.18797605   0.01373080
  0.18797745   0.01375000
  0.18797895   0.01376920
  0.18798035   0.01378840
  0.18798185   0.01380760
  0.18798325   0.01382670
  0.18798465   0.01384590
  0.18798615   0.01386510
  0.18798755   0.01388430
  0.18798905   0.01390350
  0.18799045   0.01392270
  0.18799185   0.01394190
  0.18799335   0.01396110
  0.18799475   0.01398030
  0.18799625   0.01399950
  0.18799765   0.01401870
  0.18799915   0.01403780
  0.18800055   0.01405700
  0.18800195   0.01407620
  0.18800345   0.01409540
  0.18800485   0.01411460
  0.18800635   0.01413380
  0.18800775   0.01415300
  0.18800915   0.01417220
  0.18801065   0.01419140
  0.18801205   0.01421060
  0.18801355   0.01422980
  0.18801495   0.01424890
  0.18801635   0.01426810
  0.18801785   0.01428730
  0.18801925   0.01430650
  0.18802075   0.01432570
  0.18802215   0.01434490
  0.18802365   0.01436410
  0.18802505   0.01438330
  0.18802645   0.01440250
  0.18802795   0.01442170
  0.18802935   0.01444090
  0.18803085   0.01446000
  0.18803225   0.01447920
  0.18803365   0.01449840
  0.18803515   0.01451760
  0.18803655   0.01453680
  0.18803805   0.01455600
  0.18803945   0.01457520
  0.18804085   0.01459440
  0.18804235   0.01461360
  0.18804375   0.01463280
  0.18804525   0.01465200
  0.18804665   0.01467110
  0.18804815   0.01469030
  0.18804955   0.01470950
  0.18805095   0.01472870
  0.18805245   0.01474790
  0.18805385   0.01476710
  0.18805535   0.01478630
  0.18805675   0.01480550
  0.18805815   0.01482470
  0.18805965   0.01484390
  0.18806105   0.01486310
  0.18806255   0.01488220
  0.18806395   0.01490140
  0.18806535   0.01492060
  0.18806685   0.01493980
  0.18806825   0.01495900
  0.18806975   0.01497820
  0.18807115   0.01499740
  0.18807265   0.01501660
  0.18807405   0.01503580
  0.18807545   0.01505500
  0.18807695   0.01507420
  0.18807835   0.01509330
  0.18807985   0.01511250
  0.18808125   0.01513170
  0.18808265   0.01515090
  0.18808415   0.01517010
  0.18808555   0.01518930
  0.18808705   0.01520850
  0.18808845   0.01522770
  0.18808985   0.01524690
  0.18809135   0.01526610
  0.18809275   0.01528530
  0.18809425   0.01530440
  0.18809565   0.01532360
  0.18809715   0.01534280
  0.18809855   0.01536200
  0.18809995   0.01538120
  0.18810145   0.01540040
  0.18810285   0.01541960
  0.18810435   0.01543880
  0.18810575   0.01545800
  0.18810715   0.01547720
  0.18810865   0.01549640
  0.18811005   0.01551550
  0.18811155   0.01553470
  0.18811295   0.01555390
  0.18811435   0.01557310
  0.18811585   0.01559230
  0.18811725   0.01561150
  0.18811875   0.01563070
  0.18812015   0.01564990
  0.18812155   0.01566910
  0.18812305   0.01568830
  0.18812445   0.01570750
  0.18812595   0.01572660
  0.18812735   0.01574580
  0.18812885   0.01576500
  0.18813025   0.01578420
  0.18813165   0.01580340
  0.18813315   0.01582260
  0.18813455   0.01584180
  0.18813605   0.01586100
  0.18813745   0.01588020
  0.18813885   0.01589940
  0.18814035   0.01591860
  0.18814175   0.01593770
  0.18814325   0.01595690
  0.18814465   0.01597610
  0.18814605   0.01599530
  0.18814755   0.01601450
  0.18814895   0.01603370
  0.18815045   0.01605290
  0.18815185   0.01607210
  0.18815335   0.01609130
  0.18815475   0.01611050
  0.18815615   0.01612970
  0.18815765   0.01614880
  0.18815905   0.01616800
  0.18816055   0.01618720
  0.18816195   0.01620640
  0.18816335   0.01622560
  0.18816485   0.01624480
  0.18816625   0.01626400
  0.18816775   0.01628320
  0.18816915   0.01630240
  0.18817055   0.01632160
  0.18817205   0.01634080
  0.18817345   0.01635990
  0.18817495   0.01637910
  0.18817635   0.01639830
  0.18817785   0.01641750
  0.18817925   0.01643670
  0.18818065   0.01645590
  0.18818215   0.01647510
  0.18818355   0.01649430
  0.18818505   0.01651350
  0.18818645   0.01653270
  0.18818785   0.01655190
  0.18818935   0.01657100
  0.18819075   0.01659020
  0.18819225   0.01660940
  0.18819365   0.01662860
  0.18819505   0.01664780
  0.18819655   0.01666700
  0.18819795   0.01668620
  0.18819945   0.01670540
  0.18820085   0.01672460
  0.18820235   0.01674380
  0.18820375   0.01676300
  0.18820515   0.01678210
  0.18820665   0.01680130
  0.18820805   0.01682050
  0.18820955   0.01683970
  0.18821095   0.01685890
  0.18821235   0.01687810
  0.18821385   0.01689730
  0.18821525   0.01691650
  0.18821675   0.01693570
  0.18821815   0.01695490
  0.18821955   0.01697410
  0.18822105   0.01699320
  0.18822245   0.01701240
  0.18822395   0.01703160
  0.18822535   0.01705080
  0.18822685   0.01707000
  0.18822825   0.01708920
  0.18822965   0.01710840
  0.18823115   0.01712760
  0.18823255   0.01714680
  0.18823405   0.01716600
  0.18823545   0.01718520
  0.18823685   0.01720430
  0.18823835   0.01722350
  0.18823975   0.01724270
  0.18824125   0.01726190
  0.18824265   0.01728110
  0.18824405   0.01730030
  0.18824555   0.01731950
  0.18824695   0.01733870
  0.18824845   0.01735790
  0.18824985   0.01737710
  0.18825135   0.01739630
  0.18825275   0.01741540
  0.18825415   0.01743460
  0.18825565   0.01745380
  0.18825705   0.01747300
  0.18825855   0.01749220
  0.18825995   0.01751140
  0.18826135   0.01753060
  0.18826285   0.01754980
  0.18826425   0.01756900
  0.18826575   0.01758820
  0.18826715   0.01760740
  0.18826855   0.01762650
  0.18827005   0.01764570
  0.18827145   0.01766490
  0.18827295   0.01768410
  0.18827435   0.01770330
  0.18827575   0.01772250
  0.18827725   0.01774170
  0.18827865   0.01776090
  0.18828015   0.01778010
  0.18828155   0.01779930
  0.18828305   0.01781850
  0.18828445   0.01783760
  0.18828585   0.01785680
  0.18828735   0.01787600
  0.18828875   0.01789520
  0.18829025   0.01791440
  0.18829165   0.01793360
  0.18829305   0.01795280
  0.18829455   0.01797200
  0.18829595   0.01799120
  0.18829745   0.01801040
  0.18829885   0.01802960
  0.18830025   0.01804870
  0.18830175   0.01806790
  0.18830315   0.01808710
  0.18830465   0.01810630
  0.18830605   0.01812550
  0.18830755   0.01814470
  0.18830895   0.01816390
  0.18831035   0.01818310
  0.18831185   0.01820230
  0.18831325   0.01822150
  0.18831475   0.01824070
  0.18831615   0.01825980
  0.18831755   0.01827900
  0.18831905   0.01829820
  0.18832045   0.01831740
  0.18832195   0.01833660
  0.18832335   0.01835580
  0.18832475   0.01837500
  0.18832625   0.01839420
  0.18832765   0.01841340
  0.18832915   0.01843260
  0.18833055   0.01845180
  0.18833205   0.01847090
  0.18833345   0.01849010
  0.18833485   0.01850930
  0.18833635   0.01852850
  0.18833775   0.01854770
  0.18833925   0.01856690
  0.18834065   0.01858610
  0.18834205   0.01860530
  0.18834355   0.01862450
  0.18834495   0.01864370
  0.18834645   0.01866290
  0.18834785   0.01868200
  0.18834925   0.01870120
  0.18835075   0.01872040
  0.18835215   0.01873960
  0.18835365   0.01875880
  0.18835505   0.01877800
  0.18835655   0.01879720
  0.18835795   0.01881640
  0.18835935   0.01883560
  0.18836085   0.01885480
  0.18836225   0.01887400
  0.18836375   0.01889310
  0.18836515   0.01891230
  0.18836655   0.01893150
  0.18836805   0.01895070
  0.18836945   0.01896990
  0.18837095   0.01898910
  0.18837235   0.01900830
  0.18837375   0.01902750
  0.18837525   0.01904670
  0.18837665   0.01906590
  0.18837815   0.01908510
  0.18837955   0.01910420
  0.18838105   0.01912340
  0.18838245   0.01914260
  0.18838385   0.01916180
  0.18838535   0.01918100
  0.18838675   0.01920020
  0.18838825   0.01921940
  0.18838965   0.01923860
  0.18839105   0.01925780
  0.18839255   0.01927700
  0.18839395   0.01929620
  0.18839545   0.01931530
  0.18839685   0.01933450
  0.18839825   0.01935370
  0.18839975   0.01937290
  0.18840115   0.01939210
  0.18840265   0.01941130
  0.18840405   0.01943050
  0.18840545   0.01944970
  0.18840695   0.01946890
  0.18840835   0.01948810
  0.18840985   0.01950730
  0.18841125   0.01952640
  0.18841275   0.01954560
  0.18841415   0.01956480
  0.18841555   0.01958400
  0.18841705   0.01960320
  0.18841845   0.01962240
  0.18841995   0.01964160
  0.18842135   0.01966080
  0.18842275   0.01968000
  0.18842425   0.01969920
  0.18842565   0.01971840
  0.18842715   0.01973750
  0.18842855   0.01975670
  0.18842995   0.01977590
  0.18843145   0.01979510
  0.18843285   0.01981430
  0.18843435   0.01983350
  0.18843575   0.01985270
  0.18843725   0.01987190
  0.18843865   0.01989110
  0.18844005   0.01991030
  0.18844155   0.01992950
  0.18844295   0.01994860
  0.18844445   0.01996780
  0.18844585   0.01998700
  0.18844725   0.02000620
  0.18844875   0.02002540
  0.18845015   0.02004460
  0.18845165   0.02006380
  0.18845305   0.02008300
  0.18845445   0.02010220
  0.18845595   0.02012140
  0.18845735   0.02014060
  0.18845885   0.02015970
  0.18846025   0.02017890
  0.18846175   0.02019810
  0.18846315   0.02021730
  0.18846455   0.02023650
  0.18846605   0.02025570
  0.18846745   0.02027490
  0.18846895   0.02029410
  0.18847035   0.02031330
  0.18847175   0.02033250
  0.18847325   0.02035170
  0.18847465   0.02037080
  0.18847615   0.02039000
  0.18847755   0.02040920
  0.18847895   0.02042840
  0.18848045   0.02044760
  0.18848185   0.02046680
  0.18848335   0.02048600
  0.18848475   0.02050520
  0.18848625   0.02052440
  0.18848765   0.02054360
  0.18848905   0.02056280
  0.18849055   0.02058190
  0.18849195   0.02060110
  0.18849345   0.02062030
  0.18849485   0.02063950
  0.18849625   0.02065870
  0.18849775   0.02067790
  0.18849915   0.02069710
  0.18850065   0.02071630
  0.18850205   0.02073550
  0.18850345   0.02075470
  0.18850495   0.02077390
  0.18850635   0.02079300
  0.18850785   0.02081220
  0.18850925   0.02083140
  0.18851075   0.02085060
  0.18851215   0.02086980
  0.18851355   0.02088900
  0.18851505   0.02090820
  0.18851645   0.02092740
  0.18851795   0.02094660
  0.18851935   0.02096580
  0.18852075   0.02098500
  0.18852225   0.02100410
  0.18852365   0.02102330
  0.18852515   0.02104250
  0.18852655   0.02106170
  0.18852795   0.02108090
  0.18852945   0.02110010
  0.18853085   0.02111930
  0.18853235   0.02113850
  0.18853375   0.02115770
  0.18853525   0.02117690
  0.18853665   0.02119610
  0.18853805   0.02121520
  0.18853955   0.02123440
  0.18854095   0.02125360
  0.18854245   0.02127280
  0.18854385   0.02129200
  0.18854525   0.02131120
  0.18854675   0.02133040
  0.18854815   0.02134960
  0.18854965   0.02136880
  0.18855105   0.02138800
  0.18855245   0.02140720
  0.18855395   0.02142630
  0.18855535   0.02144550
  0.18855685   0.02146470
  0.18855825   0.02148390
  0.18855965   0.02150310
  0.18856115   0.02152230
  0.18856255   0.02154150
  0.18856405   0.02156070
  0.18856545   0.02157990
  0.18856695   0.02159910
  0.18856835   0.02161830
  0.18856975   0.02163740
  0.18857125   0.02165660
  0.18857265   0.02167580
  0.18857415   0.02169500
  0.18857555   0.02171420
  0.18857695   0.02173340
  0.18857845   0.02175260
  0.18857985   0.02177180
  0.18858135   0.02179100
  0.18858275   0.02181020
  0.18858415   0.02182940
  0.18858565   0.02184850
  0.18858705   0.02186770
  0.18858855   0.02188690
  0.18858995   0.02190610
  0.18859145   0.02192530
  0.18859285   0.02194450
  0.18859425   0.02196370
  0.18859575   0.02198290
  0.18859715   0.02200210
  0.18859865   0.02202130
  0.18860005   0.02204050
  0.18860145   0.02205960
  0.18860295   0.02207880
  0.18860435   0.02209800
  0.18860585   0.02211720
  0.18860725   0.02213640
  0.18860865   0.02215560
  0.18861015   0.02217480
  0.18861155   0.02219400
  0.18861305   0.02221320
  0.18861445   0.02223240
  0.18861595   0.02225160
  0.18861735   0.02227070
  0.18861875   0.02228990
  0.18862025   0.02230910
  0.18862165   0.02232830
  0.18862315   0.02234750
  0.18862455   0.02236670
  0.18862595   0.02238590
  0.18862745   0.02240510
  0.18862885   0.02242430
  0.18863035   0.02244350
  0.18863175   0.02246270
  0.18863315   0.02248180
  0.18863465   0.02250100
  0.18863605   0.02252020
  0.18863755   0.02253940
  0.18863895   0.02255860
  0.18864045   0.02257780
  0.18864185   0.02259700
  0.18864325   0.02261620
  0.18864475   0.02263540
  0.18864615   0.02265460
  0.18864765   0.02267380
  0.18864905   0.02269290
  0.18865045   0.02271210
  0.18865195   0.02273130
  0.18865335   0.02275050
  0.18865485   0.02276970
  0.18865625   0.02278890
  0.18865765   0.02280810
  0.18865915   0.02282730
  0.18866055   0.02284650
  0.18866205   0.02286570
  0.18866345   0.02288490
  0.18866495   0.02290400
  0.18866635   0.02292320
  0.18866775   0.02294240
  0.18866925   0.02296160
  0.18867065   0.02298080
  0.18867215   0.02300000
