 -0.03555370   0.02300000
 -0.03554910   0.02281520
 -0.03554450   0.02263030
 -0.03553980   0.02244550
 -0.03553520   0.02226070
 -0.03553060   0.02207590
 -0.03552600   0.02189100
 -0.03552140   0.02170620
 -0.03551680   0.02152140
 -0.03551220   0.02133660
 -0.03550750   0.02115170
 -0.03550290   0.02096690
 -0.03549830   0.02078210
 -0.03549370   0.02059720
 -0.03548910   0.02041240
 -0.03548450   0.02022760
 -0.03547990   0.02004280
 -0.03547520   0.01985790
 -0.03547060   0.01967310
 -0.03546600   0.01948830
 -0.03546140   0.01930350
 -0.03545680   0.01911860
 -0.03545220   0.01893380
 -0.03544760   0.01874900
 -0.03544290   0.01856410
 -0.03543830   0.01837930
 -0.03543370   0.01819450
 -0.03542910   0.01800970
 -0.03542450   0.01782480
 -0.03541990   0.01764000
 -0.03541520   0.01745520
 -0.03541060   0.01727040
 -0.03540600   0.01708550
 -0.03540140   0.01690070
 -0.03539680   0.01671590
 -0.03539220   0.01653100
 -0.03538760   0.01634620
 -0.03538290   0.01616140
 -0.03537830   0.01597660
 -0.03537370   0.01579170
 -0.03536910   0.01560690
 -0.03536450   0.01542210
 -0.03535990   0.01523730
 -0.03535450   0.01505240
 -0.03534670   0.01486770
 -0.03533620   0.01468310
 -0.03532300   0.01449870
 -0.03530730   0.01431450
 -0.03528890   0.01413060
 -0.03526790   0.01394690
 -0.03524430   0.01376350
 -0.03521810   0.01358050
 -0.03518930   0.01339780
 -0.03515790   0.01321560
 -0.03512400   0.01303390
 -0.03508740   0.01285270
 -0.03504830   0.01267200
 -0.03500650   0.01249190
 -0.03496230   0.01231240
 -0.03491550   0.01213350
 -0.03486610   0.01195530
 -0.03481430   0.01177790
 -0.03475990   0.01160120
 -0.03470300   0.01142530
 -0.03464360   0.01125020
 -0.03458170   0.01107600
 -0.03451730   0.01090260
 -0.03445050   0.01073020
 -0.03438130   0.01055880
 -0.03430960   0.01038840
 -0.03423550   0.01021900
 -0.03415900   0.01005070
 -0.03408010   0.00988350
 -0.03399880   0.00971740
 -0.03391520   0.00955250
 -0.03382930   0.00938890
 -0.03374100   0.00922640
 -0.03365040   0.00906520
 -0.03355760   0.00890530
 -0.03346240   0.00874680
 -0.03336510   0.00858960
 -0.03326550   0.00843390
 -0.03316370   0.00827950
 -0.03305970   0.00812670
 -0.03295360   0.00797530
 -0.03284530   0.00782540
 -0.03273490   0.00767710
 -0.03262240   0.00753040
 -0.03250780   0.00738530
 -0.03239120   0.00724190
 -0.03227250   0.00710010
 -0.03215190   0.00696000
 -0.03202920   0.00682160
 -0.03190460   0.00668510
 -0.03177810   0.00655020
 -0.03164970   0.00641730
 -0.03151930   0.00628610
 -0.03138720   0.00615680
 -0.03125320   0.00602940
 -0.03111740   0.00590390
 -0.03097990   0.00578040
 -0.03084060   0.00565880
 -0.03069950   0.00553930
 -0.03055680   0.00542170
 -0.03041250   0.00530620
 -0.03026650   0.00519280
 -0.03011890   0.00508140
 -0.02996980   0.00497220
 -0.02981910   0.00486500
 -0.02966690   0.00476010
 -0.02951320   0.00465730
 -0.02935810   0.00455670
 -0.02920150   0.00445830
 -0.02904360   0.00436220
 -0.02888430   0.00426830
 -0.02872380   0.00417670
 -0.02856190   0.00408740
 -0.02839870   0.00400040
 -0.02823440   0.00391570
 -0.02806890   0.00383340
 -0.02790220   0.00375340
 -0.02773430   0.00367580
 -0.02756540   0.00360060
 -0.02739550   0.00352780
 -0.02722450   0.00345750
 -0.02705260   0.00338950
 -0.02687970   0.00332410
 -0.02670580   0.00326110
 -0.02653110   0.00320050
 -0.02635560   0.00314250
 -0.02617930   0.00308700
 -0.02600210   0.00303400
 -0.02582430   0.00298350
 -0.02564570   0.00293550
 -0.02546670   0.00288920
 -0.02528760   0.00284340
 -0.02510840   0.00279800
 -0.02492910   0.00275290
 -0.02474970   0.00270830
 -0.02457010   0.00266410
 -0.02439050   0.00262040
 -0.02421080   0.00257700
 -0.02403100   0.00253410
 -0.02385100   0.00249150
 -0.02367100   0.00244940
 -0.02349090   0.00240770
 -0.02331070   0.00236640
 -0.02313040   0.00232560
 -0.02294990   0.00228510
 -0.02276940   0.00224510
 -0.02258890   0.00220550
 -0.02240820   0.00216630
 -0.02222740   0.00212750
 -0.02204650   0.00208920
 -0.02186560   0.00205120
 -0.02168460   0.00201370
 -0.02150340   0.00197660
 -0.02132220   0.00193990
 -0.02114090   0.00190360
 -0.02095960   0.00186780
 -0.02077810   0.00183240
 -0.02059660   0.00179740
 -0.02041490   0.00176280
 -0.02023320   0.00172860
 -0.02005150   0.00169480
 -0.01986960   0.00166150
 -0.01968770   0.00162860
 -0.01950570   0.00159610
 -0.01932360   0.00156400
 -0.01914140   0.00153240
 -0.01895920   0.00150120
 -0.01877690   0.00147040
 -0.01859450   0.00144000
 -0.01841210   0.00141000
 -0.01822960   0.00138050
 -0.01804700   0.00135140
 -0.01786430   0.00132270
 -0.01768160   0.00129440
 -0.01749890   0.00126650
 -0.01731600   0.00123910
 -0.01713310   0.00121210
 -0.01695020   0.00118550
 -0.01676710   0.00115940
 -0.01658400   0.00113360
 -0.01640090   0.00110830
 -0.01621770   0.00108340
 -0.01603440   0.00105900
 -0.01585110   0.00103490
 -0.01566780   0.00101130
 -0.01548430   0.00098810
 -0.01530090   0.00096530
 -0.01511730   0.00094300
 -0.01493380   0.00092100
 -0.01475010   0.00089950
 -0.01456640   0.00087850
 -0.01438270   0.00085780
 -0.01419890   0.00083760
 -0.01401510   0.00081780
 -0.01383120   0.00079840
 -0.01364730   0.00077950
 -0.01346340   0.00076090
 -0.01327940   0.00074280
 -0.01309540   0.00072520
 -0.01291130   0.00070790
 -0.01272720   0.00069110
 -0.01254300   0.00067470
 -0.01235880   0.00065870
 -0.01217460   0.00064320
 -0.01199030   0.00062800
 -0.01180600   0.00061330
 -0.01162170   0.00059910
 -0.01143730   0.00058520
 -0.01125290   0.00057180
 -0.01106850   0.00055880
 -0.01088400   0.00054620
 -0.01069950   0.00053410
 -0.01051500   0.00052240
 -0.01033050   0.00051110
 -0.01014590   0.00050030
 -0.00996130   0.00048970
 -0.00977680   0.00047920
 -0.00959220   0.00046880
 -0.00940760   0.00045860
 -0.00922300   0.00044840
 -0.00903830   0.00043840
 -0.00885370   0.00042840
 -0.00866910   0.00041860
 -0.00848450   0.00040890
 -0.00829980   0.00039930
 -0.00811520   0.00038980
 -0.00793050   0.00038050
 -0.00774590   0.00037120
 -0.00756120   0.00036210
 -0.00737660   0.00035300
 -0.00719190   0.00034410
 -0.00700720   0.00033530
 -0.00682250   0.00032670
 -0.00663790   0.00031810
 -0.00645320   0.00030960
 -0.00626850   0.00030130
 -0.00608380   0.00029310
 -0.00589910   0.00028500
 -0.00571430   0.00027700
 -0.00552960   0.00026910
 -0.00534490   0.00026130
 -0.00516020   0.00025360
 -0.00497550   0.00024610
 -0.00479070   0.00023870
 -0.00460600   0.00023130
 -0.00442120   0.00022410
 -0.00423650   0.00021710
 -0.00405170   0.00021010
 -0.00386700   0.00020320
 -0.00368220   0.00019650
 -0.00349740   0.00018980
 -0.00331270   0.00018330
 -0.00312790   0.00017690
 -0.00294310   0.00017060
 -0.00275830   0.00016440
 -0.00257360   0.00015840
 -0.00238880   0.00015240
 -0.00220400   0.00014660
 -0.00201920   0.00014090
 -0.00183440   0.00013530
 -0.00164960   0.00012980
 -0.00146480   0.00012440
 -0.00128000   0.00011910
 -0.00109510   0.00011400
 -0.00091030   0.00010890
 -0.00072550   0.00010400
 -0.00054070   0.00009920
 -0.00035590   0.00009450
 -0.00017100   0.00008990
  0.00001380   0.00008540
  0.00019860   0.00008110
  0.00038350   0.00007680
  0.00056830   0.00007270
  0.00075310   0.00006870
  0.00093800   0.00006480
  0.00112280   0.00006100
  0.00130770   0.00005740
  0.00149250   0.00005380
  0.00167740   0.00005030
  0.00186220   0.00004700
  0.00204710   0.00004380
  0.00223200   0.00004070
  0.00241680   0.00003770
  0.00260170   0.00003480
  0.00278650   0.00003210
  0.00297140   0.00002940
  0.00315630   0.00002690
  0.00334110   0.00002450
  0.00352600   0.00002220
  0.00371090   0.00002000
  0.00389580   0.00001790
  0.00408060   0.00001590
  0.00426550   0.00001410
  0.00445040   0.00001240
  0.00463530   0.00001070
  0.00482010   0.00000920
  0.00500500   0.00000780
  0.00518990   0.00000660
  0.00537480   0.00000540
  0.00555970   0.00000430
  0.00574450   0.00000340
  0.00592940   0.00000260
  0.00611430   0.00000190
  0.00629920   0.00000130
  0.00648410   0.00000080
  0.00666900   0.00000040
  0.00685390   0.00000020
  0.00703870  -0.00000000
  0.00722360  -0.00000000
  0.00740850   0.00000010
  0.00759340   0.00000030
  0.00777830   0.00000060
  0.00796320   0.00000100
  0.00814800   0.00000160
  0.00833290   0.00000220
  0.00851780   0.00000300
  0.00870270   0.00000390
  0.00888760   0.00000490
  0.00907250   0.00000600
  0.00925730   0.00000720
  0.00944220   0.00000860
  0.00962710   0.00001000
  0.00981200   0.00001190
  0.00999680   0.00001420
  0.01018170   0.00001700
  0.01036660   0.00002020
  0.01055140   0.00002380
  0.01073630   0.00002780
  0.01092110   0.00003230
  0.01110590   0.00003720
  0.01129070   0.00004250
  0.01147550   0.00004830
  0.01166030   0.00005440
  0.01184510   0.00006100
  0.01202980   0.00006810
  0.01221450   0.00007550
  0.01239930   0.00008340
  0.01258400   0.00009170
  0.01276860   0.00010050
  0.01295330   0.00010960
  0.01313790   0.00011920
  0.01332250   0.00012920
  0.01350710   0.00013970
  0.01369170   0.00015060
  0.01387620   0.00016190
  0.01406070   0.00017360
  0.01424520   0.00018570
  0.01442970   0.00019830
  0.01461410   0.00021130
  0.01479850   0.00022470
  0.01498290   0.00023860
  0.01516720   0.00025290
  0.01535150   0.00026760
  0.01553580   0.00028270
  0.01572000   0.00029830
  0.01590420   0.00031430
  0.01608840   0.00033070
  0.01627250   0.00034750
  0.01645650   0.00036480
  0.01664060   0.00038250
  0.01682460   0.00040060
  0.01700850   0.00041910
  0.01719240   0.00043810
  0.01737630   0.00045750
  0.01756010   0.00047730
  0.01774390   0.00049750
  0.01792760   0.00051820
  0.01811130   0.00053930
  0.01829490   0.00056080
  0.01847850   0.00058270
  0.01866200   0.00060510
  0.01884550   0.00062790
  0.01902890   0.00065110
  0.01921230   0.00067470
  0.01939560   0.00069880
  0.01957890   0.00072320
  0.01976210   0.00074810
  0.01994520   0.00077350
  0.02012830   0.00079920
  0.02031130   0.00082540
  0.02049430   0.00085200
  0.02067720   0.00087900
  0.02086000   0.00090640
  0.02104280   0.00093430
  0.02122550   0.00096260
  0.02140810   0.00099130
  0.02159070   0.00102040
  0.02177320   0.00105000
  0.02195570   0.00108000
  0.02213800   0.00111040
  0.02232030   0.00114120
  0.02250260   0.00117240
  0.02268470   0.00120410
  0.02286680   0.00123610
  0.02304880   0.00126860
  0.02323070   0.00130160
  0.02341260   0.00133490
  0.02359440   0.00136870
  0.02377610   0.00140290
  0.02395770   0.00143750
  0.02413920   0.00147250
  0.02432070   0.00150790
  0.02450200   0.00154380
  0.02468330   0.00158000
  0.02486450   0.00161670
  0.02504570   0.00165390
  0.02522660   0.00169200
  0.02540690   0.00173270
  0.02558670   0.00177590
  0.02576580   0.00182170
  0.02594430   0.00187000
  0.02612200   0.00192090
  0.02629900   0.00197430
  0.02647530   0.00203010
  0.02665070   0.00208850
  0.02682530   0.00214940
  0.02699890   0.00221280
  0.02717170   0.00227860
  0.02734350   0.00234690
  0.02751440   0.00241760
  0.02768420   0.00249070
  0.02785290   0.00256620
  0.02802060   0.00264420
  0.02818710   0.00272450
  0.02835250   0.00280710
  0.02851670   0.00289220
  0.02867960   0.00297950
  0.02884130   0.00306910
  0.02900170   0.00316110
  0.02916080   0.00325530
  0.02931850   0.00335170
  0.02947490   0.00345040
  0.02962980   0.00355130
  0.02978320   0.00365440
  0.02993520   0.00375970
  0.03008570   0.00386710
  0.03023460   0.00397670
  0.03038200   0.00408830
  0.03052770   0.00420210
  0.03067190   0.00431790
  0.03081430   0.00443570
  0.03095510   0.00455560
  0.03109410   0.00467740
  0.03123140   0.00480120
  0.03136700   0.00492700
  0.03150070   0.00505470
  0.03163260   0.00518420
  0.03176260   0.00531560
  0.03189080   0.00544890
  0.03201710   0.00558390
  0.03214140   0.00572080
  0.03226370   0.00585940
  0.03238410   0.00599970
  0.03250250   0.00614170
  0.03261880   0.00628540
  0.03273310   0.00643080
  0.03284530   0.00657770
  0.03295540   0.00672620
  0.03306340   0.00687630
  0.03316920   0.00702790
  0.03327290   0.00718100
  0.03337440   0.00733550
  0.03347370   0.00749150
  0.03357070   0.00764890
  0.03366550   0.00780760
  0.03375800   0.00796770
  0.03384830   0.00812900
  0.03393620   0.00829160
  0.03402180   0.00845550
  0.03410510   0.00862060
  0.03418600   0.00878680
  0.03426460   0.00895420
  0.03434070   0.00912260
  0.03441450   0.00929220
  0.03448580   0.00946270
  0.03455470   0.00963430
  0.03462120   0.00980680
  0.03468520   0.00998030
  0.03474670   0.01015460
  0.03480580   0.01032980
  0.03486230   0.01050580
  0.03491640   0.01068270
  0.03496790   0.01086020
  0.03501690   0.01103850
  0.03506330   0.01121750
  0.03510720   0.01139700
  0.03514850   0.01157730
  0.03518730   0.01175800
  0.03522350   0.01193930
  0.03525710   0.01212110
  0.03528810   0.01230340
  0.03531660   0.01248610
  0.03534240   0.01266910
  0.03536560   0.01285260
  0.03538620   0.01303630
  0.03540420   0.01322030
  0.03541960   0.01340450
  0.03542100   0.01342370
  0.03542250   0.01344290
  0.03542390   0.01346210
  0.03542540   0.01348130
  0.03542680   0.01350050
  0.03542820   0.01351970
  0.03542970   0.01353890
  0.03543110   0.01355810
  0.03543260   0.01357730
  0.03543400   0.01359650
  0.03543540   0.01361560
  0.03543690   0.01363480
  0.03543830   0.01365400
  0.03543980   0.01367320
  0.03544120   0.01369240
  0.03544270   0.01371160
  0.03544410   0.01373080
  0.03544550   0.01375000
  0.03544700   0.01376920
  0.03544840   0.01378840
  0.03544990   0.01380760
  0.03545130   0.01382670
  0.03545270   0.01384590
  0.03545420   0.01386510
  0.03545560   0.01388430
  0.03545710   0.01390350
  0.03545850   0.01392270
  0.03545990   0.01394190
  0.03546140   0.01396110
  0.03546280   0.01398030
  0.03546430   0.01399950
  0.03546570   0.01401870
  0.03546720   0.01403780
  0.03546860   0.01405700
  0.03547000   0.01407620
  0.03547150   0.01409540
  0.03547290   0.01411460
  0.03547440   0.01413380
  0.03547580   0.01415300
  0.03547720   0.01417220
  0.03547870   0.01419140
  0.03548010   0.01421060
  0.03548160   0.01422980
  0.03548300   0.01424890
  0.03548440   0.01426810
  0.03548590   0.01428730
  0.03548730   0.01430650
  0.03548880   0.01432570
  0.03549020   0.01434490
  0.03549170   0.01436410
  0.03549310   0.01438330
  0.03549450   0.01440250
  0.03549600   0.01442170
  0.03549740   0.01444090
  0.03549890   0.01446000
  0.03550030   0.01447920
  0.03550170   0.01449840
  0.03550320   0.01451760
  0.03550460   0.01453680
  0.03550610   0.01455600
  0.03550750   0.01457520
  0.03550890   0.01459440
  0.03551040   0.01461360
  0.03551180   0.01463280
  0.03551330   0.01465200
  0.03551470   0.01467110
  0.03551620   0.01469030
  0.03551760   0.01470950
  0.03551900   0.01472870
  0.03552050   0.01474790
  0.03552190   0.01476710
  0.03552340   0.01478630
  0.03552480   0.01480550
  0.03552620   0.01482470
  0.03552770   0.01484390
  0.03552910   0.01486310
  0.03553060   0.01488220
  0.03553200   0.01490140
  0.03553340   0.01492060
  0.03553490   0.01493980
  0.03553630   0.01495900
  0.03553780   0.01497820
  0.03553920   0.01499740
  0.03554070   0.01501660
  0.03554210   0.01503580
  0.03554350   0.01505500
  0.03554500   0.01507420
  0.03554640   0.01509330
  0.03554790   0.01511250
  0.03554930   0.01513170
  0.03555070   0.01515090
  0.03555220   0.01517010
  0.03555360   0.01518930
  0.03555510   0.01520850
  0.03555650   0.01522770
  0.03555790   0.01524690
  0.03555940   0.01526610
  0.03556080   0.01528530
  0.03556230   0.01530440
  0.03556370   0.01532360
  0.03556520   0.01534280
  0.03556660   0.01536200
  0.03556800   0.01538120
  0.03556950   0.01540040
  0.03557090   0.01541960
  0.03557240   0.01543880
  0.03557380   0.01545800
  0.03557520   0.01547720
  0.03557670   0.01549640
  0.03557810   0.01551550
  0.03557960   0.01553470
  0.03558100   0.01555390
  0.03558240   0.01557310
  0.03558390   0.01559230
  0.03558530   0.01561150
  0.03558680   0.01563070
  0.03558820   0.01564990
  0.03558960   0.01566910
  0.03559110   0.01568830
  0.03559250   0.01570750
  0.03559400   0.01572660
  0.03559540   0.01574580
  0.03559690   0.01576500
  0.03559830   0.01578420
  0.03559970   0.01580340
  0.03560120   0.01582260
  0.03560260   0.01584180
  0.03560410   0.01586100
  0.03560550   0.01588020
  0.03560690   0.01589940
  0.03560840   0.01591860
  0.03560980   0.01593770
  0.03561130   0.01595690
  0.03561270   0.01597610
  0.03561410   0.01599530
  0.03561560   0.01601450
  0.03561700   0.01603370
  0.03561850   0.01605290
  0.03561990   0.01607210
  0.03562140   0.01609130
  0.03562280   0.01611050
  0.03562420   0.01612970
  0.03562570   0.01614880
  0.03562710   0.01616800
  0.03562860   0.01618720
  0.03563000   0.01620640
  0.03563140   0.01622560
  0.03563290   0.01624480
  0.03563430   0.01626400
  0.03563580   0.01628320
  0.03563720   0.01630240
  0.03563860   0.01632160
  0.03564010   0.01634080
  0.03564150   0.01635990
  0.03564300   0.01637910
  0.03564440   0.01639830
  0.03564590   0.01641750
  0.03564730   0.01643670
  0.03564870   0.01645590
  0.03565020   0.01647510
  0.03565160   0.01649430
  0.03565310   0.01651350
  0.03565450   0.01653270
  0.03565590   0.01655190
  0.03565740   0.01657100
  0.03565880   0.01659020
  0.03566030   0.01660940
  0.03566170   0.01662860
  0.03566310   0.01664780
  0.03566460   0.01666700
  0.03566600   0.01668620
  0.03566750   0.01670540
  0.03566890   0.01672460
  0.03567040   0.01674380
  0.03567180   0.01676300
  0.03567320   0.01678210
  0.03567470   0.01680130
  0.03567610   0.01682050
  0.03567760   0.01683970
  0.03567900   0.01685890
  0.03568040   0.01687810
  0.03568190   0.01689730
  0.03568330   0.01691650
  0.03568480   0.01693570
  0.03568620   0.01695490
  0.03568760   0.01697410
  0.03568910   0.01699320
  0.03569050   0.01701240
  0.03569200   0.01703160
  0.03569340   0.01705080
  0.03569490   0.01707000
  0.03569630   0.01708920
  0.03569770   0.01710840
  0.03569920   0.01712760
  0.03570060   0.01714680
  0.03570210   0.01716600
  0.03570350   0.01718520
  0.03570490   0.01720430
  0.03570640   0.01722350
  0.03570780   0.01724270
  0.03570930   0.01726190
  0.03571070   0.01728110
  0.03571210   0.01730030
  0.03571360   0.01731950
  0.03571500   0.01733870
  0.03571650   0.01735790
  0.03571790   0.01737710
  0.03571940   0.01739630
  0.03572080   0.01741540
  0.03572220   0.01743460
  0.03572370   0.01745380
  0.03572510   0.01747300
  0.03572660   0.01749220
  0.03572800   0.01751140
  0.03572940   0.01753060
  0.03573090   0.01754980
  0.03573230   0.01756900
  0.03573380   0.01758820
  0.03573520   0.01760740
  0.03573660   0.01762650
  0.03573810   0.01764570
  0.03573950   0.01766490
  0.03574100   0.01768410
  0.03574240   0.01770330
  0.03574380   0.01772250
  0.03574530   0.01774170
  0.03574670   0.01776090
  0.03574820   0.01778010
  0.03574960   0.01779930
  0.03575110   0.01781850
  0.03575250   0.01783760
  0.03575390   0.01785680
  0.03575540   0.01787600
  0.03575680   0.01789520
  0.03575830   0.01791440
  0.03575970   0.01793360
  0.03576110   0.01795280
  0.03576260   0.01797200
  0.03576400   0.01799120
  0.03576550   0.01801040
  0.03576690   0.01802960
  0.03576830   0.01804870
  0.03576980   0.01806790
  0.03577120   0.01808710
  0.03577270   0.01810630
  0.03577410   0.01812550
  0.03577560   0.01814470
  0.03577700   0.01816390
  0.03577840   0.01818310
  0.03577990   0.01820230
  0.03578130   0.01822150
  0.03578280   0.01824070
  0.03578420   0.01825980
  0.03578560   0.01827900
  0.03578710   0.01829820
  0.03578850   0.01831740
  0.03579000   0.01833660
  0.03579140   0.01835580
  0.03579280   0.01837500
  0.03579430   0.01839420
  0.03579570   0.01841340
  0.03579720   0.01843260
  0.03579860   0.01845180
  0.03580010   0.01847090
  0.03580150   0.01849010
  0.03580290   0.01850930
  0.03580440   0.01852850
  0.03580580   0.01854770
  0.03580730   0.01856690
  0.03580870   0.01858610
  0.03581010   0.01860530
  0.03581160   0.01862450
  0.03581300   0.01864370
  0.03581450   0.01866290
  0.03581590   0.01868200
  0.03581730   0.01870120
  0.03581880   0.01872040
  0.03582020   0.01873960
  0.03582170   0.01875880
  0.03582310   0.01877800
  0.03582460   0.01879720
  0.03582600   0.01881640
  0.03582740   0.01883560
  0.03582890   0.01885480
  0.03583030   0.01887400
  0.03583180   0.01889310
  0.03583320   0.01891230
  0.03583460   0.01893150
  0.03583610   0.01895070
  0.03583750   0.01896990
  0.03583900   0.01898910
  0.03584040   0.01900830
  0.03584180   0.01902750
  0.03584330   0.01904670
  0.03584470   0.01906590
  0.03584620   0.01908510
  0.03584760   0.01910420
  0.03584910   0.01912340
  0.03585050   0.01914260
  0.03585190   0.01916180
  0.03585340   0.01918100
  0.03585480   0.01920020
  0.03585630   0.01921940
  0.03585770   0.01923860
  0.03585910   0.01925780
  0.03586060   0.01927700
  0.03586200   0.01929620
  0.03586350   0.01931530
  0.03586490   0.01933450
  0.03586630   0.01935370
  0.03586780   0.01937290
  0.03586920   0.01939210
  0.03587070   0.01941130
  0.03587210   0.01943050
  0.03587350   0.01944970
  0.03587500   0.01946890
  0.03587640   0.01948810
  0.03587790   0.01950730
  0.03587930   0.01952640
  0.03588080   0.01954560
  0.03588220   0.01956480
  0.03588360   0.01958400
  0.03588510   0.01960320
  0.03588650   0.01962240
  0.03588800   0.01964160
  0.03588940   0.01966080
  0.03589080   0.01968000
  0.03589230   0.01969920
  0.03589370   0.01971840
  0.03589520   0.01973750
  0.03589660   0.01975670
  0.03589800   0.01977590
  0.03589950   0.01979510
  0.03590090   0.01981430
  0.03590240   0.01983350
  0.03590380   0.01985270
  0.03590530   0.01987190
  0.03590670   0.01989110
  0.03590810   0.01991030
  0.03590960   0.01992950
  0.03591100   0.01994860
  0.03591250   0.01996780
  0.03591390   0.01998700
  0.03591530   0.02000620
  0.03591680   0.02002540
  0.03591820   0.02004460
  0.03591970   0.02006380
  0.03592110   0.02008300
  0.03592250   0.02010220
  0.03592400   0.02012140
  0.03592540   0.02014060
  0.03592690   0.02015970
  0.03592830   0.02017890
  0.03592980   0.02019810
  0.03593120   0.02021730
  0.03593260   0.02023650
  0.03593410   0.02025570
  0.03593550   0.02027490
  0.03593700   0.02029410
  0.03593840   0.02031330
  0.03593980   0.02033250
  0.03594130   0.02035170
  0.03594270   0.02037080
  0.03594420   0.02039000
  0.03594560   0.02040920
  0.03594700   0.02042840
  0.03594850   0.02044760
  0.03594990   0.02046680
  0.03595140   0.02048600
  0.03595280   0.02050520
  0.03595430   0.02052440
  0.03595570   0.02054360
  0.03595710   0.02056280
  0.03595860   0.02058190
  0.03596000   0.02060110
  0.03596150   0.02062030
  0.03596290   0.02063950
  0.03596430   0.02065870
  0.03596580   0.02067790
  0.03596720   0.02069710
  0.03596870   0.02071630
  0.03597010   0.02073550
  0.03597150   0.02075470
  0.03597300   0.02077390
  0.03597440   0.02079300
  0.03597590   0.02081220
  0.03597730   0.02083140
  0.03597880   0.02085060
  0.03598020   0.02086980
  0.03598160   0.02088900
  0.03598310   0.02090820
  0.03598450   0.02092740
  0.03598600   0.02094660
  0.03598740   0.02096580
  0.03598880   0.02098500
  0.03599030   0.02100410
  0.03599170   0.02102330
  0.03599320   0.02104250
  0.03599460   0.02106170
  0.03599600   0.02108090
  0.03599750   0.02110010
  0.03599890   0.02111930
  0.03600040   0.02113850
  0.03600180   0.02115770
  0.03600330   0.02117690
  0.03600470   0.02119610
  0.03600610   0.02121520
  0.03600760   0.02123440
  0.03600900   0.02125360
  0.03601050   0.02127280
  0.03601190   0.02129200
  0.03601330   0.02131120
  0.03601480   0.02133040
  0.03601620   0.02134960
  0.03601770   0.02136880
  0.03601910   0.02138800
  0.03602050   0.02140720
  0.03602200   0.02142630
  0.03602340   0.02144550
  0.03602490   0.02146470
  0.03602630   0.02148390
  0.03602770   0.02150310
  0.03602920   0.02152230
  0.03603060   0.02154150
  0.03603210   0.02156070
  0.03603350   0.02157990
  0.03603500   0.02159910
  0.03603640   0.02161830
  0.03603780   0.02163740
  0.03603930   0.02165660
  0.03604070   0.02167580
  0.03604220   0.02169500
  0.03604360   0.02171420
  0.03604500   0.02173340
  0.03604650   0.02175260
  0.03604790   0.02177180
  0.03604940   0.02179100
  0.03605080   0.02181020
  0.03605220   0.02182940
  0.03605370   0.02184850
  0.03605510   0.02186770
  0.03605660   0.02188690
  0.03605800   0.02190610
  0.03605950   0.02192530
  0.03606090   0.02194450
  0.03606230   0.02196370
  0.03606380   0.02198290
  0.03606520   0.02200210
  0.03606670   0.02202130
  0.03606810   0.02204050
  0.03606950   0.02205960
  0.03607100   0.02207880
  0.03607240   0.02209800
  0.03607390   0.02211720
  0.03607530   0.02213640
  0.03607670   0.02215560
  0.03607820   0.02217480
  0.03607960   0.02219400
  0.03608110   0.02221320
  0.03608250   0.02223240
  0.03608400   0.02225160
  0.03608540   0.02227070
  0.03608680   0.02228990
  0.03608830   0.02230910
  0.03608970   0.02232830
  0.03609120   0.02234750
  0.03609260   0.02236670
  0.03609400   0.02238590
  0.03609550   0.02240510
  0.03609690   0.02242430
  0.03609840   0.02244350
  0.03609980   0.02246270
  0.03610120   0.02248180
  0.03610270   0.02250100
  0.03610410   0.02252020
  0.03610560   0.02253940
  0.03610700   0.02255860
  0.03610850   0.02257780
  0.03610990   0.02259700
  0.03611130   0.02261620
  0.03611280   0.02263540
  0.03611420   0.02265460
  0.03611570   0.02267380
  0.03611710   0.02269290
  0.03611850   0.02271210
  0.03612000   0.02273130
  0.03612140   0.02275050
  0.03612290   0.02276970
  0.03612430   0.02278890
  0.03612570   0.02280810
  0.03612720   0.02282730
  0.03612860   0.02284650
  0.03613010   0.02286570
  0.03613150   0.02288490
  0.03613300   0.02290400
  0.03613440   0.02292320
  0.03613580   0.02294240
  0.03613730   0.02296160
  0.03613870   0.02298080
  0.03614020   0.02300000
