  0.00579296   0.02300000
  0.00579756   0.02281520
  0.00580216   0.02263030
  0.00580686   0.02244550
  0.00581146   0.02226070
  0.00581606   0.02207590
  0.00582066   0.02189100
  0.00582526   0.02170620
  0.00582986   0.02152140
  0.00583446   0.02133660
  0.00583916   0.02115170
  0.00584376   0.02096690
  0.00584836   0.02078210
  0.00585296   0.02059720
  0.00585756   0.02041240
  0.00586216   0.02022760
  0.00586676   0.02004280
  0.00587146   0.01985790
  0.00587606   0.01967310
  0.00588066   0.01948830
  0.00588526   0.01930350
  0.00588986   0.01911860
  0.00589446   0.01893380
  0.00589906   0.01874900
  0.00590376   0.01856410
  0.00590836   0.01837930
  0.00591296   0.01819450
  0.00591756   0.01800970
  0.00592216   0.01782480
  0.00592676   0.01764000
  0.00593146   0.01745520
  0.00593606   0.01727040
  0.00594066   0.01708550
  0.00594526   0.01690070
  0.00594986   0.01671590
  0.00595446   0.01653100
  0.00595906   0.01634620
  0.00596376   0.01616140
  0.00596836   0.01597660
  0.00597296   0.01579170
  0.00597756   0.01560690
  0.00598216   0.01542210
  0.00598676   0.01523730
  0.00599216   0.01505240
  0.00599996   0.01486770
  0.00601046   0.01468310
  0.00602366   0.01449870
  0.00603936   0.01431450
  0.00605776   0.01413060
  0.00607876   0.01394690
  0.00610236   0.01376350
  0.00612856   0.01358050
  0.00615736   0.01339780
  0.00618876   0.01321560
  0.00622266   0.01303390
  0.00625926   0.01285270
  0.00629836   0.01267200
  0.00634016   0.01249190
  0.00638436   0.01231240
  0.00643116   0.01213350
  0.00648056   0.01195530
  0.00653236   0.01177790
  0.00658676   0.01160120
  0.00664366   0.01142530
  0.00670306   0.01125020
  0.00676496   0.01107600
  0.00682936   0.01090260
  0.00689616   0.01073020
  0.00696536   0.01055880
  0.00703706   0.01038840
  0.00711116   0.01021900
  0.00718766   0.01005070
  0.00726656   0.00988350
  0.00734786   0.00971740
  0.00743146   0.00955250
  0.00751736   0.00938890
  0.00760566   0.00922640
  0.00769626   0.00906520
  0.00778906   0.00890530
  0.00788426   0.00874680
  0.00798156   0.00858960
  0.00808116   0.00843390
  0.00818296   0.00827950
  0.00828696   0.00812670
  0.00839306   0.00797530
  0.00850136   0.00782540
  0.00861176   0.00767710
  0.00872426   0.00753040
  0.00883886   0.00738530
  0.00895546   0.00724190
  0.00907416   0.00710010
  0.00919476   0.00696000
  0.00931746   0.00682160
  0.00944206   0.00668510
  0.00956856   0.00655020
  0.00969696   0.00641730
  0.00982736   0.00628610
  0.00995946   0.00615680
  0.01009346   0.00602940
  0.01022926   0.00590390
  0.01036676   0.00578040
  0.01050606   0.00565880
  0.01064716   0.00553930
  0.01078986   0.00542170
  0.01093416   0.00530620
  0.01108016   0.00519280
  0.01122776   0.00508140
  0.01137686   0.00497220
  0.01152756   0.00486500
  0.01167976   0.00476010
  0.01183346   0.00465730
  0.01198856   0.00455670
  0.01214516   0.00445830
  0.01230306   0.00436220
  0.01246236   0.00426830
  0.01262286   0.00417670
  0.01278476   0.00408740
  0.01294796   0.00400040
  0.01311226   0.00391570
  0.01327776   0.00383340
  0.01344446   0.00375340
  0.01361236   0.00367580
  0.01378126   0.00360060
  0.01395116   0.00352780
  0.01412216   0.00345750
  0.01429406   0.00338950
  0.01446696   0.00332410
  0.01464086   0.00326110
  0.01481556   0.00320050
  0.01499106   0.00314250
  0.01516736   0.00308700
  0.01534456   0.00303400
  0.01552236   0.00298350
  0.01570096   0.00293550
  0.01587996   0.00288920
  0.01605906   0.00284340
  0.01623826   0.00279800
  0.01641756   0.00275290
  0.01659696   0.00270830
  0.01677656   0.00266410
  0.01695616   0.00262040
  0.01713586   0.00257700
  0.01731566   0.00253410
  0.01749566   0.00249150
  0.01767566   0.00244940
  0.01785576   0.00240770
  0.01803596   0.00236640
  0.01821626   0.00232560
  0.01839676   0.00228510
  0.01857726   0.00224510
  0.01875776   0.00220550
  0.01893846   0.00216630
  0.01911926   0.00212750
  0.01930016   0.00208920
  0.01948106   0.00205120
  0.01966206   0.00201370
  0.01984326   0.00197660
  0.02002446   0.00193990
  0.02020576   0.00190360
  0.02038706   0.00186780
  0.02056856   0.00183240
  0.02075006   0.00179740
  0.02093176   0.00176280
  0.02111346   0.00172860
  0.02129516   0.00169480
  0.02147706   0.00166150
  0.02165896   0.00162860
  0.02184096   0.00159610
  0.02202306   0.00156400
  0.02220526   0.00153240
  0.02238746   0.00150120
  0.02256976   0.00147040
  0.02275216   0.00144000
  0.02293456   0.00141000
  0.02311706   0.00138050
  0.02329966   0.00135140
  0.02348236   0.00132270
  0.02366506   0.00129440
  0.02384776   0.00126650
  0.02403066   0.00123910
  0.02421356   0.00121210
  0.02439646   0.00118550
  0.02457956   0.00115940
  0.02476266   0.00113360
  0.02494576   0.00110830
  0.02512896   0.00108340
  0.02531226   0.00105900
  0.02549556   0.00103490
  0.02567886   0.00101130
  0.02586236   0.00098810
  0.02604576   0.00096530
  0.02622936   0.00094300
  0.02641286   0.00092100
  0.02659656   0.00089950
  0.02678026   0.00087850
  0.02696396   0.00085780
  0.02714776   0.00083760
  0.02733156   0.00081780
  0.02751546   0.00079840
  0.02769936   0.00077950
  0.02788326   0.00076090
  0.02806726   0.00074280
  0.02825126   0.00072520
  0.02843536   0.00070790
  0.02861946   0.00069110
  0.02880366   0.00067470
  0.02898786   0.00065870
  0.02917206   0.00064320
  0.02935636   0.00062800
  0.02954066   0.00061330
  0.02972496   0.00059910
  0.02990936   0.00058520
  0.03009376   0.00057180
  0.03027816   0.00055880
  0.03046266   0.00054620
  0.03064716   0.00053410
  0.03083166   0.00052240
  0.03101616   0.00051110
  0.03120076   0.00050030
  0.03138536   0.00048970
  0.03156986   0.00047920
  0.03175446   0.00046880
  0.03193906   0.00045860
  0.03212366   0.00044840
  0.03230836   0.00043840
  0.03249296   0.00042840
  0.03267756   0.00041860
  0.03286216   0.00040890
  0.03304686   0.00039930
  0.03323146   0.00038980
  0.03341616   0.00038050
  0.03360076   0.00037120
  0.03378546   0.00036210
  0.03397006   0.00035300
  0.03415476   0.00034410
  0.03433946   0.00033530
  0.03452416   0.00032670
  0.03470876   0.00031810
  0.03489346   0.00030960
  0.03507816   0.00030130
  0.03526286   0.00029310
  0.03544756   0.00028500
  0.03563236   0.00027700
  0.03581706   0.00026910
  0.03600176   0.00026130
  0.03618646   0.00025360
  0.03637116   0.00024610
  0.03655596   0.00023870
  0.03674066   0.00023130
  0.03692546   0.00022410
  0.03711016   0.00021710
  0.03729496   0.00021010
  0.03747966   0.00020320
  0.03766446   0.00019650
  0.03784926   0.00018980
  0.03803396   0.00018330
  0.03821876   0.00017690
  0.03840356   0.00017060
  0.03858836   0.00016440
  0.03877306   0.00015840
  0.03895786   0.00015240
  0.03914266   0.00014660
  0.03932746   0.00014090
  0.03951226   0.00013530
  0.03969706   0.00012980
  0.03988186   0.00012440
  0.04006666   0.00011910
  0.04025156   0.00011400
  0.04043636   0.00010890
  0.04062116   0.00010400
  0.04080596   0.00009920
  0.04099076   0.00009450
  0.04117566   0.00008990
  0.04136046   0.00008540
  0.04154526   0.00008110
  0.04173016   0.00007680
  0.04191496   0.00007270
  0.04209976   0.00006870
  0.04228466   0.00006480
  0.04246946   0.00006100
  0.04265436   0.00005740
  0.04283916   0.00005380
  0.04302406   0.00005030
  0.04320886   0.00004700
  0.04339376   0.00004380
  0.04357866   0.00004070
  0.04376346   0.00003770
  0.04394836   0.00003480
  0.04413316   0.00003210
  0.04431806   0.00002940
  0.04450296   0.00002690
  0.04468776   0.00002450
  0.04487266   0.00002220
  0.04505756   0.00002000
  0.04524246   0.00001790
  0.04542726   0.00001590
  0.04561216   0.00001410
  0.04579706   0.00001240
  0.04598196   0.00001070
  0.04616676   0.00000920
  0.04635166   0.00000780
  0.04653656   0.00000660
  0.04672146   0.00000540
  0.04690636   0.00000430
  0.04709116   0.00000340
  0.04727606   0.00000260
  0.04746096   0.00000190
  0.04764586   0.00000130
  0.04783076   0.00000080
  0.04801566   0.00000040
  0.04820056   0.00000020
  0.04838536  -0.00000000
  0.04857026  -0.00000000
  0.04875516   0.00000010
  0.04894006   0.00000030
  0.04912496   0.00000060
  0.04930986   0.00000100
  0.04949466   0.00000160
  0.04967956   0.00000220
  0.04986446   0.00000300
  0.05004936   0.00000390
  0.05023426   0.00000490
  0.05041916   0.00000600
  0.05060396   0.00000720
  0.05078886   0.00000860
  0.05097376   0.00001000
  0.05115866   0.00001190
  0.05134346   0.00001420
  0.05152836   0.00001700
  0.05171326   0.00002020
  0.05189806   0.00002380
  0.05208296   0.00002780
  0.05226776   0.00003230
  0.05245256   0.00003720
  0.05263736   0.00004250
  0.05282216   0.00004830
  0.05300696   0.00005440
  0.05319176   0.00006100
  0.05337646   0.00006810
  0.05356116   0.00007550
  0.05374596   0.00008340
  0.05393066   0.00009170
  0.05411526   0.00010050
  0.05429996   0.00010960
  0.05448456   0.00011920
  0.05466916   0.00012920
  0.05485376   0.00013970
  0.05503836   0.00015060
  0.05522286   0.00016190
  0.05540736   0.00017360
  0.05559186   0.00018570
  0.05577636   0.00019830
  0.05596076   0.00021130
  0.05614516   0.00022470
  0.05632956   0.00023860
  0.05651386   0.00025290
  0.05669816   0.00026760
  0.05688246   0.00028270
  0.05706666   0.00029830
  0.05725086   0.00031430
  0.05743506   0.00033070
  0.05761916   0.00034750
  0.05780316   0.00036480
  0.05798726   0.00038250
  0.05817126   0.00040060
  0.05835516   0.00041910
  0.05853906   0.00043810
  0.05872296   0.00045750
  0.05890676   0.00047730
  0.05909056   0.00049750
  0.05927426   0.00051820
  0.05945796   0.00053930
  0.05964156   0.00056080
  0.05982516   0.00058270
  0.06000866   0.00060510
  0.06019216   0.00062790
  0.06037556   0.00065110
  0.06055896   0.00067470
  0.06074226   0.00069880
  0.06092556   0.00072320
  0.06110876   0.00074810
  0.06129186   0.00077350
  0.06147496   0.00079920
  0.06165796   0.00082540
  0.06184096   0.00085200
  0.06202386   0.00087900
  0.06220666   0.00090640
  0.06238946   0.00093430
  0.06257216   0.00096260
  0.06275476   0.00099130
  0.06293736   0.00102040
  0.06311986   0.00105000
  0.06330236   0.00108000
  0.06348466   0.00111040
  0.06366696   0.00114120
  0.06384926   0.00117240
  0.06403136   0.00120410
  0.06421346   0.00123610
  0.06439546   0.00126860
  0.06457736   0.00130160
  0.06475926   0.00133490
  0.06494106   0.00136870
  0.06512276   0.00140290
  0.06530436   0.00143750
  0.06548586   0.00147250
  0.06566736   0.00150790
  0.06584866   0.00154380
  0.06602996   0.00158000
  0.06621116   0.00161670
  0.06639236   0.00165390
  0.06657326   0.00169200
  0.06675356   0.00173270
  0.06693336   0.00177590
  0.06711246   0.00182170
  0.06729096   0.00187000
  0.06746866   0.00192090
  0.06764566   0.00197430
  0.06782196   0.00203010
  0.06799736   0.00208850
  0.06817196   0.00214940
  0.06834556   0.00221280
  0.06851836   0.00227860
  0.06869016   0.00234690
  0.06886106   0.00241760
  0.06903086   0.00249070
  0.06919956   0.00256620
  0.06936726   0.00264420
  0.06953376   0.00272450
  0.06969916   0.00280710
  0.06986336   0.00289220
  0.07002626   0.00297950
  0.07018796   0.00306910
  0.07034836   0.00316110
  0.07050746   0.00325530
  0.07066516   0.00335170
  0.07082156   0.00345040
  0.07097646   0.00355130
  0.07112986   0.00365440
  0.07128186   0.00375970
  0.07143236   0.00386710
  0.07158126   0.00397670
  0.07172866   0.00408830
  0.07187436   0.00420210
  0.07201856   0.00431790
  0.07216096   0.00443570
  0.07230176   0.00455560
  0.07244076   0.00467740
  0.07257806   0.00480120
  0.07271366   0.00492700
  0.07284736   0.00505470
  0.07297926   0.00518420
  0.07310926   0.00531560
  0.07323746   0.00544890
  0.07336376   0.00558390
  0.07348806   0.00572080
  0.07361036   0.00585940
  0.07373076   0.00599970
  0.07384916   0.00614170
  0.07396546   0.00628540
  0.07407976   0.00643080
  0.07419196   0.00657770
  0.07430206   0.00672620
  0.07441006   0.00687630
  0.07451586   0.00702790
  0.07461956   0.00718100
  0.07472106   0.00733550
  0.07482036   0.00749150
  0.07491736   0.00764890
  0.07501216   0.00780760
  0.07510466   0.00796770
  0.07519496   0.00812900
  0.07528286   0.00829160
  0.07536846   0.00845550
  0.07545176   0.00862060
  0.07553266   0.00878680
  0.07561126   0.00895420
  0.07568736   0.00912260
  0.07576116   0.00929220
  0.07583246   0.00946270
  0.07590136   0.00963430
  0.07596786   0.00980680
  0.07603186   0.00998030
  0.07609336   0.01015460
  0.07615246   0.01032980
  0.07620896   0.01050580
  0.07626306   0.01068270
  0.07631456   0.01086020
  0.07636356   0.01103850
  0.07640996   0.01121750
  0.07645386   0.01139700
  0.07649516   0.01157730
  0.07653396   0.01175800
  0.07657016   0.01193930
  0.07660376   0.01212110
  0.07663476   0.01230340
  0.07666326   0.01248610
  0.07668906   0.01266910
  0.07671226   0.01285260
  0.07673286   0.01303630
  0.07675086   0.01322030
  0.07676626   0.01340450
  0.07676766   0.01342370
  0.07676916   0.01344290
  0.07677056   0.01346210
  0.07677206   0.01348130
  0.07677346   0.01350050
  0.07677486   0.01351970
  0.07677636   0.01353890
  0.07677776   0.01355810
  0.07677926   0.01357730
  0.07678066   0.01359650
  0.07678206   0.01361560
  0.07678356   0.01363480
  0.07678496   0.01365400
  0.07678646   0.01367320
  0.07678786   0.01369240
  0.07678936   0.01371160
  0.07679076   0.01373080
  0.07679216   0.01375000
  0.07679366   0.01376920
  0.07679506   0.01378840
  0.07679656   0.01380760
  0.07679796   0.01382670
  0.07679936   0.01384590
  0.07680086   0.01386510
  0.07680226   0.01388430
  0.07680376   0.01390350
  0.07680516   0.01392270
  0.07680656   0.01394190
  0.07680806   0.01396110
  0.07680946   0.01398030
  0.07681096   0.01399950
  0.07681236   0.01401870
  0.07681386   0.01403780
  0.07681526   0.01405700
  0.07681666   0.01407620
  0.07681816   0.01409540
  0.07681956   0.01411460
  0.07682106   0.01413380
  0.07682246   0.01415300
  0.07682386   0.01417220
  0.07682536   0.01419140
  0.07682676   0.01421060
  0.07682826   0.01422980
  0.07682966   0.01424890
  0.07683106   0.01426810
  0.07683256   0.01428730
  0.07683396   0.01430650
  0.07683546   0.01432570
  0.07683686   0.01434490
  0.07683836   0.01436410
  0.07683976   0.01438330
  0.07684116   0.01440250
  0.07684266   0.01442170
  0.07684406   0.01444090
  0.07684556   0.01446000
  0.07684696   0.01447920
  0.07684836   0.01449840
  0.07684986   0.01451760
  0.07685126   0.01453680
  0.07685276   0.01455600
  0.07685416   0.01457520
  0.07685556   0.01459440
  0.07685706   0.01461360
  0.07685846   0.01463280
  0.07685996   0.01465200
  0.07686136   0.01467110
  0.07686286   0.01469030
  0.07686426   0.01470950
  0.07686566   0.01472870
  0.07686716   0.01474790
  0.07686856   0.01476710
  0.07687006   0.01478630
  0.07687146   0.01480550
  0.07687286   0.01482470
  0.07687436   0.01484390
  0.07687576   0.01486310
  0.07687726   0.01488220
  0.07687866   0.01490140
  0.07688006   0.01492060
  0.07688156   0.01493980
  0.07688296   0.01495900
  0.07688446   0.01497820
  0.07688586   0.01499740
  0.07688736   0.01501660
  0.07688876   0.01503580
  0.07689016   0.01505500
  0.07689166   0.01507420
  0.07689306   0.01509330
  0.07689456   0.01511250
  0.07689596   0.01513170
  0.07689736   0.01515090
  0.07689886   0.01517010
  0.07690026   0.01518930
  0.07690176   0.01520850
  0.07690316   0.01522770
  0.07690456   0.01524690
  0.07690606   0.01526610
  0.07690746   0.01528530
  0.07690896   0.01530440
  0.07691036   0.01532360
  0.07691186   0.01534280
  0.07691326   0.01536200
  0.07691466   0.01538120
  0.07691616   0.01540040
  0.07691756   0.01541960
  0.07691906   0.01543880
  0.07692046   0.01545800
  0.07692186   0.01547720
  0.07692336   0.01549640
  0.07692476   0.01551550
  0.07692626   0.01553470
  0.07692766   0.01555390
  0.07692906   0.01557310
  0.07693056   0.01559230
  0.07693196   0.01561150
  0.07693346   0.01563070
  0.07693486   0.01564990
  0.07693626   0.01566910
  0.07693776   0.01568830
  0.07693916   0.01570750
  0.07694066   0.01572660
  0.07694206   0.01574580
  0.07694356   0.01576500
  0.07694496   0.01578420
  0.07694636   0.01580340
  0.07694786   0.01582260
  0.07694926   0.01584180
  0.07695076   0.01586100
  0.07695216   0.01588020
  0.07695356   0.01589940
  0.07695506   0.01591860
  0.07695646   0.01593770
  0.07695796   0.01595690
  0.07695936   0.01597610
  0.07696076   0.01599530
  0.07696226   0.01601450
  0.07696366   0.01603370
  0.07696516   0.01605290
  0.07696656   0.01607210
  0.07696806   0.01609130
  0.07696946   0.01611050
  0.07697086   0.01612970
  0.07697236   0.01614880
  0.07697376   0.01616800
  0.07697526   0.01618720
  0.07697666   0.01620640
  0.07697806   0.01622560
  0.07697956   0.01624480
  0.07698096   0.01626400
  0.07698246   0.01628320
  0.07698386   0.01630240
  0.07698526   0.01632160
  0.07698676   0.01634080
  0.07698816   0.01635990
  0.07698966   0.01637910
  0.07699106   0.01639830
  0.07699256   0.01641750
  0.07699396   0.01643670
  0.07699536   0.01645590
  0.07699686   0.01647510
  0.07699826   0.01649430
  0.07699976   0.01651350
  0.07700116   0.01653270
  0.07700256   0.01655190
  0.07700406   0.01657100
  0.07700546   0.01659020
  0.07700696   0.01660940
  0.07700836   0.01662860
  0.07700976   0.01664780
  0.07701126   0.01666700
  0.07701266   0.01668620
  0.07701416   0.01670540
  0.07701556   0.01672460
  0.07701706   0.01674380
  0.07701846   0.01676300
  0.07701986   0.01678210
  0.07702136   0.01680130
  0.07702276   0.01682050
  0.07702426   0.01683970
  0.07702566   0.01685890
  0.07702706   0.01687810
  0.07702856   0.01689730
  0.07702996   0.01691650
  0.07703146   0.01693570
  0.07703286   0.01695490
  0.07703426   0.01697410
  0.07703576   0.01699320
  0.07703716   0.01701240
  0.07703866   0.01703160
  0.07704006   0.01705080
  0.07704156   0.01707000
  0.07704296   0.01708920
  0.07704436   0.01710840
  0.07704586   0.01712760
  0.07704726   0.01714680
  0.07704876   0.01716600
  0.07705016   0.01718520
  0.07705156   0.01720430
  0.07705306   0.01722350
  0.07705446   0.01724270
  0.07705596   0.01726190
  0.07705736   0.01728110
  0.07705876   0.01730030
  0.07706026   0.01731950
  0.07706166   0.01733870
  0.07706316   0.01735790
  0.07706456   0.01737710
  0.07706606   0.01739630
  0.07706746   0.01741540
  0.07706886   0.01743460
  0.07707036   0.01745380
  0.07707176   0.01747300
  0.07707326   0.01749220
  0.07707466   0.01751140
  0.07707606   0.01753060
  0.07707756   0.01754980
  0.07707896   0.01756900
  0.07708046   0.01758820
  0.07708186   0.01760740
  0.07708326   0.01762650
  0.07708476   0.01764570
  0.07708616   0.01766490
  0.07708766   0.01768410
  0.07708906   0.01770330
  0.07709046   0.01772250
  0.07709196   0.01774170
  0.07709336   0.01776090
  0.07709486   0.01778010
  0.07709626   0.01779930
  0.07709776   0.01781850
  0.07709916   0.01783760
  0.07710056   0.01785680
  0.07710206   0.01787600
  0.07710346   0.01789520
  0.07710496   0.01791440
  0.07710636   0.01793360
  0.07710776   0.01795280
  0.07710926   0.01797200
  0.07711066   0.01799120
  0.07711216   0.01801040
  0.07711356   0.01802960
  0.07711496   0.01804870
  0.07711646   0.01806790
  0.07711786   0.01808710
  0.07711936   0.01810630
  0.07712076   0.01812550
  0.07712226   0.01814470
  0.07712366   0.01816390
  0.07712506   0.01818310
  0.07712656   0.01820230
  0.07712796   0.01822150
  0.07712946   0.01824070
  0.07713086   0.01825980
  0.07713226   0.01827900
  0.07713376   0.01829820
  0.07713516   0.01831740
  0.07713666   0.01833660
  0.07713806   0.01835580
  0.07713946   0.01837500
  0.07714096   0.01839420
  0.07714236   0.01841340
  0.07714386   0.01843260
  0.07714526   0.01845180
  0.07714676   0.01847090
  0.07714816   0.01849010
  0.07714956   0.01850930
  0.07715106   0.01852850
  0.07715246   0.01854770
  0.07715396   0.01856690
  0.07715536   0.01858610
  0.07715676   0.01860530
  0.07715826   0.01862450
  0.07715966   0.01864370
  0.07716116   0.01866290
  0.07716256   0.01868200
  0.07716396   0.01870120
  0.07716546   0.01872040
  0.07716686   0.01873960
  0.07716836   0.01875880
  0.07716976   0.01877800
  0.07717126   0.01879720
  0.07717266   0.01881640
  0.07717406   0.01883560
  0.07717556   0.01885480
  0.07717696   0.01887400
  0.07717846   0.01889310
  0.07717986   0.01891230
  0.07718126   0.01893150
  0.07718276   0.01895070
  0.07718416   0.01896990
  0.07718566   0.01898910
  0.07718706   0.01900830
  0.07718846   0.01902750
  0.07718996   0.01904670
  0.07719136   0.01906590
  0.07719286   0.01908510
  0.07719426   0.01910420
  0.07719576   0.01912340
  0.07719716   0.01914260
  0.07719856   0.01916180
  0.07720006   0.01918100
  0.07720146   0.01920020
  0.07720296   0.01921940
  0.07720436   0.01923860
  0.07720576   0.01925780
  0.07720726   0.01927700
  0.07720866   0.01929620
  0.07721016   0.01931530
  0.07721156   0.01933450
  0.07721296   0.01935370
  0.07721446   0.01937290
  0.07721586   0.01939210
  0.07721736   0.01941130
  0.07721876   0.01943050
  0.07722016   0.01944970
  0.07722166   0.01946890
  0.07722306   0.01948810
  0.07722456   0.01950730
  0.07722596   0.01952640
  0.07722746   0.01954560
  0.07722886   0.01956480
  0.07723026   0.01958400
  0.07723176   0.01960320
  0.07723316   0.01962240
  0.07723466   0.01964160
  0.07723606   0.01966080
  0.07723746   0.01968000
  0.07723896   0.01969920
  0.07724036   0.01971840
  0.07724186   0.01973750
  0.07724326   0.01975670
  0.07724466   0.01977590
  0.07724616   0.01979510
  0.07724756   0.01981430
  0.07724906   0.01983350
  0.07725046   0.01985270
  0.07725196   0.01987190
  0.07725336   0.01989110
  0.07725476   0.01991030
  0.07725626   0.01992950
  0.07725766   0.01994860
  0.07725916   0.01996780
  0.07726056   0.01998700
  0.07726196   0.02000620
  0.07726346   0.02002540
  0.07726486   0.02004460
  0.07726636   0.02006380
  0.07726776   0.02008300
  0.07726916   0.02010220
  0.07727066   0.02012140
  0.07727206   0.02014060
  0.07727356   0.02015970
  0.07727496   0.02017890
  0.07727646   0.02019810
  0.07727786   0.02021730
  0.07727926   0.02023650
  0.07728076   0.02025570
  0.07728216   0.02027490
  0.07728366   0.02029410
  0.07728506   0.02031330
  0.07728646   0.02033250
  0.07728796   0.02035170
  0.07728936   0.02037080
  0.07729086   0.02039000
  0.07729226   0.02040920
  0.07729366   0.02042840
  0.07729516   0.02044760
  0.07729656   0.02046680
  0.07729806   0.02048600
  0.07729946   0.02050520
  0.07730096   0.02052440
  0.07730236   0.02054360
  0.07730376   0.02056280
  0.07730526   0.02058190
  0.07730666   0.02060110
  0.07730816   0.02062030
  0.07730956   0.02063950
  0.07731096   0.02065870
  0.07731246   0.02067790
  0.07731386   0.02069710
  0.07731536   0.02071630
  0.07731676   0.02073550
  0.07731816   0.02075470
  0.07731966   0.02077390
  0.07732106   0.02079300
  0.07732256   0.02081220
  0.07732396   0.02083140
  0.07732546   0.02085060
  0.07732686   0.02086980
  0.07732826   0.02088900
  0.07732976   0.02090820
  0.07733116   0.02092740
  0.07733266   0.02094660
  0.07733406   0.02096580
  0.07733546   0.02098500
  0.07733696   0.02100410
  0.07733836   0.02102330
  0.07733986   0.02104250
  0.07734126   0.02106170
  0.07734266   0.02108090
  0.07734416   0.02110010
  0.07734556   0.02111930
  0.07734706   0.02113850
  0.07734846   0.02115770
  0.07734996   0.02117690
  0.07735136   0.02119610
  0.07735276   0.02121520
  0.07735426   0.02123440
  0.07735566   0.02125360
  0.07735716   0.02127280
  0.07735856   0.02129200
  0.07735996   0.02131120
  0.07736146   0.02133040
  0.07736286   0.02134960
  0.07736436   0.02136880
  0.07736576   0.02138800
  0.07736716   0.02140720
  0.07736866   0.02142630
  0.07737006   0.02144550
  0.07737156   0.02146470
  0.07737296   0.02148390
  0.07737436   0.02150310
  0.07737586   0.02152230
  0.07737726   0.02154150
  0.07737876   0.02156070
  0.07738016   0.02157990
  0.07738166   0.02159910
  0.07738306   0.02161830
  0.07738446   0.02163740
  0.07738596   0.02165660
  0.07738736   0.02167580
  0.07738886   0.02169500
  0.07739026   0.02171420
  0.07739166   0.02173340
  0.07739316   0.02175260
  0.07739456   0.02177180
  0.07739606   0.02179100
  0.07739746   0.02181020
  0.07739886   0.02182940
  0.07740036   0.02184850
  0.07740176   0.02186770
  0.07740326   0.02188690
  0.07740466   0.02190610
  0.07740616   0.02192530
  0.07740756   0.02194450
  0.07740896   0.02196370
  0.07741046   0.02198290
  0.07741186   0.02200210
  0.07741336   0.02202130
  0.07741476   0.02204050
  0.07741616   0.02205960
  0.07741766   0.02207880
  0.07741906   0.02209800
  0.07742056   0.02211720
  0.07742196   0.02213640
  0.07742336   0.02215560
  0.07742486   0.02217480
  0.07742626   0.02219400
  0.07742776   0.02221320
  0.07742916   0.02223240
  0.07743066   0.02225160
  0.07743206   0.02227070
  0.07743346   0.02228990
  0.07743496   0.02230910
  0.07743636   0.02232830
  0.07743786   0.02234750
  0.07743926   0.02236670
  0.07744066   0.02238590
  0.07744216   0.02240510
  0.07744356   0.02242430
  0.07744506   0.02244350
  0.07744646   0.02246270
  0.07744786   0.02248180
  0.07744936   0.02250100
  0.07745076   0.02252020
  0.07745226   0.02253940
  0.07745366   0.02255860
  0.07745516   0.02257780
  0.07745656   0.02259700
  0.07745796   0.02261620
  0.07745946   0.02263540
  0.07746086   0.02265460
  0.07746236   0.02267380
  0.07746376   0.02269290
  0.07746516   0.02271210
  0.07746666   0.02273130
  0.07746806   0.02275050
  0.07746956   0.02276970
  0.07747096   0.02278890
  0.07747236   0.02280810
  0.07747386   0.02282730
  0.07747526   0.02284650
  0.07747676   0.02286570
  0.07747816   0.02288490
  0.07747966   0.02290400
  0.07748106   0.02292320
  0.07748246   0.02294240
  0.07748396   0.02296160
  0.07748536   0.02298080
  0.07748686   0.02300000
