 -0.00366921   0.02300000
 -0.00366461   0.02281520
 -0.00366001   0.02263030
 -0.00365531   0.02244550
 -0.00365071   0.02226070
 -0.00364611   0.02207590
 -0.00364151   0.02189100
 -0.00363691   0.02170620
 -0.00363231   0.02152140
 -0.00362771   0.02133660
 -0.00362301   0.02115170
 -0.00361841   0.02096690
 -0.00361381   0.02078210
 -0.00360921   0.02059720
 -0.00360461   0.02041240
 -0.00360001   0.02022760
 -0.00359541   0.02004280
 -0.00359071   0.01985790
 -0.00358611   0.01967310
 -0.00358151   0.01948830
 -0.00357691   0.01930350
 -0.00357231   0.01911860
 -0.00356771   0.01893380
 -0.00356311   0.01874900
 -0.00355841   0.01856410
 -0.00355381   0.01837930
 -0.00354921   0.01819450
 -0.00354461   0.01800970
 -0.00354001   0.01782480
 -0.00353541   0.01764000
 -0.00353071   0.01745520
 -0.00352611   0.01727040
 -0.00352151   0.01708550
 -0.00351691   0.01690070
 -0.00351231   0.01671590
 -0.00350771   0.01653100
 -0.00350311   0.01634620
 -0.00349841   0.01616140
 -0.00349381   0.01597660
 -0.00348921   0.01579170
 -0.00348461   0.01560690
 -0.00348001   0.01542210
 -0.00347541   0.01523730
 -0.00347001   0.01505240
 -0.00346221   0.01486770
 -0.00345171   0.01468310
 -0.00343851   0.01449870
 -0.00342281   0.01431450
 -0.00340441   0.01413060
 -0.00338341   0.01394690
 -0.00335981   0.01376350
 -0.00333361   0.01358050
 -0.00330481   0.01339780
 -0.00327341   0.01321560
 -0.00323951   0.01303390
 -0.00320291   0.01285270
 -0.00316381   0.01267200
 -0.00312201   0.01249190
 -0.00307781   0.01231240
 -0.00303101   0.01213350
 -0.00298161   0.01195530
 -0.00292981   0.01177790
 -0.00287541   0.01160120
 -0.00281851   0.01142530
 -0.00275911   0.01125020
 -0.00269721   0.01107600
 -0.00263281   0.01090260
 -0.00256601   0.01073020
 -0.00249681   0.01055880
 -0.00242511   0.01038840
 -0.00235101   0.01021900
 -0.00227451   0.01005070
 -0.00219561   0.00988350
 -0.00211431   0.00971740
 -0.00203071   0.00955250
 -0.00194481   0.00938890
 -0.00185651   0.00922640
 -0.00176591   0.00906520
 -0.00167311   0.00890530
 -0.00157791   0.00874680
 -0.00148061   0.00858960
 -0.00138101   0.00843390
 -0.00127921   0.00827950
 -0.00117521   0.00812670
 -0.00106911   0.00797530
 -0.00096081   0.00782540
 -0.00085041   0.00767710
 -0.00073791   0.00753040
 -0.00062331   0.00738530
 -0.00050671   0.00724190
 -0.00038801   0.00710010
 -0.00026741   0.00696000
 -0.00014471   0.00682160
 -0.00002011   0.00668510
  0.00010639   0.00655020
  0.00023479   0.00641730
  0.00036519   0.00628610
  0.00049729   0.00615680
  0.00063129   0.00602940
  0.00076709   0.00590390
  0.00090459   0.00578040
  0.00104389   0.00565880
  0.00118499   0.00553930
  0.00132769   0.00542170
  0.00147199   0.00530620
  0.00161799   0.00519280
  0.00176559   0.00508140
  0.00191469   0.00497220
  0.00206539   0.00486500
  0.00221759   0.00476010
  0.00237129   0.00465730
  0.00252639   0.00455670
  0.00268299   0.00445830
  0.00284089   0.00436220
  0.00300019   0.00426830
  0.00316069   0.00417670
  0.00332259   0.00408740
  0.00348579   0.00400040
  0.00365009   0.00391570
  0.00381559   0.00383340
  0.00398229   0.00375340
  0.00415019   0.00367580
  0.00431909   0.00360060
  0.00448899   0.00352780
  0.00465999   0.00345750
  0.00483189   0.00338950
  0.00500479   0.00332410
  0.00517869   0.00326110
  0.00535339   0.00320050
  0.00552889   0.00314250
  0.00570519   0.00308700
  0.00588239   0.00303400
  0.00606019   0.00298350
  0.00623879   0.00293550
  0.00641779   0.00288920
  0.00659689   0.00284340
  0.00677609   0.00279800
  0.00695539   0.00275290
  0.00713479   0.00270830
  0.00731439   0.00266410
  0.00749399   0.00262040
  0.00767369   0.00257700
  0.00785349   0.00253410
  0.00803349   0.00249150
  0.00821349   0.00244940
  0.00839359   0.00240770
  0.00857379   0.00236640
  0.00875409   0.00232560
  0.00893459   0.00228510
  0.00911509   0.00224510
  0.00929559   0.00220550
  0.00947629   0.00216630
  0.00965709   0.00212750
  0.00983799   0.00208920
  0.01001889   0.00205120
  0.01019989   0.00201370
  0.01038109   0.00197660
  0.01056229   0.00193990
  0.01074359   0.00190360
  0.01092489   0.00186780
  0.01110639   0.00183240
  0.01128789   0.00179740
  0.01146959   0.00176280
  0.01165129   0.00172860
  0.01183299   0.00169480
  0.01201489   0.00166150
  0.01219679   0.00162860
  0.01237879   0.00159610
  0.01256089   0.00156400
  0.01274309   0.00153240
  0.01292529   0.00150120
  0.01310759   0.00147040
  0.01328999   0.00144000
  0.01347239   0.00141000
  0.01365489   0.00138050
  0.01383749   0.00135140
  0.01402019   0.00132270
  0.01420289   0.00129440
  0.01438559   0.00126650
  0.01456849   0.00123910
  0.01475139   0.00121210
  0.01493429   0.00118550
  0.01511739   0.00115940
  0.01530049   0.00113360
  0.01548359   0.00110830
  0.01566679   0.00108340
  0.01585009   0.00105900
  0.01603339   0.00103490
  0.01621669   0.00101130
  0.01640019   0.00098810
  0.01658359   0.00096530
  0.01676719   0.00094300
  0.01695069   0.00092100
  0.01713439   0.00089950
  0.01731809   0.00087850
  0.01750179   0.00085780
  0.01768559   0.00083760
  0.01786939   0.00081780
  0.01805329   0.00079840
  0.01823719   0.00077950
  0.01842109   0.00076090
  0.01860509   0.00074280
  0.01878909   0.00072520
  0.01897319   0.00070790
  0.01915729   0.00069110
  0.01934149   0.00067470
  0.01952569   0.00065870
  0.01970989   0.00064320
  0.01989419   0.00062800
  0.02007849   0.00061330
  0.02026279   0.00059910
  0.02044719   0.00058520
  0.02063159   0.00057180
  0.02081599   0.00055880
  0.02100049   0.00054620
  0.02118499   0.00053410
  0.02136949   0.00052240
  0.02155399   0.00051110
  0.02173859   0.00050030
  0.02192319   0.00048970
  0.02210769   0.00047920
  0.02229229   0.00046880
  0.02247689   0.00045860
  0.02266149   0.00044840
  0.02284619   0.00043840
  0.02303079   0.00042840
  0.02321539   0.00041860
  0.02339999   0.00040890
  0.02358469   0.00039930
  0.02376929   0.00038980
  0.02395399   0.00038050
  0.02413859   0.00037120
  0.02432329   0.00036210
  0.02450789   0.00035300
  0.02469259   0.00034410
  0.02487729   0.00033530
  0.02506199   0.00032670
  0.02524659   0.00031810
  0.02543129   0.00030960
  0.02561599   0.00030130
  0.02580069   0.00029310
  0.02598539   0.00028500
  0.02617019   0.00027700
  0.02635489   0.00026910
  0.02653959   0.00026130
  0.02672429   0.00025360
  0.02690899   0.00024610
  0.02709379   0.00023870
  0.02727849   0.00023130
  0.02746329   0.00022410
  0.02764799   0.00021710
  0.02783279   0.00021010
  0.02801749   0.00020320
  0.02820229   0.00019650
  0.02838709   0.00018980
  0.02857179   0.00018330
  0.02875659   0.00017690
  0.02894139   0.00017060
  0.02912619   0.00016440
  0.02931089   0.00015840
  0.02949569   0.00015240
  0.02968049   0.00014660
  0.02986529   0.00014090
  0.03005009   0.00013530
  0.03023489   0.00012980
  0.03041969   0.00012440
  0.03060449   0.00011910
  0.03078939   0.00011400
  0.03097419   0.00010890
  0.03115899   0.00010400
  0.03134379   0.00009920
  0.03152859   0.00009450
  0.03171349   0.00008990
  0.03189829   0.00008540
  0.03208309   0.00008110
  0.03226799   0.00007680
  0.03245279   0.00007270
  0.03263759   0.00006870
  0.03282249   0.00006480
  0.03300729   0.00006100
  0.03319219   0.00005740
  0.03337699   0.00005380
  0.03356189   0.00005030
  0.03374669   0.00004700
  0.03393159   0.00004380
  0.03411649   0.00004070
  0.03430129   0.00003770
  0.03448619   0.00003480
  0.03467099   0.00003210
  0.03485589   0.00002940
  0.03504079   0.00002690
  0.03522559   0.00002450
  0.03541049   0.00002220
  0.03559539   0.00002000
  0.03578029   0.00001790
  0.03596509   0.00001590
  0.03614999   0.00001410
  0.03633489   0.00001240
  0.03651979   0.00001070
  0.03670459   0.00000920
  0.03688949   0.00000780
  0.03707439   0.00000660
  0.03725929   0.00000540
  0.03744419   0.00000430
  0.03762899   0.00000340
  0.03781389   0.00000260
  0.03799879   0.00000190
  0.03818369   0.00000130
  0.03836859   0.00000080
  0.03855349   0.00000040
  0.03873839   0.00000020
  0.03892319  -0.00000000
  0.03910809  -0.00000000
  0.03929299   0.00000010
  0.03947789   0.00000030
  0.03966279   0.00000060
  0.03984769   0.00000100
  0.04003249   0.00000160
  0.04021739   0.00000220
  0.04040229   0.00000300
  0.04058719   0.00000390
  0.04077209   0.00000490
  0.04095699   0.00000600
  0.04114179   0.00000720
  0.04132669   0.00000860
  0.04151159   0.00001000
  0.04169649   0.00001190
  0.04188129   0.00001420
  0.04206619   0.00001700
  0.04225109   0.00002020
  0.04243589   0.00002380
  0.04262079   0.00002780
  0.04280559   0.00003230
  0.04299039   0.00003720
  0.04317519   0.00004250
  0.04335999   0.00004830
  0.04354479   0.00005440
  0.04372959   0.00006100
  0.04391429   0.00006810
  0.04409899   0.00007550
  0.04428379   0.00008340
  0.04446849   0.00009170
  0.04465309   0.00010050
  0.04483779   0.00010960
  0.04502239   0.00011920
  0.04520699   0.00012920
  0.04539159   0.00013970
  0.04557619   0.00015060
  0.04576069   0.00016190
  0.04594519   0.00017360
  0.04612969   0.00018570
  0.04631419   0.00019830
  0.04649859   0.00021130
  0.04668299   0.00022470
  0.04686739   0.00023860
  0.04705169   0.00025290
  0.04723599   0.00026760
  0.04742029   0.00028270
  0.04760449   0.00029830
  0.04778869   0.00031430
  0.04797289   0.00033070
  0.04815699   0.00034750
  0.04834099   0.00036480
  0.04852509   0.00038250
  0.04870909   0.00040060
  0.04889299   0.00041910
  0.04907689   0.00043810
  0.04926079   0.00045750
  0.04944459   0.00047730
  0.04962839   0.00049750
  0.04981209   0.00051820
  0.04999579   0.00053930
  0.05017939   0.00056080
  0.05036299   0.00058270
  0.05054649   0.00060510
  0.05072999   0.00062790
  0.05091339   0.00065110
  0.05109679   0.00067470
  0.05128009   0.00069880
  0.05146339   0.00072320
  0.05164659   0.00074810
  0.05182969   0.00077350
  0.05201279   0.00079920
  0.05219579   0.00082540
  0.05237879   0.00085200
  0.05256169   0.00087900
  0.05274449   0.00090640
  0.05292729   0.00093430
  0.05310999   0.00096260
  0.05329259   0.00099130
  0.05347519   0.00102040
  0.05365769   0.00105000
  0.05384019   0.00108000
  0.05402249   0.00111040
  0.05420479   0.00114120
  0.05438709   0.00117240
  0.05456919   0.00120410
  0.05475129   0.00123610
  0.05493329   0.00126860
  0.05511519   0.00130160
  0.05529709   0.00133490
  0.05547889   0.00136870
  0.05566059   0.00140290
  0.05584219   0.00143750
  0.05602369   0.00147250
  0.05620519   0.00150790
  0.05638649   0.00154380
  0.05656779   0.00158000
  0.05674899   0.00161670
  0.05693019   0.00165390
  0.05711109   0.00169200
  0.05729139   0.00173270
  0.05747119   0.00177590
  0.05765029   0.00182170
  0.05782879   0.00187000
  0.05800649   0.00192090
  0.05818349   0.00197430
  0.05835979   0.00203010
  0.05853519   0.00208850
  0.05870979   0.00214940
  0.05888339   0.00221280
  0.05905619   0.00227860
  0.05922799   0.00234690
  0.05939889   0.00241760
  0.05956869   0.00249070
  0.05973739   0.00256620
  0.05990509   0.00264420
  0.06007159   0.00272450
  0.06023699   0.00280710
  0.06040119   0.00289220
  0.06056409   0.00297950
  0.06072579   0.00306910
  0.06088619   0.00316110
  0.06104529   0.00325530
  0.06120299   0.00335170
  0.06135939   0.00345040
  0.06151429   0.00355130
  0.06166769   0.00365440
  0.06181969   0.00375970
  0.06197019   0.00386710
  0.06211909   0.00397670
  0.06226649   0.00408830
  0.06241219   0.00420210
  0.06255639   0.00431790
  0.06269879   0.00443570
  0.06283959   0.00455560
  0.06297859   0.00467740
  0.06311589   0.00480120
  0.06325149   0.00492700
  0.06338519   0.00505470
  0.06351709   0.00518420
  0.06364709   0.00531560
  0.06377529   0.00544890
  0.06390159   0.00558390
  0.06402589   0.00572080
  0.06414819   0.00585940
  0.06426859   0.00599970
  0.06438699   0.00614170
  0.06450329   0.00628540
  0.06461759   0.00643080
  0.06472979   0.00657770
  0.06483989   0.00672620
  0.06494789   0.00687630
  0.06505369   0.00702790
  0.06515739   0.00718100
  0.06525889   0.00733550
  0.06535819   0.00749150
  0.06545519   0.00764890
  0.06554999   0.00780760
  0.06564249   0.00796770
  0.06573279   0.00812900
  0.06582069   0.00829160
  0.06590629   0.00845550
  0.06598959   0.00862060
  0.06607049   0.00878680
  0.06614909   0.00895420
  0.06622519   0.00912260
  0.06629899   0.00929220
  0.06637029   0.00946270
  0.06643919   0.00963430
  0.06650569   0.00980680
  0.06656969   0.00998030
  0.06663119   0.01015460
  0.06669029   0.01032980
  0.06674679   0.01050580
  0.06680089   0.01068270
  0.06685239   0.01086020
  0.06690139   0.01103850
  0.06694779   0.01121750
  0.06699169   0.01139700
  0.06703299   0.01157730
  0.06707179   0.01175800
  0.06710799   0.01193930
  0.06714159   0.01212110
  0.06717259   0.01230340
  0.06720109   0.01248610
  0.06722689   0.01266910
  0.06725009   0.01285260
  0.06727069   0.01303630
  0.06728869   0.01322030
  0.06730409   0.01340450
  0.06730549   0.01342370
  0.06730699   0.01344290
  0.06730839   0.01346210
  0.06730989   0.01348130
  0.06731129   0.01350050
  0.06731269   0.01351970
  0.06731419   0.01353890
  0.06731559   0.01355810
  0.06731709   0.01357730
  0.06731849   0.01359650
  0.06731989   0.01361560
  0.06732139   0.01363480
  0.06732279   0.01365400
  0.06732429   0.01367320
  0.06732569   0.01369240
  0.06732719   0.01371160
  0.06732859   0.01373080
  0.06732999   0.01375000
  0.06733149   0.01376920
  0.06733289   0.01378840
  0.06733439   0.01380760
  0.06733579   0.01382670
  0.06733719   0.01384590
  0.06733869   0.01386510
  0.06734009   0.01388430
  0.06734159   0.01390350
  0.06734299   0.01392270
  0.06734439   0.01394190
  0.06734589   0.01396110
  0.06734729   0.01398030
  0.06734879   0.01399950
  0.06735019   0.01401870
  0.06735169   0.01403780
  0.06735309   0.01405700
  0.06735449   0.01407620
  0.06735599   0.01409540
  0.06735739   0.01411460
  0.06735889   0.01413380
  0.06736029   0.01415300
  0.06736169   0.01417220
  0.06736319   0.01419140
  0.06736459   0.01421060
  0.06736609   0.01422980
  0.06736749   0.01424890
  0.06736889   0.01426810
  0.06737039   0.01428730
  0.06737179   0.01430650
  0.06737329   0.01432570
  0.06737469   0.01434490
  0.06737619   0.01436410
  0.06737759   0.01438330
  0.06737899   0.01440250
  0.06738049   0.01442170
  0.06738189   0.01444090
  0.06738339   0.01446000
  0.06738479   0.01447920
  0.06738619   0.01449840
  0.06738769   0.01451760
  0.06738909   0.01453680
  0.06739059   0.01455600
  0.06739199   0.01457520
  0.06739339   0.01459440
  0.06739489   0.01461360
  0.06739629   0.01463280
  0.06739779   0.01465200
  0.06739919   0.01467110
  0.06740069   0.01469030
  0.06740209   0.01470950
  0.06740349   0.01472870
  0.06740499   0.01474790
  0.06740639   0.01476710
  0.06740789   0.01478630
  0.06740929   0.01480550
  0.06741069   0.01482470
  0.06741219   0.01484390
  0.06741359   0.01486310
  0.06741509   0.01488220
  0.06741649   0.01490140
  0.06741789   0.01492060
  0.06741939   0.01493980
  0.06742079   0.01495900
  0.06742229   0.01497820
  0.06742369   0.01499740
  0.06742519   0.01501660
  0.06742659   0.01503580
  0.06742799   0.01505500
  0.06742949   0.01507420
  0.06743089   0.01509330
  0.06743239   0.01511250
  0.06743379   0.01513170
  0.06743519   0.01515090
  0.06743669   0.01517010
  0.06743809   0.01518930
  0.06743959   0.01520850
  0.06744099   0.01522770
  0.06744239   0.01524690
  0.06744389   0.01526610
  0.06744529   0.01528530
  0.06744679   0.01530440
  0.06744819   0.01532360
  0.06744969   0.01534280
  0.06745109   0.01536200
  0.06745249   0.01538120
  0.06745399   0.01540040
  0.06745539   0.01541960
  0.06745689   0.01543880
  0.06745829   0.01545800
  0.06745969   0.01547720
  0.06746119   0.01549640
  0.06746259   0.01551550
  0.06746409   0.01553470
  0.06746549   0.01555390
  0.06746689   0.01557310
  0.06746839   0.01559230
  0.06746979   0.01561150
  0.06747129   0.01563070
  0.06747269   0.01564990
  0.06747409   0.01566910
  0.06747559   0.01568830
  0.06747699   0.01570750
  0.06747849   0.01572660
  0.06747989   0.01574580
  0.06748139   0.01576500
  0.06748279   0.01578420
  0.06748419   0.01580340
  0.06748569   0.01582260
  0.06748709   0.01584180
  0.06748859   0.01586100
  0.06748999   0.01588020
  0.06749139   0.01589940
  0.06749289   0.01591860
  0.06749429   0.01593770
  0.06749579   0.01595690
  0.06749719   0.01597610
  0.06749859   0.01599530
  0.06750009   0.01601450
  0.06750149   0.01603370
  0.06750299   0.01605290
  0.06750439   0.01607210
  0.06750589   0.01609130
  0.06750729   0.01611050
  0.06750869   0.01612970
  0.06751019   0.01614880
  0.06751159   0.01616800
  0.06751309   0.01618720
  0.06751449   0.01620640
  0.06751589   0.01622560
  0.06751739   0.01624480
  0.06751879   0.01626400
  0.06752029   0.01628320
  0.06752169   0.01630240
  0.06752309   0.01632160
  0.06752459   0.01634080
  0.06752599   0.01635990
  0.06752749   0.01637910
  0.06752889   0.01639830
  0.06753039   0.01641750
  0.06753179   0.01643670
  0.06753319   0.01645590
  0.06753469   0.01647510
  0.06753609   0.01649430
  0.06753759   0.01651350
  0.06753899   0.01653270
  0.06754039   0.01655190
  0.06754189   0.01657100
  0.06754329   0.01659020
  0.06754479   0.01660940
  0.06754619   0.01662860
  0.06754759   0.01664780
  0.06754909   0.01666700
  0.06755049   0.01668620
  0.06755199   0.01670540
  0.06755339   0.01672460
  0.06755489   0.01674380
  0.06755629   0.01676300
  0.06755769   0.01678210
  0.06755919   0.01680130
  0.06756059   0.01682050
  0.06756209   0.01683970
  0.06756349   0.01685890
  0.06756489   0.01687810
  0.06756639   0.01689730
  0.06756779   0.01691650
  0.06756929   0.01693570
  0.06757069   0.01695490
  0.06757209   0.01697410
  0.06757359   0.01699320
  0.06757499   0.01701240
  0.06757649   0.01703160
  0.06757789   0.01705080
  0.06757939   0.01707000
  0.06758079   0.01708920
  0.06758219   0.01710840
  0.06758369   0.01712760
  0.06758509   0.01714680
  0.06758659   0.01716600
  0.06758799   0.01718520
  0.06758939   0.01720430
  0.06759089   0.01722350
  0.06759229   0.01724270
  0.06759379   0.01726190
  0.06759519   0.01728110
  0.06759659   0.01730030
  0.06759809   0.01731950
  0.06759949   0.01733870
  0.06760099   0.01735790
  0.06760239   0.01737710
  0.06760389   0.01739630
  0.06760529   0.01741540
  0.06760669   0.01743460
  0.06760819   0.01745380
  0.06760959   0.01747300
  0.06761109   0.01749220
  0.06761249   0.01751140
  0.06761389   0.01753060
  0.06761539   0.01754980
  0.06761679   0.01756900
  0.06761829   0.01758820
  0.06761969   0.01760740
  0.06762109   0.01762650
  0.06762259   0.01764570
  0.06762399   0.01766490
  0.06762549   0.01768410
  0.06762689   0.01770330
  0.06762829   0.01772250
  0.06762979   0.01774170
  0.06763119   0.01776090
  0.06763269   0.01778010
  0.06763409   0.01779930
  0.06763559   0.01781850
  0.06763699   0.01783760
  0.06763839   0.01785680
  0.06763989   0.01787600
  0.06764129   0.01789520
  0.06764279   0.01791440
  0.06764419   0.01793360
  0.06764559   0.01795280
  0.06764709   0.01797200
  0.06764849   0.01799120
  0.06764999   0.01801040
  0.06765139   0.01802960
  0.06765279   0.01804870
  0.06765429   0.01806790
  0.06765569   0.01808710
  0.06765719   0.01810630
  0.06765859   0.01812550
  0.06766009   0.01814470
  0.06766149   0.01816390
  0.06766289   0.01818310
  0.06766439   0.01820230
  0.06766579   0.01822150
  0.06766729   0.01824070
  0.06766869   0.01825980
  0.06767009   0.01827900
  0.06767159   0.01829820
  0.06767299   0.01831740
  0.06767449   0.01833660
  0.06767589   0.01835580
  0.06767729   0.01837500
  0.06767879   0.01839420
  0.06768019   0.01841340
  0.06768169   0.01843260
  0.06768309   0.01845180
  0.06768459   0.01847090
  0.06768599   0.01849010
  0.06768739   0.01850930
  0.06768889   0.01852850
  0.06769029   0.01854770
  0.06769179   0.01856690
  0.06769319   0.01858610
  0.06769459   0.01860530
  0.06769609   0.01862450
  0.06769749   0.01864370
  0.06769899   0.01866290
  0.06770039   0.01868200
  0.06770179   0.01870120
  0.06770329   0.01872040
  0.06770469   0.01873960
  0.06770619   0.01875880
  0.06770759   0.01877800
  0.06770909   0.01879720
  0.06771049   0.01881640
  0.06771189   0.01883560
  0.06771339   0.01885480
  0.06771479   0.01887400
  0.06771629   0.01889310
  0.06771769   0.01891230
  0.06771909   0.01893150
  0.06772059   0.01895070
  0.06772199   0.01896990
  0.06772349   0.01898910
  0.06772489   0.01900830
  0.06772629   0.01902750
  0.06772779   0.01904670
  0.06772919   0.01906590
  0.06773069   0.01908510
  0.06773209   0.01910420
  0.06773359   0.01912340
  0.06773499   0.01914260
  0.06773639   0.01916180
  0.06773789   0.01918100
  0.06773929   0.01920020
  0.06774079   0.01921940
  0.06774219   0.01923860
  0.06774359   0.01925780
  0.06774509   0.01927700
  0.06774649   0.01929620
  0.06774799   0.01931530
  0.06774939   0.01933450
  0.06775079   0.01935370
  0.06775229   0.01937290
  0.06775369   0.01939210
  0.06775519   0.01941130
  0.06775659   0.01943050
  0.06775799   0.01944970
  0.06775949   0.01946890
  0.06776089   0.01948810
  0.06776239   0.01950730
  0.06776379   0.01952640
  0.06776529   0.01954560
  0.06776669   0.01956480
  0.06776809   0.01958400
  0.06776959   0.01960320
  0.06777099   0.01962240
  0.06777249   0.01964160
  0.06777389   0.01966080
  0.06777529   0.01968000
  0.06777679   0.01969920
  0.06777819   0.01971840
  0.06777969   0.01973750
  0.06778109   0.01975670
  0.06778249   0.01977590
  0.06778399   0.01979510
  0.06778539   0.01981430
  0.06778689   0.01983350
  0.06778829   0.01985270
  0.06778979   0.01987190
  0.06779119   0.01989110
  0.06779259   0.01991030
  0.06779409   0.01992950
  0.06779549   0.01994860
  0.06779699   0.01996780
  0.06779839   0.01998700
  0.06779979   0.02000620
  0.06780129   0.02002540
  0.06780269   0.02004460
  0.06780419   0.02006380
  0.06780559   0.02008300
  0.06780699   0.02010220
  0.06780849   0.02012140
  0.06780989   0.02014060
  0.06781139   0.02015970
  0.06781279   0.02017890
  0.06781429   0.02019810
  0.06781569   0.02021730
  0.06781709   0.02023650
  0.06781859   0.02025570
  0.06781999   0.02027490
  0.06782149   0.02029410
  0.06782289   0.02031330
  0.06782429   0.02033250
  0.06782579   0.02035170
  0.06782719   0.02037080
  0.06782869   0.02039000
  0.06783009   0.02040920
  0.06783149   0.02042840
  0.06783299   0.02044760
  0.06783439   0.02046680
  0.06783589   0.02048600
  0.06783729   0.02050520
  0.06783879   0.02052440
  0.06784019   0.02054360
  0.06784159   0.02056280
  0.06784309   0.02058190
  0.06784449   0.02060110
  0.06784599   0.02062030
  0.06784739   0.02063950
  0.06784879   0.02065870
  0.06785029   0.02067790
  0.06785169   0.02069710
  0.06785319   0.02071630
  0.06785459   0.02073550
  0.06785599   0.02075470
  0.06785749   0.02077390
  0.06785889   0.02079300
  0.06786039   0.02081220
  0.06786179   0.02083140
  0.06786329   0.02085060
  0.06786469   0.02086980
  0.06786609   0.02088900
  0.06786759   0.02090820
  0.06786899   0.02092740
  0.06787049   0.02094660
  0.06787189   0.02096580
  0.06787329   0.02098500
  0.06787479   0.02100410
  0.06787619   0.02102330
  0.06787769   0.02104250
  0.06787909   0.02106170
  0.06788049   0.02108090
  0.06788199   0.02110010
  0.06788339   0.02111930
  0.06788489   0.02113850
  0.06788629   0.02115770
  0.06788779   0.02117690
  0.06788919   0.02119610
  0.06789059   0.02121520
  0.06789209   0.02123440
  0.06789349   0.02125360
  0.06789499   0.02127280
  0.06789639   0.02129200
  0.06789779   0.02131120
  0.06789929   0.02133040
  0.06790069   0.02134960
  0.06790219   0.02136880
  0.06790359   0.02138800
  0.06790499   0.02140720
  0.06790649   0.02142630
  0.06790789   0.02144550
  0.06790939   0.02146470
  0.06791079   0.02148390
  0.06791219   0.02150310
  0.06791369   0.02152230
  0.06791509   0.02154150
  0.06791659   0.02156070
  0.06791799   0.02157990
  0.06791949   0.02159910
  0.06792089   0.02161830
  0.06792229   0.02163740
  0.06792379   0.02165660
  0.06792519   0.02167580
  0.06792669   0.02169500
  0.06792809   0.02171420
  0.06792949   0.02173340
  0.06793099   0.02175260
  0.06793239   0.02177180
  0.06793389   0.02179100
  0.06793529   0.02181020
  0.06793669   0.02182940
  0.06793819   0.02184850
  0.06793959   0.02186770
  0.06794109   0.02188690
  0.06794249   0.02190610
  0.06794399   0.02192530
  0.06794539   0.02194450
  0.06794679   0.02196370
  0.06794829   0.02198290
  0.06794969   0.02200210
  0.06795119   0.02202130
  0.06795259   0.02204050
  0.06795399   0.02205960
  0.06795549   0.02207880
  0.06795689   0.02209800
  0.06795839   0.02211720
  0.06795979   0.02213640
  0.06796119   0.02215560
  0.06796269   0.02217480
  0.06796409   0.02219400
  0.06796559   0.02221320
  0.06796699   0.02223240
  0.06796849   0.02225160
  0.06796989   0.02227070
  0.06797129   0.02228990
  0.06797279   0.02230910
  0.06797419   0.02232830
  0.06797569   0.02234750
  0.06797709   0.02236670
  0.06797849   0.02238590
  0.06797999   0.02240510
  0.06798139   0.02242430
  0.06798289   0.02244350
  0.06798429   0.02246270
  0.06798569   0.02248180
  0.06798719   0.02250100
  0.06798859   0.02252020
  0.06799009   0.02253940
  0.06799149   0.02255860
  0.06799299   0.02257780
  0.06799439   0.02259700
  0.06799579   0.02261620
  0.06799729   0.02263540
  0.06799869   0.02265460
  0.06800019   0.02267380
  0.06800159   0.02269290
  0.06800299   0.02271210
  0.06800449   0.02273130
  0.06800589   0.02275050
  0.06800739   0.02276970
  0.06800879   0.02278890
  0.06801019   0.02280810
  0.06801169   0.02282730
  0.06801309   0.02284650
  0.06801459   0.02286570
  0.06801599   0.02288490
  0.06801749   0.02290400
  0.06801889   0.02292320
  0.06802029   0.02294240
  0.06802179   0.02296160
  0.06802319   0.02298080
  0.06802469   0.02300000
