 -0.02534384   0.02300000
 -0.02533924   0.02281520
 -0.02533464   0.02263030
 -0.02532994   0.02244550
 -0.02532534   0.02226070
 -0.02532074   0.02207590
 -0.02531614   0.02189100
 -0.02531154   0.02170620
 -0.02530694   0.02152140
 -0.02530234   0.02133660
 -0.02529764   0.02115170
 -0.02529304   0.02096690
 -0.02528844   0.02078210
 -0.02528384   0.02059720
 -0.02527924   0.02041240
 -0.02527464   0.02022760
 -0.02527004   0.02004280
 -0.02526534   0.01985790
 -0.02526074   0.01967310
 -0.02525614   0.01948830
 -0.02525154   0.01930350
 -0.02524694   0.01911860
 -0.02524234   0.01893380
 -0.02523774   0.01874900
 -0.02523304   0.01856410
 -0.02522844   0.01837930
 -0.02522384   0.01819450
 -0.02521924   0.01800970
 -0.02521464   0.01782480
 -0.02521004   0.01764000
 -0.02520534   0.01745520
 -0.02520074   0.01727040
 -0.02519614   0.01708550
 -0.02519154   0.01690070
 -0.02518694   0.01671590
 -0.02518234   0.01653100
 -0.02517774   0.01634620
 -0.02517304   0.01616140
 -0.02516844   0.01597660
 -0.02516384   0.01579170
 -0.02515924   0.01560690
 -0.02515464   0.01542210
 -0.02515004   0.01523730
 -0.02514464   0.01505240
 -0.02513684   0.01486770
 -0.02512634   0.01468310
 -0.02511314   0.01449870
 -0.02509744   0.01431450
 -0.02507904   0.01413060
 -0.02505804   0.01394690
 -0.02503444   0.01376350
 -0.02500824   0.01358050
 -0.02497944   0.01339780
 -0.02494804   0.01321560
 -0.02491414   0.01303390
 -0.02487754   0.01285270
 -0.02483844   0.01267200
 -0.02479664   0.01249190
 -0.02475244   0.01231240
 -0.02470564   0.01213350
 -0.02465624   0.01195530
 -0.02460444   0.01177790
 -0.02455004   0.01160120
 -0.02449314   0.01142530
 -0.02443374   0.01125020
 -0.02437184   0.01107600
 -0.02430744   0.01090260
 -0.02424064   0.01073020
 -0.02417144   0.01055880
 -0.02409974   0.01038840
 -0.02402564   0.01021900
 -0.02394914   0.01005070
 -0.02387024   0.00988350
 -0.02378894   0.00971740
 -0.02370534   0.00955250
 -0.02361944   0.00938890
 -0.02353114   0.00922640
 -0.02344054   0.00906520
 -0.02334774   0.00890530
 -0.02325254   0.00874680
 -0.02315524   0.00858960
 -0.02305564   0.00843390
 -0.02295384   0.00827950
 -0.02284984   0.00812670
 -0.02274374   0.00797530
 -0.02263544   0.00782540
 -0.02252504   0.00767710
 -0.02241254   0.00753040
 -0.02229794   0.00738530
 -0.02218134   0.00724190
 -0.02206264   0.00710010
 -0.02194204   0.00696000
 -0.02181934   0.00682160
 -0.02169474   0.00668510
 -0.02156824   0.00655020
 -0.02143984   0.00641730
 -0.02130944   0.00628610
 -0.02117734   0.00615680
 -0.02104334   0.00602940
 -0.02090754   0.00590390
 -0.02077004   0.00578040
 -0.02063074   0.00565880
 -0.02048964   0.00553930
 -0.02034694   0.00542170
 -0.02020264   0.00530620
 -0.02005664   0.00519280
 -0.01990904   0.00508140
 -0.01975994   0.00497220
 -0.01960924   0.00486500
 -0.01945704   0.00476010
 -0.01930334   0.00465730
 -0.01914824   0.00455670
 -0.01899164   0.00445830
 -0.01883374   0.00436220
 -0.01867444   0.00426830
 -0.01851394   0.00417670
 -0.01835204   0.00408740
 -0.01818884   0.00400040
 -0.01802454   0.00391570
 -0.01785904   0.00383340
 -0.01769234   0.00375340
 -0.01752444   0.00367580
 -0.01735554   0.00360060
 -0.01718564   0.00352780
 -0.01701464   0.00345750
 -0.01684274   0.00338950
 -0.01666984   0.00332410
 -0.01649594   0.00326110
 -0.01632124   0.00320050
 -0.01614574   0.00314250
 -0.01596944   0.00308700
 -0.01579224   0.00303400
 -0.01561444   0.00298350
 -0.01543584   0.00293550
 -0.01525684   0.00288920
 -0.01507774   0.00284340
 -0.01489854   0.00279800
 -0.01471924   0.00275290
 -0.01453984   0.00270830
 -0.01436024   0.00266410
 -0.01418064   0.00262040
 -0.01400094   0.00257700
 -0.01382114   0.00253410
 -0.01364114   0.00249150
 -0.01346114   0.00244940
 -0.01328104   0.00240770
 -0.01310084   0.00236640
 -0.01292054   0.00232560
 -0.01274004   0.00228510
 -0.01255954   0.00224510
 -0.01237904   0.00220550
 -0.01219834   0.00216630
 -0.01201754   0.00212750
 -0.01183664   0.00208920
 -0.01165574   0.00205120
 -0.01147474   0.00201370
 -0.01129354   0.00197660
 -0.01111234   0.00193990
 -0.01093104   0.00190360
 -0.01074974   0.00186780
 -0.01056824   0.00183240
 -0.01038674   0.00179740
 -0.01020504   0.00176280
 -0.01002334   0.00172860
 -0.00984164   0.00169480
 -0.00965974   0.00166150
 -0.00947784   0.00162860
 -0.00929584   0.00159610
 -0.00911374   0.00156400
 -0.00893154   0.00153240
 -0.00874934   0.00150120
 -0.00856704   0.00147040
 -0.00838464   0.00144000
 -0.00820224   0.00141000
 -0.00801974   0.00138050
 -0.00783714   0.00135140
 -0.00765444   0.00132270
 -0.00747174   0.00129440
 -0.00728904   0.00126650
 -0.00710614   0.00123910
 -0.00692324   0.00121210
 -0.00674034   0.00118550
 -0.00655724   0.00115940
 -0.00637414   0.00113360
 -0.00619104   0.00110830
 -0.00600784   0.00108340
 -0.00582454   0.00105900
 -0.00564124   0.00103490
 -0.00545794   0.00101130
 -0.00527444   0.00098810
 -0.00509104   0.00096530
 -0.00490744   0.00094300
 -0.00472394   0.00092100
 -0.00454024   0.00089950
 -0.00435654   0.00087850
 -0.00417284   0.00085780
 -0.00398904   0.00083760
 -0.00380524   0.00081780
 -0.00362134   0.00079840
 -0.00343744   0.00077950
 -0.00325354   0.00076090
 -0.00306954   0.00074280
 -0.00288554   0.00072520
 -0.00270144   0.00070790
 -0.00251734   0.00069110
 -0.00233314   0.00067470
 -0.00214894   0.00065870
 -0.00196474   0.00064320
 -0.00178044   0.00062800
 -0.00159614   0.00061330
 -0.00141184   0.00059910
 -0.00122744   0.00058520
 -0.00104304   0.00057180
 -0.00085864   0.00055880
 -0.00067414   0.00054620
 -0.00048964   0.00053410
 -0.00030514   0.00052240
 -0.00012064   0.00051110
  0.00006396   0.00050030
  0.00024856   0.00048970
  0.00043306   0.00047920
  0.00061766   0.00046880
  0.00080226   0.00045860
  0.00098686   0.00044840
  0.00117156   0.00043840
  0.00135616   0.00042840
  0.00154076   0.00041860
  0.00172536   0.00040890
  0.00191006   0.00039930
  0.00209466   0.00038980
  0.00227936   0.00038050
  0.00246396   0.00037120
  0.00264866   0.00036210
  0.00283326   0.00035300
  0.00301796   0.00034410
  0.00320266   0.00033530
  0.00338736   0.00032670
  0.00357196   0.00031810
  0.00375666   0.00030960
  0.00394136   0.00030130
  0.00412606   0.00029310
  0.00431076   0.00028500
  0.00449556   0.00027700
  0.00468026   0.00026910
  0.00486496   0.00026130
  0.00504966   0.00025360
  0.00523436   0.00024610
  0.00541916   0.00023870
  0.00560386   0.00023130
  0.00578866   0.00022410
  0.00597336   0.00021710
  0.00615816   0.00021010
  0.00634286   0.00020320
  0.00652766   0.00019650
  0.00671246   0.00018980
  0.00689716   0.00018330
  0.00708196   0.00017690
  0.00726676   0.00017060
  0.00745156   0.00016440
  0.00763626   0.00015840
  0.00782106   0.00015240
  0.00800586   0.00014660
  0.00819066   0.00014090
  0.00837546   0.00013530
  0.00856026   0.00012980
  0.00874506   0.00012440
  0.00892986   0.00011910
  0.00911476   0.00011400
  0.00929956   0.00010890
  0.00948436   0.00010400
  0.00966916   0.00009920
  0.00985396   0.00009450
  0.01003886   0.00008990
  0.01022366   0.00008540
  0.01040846   0.00008110
  0.01059336   0.00007680
  0.01077816   0.00007270
  0.01096296   0.00006870
  0.01114786   0.00006480
  0.01133266   0.00006100
  0.01151756   0.00005740
  0.01170236   0.00005380
  0.01188726   0.00005030
  0.01207206   0.00004700
  0.01225696   0.00004380
  0.01244186   0.00004070
  0.01262666   0.00003770
  0.01281156   0.00003480
  0.01299636   0.00003210
  0.01318126   0.00002940
  0.01336616   0.00002690
  0.01355096   0.00002450
  0.01373586   0.00002220
  0.01392076   0.00002000
  0.01410566   0.00001790
  0.01429046   0.00001590
  0.01447536   0.00001410
  0.01466026   0.00001240
  0.01484516   0.00001070
  0.01502996   0.00000920
  0.01521486   0.00000780
  0.01539976   0.00000660
  0.01558466   0.00000540
  0.01576956   0.00000430
  0.01595436   0.00000340
  0.01613926   0.00000260
  0.01632416   0.00000190
  0.01650906   0.00000130
  0.01669396   0.00000080
  0.01687886   0.00000040
  0.01706376   0.00000020
  0.01724856  -0.00000000
  0.01743346  -0.00000000
  0.01761836   0.00000010
  0.01780326   0.00000030
  0.01798816   0.00000060
  0.01817306   0.00000100
  0.01835786   0.00000160
  0.01854276   0.00000220
  0.01872766   0.00000300
  0.01891256   0.00000390
  0.01909746   0.00000490
  0.01928236   0.00000600
  0.01946716   0.00000720
  0.01965206   0.00000860
  0.01983696   0.00001000
  0.02002186   0.00001190
  0.02020666   0.00001420
  0.02039156   0.00001700
  0.02057646   0.00002020
  0.02076126   0.00002380
  0.02094616   0.00002780
  0.02113096   0.00003230
  0.02131576   0.00003720
  0.02150056   0.00004250
  0.02168536   0.00004830
  0.02187016   0.00005440
  0.02205496   0.00006100
  0.02223966   0.00006810
  0.02242436   0.00007550
  0.02260916   0.00008340
  0.02279386   0.00009170
  0.02297846   0.00010050
  0.02316316   0.00010960
  0.02334776   0.00011920
  0.02353236   0.00012920
  0.02371696   0.00013970
  0.02390156   0.00015060
  0.02408606   0.00016190
  0.02427056   0.00017360
  0.02445506   0.00018570
  0.02463956   0.00019830
  0.02482396   0.00021130
  0.02500836   0.00022470
  0.02519276   0.00023860
  0.02537706   0.00025290
  0.02556136   0.00026760
  0.02574566   0.00028270
  0.02592986   0.00029830
  0.02611406   0.00031430
  0.02629826   0.00033070
  0.02648236   0.00034750
  0.02666636   0.00036480
  0.02685046   0.00038250
  0.02703446   0.00040060
  0.02721836   0.00041910
  0.02740226   0.00043810
  0.02758616   0.00045750
  0.02776996   0.00047730
  0.02795376   0.00049750
  0.02813746   0.00051820
  0.02832116   0.00053930
  0.02850476   0.00056080
  0.02868836   0.00058270
  0.02887186   0.00060510
  0.02905536   0.00062790
  0.02923876   0.00065110
  0.02942216   0.00067470
  0.02960546   0.00069880
  0.02978876   0.00072320
  0.02997196   0.00074810
  0.03015506   0.00077350
  0.03033816   0.00079920
  0.03052116   0.00082540
  0.03070416   0.00085200
  0.03088706   0.00087900
  0.03106986   0.00090640
  0.03125266   0.00093430
  0.03143536   0.00096260
  0.03161796   0.00099130
  0.03180056   0.00102040
  0.03198306   0.00105000
  0.03216556   0.00108000
  0.03234786   0.00111040
  0.03253016   0.00114120
  0.03271246   0.00117240
  0.03289456   0.00120410
  0.03307666   0.00123610
  0.03325866   0.00126860
  0.03344056   0.00130160
  0.03362246   0.00133490
  0.03380426   0.00136870
  0.03398596   0.00140290
  0.03416756   0.00143750
  0.03434906   0.00147250
  0.03453056   0.00150790
  0.03471186   0.00154380
  0.03489316   0.00158000
  0.03507436   0.00161670
  0.03525556   0.00165390
  0.03543646   0.00169200
  0.03561676   0.00173270
  0.03579656   0.00177590
  0.03597566   0.00182170
  0.03615416   0.00187000
  0.03633186   0.00192090
  0.03650886   0.00197430
  0.03668516   0.00203010
  0.03686056   0.00208850
  0.03703516   0.00214940
  0.03720876   0.00221280
  0.03738156   0.00227860
  0.03755336   0.00234690
  0.03772426   0.00241760
  0.03789406   0.00249070
  0.03806276   0.00256620
  0.03823046   0.00264420
  0.03839696   0.00272450
  0.03856236   0.00280710
  0.03872656   0.00289220
  0.03888946   0.00297950
  0.03905116   0.00306910
  0.03921156   0.00316110
  0.03937066   0.00325530
  0.03952836   0.00335170
  0.03968476   0.00345040
  0.03983966   0.00355130
  0.03999306   0.00365440
  0.04014506   0.00375970
  0.04029556   0.00386710
  0.04044446   0.00397670
  0.04059186   0.00408830
  0.04073756   0.00420210
  0.04088176   0.00431790
  0.04102416   0.00443570
  0.04116496   0.00455560
  0.04130396   0.00467740
  0.04144126   0.00480120
  0.04157686   0.00492700
  0.04171056   0.00505470
  0.04184246   0.00518420
  0.04197246   0.00531560
  0.04210066   0.00544890
  0.04222696   0.00558390
  0.04235126   0.00572080
  0.04247356   0.00585940
  0.04259396   0.00599970
  0.04271236   0.00614170
  0.04282866   0.00628540
  0.04294296   0.00643080
  0.04305516   0.00657770
  0.04316526   0.00672620
  0.04327326   0.00687630
  0.04337906   0.00702790
  0.04348276   0.00718100
  0.04358426   0.00733550
  0.04368356   0.00749150
  0.04378056   0.00764890
  0.04387536   0.00780760
  0.04396786   0.00796770
  0.04405816   0.00812900
  0.04414606   0.00829160
  0.04423166   0.00845550
  0.04431496   0.00862060
  0.04439586   0.00878680
  0.04447446   0.00895420
  0.04455056   0.00912260
  0.04462436   0.00929220
  0.04469566   0.00946270
  0.04476456   0.00963430
  0.04483106   0.00980680
  0.04489506   0.00998030
  0.04495656   0.01015460
  0.04501566   0.01032980
  0.04507216   0.01050580
  0.04512626   0.01068270
  0.04517776   0.01086020
  0.04522676   0.01103850
  0.04527316   0.01121750
  0.04531706   0.01139700
  0.04535836   0.01157730
  0.04539716   0.01175800
  0.04543336   0.01193930
  0.04546696   0.01212110
  0.04549796   0.01230340
  0.04552646   0.01248610
  0.04555226   0.01266910
  0.04557546   0.01285260
  0.04559606   0.01303630
  0.04561406   0.01322030
  0.04562946   0.01340450
  0.04563086   0.01342370
  0.04563236   0.01344290
  0.04563376   0.01346210
  0.04563526   0.01348130
  0.04563666   0.01350050
  0.04563806   0.01351970
  0.04563956   0.01353890
  0.04564096   0.01355810
  0.04564246   0.01357730
  0.04564386   0.01359650
  0.04564526   0.01361560
  0.04564676   0.01363480
  0.04564816   0.01365400
  0.04564966   0.01367320
  0.04565106   0.01369240
  0.04565256   0.01371160
  0.04565396   0.01373080
  0.04565536   0.01375000
  0.04565686   0.01376920
  0.04565826   0.01378840
  0.04565976   0.01380760
  0.04566116   0.01382670
  0.04566256   0.01384590
  0.04566406   0.01386510
  0.04566546   0.01388430
  0.04566696   0.01390350
  0.04566836   0.01392270
  0.04566976   0.01394190
  0.04567126   0.01396110
  0.04567266   0.01398030
  0.04567416   0.01399950
  0.04567556   0.01401870
  0.04567706   0.01403780
  0.04567846   0.01405700
  0.04567986   0.01407620
  0.04568136   0.01409540
  0.04568276   0.01411460
  0.04568426   0.01413380
  0.04568566   0.01415300
  0.04568706   0.01417220
  0.04568856   0.01419140
  0.04568996   0.01421060
  0.04569146   0.01422980
  0.04569286   0.01424890
  0.04569426   0.01426810
  0.04569576   0.01428730
  0.04569716   0.01430650
  0.04569866   0.01432570
  0.04570006   0.01434490
  0.04570156   0.01436410
  0.04570296   0.01438330
  0.04570436   0.01440250
  0.04570586   0.01442170
  0.04570726   0.01444090
  0.04570876   0.01446000
  0.04571016   0.01447920
  0.04571156   0.01449840
  0.04571306   0.01451760
  0.04571446   0.01453680
  0.04571596   0.01455600
  0.04571736   0.01457520
  0.04571876   0.01459440
  0.04572026   0.01461360
  0.04572166   0.01463280
  0.04572316   0.01465200
  0.04572456   0.01467110
  0.04572606   0.01469030
  0.04572746   0.01470950
  0.04572886   0.01472870
  0.04573036   0.01474790
  0.04573176   0.01476710
  0.04573326   0.01478630
  0.04573466   0.01480550
  0.04573606   0.01482470
  0.04573756   0.01484390
  0.04573896   0.01486310
  0.04574046   0.01488220
  0.04574186   0.01490140
  0.04574326   0.01492060
  0.04574476   0.01493980
  0.04574616   0.01495900
  0.04574766   0.01497820
  0.04574906   0.01499740
  0.04575056   0.01501660
  0.04575196   0.01503580
  0.04575336   0.01505500
  0.04575486   0.01507420
  0.04575626   0.01509330
  0.04575776   0.01511250
  0.04575916   0.01513170
  0.04576056   0.01515090
  0.04576206   0.01517010
  0.04576346   0.01518930
  0.04576496   0.01520850
  0.04576636   0.01522770
  0.04576776   0.01524690
  0.04576926   0.01526610
  0.04577066   0.01528530
  0.04577216   0.01530440
  0.04577356   0.01532360
  0.04577506   0.01534280
  0.04577646   0.01536200
  0.04577786   0.01538120
  0.04577936   0.01540040
  0.04578076   0.01541960
  0.04578226   0.01543880
  0.04578366   0.01545800
  0.04578506   0.01547720
  0.04578656   0.01549640
  0.04578796   0.01551550
  0.04578946   0.01553470
  0.04579086   0.01555390
  0.04579226   0.01557310
  0.04579376   0.01559230
  0.04579516   0.01561150
  0.04579666   0.01563070
  0.04579806   0.01564990
  0.04579946   0.01566910
  0.04580096   0.01568830
  0.04580236   0.01570750
  0.04580386   0.01572660
  0.04580526   0.01574580
  0.04580676   0.01576500
  0.04580816   0.01578420
  0.04580956   0.01580340
  0.04581106   0.01582260
  0.04581246   0.01584180
  0.04581396   0.01586100
  0.04581536   0.01588020
  0.04581676   0.01589940
  0.04581826   0.01591860
  0.04581966   0.01593770
  0.04582116   0.01595690
  0.04582256   0.01597610
  0.04582396   0.01599530
  0.04582546   0.01601450
  0.04582686   0.01603370
  0.04582836   0.01605290
  0.04582976   0.01607210
  0.04583126   0.01609130
  0.04583266   0.01611050
  0.04583406   0.01612970
  0.04583556   0.01614880
  0.04583696   0.01616800
  0.04583846   0.01618720
  0.04583986   0.01620640
  0.04584126   0.01622560
  0.04584276   0.01624480
  0.04584416   0.01626400
  0.04584566   0.01628320
  0.04584706   0.01630240
  0.04584846   0.01632160
  0.04584996   0.01634080
  0.04585136   0.01635990
  0.04585286   0.01637910
  0.04585426   0.01639830
  0.04585576   0.01641750
  0.04585716   0.01643670
  0.04585856   0.01645590
  0.04586006   0.01647510
  0.04586146   0.01649430
  0.04586296   0.01651350
  0.04586436   0.01653270
  0.04586576   0.01655190
  0.04586726   0.01657100
  0.04586866   0.01659020
  0.04587016   0.01660940
  0.04587156   0.01662860
  0.04587296   0.01664780
  0.04587446   0.01666700
  0.04587586   0.01668620
  0.04587736   0.01670540
  0.04587876   0.01672460
  0.04588026   0.01674380
  0.04588166   0.01676300
  0.04588306   0.01678210
  0.04588456   0.01680130
  0.04588596   0.01682050
  0.04588746   0.01683970
  0.04588886   0.01685890
  0.04589026   0.01687810
  0.04589176   0.01689730
  0.04589316   0.01691650
  0.04589466   0.01693570
  0.04589606   0.01695490
  0.04589746   0.01697410
  0.04589896   0.01699320
  0.04590036   0.01701240
  0.04590186   0.01703160
  0.04590326   0.01705080
  0.04590476   0.01707000
  0.04590616   0.01708920
  0.04590756   0.01710840
  0.04590906   0.01712760
  0.04591046   0.01714680
  0.04591196   0.01716600
  0.04591336   0.01718520
  0.04591476   0.01720430
  0.04591626   0.01722350
  0.04591766   0.01724270
  0.04591916   0.01726190
  0.04592056   0.01728110
  0.04592196   0.01730030
  0.04592346   0.01731950
  0.04592486   0.01733870
  0.04592636   0.01735790
  0.04592776   0.01737710
  0.04592926   0.01739630
  0.04593066   0.01741540
  0.04593206   0.01743460
  0.04593356   0.01745380
  0.04593496   0.01747300
  0.04593646   0.01749220
  0.04593786   0.01751140
  0.04593926   0.01753060
  0.04594076   0.01754980
  0.04594216   0.01756900
  0.04594366   0.01758820
  0.04594506   0.01760740
  0.04594646   0.01762650
  0.04594796   0.01764570
  0.04594936   0.01766490
  0.04595086   0.01768410
  0.04595226   0.01770330
  0.04595366   0.01772250
  0.04595516   0.01774170
  0.04595656   0.01776090
  0.04595806   0.01778010
  0.04595946   0.01779930
  0.04596096   0.01781850
  0.04596236   0.01783760
  0.04596376   0.01785680
  0.04596526   0.01787600
  0.04596666   0.01789520
  0.04596816   0.01791440
  0.04596956   0.01793360
  0.04597096   0.01795280
  0.04597246   0.01797200
  0.04597386   0.01799120
  0.04597536   0.01801040
  0.04597676   0.01802960
  0.04597816   0.01804870
  0.04597966   0.01806790
  0.04598106   0.01808710
  0.04598256   0.01810630
  0.04598396   0.01812550
  0.04598546   0.01814470
  0.04598686   0.01816390
  0.04598826   0.01818310
  0.04598976   0.01820230
  0.04599116   0.01822150
  0.04599266   0.01824070
  0.04599406   0.01825980
  0.04599546   0.01827900
  0.04599696   0.01829820
  0.04599836   0.01831740
  0.04599986   0.01833660
  0.04600126   0.01835580
  0.04600266   0.01837500
  0.04600416   0.01839420
  0.04600556   0.01841340
  0.04600706   0.01843260
  0.04600846   0.01845180
  0.04600996   0.01847090
  0.04601136   0.01849010
  0.04601276   0.01850930
  0.04601426   0.01852850
  0.04601566   0.01854770
  0.04601716   0.01856690
  0.04601856   0.01858610
  0.04601996   0.01860530
  0.04602146   0.01862450
  0.04602286   0.01864370
  0.04602436   0.01866290
  0.04602576   0.01868200
  0.04602716   0.01870120
  0.04602866   0.01872040
  0.04603006   0.01873960
  0.04603156   0.01875880
  0.04603296   0.01877800
  0.04603446   0.01879720
  0.04603586   0.01881640
  0.04603726   0.01883560
  0.04603876   0.01885480
  0.04604016   0.01887400
  0.04604166   0.01889310
  0.04604306   0.01891230
  0.04604446   0.01893150
  0.04604596   0.01895070
  0.04604736   0.01896990
  0.04604886   0.01898910
  0.04605026   0.01900830
  0.04605166   0.01902750
  0.04605316   0.01904670
  0.04605456   0.01906590
  0.04605606   0.01908510
  0.04605746   0.01910420
  0.04605896   0.01912340
  0.04606036   0.01914260
  0.04606176   0.01916180
  0.04606326   0.01918100
  0.04606466   0.01920020
  0.04606616   0.01921940
  0.04606756   0.01923860
  0.04606896   0.01925780
  0.04607046   0.01927700
  0.04607186   0.01929620
  0.04607336   0.01931530
  0.04607476   0.01933450
  0.04607616   0.01935370
  0.04607766   0.01937290
  0.04607906   0.01939210
  0.04608056   0.01941130
  0.04608196   0.01943050
  0.04608336   0.01944970
  0.04608486   0.01946890
  0.04608626   0.01948810
  0.04608776   0.01950730
  0.04608916   0.01952640
  0.04609066   0.01954560
  0.04609206   0.01956480
  0.04609346   0.01958400
  0.04609496   0.01960320
  0.04609636   0.01962240
  0.04609786   0.01964160
  0.04609926   0.01966080
  0.04610066   0.01968000
  0.04610216   0.01969920
  0.04610356   0.01971840
  0.04610506   0.01973750
  0.04610646   0.01975670
  0.04610786   0.01977590
  0.04610936   0.01979510
  0.04611076   0.01981430
  0.04611226   0.01983350
  0.04611366   0.01985270
  0.04611516   0.01987190
  0.04611656   0.01989110
  0.04611796   0.01991030
  0.04611946   0.01992950
  0.04612086   0.01994860
  0.04612236   0.01996780
  0.04612376   0.01998700
  0.04612516   0.02000620
  0.04612666   0.02002540
  0.04612806   0.02004460
  0.04612956   0.02006380
  0.04613096   0.02008300
  0.04613236   0.02010220
  0.04613386   0.02012140
  0.04613526   0.02014060
  0.04613676   0.02015970
  0.04613816   0.02017890
  0.04613966   0.02019810
  0.04614106   0.02021730
  0.04614246   0.02023650
  0.04614396   0.02025570
  0.04614536   0.02027490
  0.04614686   0.02029410
  0.04614826   0.02031330
  0.04614966   0.02033250
  0.04615116   0.02035170
  0.04615256   0.02037080
  0.04615406   0.02039000
  0.04615546   0.02040920
  0.04615686   0.02042840
  0.04615836   0.02044760
  0.04615976   0.02046680
  0.04616126   0.02048600
  0.04616266   0.02050520
  0.04616416   0.02052440
  0.04616556   0.02054360
  0.04616696   0.02056280
  0.04616846   0.02058190
  0.04616986   0.02060110
  0.04617136   0.02062030
  0.04617276   0.02063950
  0.04617416   0.02065870
  0.04617566   0.02067790
  0.04617706   0.02069710
  0.04617856   0.02071630
  0.04617996   0.02073550
  0.04618136   0.02075470
  0.04618286   0.02077390
  0.04618426   0.02079300
  0.04618576   0.02081220
  0.04618716   0.02083140
  0.04618866   0.02085060
  0.04619006   0.02086980
  0.04619146   0.02088900
  0.04619296   0.02090820
  0.04619436   0.02092740
  0.04619586   0.02094660
  0.04619726   0.02096580
  0.04619866   0.02098500
  0.04620016   0.02100410
  0.04620156   0.02102330
  0.04620306   0.02104250
  0.04620446   0.02106170
  0.04620586   0.02108090
  0.04620736   0.02110010
  0.04620876   0.02111930
  0.04621026   0.02113850
  0.04621166   0.02115770
  0.04621316   0.02117690
  0.04621456   0.02119610
  0.04621596   0.02121520
  0.04621746   0.02123440
  0.04621886   0.02125360
  0.04622036   0.02127280
  0.04622176   0.02129200
  0.04622316   0.02131120
  0.04622466   0.02133040
  0.04622606   0.02134960
  0.04622756   0.02136880
  0.04622896   0.02138800
  0.04623036   0.02140720
  0.04623186   0.02142630
  0.04623326   0.02144550
  0.04623476   0.02146470
  0.04623616   0.02148390
  0.04623756   0.02150310
  0.04623906   0.02152230
  0.04624046   0.02154150
  0.04624196   0.02156070
  0.04624336   0.02157990
  0.04624486   0.02159910
  0.04624626   0.02161830
  0.04624766   0.02163740
  0.04624916   0.02165660
  0.04625056   0.02167580
  0.04625206   0.02169500
  0.04625346   0.02171420
  0.04625486   0.02173340
  0.04625636   0.02175260
  0.04625776   0.02177180
  0.04625926   0.02179100
  0.04626066   0.02181020
  0.04626206   0.02182940
  0.04626356   0.02184850
  0.04626496   0.02186770
  0.04626646   0.02188690
  0.04626786   0.02190610
  0.04626936   0.02192530
  0.04627076   0.02194450
  0.04627216   0.02196370
  0.04627366   0.02198290
  0.04627506   0.02200210
  0.04627656   0.02202130
  0.04627796   0.02204050
  0.04627936   0.02205960
  0.04628086   0.02207880
  0.04628226   0.02209800
  0.04628376   0.02211720
  0.04628516   0.02213640
  0.04628656   0.02215560
  0.04628806   0.02217480
  0.04628946   0.02219400
  0.04629096   0.02221320
  0.04629236   0.02223240
  0.04629386   0.02225160
  0.04629526   0.02227070
  0.04629666   0.02228990
  0.04629816   0.02230910
  0.04629956   0.02232830
  0.04630106   0.02234750
  0.04630246   0.02236670
  0.04630386   0.02238590
  0.04630536   0.02240510
  0.04630676   0.02242430
  0.04630826   0.02244350
  0.04630966   0.02246270
  0.04631106   0.02248180
  0.04631256   0.02250100
  0.04631396   0.02252020
  0.04631546   0.02253940
  0.04631686   0.02255860
  0.04631836   0.02257780
  0.04631976   0.02259700
  0.04632116   0.02261620
  0.04632266   0.02263540
  0.04632406   0.02265460
  0.04632556   0.02267380
  0.04632696   0.02269290
  0.04632836   0.02271210
  0.04632986   0.02273130
  0.04633126   0.02275050
  0.04633276   0.02276970
  0.04633416   0.02278890
  0.04633556   0.02280810
  0.04633706   0.02282730
  0.04633846   0.02284650
  0.04633996   0.02286570
  0.04634136   0.02288490
  0.04634286   0.02290400
  0.04634426   0.02292320
  0.04634566   0.02294240
  0.04634716   0.02296160
  0.04634856   0.02298080
  0.04635006   0.02300000
