 -0.02706048   0.02300000
 -0.02705588   0.02281520
 -0.02705128   0.02263030
 -0.02704658   0.02244550
 -0.02704198   0.02226070
 -0.02703738   0.02207590
 -0.02703278   0.02189100
 -0.02702818   0.02170620
 -0.02702358   0.02152140
 -0.02701898   0.02133660
 -0.02701428   0.02115170
 -0.02700968   0.02096690
 -0.02700508   0.02078210
 -0.02700048   0.02059720
 -0.02699588   0.02041240
 -0.02699128   0.02022760
 -0.02698668   0.02004280
 -0.02698198   0.01985790
 -0.02697738   0.01967310
 -0.02697278   0.01948830
 -0.02696818   0.01930350
 -0.02696358   0.01911860
 -0.02695898   0.01893380
 -0.02695438   0.01874900
 -0.02694968   0.01856410
 -0.02694508   0.01837930
 -0.02694048   0.01819450
 -0.02693588   0.01800970
 -0.02693128   0.01782480
 -0.02692668   0.01764000
 -0.02692198   0.01745520
 -0.02691738   0.01727040
 -0.02691278   0.01708550
 -0.02690818   0.01690070
 -0.02690358   0.01671590
 -0.02689898   0.01653100
 -0.02689438   0.01634620
 -0.02688968   0.01616140
 -0.02688508   0.01597660
 -0.02688048   0.01579170
 -0.02687588   0.01560690
 -0.02687128   0.01542210
 -0.02686668   0.01523730
 -0.02686128   0.01505240
 -0.02685348   0.01486770
 -0.02684298   0.01468310
 -0.02682978   0.01449870
 -0.02681408   0.01431450
 -0.02679568   0.01413060
 -0.02677468   0.01394690
 -0.02675108   0.01376350
 -0.02672488   0.01358050
 -0.02669608   0.01339780
 -0.02666468   0.01321560
 -0.02663078   0.01303390
 -0.02659418   0.01285270
 -0.02655508   0.01267200
 -0.02651328   0.01249190
 -0.02646908   0.01231240
 -0.02642228   0.01213350
 -0.02637288   0.01195530
 -0.02632108   0.01177790
 -0.02626668   0.01160120
 -0.02620978   0.01142530
 -0.02615038   0.01125020
 -0.02608848   0.01107600
 -0.02602408   0.01090260
 -0.02595728   0.01073020
 -0.02588808   0.01055880
 -0.02581638   0.01038840
 -0.02574228   0.01021900
 -0.02566578   0.01005070
 -0.02558688   0.00988350
 -0.02550558   0.00971740
 -0.02542198   0.00955250
 -0.02533608   0.00938890
 -0.02524778   0.00922640
 -0.02515718   0.00906520
 -0.02506438   0.00890530
 -0.02496918   0.00874680
 -0.02487188   0.00858960
 -0.02477228   0.00843390
 -0.02467048   0.00827950
 -0.02456648   0.00812670
 -0.02446038   0.00797530
 -0.02435208   0.00782540
 -0.02424168   0.00767710
 -0.02412918   0.00753040
 -0.02401458   0.00738530
 -0.02389798   0.00724190
 -0.02377928   0.00710010
 -0.02365868   0.00696000
 -0.02353598   0.00682160
 -0.02341138   0.00668510
 -0.02328488   0.00655020
 -0.02315648   0.00641730
 -0.02302608   0.00628610
 -0.02289398   0.00615680
 -0.02275998   0.00602940
 -0.02262418   0.00590390
 -0.02248668   0.00578040
 -0.02234738   0.00565880
 -0.02220628   0.00553930
 -0.02206358   0.00542170
 -0.02191928   0.00530620
 -0.02177328   0.00519280
 -0.02162568   0.00508140
 -0.02147658   0.00497220
 -0.02132588   0.00486500
 -0.02117368   0.00476010
 -0.02101998   0.00465730
 -0.02086488   0.00455670
 -0.02070828   0.00445830
 -0.02055038   0.00436220
 -0.02039108   0.00426830
 -0.02023058   0.00417670
 -0.02006868   0.00408740
 -0.01990548   0.00400040
 -0.01974118   0.00391570
 -0.01957568   0.00383340
 -0.01940898   0.00375340
 -0.01924108   0.00367580
 -0.01907218   0.00360060
 -0.01890228   0.00352780
 -0.01873128   0.00345750
 -0.01855938   0.00338950
 -0.01838648   0.00332410
 -0.01821258   0.00326110
 -0.01803788   0.00320050
 -0.01786238   0.00314250
 -0.01768608   0.00308700
 -0.01750888   0.00303400
 -0.01733108   0.00298350
 -0.01715248   0.00293550
 -0.01697348   0.00288920
 -0.01679438   0.00284340
 -0.01661518   0.00279800
 -0.01643588   0.00275290
 -0.01625648   0.00270830
 -0.01607688   0.00266410
 -0.01589728   0.00262040
 -0.01571758   0.00257700
 -0.01553778   0.00253410
 -0.01535778   0.00249150
 -0.01517778   0.00244940
 -0.01499768   0.00240770
 -0.01481748   0.00236640
 -0.01463718   0.00232560
 -0.01445668   0.00228510
 -0.01427618   0.00224510
 -0.01409568   0.00220550
 -0.01391498   0.00216630
 -0.01373418   0.00212750
 -0.01355328   0.00208920
 -0.01337238   0.00205120
 -0.01319138   0.00201370
 -0.01301018   0.00197660
 -0.01282898   0.00193990
 -0.01264768   0.00190360
 -0.01246638   0.00186780
 -0.01228488   0.00183240
 -0.01210338   0.00179740
 -0.01192168   0.00176280
 -0.01173998   0.00172860
 -0.01155828   0.00169480
 -0.01137638   0.00166150
 -0.01119448   0.00162860
 -0.01101248   0.00159610
 -0.01083038   0.00156400
 -0.01064818   0.00153240
 -0.01046598   0.00150120
 -0.01028368   0.00147040
 -0.01010128   0.00144000
 -0.00991888   0.00141000
 -0.00973638   0.00138050
 -0.00955378   0.00135140
 -0.00937108   0.00132270
 -0.00918838   0.00129440
 -0.00900568   0.00126650
 -0.00882278   0.00123910
 -0.00863988   0.00121210
 -0.00845698   0.00118550
 -0.00827388   0.00115940
 -0.00809078   0.00113360
 -0.00790768   0.00110830
 -0.00772448   0.00108340
 -0.00754118   0.00105900
 -0.00735788   0.00103490
 -0.00717458   0.00101130
 -0.00699108   0.00098810
 -0.00680768   0.00096530
 -0.00662408   0.00094300
 -0.00644058   0.00092100
 -0.00625688   0.00089950
 -0.00607318   0.00087850
 -0.00588948   0.00085780
 -0.00570568   0.00083760
 -0.00552188   0.00081780
 -0.00533798   0.00079840
 -0.00515408   0.00077950
 -0.00497018   0.00076090
 -0.00478618   0.00074280
 -0.00460218   0.00072520
 -0.00441808   0.00070790
 -0.00423398   0.00069110
 -0.00404978   0.00067470
 -0.00386558   0.00065870
 -0.00368138   0.00064320
 -0.00349708   0.00062800
 -0.00331278   0.00061330
 -0.00312848   0.00059910
 -0.00294408   0.00058520
 -0.00275968   0.00057180
 -0.00257528   0.00055880
 -0.00239078   0.00054620
 -0.00220628   0.00053410
 -0.00202178   0.00052240
 -0.00183728   0.00051110
 -0.00165268   0.00050030
 -0.00146808   0.00048970
 -0.00128358   0.00047920
 -0.00109898   0.00046880
 -0.00091438   0.00045860
 -0.00072978   0.00044840
 -0.00054508   0.00043840
 -0.00036048   0.00042840
 -0.00017588   0.00041860
  0.00000872   0.00040890
  0.00019342   0.00039930
  0.00037802   0.00038980
  0.00056272   0.00038050
  0.00074732   0.00037120
  0.00093202   0.00036210
  0.00111662   0.00035300
  0.00130132   0.00034410
  0.00148602   0.00033530
  0.00167072   0.00032670
  0.00185532   0.00031810
  0.00204002   0.00030960
  0.00222472   0.00030130
  0.00240942   0.00029310
  0.00259412   0.00028500
  0.00277892   0.00027700
  0.00296362   0.00026910
  0.00314832   0.00026130
  0.00333302   0.00025360
  0.00351772   0.00024610
  0.00370252   0.00023870
  0.00388722   0.00023130
  0.00407202   0.00022410
  0.00425672   0.00021710
  0.00444152   0.00021010
  0.00462622   0.00020320
  0.00481102   0.00019650
  0.00499582   0.00018980
  0.00518052   0.00018330
  0.00536532   0.00017690
  0.00555012   0.00017060
  0.00573492   0.00016440
  0.00591962   0.00015840
  0.00610442   0.00015240
  0.00628922   0.00014660
  0.00647402   0.00014090
  0.00665882   0.00013530
  0.00684362   0.00012980
  0.00702842   0.00012440
  0.00721322   0.00011910
  0.00739812   0.00011400
  0.00758292   0.00010890
  0.00776772   0.00010400
  0.00795252   0.00009920
  0.00813732   0.00009450
  0.00832222   0.00008990
  0.00850702   0.00008540
  0.00869182   0.00008110
  0.00887672   0.00007680
  0.00906152   0.00007270
  0.00924632   0.00006870
  0.00943122   0.00006480
  0.00961602   0.00006100
  0.00980092   0.00005740
  0.00998572   0.00005380
  0.01017062   0.00005030
  0.01035542   0.00004700
  0.01054032   0.00004380
  0.01072522   0.00004070
  0.01091002   0.00003770
  0.01109492   0.00003480
  0.01127972   0.00003210
  0.01146462   0.00002940
  0.01164952   0.00002690
  0.01183432   0.00002450
  0.01201922   0.00002220
  0.01220412   0.00002000
  0.01238902   0.00001790
  0.01257382   0.00001590
  0.01275872   0.00001410
  0.01294362   0.00001240
  0.01312852   0.00001070
  0.01331332   0.00000920
  0.01349822   0.00000780
  0.01368312   0.00000660
  0.01386802   0.00000540
  0.01405292   0.00000430
  0.01423772   0.00000340
  0.01442262   0.00000260
  0.01460752   0.00000190
  0.01479242   0.00000130
  0.01497732   0.00000080
  0.01516222   0.00000040
  0.01534712   0.00000020
  0.01553192  -0.00000000
  0.01571682  -0.00000000
  0.01590172   0.00000010
  0.01608662   0.00000030
  0.01627152   0.00000060
  0.01645642   0.00000100
  0.01664122   0.00000160
  0.01682612   0.00000220
  0.01701102   0.00000300
  0.01719592   0.00000390
  0.01738082   0.00000490
  0.01756572   0.00000600
  0.01775052   0.00000720
  0.01793542   0.00000860
  0.01812032   0.00001000
  0.01830522   0.00001190
  0.01849002   0.00001420
  0.01867492   0.00001700
  0.01885982   0.00002020
  0.01904462   0.00002380
  0.01922952   0.00002780
  0.01941432   0.00003230
  0.01959912   0.00003720
  0.01978392   0.00004250
  0.01996872   0.00004830
  0.02015352   0.00005440
  0.02033832   0.00006100
  0.02052302   0.00006810
  0.02070772   0.00007550
  0.02089252   0.00008340
  0.02107722   0.00009170
  0.02126182   0.00010050
  0.02144652   0.00010960
  0.02163112   0.00011920
  0.02181572   0.00012920
  0.02200032   0.00013970
  0.02218492   0.00015060
  0.02236942   0.00016190
  0.02255392   0.00017360
  0.02273842   0.00018570
  0.02292292   0.00019830
  0.02310732   0.00021130
  0.02329172   0.00022470
  0.02347612   0.00023860
  0.02366042   0.00025290
  0.02384472   0.00026760
  0.02402902   0.00028270
  0.02421322   0.00029830
  0.02439742   0.00031430
  0.02458162   0.00033070
  0.02476572   0.00034750
  0.02494972   0.00036480
  0.02513382   0.00038250
  0.02531782   0.00040060
  0.02550172   0.00041910
  0.02568562   0.00043810
  0.02586952   0.00045750
  0.02605332   0.00047730
  0.02623712   0.00049750
  0.02642082   0.00051820
  0.02660452   0.00053930
  0.02678812   0.00056080
  0.02697172   0.00058270
  0.02715522   0.00060510
  0.02733872   0.00062790
  0.02752212   0.00065110
  0.02770552   0.00067470
  0.02788882   0.00069880
  0.02807212   0.00072320
  0.02825532   0.00074810
  0.02843842   0.00077350
  0.02862152   0.00079920
  0.02880452   0.00082540
  0.02898752   0.00085200
  0.02917042   0.00087900
  0.02935322   0.00090640
  0.02953602   0.00093430
  0.02971872   0.00096260
  0.02990132   0.00099130
  0.03008392   0.00102040
  0.03026642   0.00105000
  0.03044892   0.00108000
  0.03063122   0.00111040
  0.03081352   0.00114120
  0.03099582   0.00117240
  0.03117792   0.00120410
  0.03136002   0.00123610
  0.03154202   0.00126860
  0.03172392   0.00130160
  0.03190582   0.00133490
  0.03208762   0.00136870
  0.03226932   0.00140290
  0.03245092   0.00143750
  0.03263242   0.00147250
  0.03281392   0.00150790
  0.03299522   0.00154380
  0.03317652   0.00158000
  0.03335772   0.00161670
  0.03353892   0.00165390
  0.03371982   0.00169200
  0.03390012   0.00173270
  0.03407992   0.00177590
  0.03425902   0.00182170
  0.03443752   0.00187000
  0.03461522   0.00192090
  0.03479222   0.00197430
  0.03496852   0.00203010
  0.03514392   0.00208850
  0.03531852   0.00214940
  0.03549212   0.00221280
  0.03566492   0.00227860
  0.03583672   0.00234690
  0.03600762   0.00241760
  0.03617742   0.00249070
  0.03634612   0.00256620
  0.03651382   0.00264420
  0.03668032   0.00272450
  0.03684572   0.00280710
  0.03700992   0.00289220
  0.03717282   0.00297950
  0.03733452   0.00306910
  0.03749492   0.00316110
  0.03765402   0.00325530
  0.03781172   0.00335170
  0.03796812   0.00345040
  0.03812302   0.00355130
  0.03827642   0.00365440
  0.03842842   0.00375970
  0.03857892   0.00386710
  0.03872782   0.00397670
  0.03887522   0.00408830
  0.03902092   0.00420210
  0.03916512   0.00431790
  0.03930752   0.00443570
  0.03944832   0.00455560
  0.03958732   0.00467740
  0.03972462   0.00480120
  0.03986022   0.00492700
  0.03999392   0.00505470
  0.04012582   0.00518420
  0.04025582   0.00531560
  0.04038402   0.00544890
  0.04051032   0.00558390
  0.04063462   0.00572080
  0.04075692   0.00585940
  0.04087732   0.00599970
  0.04099572   0.00614170
  0.04111202   0.00628540
  0.04122632   0.00643080
  0.04133852   0.00657770
  0.04144862   0.00672620
  0.04155662   0.00687630
  0.04166242   0.00702790
  0.04176612   0.00718100
  0.04186762   0.00733550
  0.04196692   0.00749150
  0.04206392   0.00764890
  0.04215872   0.00780760
  0.04225122   0.00796770
  0.04234152   0.00812900
  0.04242942   0.00829160
  0.04251502   0.00845550
  0.04259832   0.00862060
  0.04267922   0.00878680
  0.04275782   0.00895420
  0.04283392   0.00912260
  0.04290772   0.00929220
  0.04297902   0.00946270
  0.04304792   0.00963430
  0.04311442   0.00980680
  0.04317842   0.00998030
  0.04323992   0.01015460
  0.04329902   0.01032980
  0.04335552   0.01050580
  0.04340962   0.01068270
  0.04346112   0.01086020
  0.04351012   0.01103850
  0.04355652   0.01121750
  0.04360042   0.01139700
  0.04364172   0.01157730
  0.04368052   0.01175800
  0.04371672   0.01193930
  0.04375032   0.01212110
  0.04378132   0.01230340
  0.04380982   0.01248610
  0.04383562   0.01266910
  0.04385882   0.01285260
  0.04387942   0.01303630
  0.04389742   0.01322030
  0.04391282   0.01340450
  0.04391422   0.01342370
  0.04391572   0.01344290
  0.04391712   0.01346210
  0.04391862   0.01348130
  0.04392002   0.01350050
  0.04392142   0.01351970
  0.04392292   0.01353890
  0.04392432   0.01355810
  0.04392582   0.01357730
  0.04392722   0.01359650
  0.04392862   0.01361560
  0.04393012   0.01363480
  0.04393152   0.01365400
  0.04393302   0.01367320
  0.04393442   0.01369240
  0.04393592   0.01371160
  0.04393732   0.01373080
  0.04393872   0.01375000
  0.04394022   0.01376920
  0.04394162   0.01378840
  0.04394312   0.01380760
  0.04394452   0.01382670
  0.04394592   0.01384590
  0.04394742   0.01386510
  0.04394882   0.01388430
  0.04395032   0.01390350
  0.04395172   0.01392270
  0.04395312   0.01394190
  0.04395462   0.01396110
  0.04395602   0.01398030
  0.04395752   0.01399950
  0.04395892   0.01401870
  0.04396042   0.01403780
  0.04396182   0.01405700
  0.04396322   0.01407620
  0.04396472   0.01409540
  0.04396612   0.01411460
  0.04396762   0.01413380
  0.04396902   0.01415300
  0.04397042   0.01417220
  0.04397192   0.01419140
  0.04397332   0.01421060
  0.04397482   0.01422980
  0.04397622   0.01424890
  0.04397762   0.01426810
  0.04397912   0.01428730
  0.04398052   0.01430650
  0.04398202   0.01432570
  0.04398342   0.01434490
  0.04398492   0.01436410
  0.04398632   0.01438330
  0.04398772   0.01440250
  0.04398922   0.01442170
  0.04399062   0.01444090
  0.04399212   0.01446000
  0.04399352   0.01447920
  0.04399492   0.01449840
  0.04399642   0.01451760
  0.04399782   0.01453680
  0.04399932   0.01455600
  0.04400072   0.01457520
  0.04400212   0.01459440
  0.04400362   0.01461360
  0.04400502   0.01463280
  0.04400652   0.01465200
  0.04400792   0.01467110
  0.04400942   0.01469030
  0.04401082   0.01470950
  0.04401222   0.01472870
  0.04401372   0.01474790
  0.04401512   0.01476710
  0.04401662   0.01478630
  0.04401802   0.01480550
  0.04401942   0.01482470
  0.04402092   0.01484390
  0.04402232   0.01486310
  0.04402382   0.01488220
  0.04402522   0.01490140
  0.04402662   0.01492060
  0.04402812   0.01493980
  0.04402952   0.01495900
  0.04403102   0.01497820
  0.04403242   0.01499740
  0.04403392   0.01501660
  0.04403532   0.01503580
  0.04403672   0.01505500
  0.04403822   0.01507420
  0.04403962   0.01509330
  0.04404112   0.01511250
  0.04404252   0.01513170
  0.04404392   0.01515090
  0.04404542   0.01517010
  0.04404682   0.01518930
  0.04404832   0.01520850
  0.04404972   0.01522770
  0.04405112   0.01524690
  0.04405262   0.01526610
  0.04405402   0.01528530
  0.04405552   0.01530440
  0.04405692   0.01532360
  0.04405842   0.01534280
  0.04405982   0.01536200
  0.04406122   0.01538120
  0.04406272   0.01540040
  0.04406412   0.01541960
  0.04406562   0.01543880
  0.04406702   0.01545800
  0.04406842   0.01547720
  0.04406992   0.01549640
  0.04407132   0.01551550
  0.04407282   0.01553470
  0.04407422   0.01555390
  0.04407562   0.01557310
  0.04407712   0.01559230
  0.04407852   0.01561150
  0.04408002   0.01563070
  0.04408142   0.01564990
  0.04408282   0.01566910
  0.04408432   0.01568830
  0.04408572   0.01570750
  0.04408722   0.01572660
  0.04408862   0.01574580
  0.04409012   0.01576500
  0.04409152   0.01578420
  0.04409292   0.01580340
  0.04409442   0.01582260
  0.04409582   0.01584180
  0.04409732   0.01586100
  0.04409872   0.01588020
  0.04410012   0.01589940
  0.04410162   0.01591860
  0.04410302   0.01593770
  0.04410452   0.01595690
  0.04410592   0.01597610
  0.04410732   0.01599530
  0.04410882   0.01601450
  0.04411022   0.01603370
  0.04411172   0.01605290
  0.04411312   0.01607210
  0.04411462   0.01609130
  0.04411602   0.01611050
  0.04411742   0.01612970
  0.04411892   0.01614880
  0.04412032   0.01616800
  0.04412182   0.01618720
  0.04412322   0.01620640
  0.04412462   0.01622560
  0.04412612   0.01624480
  0.04412752   0.01626400
  0.04412902   0.01628320
  0.04413042   0.01630240
  0.04413182   0.01632160
  0.04413332   0.01634080
  0.04413472   0.01635990
  0.04413622   0.01637910
  0.04413762   0.01639830
  0.04413912   0.01641750
  0.04414052   0.01643670
  0.04414192   0.01645590
  0.04414342   0.01647510
  0.04414482   0.01649430
  0.04414632   0.01651350
  0.04414772   0.01653270
  0.04414912   0.01655190
  0.04415062   0.01657100
  0.04415202   0.01659020
  0.04415352   0.01660940
  0.04415492   0.01662860
  0.04415632   0.01664780
  0.04415782   0.01666700
  0.04415922   0.01668620
  0.04416072   0.01670540
  0.04416212   0.01672460
  0.04416362   0.01674380
  0.04416502   0.01676300
  0.04416642   0.01678210
  0.04416792   0.01680130
  0.04416932   0.01682050
  0.04417082   0.01683970
  0.04417222   0.01685890
  0.04417362   0.01687810
  0.04417512   0.01689730
  0.04417652   0.01691650
  0.04417802   0.01693570
  0.04417942   0.01695490
  0.04418082   0.01697410
  0.04418232   0.01699320
  0.04418372   0.01701240
  0.04418522   0.01703160
  0.04418662   0.01705080
  0.04418812   0.01707000
  0.04418952   0.01708920
  0.04419092   0.01710840
  0.04419242   0.01712760
  0.04419382   0.01714680
  0.04419532   0.01716600
  0.04419672   0.01718520
  0.04419812   0.01720430
  0.04419962   0.01722350
  0.04420102   0.01724270
  0.04420252   0.01726190
  0.04420392   0.01728110
  0.04420532   0.01730030
  0.04420682   0.01731950
  0.04420822   0.01733870
  0.04420972   0.01735790
  0.04421112   0.01737710
  0.04421262   0.01739630
  0.04421402   0.01741540
  0.04421542   0.01743460
  0.04421692   0.01745380
  0.04421832   0.01747300
  0.04421982   0.01749220
  0.04422122   0.01751140
  0.04422262   0.01753060
  0.04422412   0.01754980
  0.04422552   0.01756900
  0.04422702   0.01758820
  0.04422842   0.01760740
  0.04422982   0.01762650
  0.04423132   0.01764570
  0.04423272   0.01766490
  0.04423422   0.01768410
  0.04423562   0.01770330
  0.04423702   0.01772250
  0.04423852   0.01774170
  0.04423992   0.01776090
  0.04424142   0.01778010
  0.04424282   0.01779930
  0.04424432   0.01781850
  0.04424572   0.01783760
  0.04424712   0.01785680
  0.04424862   0.01787600
  0.04425002   0.01789520
  0.04425152   0.01791440
  0.04425292   0.01793360
  0.04425432   0.01795280
  0.04425582   0.01797200
  0.04425722   0.01799120
  0.04425872   0.01801040
  0.04426012   0.01802960
  0.04426152   0.01804870
  0.04426302   0.01806790
  0.04426442   0.01808710
  0.04426592   0.01810630
  0.04426732   0.01812550
  0.04426882   0.01814470
  0.04427022   0.01816390
  0.04427162   0.01818310
  0.04427312   0.01820230
  0.04427452   0.01822150
  0.04427602   0.01824070
  0.04427742   0.01825980
  0.04427882   0.01827900
  0.04428032   0.01829820
  0.04428172   0.01831740
  0.04428322   0.01833660
  0.04428462   0.01835580
  0.04428602   0.01837500
  0.04428752   0.01839420
  0.04428892   0.01841340
  0.04429042   0.01843260
  0.04429182   0.01845180
  0.04429332   0.01847090
  0.04429472   0.01849010
  0.04429612   0.01850930
  0.04429762   0.01852850
  0.04429902   0.01854770
  0.04430052   0.01856690
  0.04430192   0.01858610
  0.04430332   0.01860530
  0.04430482   0.01862450
  0.04430622   0.01864370
  0.04430772   0.01866290
  0.04430912   0.01868200
  0.04431052   0.01870120
  0.04431202   0.01872040
  0.04431342   0.01873960
  0.04431492   0.01875880
  0.04431632   0.01877800
  0.04431782   0.01879720
  0.04431922   0.01881640
  0.04432062   0.01883560
  0.04432212   0.01885480
  0.04432352   0.01887400
  0.04432502   0.01889310
  0.04432642   0.01891230
  0.04432782   0.01893150
  0.04432932   0.01895070
  0.04433072   0.01896990
  0.04433222   0.01898910
  0.04433362   0.01900830
  0.04433502   0.01902750
  0.04433652   0.01904670
  0.04433792   0.01906590
  0.04433942   0.01908510
  0.04434082   0.01910420
  0.04434232   0.01912340
  0.04434372   0.01914260
  0.04434512   0.01916180
  0.04434662   0.01918100
  0.04434802   0.01920020
  0.04434952   0.01921940
  0.04435092   0.01923860
  0.04435232   0.01925780
  0.04435382   0.01927700
  0.04435522   0.01929620
  0.04435672   0.01931530
  0.04435812   0.01933450
  0.04435952   0.01935370
  0.04436102   0.01937290
  0.04436242   0.01939210
  0.04436392   0.01941130
  0.04436532   0.01943050
  0.04436672   0.01944970
  0.04436822   0.01946890
  0.04436962   0.01948810
  0.04437112   0.01950730
  0.04437252   0.01952640
  0.04437402   0.01954560
  0.04437542   0.01956480
  0.04437682   0.01958400
  0.04437832   0.01960320
  0.04437972   0.01962240
  0.04438122   0.01964160
  0.04438262   0.01966080
  0.04438402   0.01968000
  0.04438552   0.01969920
  0.04438692   0.01971840
  0.04438842   0.01973750
  0.04438982   0.01975670
  0.04439122   0.01977590
  0.04439272   0.01979510
  0.04439412   0.01981430
  0.04439562   0.01983350
  0.04439702   0.01985270
  0.04439852   0.01987190
  0.04439992   0.01989110
  0.04440132   0.01991030
  0.04440282   0.01992950
  0.04440422   0.01994860
  0.04440572   0.01996780
  0.04440712   0.01998700
  0.04440852   0.02000620
  0.04441002   0.02002540
  0.04441142   0.02004460
  0.04441292   0.02006380
  0.04441432   0.02008300
  0.04441572   0.02010220
  0.04441722   0.02012140
  0.04441862   0.02014060
  0.04442012   0.02015970
  0.04442152   0.02017890
  0.04442302   0.02019810
  0.04442442   0.02021730
  0.04442582   0.02023650
  0.04442732   0.02025570
  0.04442872   0.02027490
  0.04443022   0.02029410
  0.04443162   0.02031330
  0.04443302   0.02033250
  0.04443452   0.02035170
  0.04443592   0.02037080
  0.04443742   0.02039000
  0.04443882   0.02040920
  0.04444022   0.02042840
  0.04444172   0.02044760
  0.04444312   0.02046680
  0.04444462   0.02048600
  0.04444602   0.02050520
  0.04444752   0.02052440
  0.04444892   0.02054360
  0.04445032   0.02056280
  0.04445182   0.02058190
  0.04445322   0.02060110
  0.04445472   0.02062030
  0.04445612   0.02063950
  0.04445752   0.02065870
  0.04445902   0.02067790
  0.04446042   0.02069710
  0.04446192   0.02071630
  0.04446332   0.02073550
  0.04446472   0.02075470
  0.04446622   0.02077390
  0.04446762   0.02079300
  0.04446912   0.02081220
  0.04447052   0.02083140
  0.04447202   0.02085060
  0.04447342   0.02086980
  0.04447482   0.02088900
  0.04447632   0.02090820
  0.04447772   0.02092740
  0.04447922   0.02094660
  0.04448062   0.02096580
  0.04448202   0.02098500
  0.04448352   0.02100410
  0.04448492   0.02102330
  0.04448642   0.02104250
  0.04448782   0.02106170
  0.04448922   0.02108090
  0.04449072   0.02110010
  0.04449212   0.02111930
  0.04449362   0.02113850
  0.04449502   0.02115770
  0.04449652   0.02117690
  0.04449792   0.02119610
  0.04449932   0.02121520
  0.04450082   0.02123440
  0.04450222   0.02125360
  0.04450372   0.02127280
  0.04450512   0.02129200
  0.04450652   0.02131120
  0.04450802   0.02133040
  0.04450942   0.02134960
  0.04451092   0.02136880
  0.04451232   0.02138800
  0.04451372   0.02140720
  0.04451522   0.02142630
  0.04451662   0.02144550
  0.04451812   0.02146470
  0.04451952   0.02148390
  0.04452092   0.02150310
  0.04452242   0.02152230
  0.04452382   0.02154150
  0.04452532   0.02156070
  0.04452672   0.02157990
  0.04452822   0.02159910
  0.04452962   0.02161830
  0.04453102   0.02163740
  0.04453252   0.02165660
  0.04453392   0.02167580
  0.04453542   0.02169500
  0.04453682   0.02171420
  0.04453822   0.02173340
  0.04453972   0.02175260
  0.04454112   0.02177180
  0.04454262   0.02179100
  0.04454402   0.02181020
  0.04454542   0.02182940
  0.04454692   0.02184850
  0.04454832   0.02186770
  0.04454982   0.02188690
  0.04455122   0.02190610
  0.04455272   0.02192530
  0.04455412   0.02194450
  0.04455552   0.02196370
  0.04455702   0.02198290
  0.04455842   0.02200210
  0.04455992   0.02202130
  0.04456132   0.02204050
  0.04456272   0.02205960
  0.04456422   0.02207880
  0.04456562   0.02209800
  0.04456712   0.02211720
  0.04456852   0.02213640
  0.04456992   0.02215560
  0.04457142   0.02217480
  0.04457282   0.02219400
  0.04457432   0.02221320
  0.04457572   0.02223240
  0.04457722   0.02225160
  0.04457862   0.02227070
  0.04458002   0.02228990
  0.04458152   0.02230910
  0.04458292   0.02232830
  0.04458442   0.02234750
  0.04458582   0.02236670
  0.04458722   0.02238590
  0.04458872   0.02240510
  0.04459012   0.02242430
  0.04459162   0.02244350
  0.04459302   0.02246270
  0.04459442   0.02248180
  0.04459592   0.02250100
  0.04459732   0.02252020
  0.04459882   0.02253940
  0.04460022   0.02255860
  0.04460172   0.02257780
  0.04460312   0.02259700
  0.04460452   0.02261620
  0.04460602   0.02263540
  0.04460742   0.02265460
  0.04460892   0.02267380
  0.04461032   0.02269290
  0.04461172   0.02271210
  0.04461322   0.02273130
  0.04461462   0.02275050
  0.04461612   0.02276970
  0.04461752   0.02278890
  0.04461892   0.02280810
  0.04462042   0.02282730
  0.04462182   0.02284650
  0.04462332   0.02286570
  0.04462472   0.02288490
  0.04462622   0.02290400
  0.04462762   0.02292320
  0.04462902   0.02294240
  0.04463052   0.02296160
  0.04463192   0.02298080
  0.04463342   0.02300000
