  0.05926853   0.02300000
  0.05927313   0.02281520
  0.05927773   0.02263030
  0.05928243   0.02244550
  0.05928703   0.02226070
  0.05929163   0.02207590
  0.05929623   0.02189100
  0.05930083   0.02170620
  0.05930543   0.02152140
  0.05931003   0.02133660
  0.05931473   0.02115170
  0.05931933   0.02096690
  0.05932393   0.02078210
  0.05932853   0.02059720
  0.05933313   0.02041240
  0.05933773   0.02022760
  0.05934233   0.02004280
  0.05934703   0.01985790
  0.05935163   0.01967310
  0.05935623   0.01948830
  0.05936083   0.01930350
  0.05936543   0.01911860
  0.05937003   0.01893380
  0.05937463   0.01874900
  0.05937933   0.01856410
  0.05938393   0.01837930
  0.05938853   0.01819450
  0.05939313   0.01800970
  0.05939773   0.01782480
  0.05940233   0.01764000
  0.05940703   0.01745520
  0.05941163   0.01727040
  0.05941623   0.01708550
  0.05942083   0.01690070
  0.05942543   0.01671590
  0.05943003   0.01653100
  0.05943463   0.01634620
  0.05943933   0.01616140
  0.05944393   0.01597660
  0.05944853   0.01579170
  0.05945313   0.01560690
  0.05945773   0.01542210
  0.05946233   0.01523730
  0.05946773   0.01505240
  0.05947553   0.01486770
  0.05948603   0.01468310
  0.05949923   0.01449870
  0.05951493   0.01431450
  0.05953333   0.01413060
  0.05955433   0.01394690
  0.05957793   0.01376350
  0.05960413   0.01358050
  0.05963293   0.01339780
  0.05966433   0.01321560
  0.05969823   0.01303390
  0.05973483   0.01285270
  0.05977393   0.01267200
  0.05981573   0.01249190
  0.05985993   0.01231240
  0.05990673   0.01213350
  0.05995613   0.01195530
  0.06000793   0.01177790
  0.06006233   0.01160120
  0.06011923   0.01142530
  0.06017863   0.01125020
  0.06024053   0.01107600
  0.06030493   0.01090260
  0.06037173   0.01073020
  0.06044093   0.01055880
  0.06051263   0.01038840
  0.06058673   0.01021900
  0.06066323   0.01005070
  0.06074213   0.00988350
  0.06082343   0.00971740
  0.06090703   0.00955250
  0.06099293   0.00938890
  0.06108123   0.00922640
  0.06117183   0.00906520
  0.06126463   0.00890530
  0.06135983   0.00874680
  0.06145713   0.00858960
  0.06155673   0.00843390
  0.06165853   0.00827950
  0.06176253   0.00812670
  0.06186863   0.00797530
  0.06197693   0.00782540
  0.06208733   0.00767710
  0.06219983   0.00753040
  0.06231443   0.00738530
  0.06243103   0.00724190
  0.06254973   0.00710010
  0.06267033   0.00696000
  0.06279303   0.00682160
  0.06291763   0.00668510
  0.06304413   0.00655020
  0.06317253   0.00641730
  0.06330293   0.00628610
  0.06343503   0.00615680
  0.06356903   0.00602940
  0.06370483   0.00590390
  0.06384233   0.00578040
  0.06398163   0.00565880
  0.06412273   0.00553930
  0.06426543   0.00542170
  0.06440973   0.00530620
  0.06455573   0.00519280
  0.06470333   0.00508140
  0.06485243   0.00497220
  0.06500313   0.00486500
  0.06515533   0.00476010
  0.06530903   0.00465730
  0.06546413   0.00455670
  0.06562073   0.00445830
  0.06577863   0.00436220
  0.06593793   0.00426830
  0.06609843   0.00417670
  0.06626033   0.00408740
  0.06642353   0.00400040
  0.06658783   0.00391570
  0.06675333   0.00383340
  0.06692003   0.00375340
  0.06708793   0.00367580
  0.06725683   0.00360060
  0.06742673   0.00352780
  0.06759773   0.00345750
  0.06776963   0.00338950
  0.06794253   0.00332410
  0.06811643   0.00326110
  0.06829113   0.00320050
  0.06846663   0.00314250
  0.06864293   0.00308700
  0.06882013   0.00303400
  0.06899793   0.00298350
  0.06917653   0.00293550
  0.06935553   0.00288920
  0.06953463   0.00284340
  0.06971383   0.00279800
  0.06989313   0.00275290
  0.07007253   0.00270830
  0.07025213   0.00266410
  0.07043173   0.00262040
  0.07061143   0.00257700
  0.07079123   0.00253410
  0.07097123   0.00249150
  0.07115123   0.00244940
  0.07133133   0.00240770
  0.07151153   0.00236640
  0.07169183   0.00232560
  0.07187233   0.00228510
  0.07205283   0.00224510
  0.07223333   0.00220550
  0.07241403   0.00216630
  0.07259483   0.00212750
  0.07277573   0.00208920
  0.07295663   0.00205120
  0.07313763   0.00201370
  0.07331883   0.00197660
  0.07350003   0.00193990
  0.07368133   0.00190360
  0.07386263   0.00186780
  0.07404413   0.00183240
  0.07422563   0.00179740
  0.07440733   0.00176280
  0.07458903   0.00172860
  0.07477073   0.00169480
  0.07495263   0.00166150
  0.07513453   0.00162860
  0.07531653   0.00159610
  0.07549863   0.00156400
  0.07568083   0.00153240
  0.07586303   0.00150120
  0.07604533   0.00147040
  0.07622773   0.00144000
  0.07641013   0.00141000
  0.07659263   0.00138050
  0.07677523   0.00135140
  0.07695793   0.00132270
  0.07714063   0.00129440
  0.07732333   0.00126650
  0.07750623   0.00123910
  0.07768913   0.00121210
  0.07787203   0.00118550
  0.07805513   0.00115940
  0.07823823   0.00113360
  0.07842133   0.00110830
  0.07860453   0.00108340
  0.07878783   0.00105900
  0.07897113   0.00103490
  0.07915443   0.00101130
  0.07933793   0.00098810
  0.07952133   0.00096530
  0.07970493   0.00094300
  0.07988843   0.00092100
  0.08007213   0.00089950
  0.08025583   0.00087850
  0.08043953   0.00085780
  0.08062333   0.00083760
  0.08080713   0.00081780
  0.08099103   0.00079840
  0.08117493   0.00077950
  0.08135883   0.00076090
  0.08154283   0.00074280
  0.08172683   0.00072520
  0.08191093   0.00070790
  0.08209503   0.00069110
  0.08227923   0.00067470
  0.08246343   0.00065870
  0.08264763   0.00064320
  0.08283193   0.00062800
  0.08301623   0.00061330
  0.08320053   0.00059910
  0.08338493   0.00058520
  0.08356933   0.00057180
  0.08375373   0.00055880
  0.08393823   0.00054620
  0.08412273   0.00053410
  0.08430723   0.00052240
  0.08449173   0.00051110
  0.08467633   0.00050030
  0.08486093   0.00048970
  0.08504543   0.00047920
  0.08523003   0.00046880
  0.08541463   0.00045860
  0.08559923   0.00044840
  0.08578393   0.00043840
  0.08596853   0.00042840
  0.08615313   0.00041860
  0.08633773   0.00040890
  0.08652243   0.00039930
  0.08670703   0.00038980
  0.08689173   0.00038050
  0.08707633   0.00037120
  0.08726103   0.00036210
  0.08744563   0.00035300
  0.08763033   0.00034410
  0.08781503   0.00033530
  0.08799973   0.00032670
  0.08818433   0.00031810
  0.08836903   0.00030960
  0.08855373   0.00030130
  0.08873843   0.00029310
  0.08892313   0.00028500
  0.08910793   0.00027700
  0.08929263   0.00026910
  0.08947733   0.00026130
  0.08966203   0.00025360
  0.08984673   0.00024610
  0.09003153   0.00023870
  0.09021623   0.00023130
  0.09040103   0.00022410
  0.09058573   0.00021710
  0.09077053   0.00021010
  0.09095523   0.00020320
  0.09114003   0.00019650
  0.09132483   0.00018980
  0.09150953   0.00018330
  0.09169433   0.00017690
  0.09187913   0.00017060
  0.09206393   0.00016440
  0.09224863   0.00015840
  0.09243343   0.00015240
  0.09261823   0.00014660
  0.09280303   0.00014090
  0.09298783   0.00013530
  0.09317263   0.00012980
  0.09335743   0.00012440
  0.09354223   0.00011910
  0.09372713   0.00011400
  0.09391193   0.00010890
  0.09409673   0.00010400
  0.09428153   0.00009920
  0.09446633   0.00009450
  0.09465123   0.00008990
  0.09483603   0.00008540
  0.09502083   0.00008110
  0.09520573   0.00007680
  0.09539053   0.00007270
  0.09557533   0.00006870
  0.09576023   0.00006480
  0.09594503   0.00006100
  0.09612993   0.00005740
  0.09631473   0.00005380
  0.09649963   0.00005030
  0.09668443   0.00004700
  0.09686933   0.00004380
  0.09705423   0.00004070
  0.09723903   0.00003770
  0.09742393   0.00003480
  0.09760873   0.00003210
  0.09779363   0.00002940
  0.09797853   0.00002690
  0.09816333   0.00002450
  0.09834823   0.00002220
  0.09853313   0.00002000
  0.09871803   0.00001790
  0.09890283   0.00001590
  0.09908773   0.00001410
  0.09927263   0.00001240
  0.09945753   0.00001070
  0.09964233   0.00000920
  0.09982723   0.00000780
  0.10001213   0.00000660
  0.10019703   0.00000540
  0.10038193   0.00000430
  0.10056673   0.00000340
  0.10075163   0.00000260
  0.10093653   0.00000190
  0.10112143   0.00000130
  0.10130633   0.00000080
  0.10149123   0.00000040
  0.10167613   0.00000020
  0.10186093  -0.00000000
  0.10204583  -0.00000000
  0.10223073   0.00000010
  0.10241563   0.00000030
  0.10260053   0.00000060
  0.10278543   0.00000100
  0.10297023   0.00000160
  0.10315513   0.00000220
  0.10334003   0.00000300
  0.10352493   0.00000390
  0.10370983   0.00000490
  0.10389473   0.00000600
  0.10407953   0.00000720
  0.10426443   0.00000860
  0.10444933   0.00001000
  0.10463423   0.00001190
  0.10481903   0.00001420
  0.10500393   0.00001700
  0.10518883   0.00002020
  0.10537363   0.00002380
  0.10555853   0.00002780
  0.10574333   0.00003230
  0.10592813   0.00003720
  0.10611293   0.00004250
  0.10629773   0.00004830
  0.10648253   0.00005440
  0.10666733   0.00006100
  0.10685203   0.00006810
  0.10703673   0.00007550
  0.10722153   0.00008340
  0.10740623   0.00009170
  0.10759083   0.00010050
  0.10777553   0.00010960
  0.10796013   0.00011920
  0.10814473   0.00012920
  0.10832933   0.00013970
  0.10851393   0.00015060
  0.10869843   0.00016190
  0.10888293   0.00017360
  0.10906743   0.00018570
  0.10925193   0.00019830
  0.10943633   0.00021130
  0.10962073   0.00022470
  0.10980513   0.00023860
  0.10998943   0.00025290
  0.11017373   0.00026760
  0.11035803   0.00028270
  0.11054223   0.00029830
  0.11072643   0.00031430
  0.11091063   0.00033070
  0.11109473   0.00034750
  0.11127873   0.00036480
  0.11146283   0.00038250
  0.11164683   0.00040060
  0.11183073   0.00041910
  0.11201463   0.00043810
  0.11219853   0.00045750
  0.11238233   0.00047730
  0.11256613   0.00049750
  0.11274983   0.00051820
  0.11293353   0.00053930
  0.11311713   0.00056080
  0.11330073   0.00058270
  0.11348423   0.00060510
  0.11366773   0.00062790
  0.11385113   0.00065110
  0.11403453   0.00067470
  0.11421783   0.00069880
  0.11440113   0.00072320
  0.11458433   0.00074810
  0.11476743   0.00077350
  0.11495053   0.00079920
  0.11513353   0.00082540
  0.11531653   0.00085200
  0.11549943   0.00087900
  0.11568223   0.00090640
  0.11586503   0.00093430
  0.11604773   0.00096260
  0.11623033   0.00099130
  0.11641293   0.00102040
  0.11659543   0.00105000
  0.11677793   0.00108000
  0.11696023   0.00111040
  0.11714253   0.00114120
  0.11732483   0.00117240
  0.11750693   0.00120410
  0.11768903   0.00123610
  0.11787103   0.00126860
  0.11805293   0.00130160
  0.11823483   0.00133490
  0.11841663   0.00136870
  0.11859833   0.00140290
  0.11877993   0.00143750
  0.11896143   0.00147250
  0.11914293   0.00150790
  0.11932423   0.00154380
  0.11950553   0.00158000
  0.11968673   0.00161670
  0.11986793   0.00165390
  0.12004883   0.00169200
  0.12022913   0.00173270
  0.12040893   0.00177590
  0.12058803   0.00182170
  0.12076653   0.00187000
  0.12094423   0.00192090
  0.12112123   0.00197430
  0.12129753   0.00203010
  0.12147293   0.00208850
  0.12164753   0.00214940
  0.12182113   0.00221280
  0.12199393   0.00227860
  0.12216573   0.00234690
  0.12233663   0.00241760
  0.12250643   0.00249070
  0.12267513   0.00256620
  0.12284283   0.00264420
  0.12300933   0.00272450
  0.12317473   0.00280710
  0.12333893   0.00289220
  0.12350183   0.00297950
  0.12366353   0.00306910
  0.12382393   0.00316110
  0.12398303   0.00325530
  0.12414073   0.00335170
  0.12429713   0.00345040
  0.12445203   0.00355130
  0.12460543   0.00365440
  0.12475743   0.00375970
  0.12490793   0.00386710
  0.12505683   0.00397670
  0.12520423   0.00408830
  0.12534993   0.00420210
  0.12549413   0.00431790
  0.12563653   0.00443570
  0.12577733   0.00455560
  0.12591633   0.00467740
  0.12605363   0.00480120
  0.12618923   0.00492700
  0.12632293   0.00505470
  0.12645483   0.00518420
  0.12658483   0.00531560
  0.12671303   0.00544890
  0.12683933   0.00558390
  0.12696363   0.00572080
  0.12708593   0.00585940
  0.12720633   0.00599970
  0.12732473   0.00614170
  0.12744103   0.00628540
  0.12755533   0.00643080
  0.12766753   0.00657770
  0.12777763   0.00672620
  0.12788563   0.00687630
  0.12799143   0.00702790
  0.12809513   0.00718100
  0.12819663   0.00733550
  0.12829593   0.00749150
  0.12839293   0.00764890
  0.12848773   0.00780760
  0.12858023   0.00796770
  0.12867053   0.00812900
  0.12875843   0.00829160
  0.12884403   0.00845550
  0.12892733   0.00862060
  0.12900823   0.00878680
  0.12908683   0.00895420
  0.12916293   0.00912260
  0.12923673   0.00929220
  0.12930803   0.00946270
  0.12937693   0.00963430
  0.12944343   0.00980680
  0.12950743   0.00998030
  0.12956893   0.01015460
  0.12962803   0.01032980
  0.12968453   0.01050580
  0.12973863   0.01068270
  0.12979013   0.01086020
  0.12983913   0.01103850
  0.12988553   0.01121750
  0.12992943   0.01139700
  0.12997073   0.01157730
  0.13000953   0.01175800
  0.13004573   0.01193930
  0.13007933   0.01212110
  0.13011033   0.01230340
  0.13013883   0.01248610
  0.13016463   0.01266910
  0.13018783   0.01285260
  0.13020843   0.01303630
  0.13022643   0.01322030
  0.13024183   0.01340450
  0.13024323   0.01342370
  0.13024473   0.01344290
  0.13024613   0.01346210
  0.13024763   0.01348130
  0.13024903   0.01350050
  0.13025043   0.01351970
  0.13025193   0.01353890
  0.13025333   0.01355810
  0.13025483   0.01357730
  0.13025623   0.01359650
  0.13025763   0.01361560
  0.13025913   0.01363480
  0.13026053   0.01365400
  0.13026203   0.01367320
  0.13026343   0.01369240
  0.13026493   0.01371160
  0.13026633   0.01373080
  0.13026773   0.01375000
  0.13026923   0.01376920
  0.13027063   0.01378840
  0.13027213   0.01380760
  0.13027353   0.01382670
  0.13027493   0.01384590
  0.13027643   0.01386510
  0.13027783   0.01388430
  0.13027933   0.01390350
  0.13028073   0.01392270
  0.13028213   0.01394190
  0.13028363   0.01396110
  0.13028503   0.01398030
  0.13028653   0.01399950
  0.13028793   0.01401870
  0.13028943   0.01403780
  0.13029083   0.01405700
  0.13029223   0.01407620
  0.13029373   0.01409540
  0.13029513   0.01411460
  0.13029663   0.01413380
  0.13029803   0.01415300
  0.13029943   0.01417220
  0.13030093   0.01419140
  0.13030233   0.01421060
  0.13030383   0.01422980
  0.13030523   0.01424890
  0.13030663   0.01426810
  0.13030813   0.01428730
  0.13030953   0.01430650
  0.13031103   0.01432570
  0.13031243   0.01434490
  0.13031393   0.01436410
  0.13031533   0.01438330
  0.13031673   0.01440250
  0.13031823   0.01442170
  0.13031963   0.01444090
  0.13032113   0.01446000
  0.13032253   0.01447920
  0.13032393   0.01449840
  0.13032543   0.01451760
  0.13032683   0.01453680
  0.13032833   0.01455600
  0.13032973   0.01457520
  0.13033113   0.01459440
  0.13033263   0.01461360
  0.13033403   0.01463280
  0.13033553   0.01465200
  0.13033693   0.01467110
  0.13033843   0.01469030
  0.13033983   0.01470950
  0.13034123   0.01472870
  0.13034273   0.01474790
  0.13034413   0.01476710
  0.13034563   0.01478630
  0.13034703   0.01480550
  0.13034843   0.01482470
  0.13034993   0.01484390
  0.13035133   0.01486310
  0.13035283   0.01488220
  0.13035423   0.01490140
  0.13035563   0.01492060
  0.13035713   0.01493980
  0.13035853   0.01495900
  0.13036003   0.01497820
  0.13036143   0.01499740
  0.13036293   0.01501660
  0.13036433   0.01503580
  0.13036573   0.01505500
  0.13036723   0.01507420
  0.13036863   0.01509330
  0.13037013   0.01511250
  0.13037153   0.01513170
  0.13037293   0.01515090
  0.13037443   0.01517010
  0.13037583   0.01518930
  0.13037733   0.01520850
  0.13037873   0.01522770
  0.13038013   0.01524690
  0.13038163   0.01526610
  0.13038303   0.01528530
  0.13038453   0.01530440
  0.13038593   0.01532360
  0.13038743   0.01534280
  0.13038883   0.01536200
  0.13039023   0.01538120
  0.13039173   0.01540040
  0.13039313   0.01541960
  0.13039463   0.01543880
  0.13039603   0.01545800
  0.13039743   0.01547720
  0.13039893   0.01549640
  0.13040033   0.01551550
  0.13040183   0.01553470
  0.13040323   0.01555390
  0.13040463   0.01557310
  0.13040613   0.01559230
  0.13040753   0.01561150
  0.13040903   0.01563070
  0.13041043   0.01564990
  0.13041183   0.01566910
  0.13041333   0.01568830
  0.13041473   0.01570750
  0.13041623   0.01572660
  0.13041763   0.01574580
  0.13041913   0.01576500
  0.13042053   0.01578420
  0.13042193   0.01580340
  0.13042343   0.01582260
  0.13042483   0.01584180
  0.13042633   0.01586100
  0.13042773   0.01588020
  0.13042913   0.01589940
  0.13043063   0.01591860
  0.13043203   0.01593770
  0.13043353   0.01595690
  0.13043493   0.01597610
  0.13043633   0.01599530
  0.13043783   0.01601450
  0.13043923   0.01603370
  0.13044073   0.01605290
  0.13044213   0.01607210
  0.13044363   0.01609130
  0.13044503   0.01611050
  0.13044643   0.01612970
  0.13044793   0.01614880
  0.13044933   0.01616800
  0.13045083   0.01618720
  0.13045223   0.01620640
  0.13045363   0.01622560
  0.13045513   0.01624480
  0.13045653   0.01626400
  0.13045803   0.01628320
  0.13045943   0.01630240
  0.13046083   0.01632160
  0.13046233   0.01634080
  0.13046373   0.01635990
  0.13046523   0.01637910
  0.13046663   0.01639830
  0.13046813   0.01641750
  0.13046953   0.01643670
  0.13047093   0.01645590
  0.13047243   0.01647510
  0.13047383   0.01649430
  0.13047533   0.01651350
  0.13047673   0.01653270
  0.13047813   0.01655190
  0.13047963   0.01657100
  0.13048103   0.01659020
  0.13048253   0.01660940
  0.13048393   0.01662860
  0.13048533   0.01664780
  0.13048683   0.01666700
  0.13048823   0.01668620
  0.13048973   0.01670540
  0.13049113   0.01672460
  0.13049263   0.01674380
  0.13049403   0.01676300
  0.13049543   0.01678210
  0.13049693   0.01680130
  0.13049833   0.01682050
  0.13049983   0.01683970
  0.13050123   0.01685890
  0.13050263   0.01687810
  0.13050413   0.01689730
  0.13050553   0.01691650
  0.13050703   0.01693570
  0.13050843   0.01695490
  0.13050983   0.01697410
  0.13051133   0.01699320
  0.13051273   0.01701240
  0.13051423   0.01703160
  0.13051563   0.01705080
  0.13051713   0.01707000
  0.13051853   0.01708920
  0.13051993   0.01710840
  0.13052143   0.01712760
  0.13052283   0.01714680
  0.13052433   0.01716600
  0.13052573   0.01718520
  0.13052713   0.01720430
  0.13052863   0.01722350
  0.13053003   0.01724270
  0.13053153   0.01726190
  0.13053293   0.01728110
  0.13053433   0.01730030
  0.13053583   0.01731950
  0.13053723   0.01733870
  0.13053873   0.01735790
  0.13054013   0.01737710
  0.13054163   0.01739630
  0.13054303   0.01741540
  0.13054443   0.01743460
  0.13054593   0.01745380
  0.13054733   0.01747300
  0.13054883   0.01749220
  0.13055023   0.01751140
  0.13055163   0.01753060
  0.13055313   0.01754980
  0.13055453   0.01756900
  0.13055603   0.01758820
  0.13055743   0.01760740
  0.13055883   0.01762650
  0.13056033   0.01764570
  0.13056173   0.01766490
  0.13056323   0.01768410
  0.13056463   0.01770330
  0.13056603   0.01772250
  0.13056753   0.01774170
  0.13056893   0.01776090
  0.13057043   0.01778010
  0.13057183   0.01779930
  0.13057333   0.01781850
  0.13057473   0.01783760
  0.13057613   0.01785680
  0.13057763   0.01787600
  0.13057903   0.01789520
  0.13058053   0.01791440
  0.13058193   0.01793360
  0.13058333   0.01795280
  0.13058483   0.01797200
  0.13058623   0.01799120
  0.13058773   0.01801040
  0.13058913   0.01802960
  0.13059053   0.01804870
  0.13059203   0.01806790
  0.13059343   0.01808710
  0.13059493   0.01810630
  0.13059633   0.01812550
  0.13059783   0.01814470
  0.13059923   0.01816390
  0.13060063   0.01818310
  0.13060213   0.01820230
  0.13060353   0.01822150
  0.13060503   0.01824070
  0.13060643   0.01825980
  0.13060783   0.01827900
  0.13060933   0.01829820
  0.13061073   0.01831740
  0.13061223   0.01833660
  0.13061363   0.01835580
  0.13061503   0.01837500
  0.13061653   0.01839420
  0.13061793   0.01841340
  0.13061943   0.01843260
  0.13062083   0.01845180
  0.13062233   0.01847090
  0.13062373   0.01849010
  0.13062513   0.01850930
  0.13062663   0.01852850
  0.13062803   0.01854770
  0.13062953   0.01856690
  0.13063093   0.01858610
  0.13063233   0.01860530
  0.13063383   0.01862450
  0.13063523   0.01864370
  0.13063673   0.01866290
  0.13063813   0.01868200
  0.13063953   0.01870120
  0.13064103   0.01872040
  0.13064243   0.01873960
  0.13064393   0.01875880
  0.13064533   0.01877800
  0.13064683   0.01879720
  0.13064823   0.01881640
  0.13064963   0.01883560
  0.13065113   0.01885480
  0.13065253   0.01887400
  0.13065403   0.01889310
  0.13065543   0.01891230
  0.13065683   0.01893150
  0.13065833   0.01895070
  0.13065973   0.01896990
  0.13066123   0.01898910
  0.13066263   0.01900830
  0.13066403   0.01902750
  0.13066553   0.01904670
  0.13066693   0.01906590
  0.13066843   0.01908510
  0.13066983   0.01910420
  0.13067133   0.01912340
  0.13067273   0.01914260
  0.13067413   0.01916180
  0.13067563   0.01918100
  0.13067703   0.01920020
  0.13067853   0.01921940
  0.13067993   0.01923860
  0.13068133   0.01925780
  0.13068283   0.01927700
  0.13068423   0.01929620
  0.13068573   0.01931530
  0.13068713   0.01933450
  0.13068853   0.01935370
  0.13069003   0.01937290
  0.13069143   0.01939210
  0.13069293   0.01941130
  0.13069433   0.01943050
  0.13069573   0.01944970
  0.13069723   0.01946890
  0.13069863   0.01948810
  0.13070013   0.01950730
  0.13070153   0.01952640
  0.13070303   0.01954560
  0.13070443   0.01956480
  0.13070583   0.01958400
  0.13070733   0.01960320
  0.13070873   0.01962240
  0.13071023   0.01964160
  0.13071163   0.01966080
  0.13071303   0.01968000
  0.13071453   0.01969920
  0.13071593   0.01971840
  0.13071743   0.01973750
  0.13071883   0.01975670
  0.13072023   0.01977590
  0.13072173   0.01979510
  0.13072313   0.01981430
  0.13072463   0.01983350
  0.13072603   0.01985270
  0.13072753   0.01987190
  0.13072893   0.01989110
  0.13073033   0.01991030
  0.13073183   0.01992950
  0.13073323   0.01994860
  0.13073473   0.01996780
  0.13073613   0.01998700
  0.13073753   0.02000620
  0.13073903   0.02002540
  0.13074043   0.02004460
  0.13074193   0.02006380
  0.13074333   0.02008300
  0.13074473   0.02010220
  0.13074623   0.02012140
  0.13074763   0.02014060
  0.13074913   0.02015970
  0.13075053   0.02017890
  0.13075203   0.02019810
  0.13075343   0.02021730
  0.13075483   0.02023650
  0.13075633   0.02025570
  0.13075773   0.02027490
  0.13075923   0.02029410
  0.13076063   0.02031330
  0.13076203   0.02033250
  0.13076353   0.02035170
  0.13076493   0.02037080
  0.13076643   0.02039000
  0.13076783   0.02040920
  0.13076923   0.02042840
  0.13077073   0.02044760
  0.13077213   0.02046680
  0.13077363   0.02048600
  0.13077503   0.02050520
  0.13077653   0.02052440
  0.13077793   0.02054360
  0.13077933   0.02056280
  0.13078083   0.02058190
  0.13078223   0.02060110
  0.13078373   0.02062030
  0.13078513   0.02063950
  0.13078653   0.02065870
  0.13078803   0.02067790
  0.13078943   0.02069710
  0.13079093   0.02071630
  0.13079233   0.02073550
  0.13079373   0.02075470
  0.13079523   0.02077390
  0.13079663   0.02079300
  0.13079813   0.02081220
  0.13079953   0.02083140
  0.13080103   0.02085060
  0.13080243   0.02086980
  0.13080383   0.02088900
  0.13080533   0.02090820
  0.13080673   0.02092740
  0.13080823   0.02094660
  0.13080963   0.02096580
  0.13081103   0.02098500
  0.13081253   0.02100410
  0.13081393   0.02102330
  0.13081543   0.02104250
  0.13081683   0.02106170
  0.13081823   0.02108090
  0.13081973   0.02110010
  0.13082113   0.02111930
  0.13082263   0.02113850
  0.13082403   0.02115770
  0.13082553   0.02117690
  0.13082693   0.02119610
  0.13082833   0.02121520
  0.13082983   0.02123440
  0.13083123   0.02125360
  0.13083273   0.02127280
  0.13083413   0.02129200
  0.13083553   0.02131120
  0.13083703   0.02133040
  0.13083843   0.02134960
  0.13083993   0.02136880
  0.13084133   0.02138800
  0.13084273   0.02140720
  0.13084423   0.02142630
  0.13084563   0.02144550
  0.13084713   0.02146470
  0.13084853   0.02148390
  0.13084993   0.02150310
  0.13085143   0.02152230
  0.13085283   0.02154150
  0.13085433   0.02156070
  0.13085573   0.02157990
  0.13085723   0.02159910
  0.13085863   0.02161830
  0.13086003   0.02163740
  0.13086153   0.02165660
  0.13086293   0.02167580
  0.13086443   0.02169500
  0.13086583   0.02171420
  0.13086723   0.02173340
  0.13086873   0.02175260
  0.13087013   0.02177180
  0.13087163   0.02179100
  0.13087303   0.02181020
  0.13087443   0.02182940
  0.13087593   0.02184850
  0.13087733   0.02186770
  0.13087883   0.02188690
  0.13088023   0.02190610
  0.13088173   0.02192530
  0.13088313   0.02194450
  0.13088453   0.02196370
  0.13088603   0.02198290
  0.13088743   0.02200210
  0.13088893   0.02202130
  0.13089033   0.02204050
  0.13089173   0.02205960
  0.13089323   0.02207880
  0.13089463   0.02209800
  0.13089613   0.02211720
  0.13089753   0.02213640
  0.13089893   0.02215560
  0.13090043   0.02217480
  0.13090183   0.02219400
  0.13090333   0.02221320
  0.13090473   0.02223240
  0.13090623   0.02225160
  0.13090763   0.02227070
  0.13090903   0.02228990
  0.13091053   0.02230910
  0.13091193   0.02232830
  0.13091343   0.02234750
  0.13091483   0.02236670
  0.13091623   0.02238590
  0.13091773   0.02240510
  0.13091913   0.02242430
  0.13092063   0.02244350
  0.13092203   0.02246270
  0.13092343   0.02248180
  0.13092493   0.02250100
  0.13092633   0.02252020
  0.13092783   0.02253940
  0.13092923   0.02255860
  0.13093073   0.02257780
  0.13093213   0.02259700
  0.13093353   0.02261620
  0.13093503   0.02263540
  0.13093643   0.02265460
  0.13093793   0.02267380
  0.13093933   0.02269290
  0.13094073   0.02271210
  0.13094223   0.02273130
  0.13094363   0.02275050
  0.13094513   0.02276970
  0.13094653   0.02278890
  0.13094793   0.02280810
  0.13094943   0.02282730
  0.13095083   0.02284650
  0.13095233   0.02286570
  0.13095373   0.02288490
  0.13095523   0.02290400
  0.13095663   0.02292320
  0.13095803   0.02294240
  0.13095953   0.02296160
  0.13096093   0.02298080
  0.13096243   0.02300000
