  0.00899754   0.02300000
  0.00900214   0.02281520
  0.00900674   0.02263030
  0.00901144   0.02244550
  0.00901604   0.02226070
  0.00902064   0.02207590
  0.00902524   0.02189100
  0.00902984   0.02170620
  0.00903444   0.02152140
  0.00903904   0.02133660
  0.00904374   0.02115170
  0.00904834   0.02096690
  0.00905294   0.02078210
  0.00905754   0.02059720
  0.00906214   0.02041240
  0.00906674   0.02022760
  0.00907134   0.02004280
  0.00907604   0.01985790
  0.00908064   0.01967310
  0.00908524   0.01948830
  0.00908984   0.01930350
  0.00909444   0.01911860
  0.00909904   0.01893380
  0.00910364   0.01874900
  0.00910834   0.01856410
  0.00911294   0.01837930
  0.00911754   0.01819450
  0.00912214   0.01800970
  0.00912674   0.01782480
  0.00913134   0.01764000
  0.00913604   0.01745520
  0.00914064   0.01727040
  0.00914524   0.01708550
  0.00914984   0.01690070
  0.00915444   0.01671590
  0.00915904   0.01653100
  0.00916364   0.01634620
  0.00916834   0.01616140
  0.00917294   0.01597660
  0.00917754   0.01579170
  0.00918214   0.01560690
  0.00918674   0.01542210
  0.00919134   0.01523730
  0.00919674   0.01505240
  0.00920454   0.01486770
  0.00921504   0.01468310
  0.00922824   0.01449870
  0.00924394   0.01431450
  0.00926234   0.01413060
  0.00928334   0.01394690
  0.00930694   0.01376350
  0.00933314   0.01358050
  0.00936194   0.01339780
  0.00939334   0.01321560
  0.00942724   0.01303390
  0.00946384   0.01285270
  0.00950294   0.01267200
  0.00954474   0.01249190
  0.00958894   0.01231240
  0.00963574   0.01213350
  0.00968514   0.01195530
  0.00973694   0.01177790
  0.00979134   0.01160120
  0.00984824   0.01142530
  0.00990764   0.01125020
  0.00996954   0.01107600
  0.01003394   0.01090260
  0.01010074   0.01073020
  0.01016994   0.01055880
  0.01024164   0.01038840
  0.01031574   0.01021900
  0.01039224   0.01005070
  0.01047114   0.00988350
  0.01055244   0.00971740
  0.01063604   0.00955250
  0.01072194   0.00938890
  0.01081024   0.00922640
  0.01090084   0.00906520
  0.01099364   0.00890530
  0.01108884   0.00874680
  0.01118614   0.00858960
  0.01128574   0.00843390
  0.01138754   0.00827950
  0.01149154   0.00812670
  0.01159764   0.00797530
  0.01170594   0.00782540
  0.01181634   0.00767710
  0.01192884   0.00753040
  0.01204344   0.00738530
  0.01216004   0.00724190
  0.01227874   0.00710010
  0.01239934   0.00696000
  0.01252204   0.00682160
  0.01264664   0.00668510
  0.01277314   0.00655020
  0.01290154   0.00641730
  0.01303194   0.00628610
  0.01316404   0.00615680
  0.01329804   0.00602940
  0.01343384   0.00590390
  0.01357134   0.00578040
  0.01371064   0.00565880
  0.01385174   0.00553930
  0.01399444   0.00542170
  0.01413874   0.00530620
  0.01428474   0.00519280
  0.01443234   0.00508140
  0.01458144   0.00497220
  0.01473214   0.00486500
  0.01488434   0.00476010
  0.01503804   0.00465730
  0.01519314   0.00455670
  0.01534974   0.00445830
  0.01550764   0.00436220
  0.01566694   0.00426830
  0.01582744   0.00417670
  0.01598934   0.00408740
  0.01615254   0.00400040
  0.01631684   0.00391570
  0.01648234   0.00383340
  0.01664904   0.00375340
  0.01681694   0.00367580
  0.01698584   0.00360060
  0.01715574   0.00352780
  0.01732674   0.00345750
  0.01749864   0.00338950
  0.01767154   0.00332410
  0.01784544   0.00326110
  0.01802014   0.00320050
  0.01819564   0.00314250
  0.01837194   0.00308700
  0.01854914   0.00303400
  0.01872694   0.00298350
  0.01890554   0.00293550
  0.01908454   0.00288920
  0.01926364   0.00284340
  0.01944284   0.00279800
  0.01962214   0.00275290
  0.01980154   0.00270830
  0.01998114   0.00266410
  0.02016074   0.00262040
  0.02034044   0.00257700
  0.02052024   0.00253410
  0.02070024   0.00249150
  0.02088024   0.00244940
  0.02106034   0.00240770
  0.02124054   0.00236640
  0.02142084   0.00232560
  0.02160134   0.00228510
  0.02178184   0.00224510
  0.02196234   0.00220550
  0.02214304   0.00216630
  0.02232384   0.00212750
  0.02250474   0.00208920
  0.02268564   0.00205120
  0.02286664   0.00201370
  0.02304784   0.00197660
  0.02322904   0.00193990
  0.02341034   0.00190360
  0.02359164   0.00186780
  0.02377314   0.00183240
  0.02395464   0.00179740
  0.02413634   0.00176280
  0.02431804   0.00172860
  0.02449974   0.00169480
  0.02468164   0.00166150
  0.02486354   0.00162860
  0.02504554   0.00159610
  0.02522764   0.00156400
  0.02540984   0.00153240
  0.02559204   0.00150120
  0.02577434   0.00147040
  0.02595674   0.00144000
  0.02613914   0.00141000
  0.02632164   0.00138050
  0.02650424   0.00135140
  0.02668694   0.00132270
  0.02686964   0.00129440
  0.02705234   0.00126650
  0.02723524   0.00123910
  0.02741814   0.00121210
  0.02760104   0.00118550
  0.02778414   0.00115940
  0.02796724   0.00113360
  0.02815034   0.00110830
  0.02833354   0.00108340
  0.02851684   0.00105900
  0.02870014   0.00103490
  0.02888344   0.00101130
  0.02906694   0.00098810
  0.02925034   0.00096530
  0.02943394   0.00094300
  0.02961744   0.00092100
  0.02980114   0.00089950
  0.02998484   0.00087850
  0.03016854   0.00085780
  0.03035234   0.00083760
  0.03053614   0.00081780
  0.03072004   0.00079840
  0.03090394   0.00077950
  0.03108784   0.00076090
  0.03127184   0.00074280
  0.03145584   0.00072520
  0.03163994   0.00070790
  0.03182404   0.00069110
  0.03200824   0.00067470
  0.03219244   0.00065870
  0.03237664   0.00064320
  0.03256094   0.00062800
  0.03274524   0.00061330
  0.03292954   0.00059910
  0.03311394   0.00058520
  0.03329834   0.00057180
  0.03348274   0.00055880
  0.03366724   0.00054620
  0.03385174   0.00053410
  0.03403624   0.00052240
  0.03422074   0.00051110
  0.03440534   0.00050030
  0.03458994   0.00048970
  0.03477444   0.00047920
  0.03495904   0.00046880
  0.03514364   0.00045860
  0.03532824   0.00044840
  0.03551294   0.00043840
  0.03569754   0.00042840
  0.03588214   0.00041860
  0.03606674   0.00040890
  0.03625144   0.00039930
  0.03643604   0.00038980
  0.03662074   0.00038050
  0.03680534   0.00037120
  0.03699004   0.00036210
  0.03717464   0.00035300
  0.03735934   0.00034410
  0.03754404   0.00033530
  0.03772874   0.00032670
  0.03791334   0.00031810
  0.03809804   0.00030960
  0.03828274   0.00030130
  0.03846744   0.00029310
  0.03865214   0.00028500
  0.03883694   0.00027700
  0.03902164   0.00026910
  0.03920634   0.00026130
  0.03939104   0.00025360
  0.03957574   0.00024610
  0.03976054   0.00023870
  0.03994524   0.00023130
  0.04013004   0.00022410
  0.04031474   0.00021710
  0.04049954   0.00021010
  0.04068424   0.00020320
  0.04086904   0.00019650
  0.04105384   0.00018980
  0.04123854   0.00018330
  0.04142334   0.00017690
  0.04160814   0.00017060
  0.04179294   0.00016440
  0.04197764   0.00015840
  0.04216244   0.00015240
  0.04234724   0.00014660
  0.04253204   0.00014090
  0.04271684   0.00013530
  0.04290164   0.00012980
  0.04308644   0.00012440
  0.04327124   0.00011910
  0.04345614   0.00011400
  0.04364094   0.00010890
  0.04382574   0.00010400
  0.04401054   0.00009920
  0.04419534   0.00009450
  0.04438024   0.00008990
  0.04456504   0.00008540
  0.04474984   0.00008110
  0.04493474   0.00007680
  0.04511954   0.00007270
  0.04530434   0.00006870
  0.04548924   0.00006480
  0.04567404   0.00006100
  0.04585894   0.00005740
  0.04604374   0.00005380
  0.04622864   0.00005030
  0.04641344   0.00004700
  0.04659834   0.00004380
  0.04678324   0.00004070
  0.04696804   0.00003770
  0.04715294   0.00003480
  0.04733774   0.00003210
  0.04752264   0.00002940
  0.04770754   0.00002690
  0.04789234   0.00002450
  0.04807724   0.00002220
  0.04826214   0.00002000
  0.04844704   0.00001790
  0.04863184   0.00001590
  0.04881674   0.00001410
  0.04900164   0.00001240
  0.04918654   0.00001070
  0.04937134   0.00000920
  0.04955624   0.00000780
  0.04974114   0.00000660
  0.04992604   0.00000540
  0.05011094   0.00000430
  0.05029574   0.00000340
  0.05048064   0.00000260
  0.05066554   0.00000190
  0.05085044   0.00000130
  0.05103534   0.00000080
  0.05122024   0.00000040
  0.05140514   0.00000020
  0.05158994  -0.00000000
  0.05177484  -0.00000000
  0.05195974   0.00000010
  0.05214464   0.00000030
  0.05232954   0.00000060
  0.05251444   0.00000100
  0.05269924   0.00000160
  0.05288414   0.00000220
  0.05306904   0.00000300
  0.05325394   0.00000390
  0.05343884   0.00000490
  0.05362374   0.00000600
  0.05380854   0.00000720
  0.05399344   0.00000860
  0.05417834   0.00001000
  0.05436324   0.00001190
  0.05454804   0.00001420
  0.05473294   0.00001700
  0.05491784   0.00002020
  0.05510264   0.00002380
  0.05528754   0.00002780
  0.05547234   0.00003230
  0.05565714   0.00003720
  0.05584194   0.00004250
  0.05602674   0.00004830
  0.05621154   0.00005440
  0.05639634   0.00006100
  0.05658104   0.00006810
  0.05676574   0.00007550
  0.05695054   0.00008340
  0.05713524   0.00009170
  0.05731984   0.00010050
  0.05750454   0.00010960
  0.05768914   0.00011920
  0.05787374   0.00012920
  0.05805834   0.00013970
  0.05824294   0.00015060
  0.05842744   0.00016190
  0.05861194   0.00017360
  0.05879644   0.00018570
  0.05898094   0.00019830
  0.05916534   0.00021130
  0.05934974   0.00022470
  0.05953414   0.00023860
  0.05971844   0.00025290
  0.05990274   0.00026760
  0.06008704   0.00028270
  0.06027124   0.00029830
  0.06045544   0.00031430
  0.06063964   0.00033070
  0.06082374   0.00034750
  0.06100774   0.00036480
  0.06119184   0.00038250
  0.06137584   0.00040060
  0.06155974   0.00041910
  0.06174364   0.00043810
  0.06192754   0.00045750
  0.06211134   0.00047730
  0.06229514   0.00049750
  0.06247884   0.00051820
  0.06266254   0.00053930
  0.06284614   0.00056080
  0.06302974   0.00058270
  0.06321324   0.00060510
  0.06339674   0.00062790
  0.06358014   0.00065110
  0.06376354   0.00067470
  0.06394684   0.00069880
  0.06413014   0.00072320
  0.06431334   0.00074810
  0.06449644   0.00077350
  0.06467954   0.00079920
  0.06486254   0.00082540
  0.06504554   0.00085200
  0.06522844   0.00087900
  0.06541124   0.00090640
  0.06559404   0.00093430
  0.06577674   0.00096260
  0.06595934   0.00099130
  0.06614194   0.00102040
  0.06632444   0.00105000
  0.06650694   0.00108000
  0.06668924   0.00111040
  0.06687154   0.00114120
  0.06705384   0.00117240
  0.06723594   0.00120410
  0.06741804   0.00123610
  0.06760004   0.00126860
  0.06778194   0.00130160
  0.06796384   0.00133490
  0.06814564   0.00136870
  0.06832734   0.00140290
  0.06850894   0.00143750
  0.06869044   0.00147250
  0.06887194   0.00150790
  0.06905324   0.00154380
  0.06923454   0.00158000
  0.06941574   0.00161670
  0.06959694   0.00165390
  0.06977784   0.00169200
  0.06995814   0.00173270
  0.07013794   0.00177590
  0.07031704   0.00182170
  0.07049554   0.00187000
  0.07067324   0.00192090
  0.07085024   0.00197430
  0.07102654   0.00203010
  0.07120194   0.00208850
  0.07137654   0.00214940
  0.07155014   0.00221280
  0.07172294   0.00227860
  0.07189474   0.00234690
  0.07206564   0.00241760
  0.07223544   0.00249070
  0.07240414   0.00256620
  0.07257184   0.00264420
  0.07273834   0.00272450
  0.07290374   0.00280710
  0.07306794   0.00289220
  0.07323084   0.00297950
  0.07339254   0.00306910
  0.07355294   0.00316110
  0.07371204   0.00325530
  0.07386974   0.00335170
  0.07402614   0.00345040
  0.07418104   0.00355130
  0.07433444   0.00365440
  0.07448644   0.00375970
  0.07463694   0.00386710
  0.07478584   0.00397670
  0.07493324   0.00408830
  0.07507894   0.00420210
  0.07522314   0.00431790
  0.07536554   0.00443570
  0.07550634   0.00455560
  0.07564534   0.00467740
  0.07578264   0.00480120
  0.07591824   0.00492700
  0.07605194   0.00505470
  0.07618384   0.00518420
  0.07631384   0.00531560
  0.07644204   0.00544890
  0.07656834   0.00558390
  0.07669264   0.00572080
  0.07681494   0.00585940
  0.07693534   0.00599970
  0.07705374   0.00614170
  0.07717004   0.00628540
  0.07728434   0.00643080
  0.07739654   0.00657770
  0.07750664   0.00672620
  0.07761464   0.00687630
  0.07772044   0.00702790
  0.07782414   0.00718100
  0.07792564   0.00733550
  0.07802494   0.00749150
  0.07812194   0.00764890
  0.07821674   0.00780760
  0.07830924   0.00796770
  0.07839954   0.00812900
  0.07848744   0.00829160
  0.07857304   0.00845550
  0.07865634   0.00862060
  0.07873724   0.00878680
  0.07881584   0.00895420
  0.07889194   0.00912260
  0.07896574   0.00929220
  0.07903704   0.00946270
  0.07910594   0.00963430
  0.07917244   0.00980680
  0.07923644   0.00998030
  0.07929794   0.01015460
  0.07935704   0.01032980
  0.07941354   0.01050580
  0.07946764   0.01068270
  0.07951914   0.01086020
  0.07956814   0.01103850
  0.07961454   0.01121750
  0.07965844   0.01139700
  0.07969974   0.01157730
  0.07973854   0.01175800
  0.07977474   0.01193930
  0.07980834   0.01212110
  0.07983934   0.01230340
  0.07986784   0.01248610
  0.07989364   0.01266910
  0.07991684   0.01285260
  0.07993744   0.01303630
  0.07995544   0.01322030
  0.07997084   0.01340450
  0.07997224   0.01342370
  0.07997374   0.01344290
  0.07997514   0.01346210
  0.07997664   0.01348130
  0.07997804   0.01350050
  0.07997944   0.01351970
  0.07998094   0.01353890
  0.07998234   0.01355810
  0.07998384   0.01357730
  0.07998524   0.01359650
  0.07998664   0.01361560
  0.07998814   0.01363480
  0.07998954   0.01365400
  0.07999104   0.01367320
  0.07999244   0.01369240
  0.07999394   0.01371160
  0.07999534   0.01373080
  0.07999674   0.01375000
  0.07999824   0.01376920
  0.07999964   0.01378840
  0.08000114   0.01380760
  0.08000254   0.01382670
  0.08000394   0.01384590
  0.08000544   0.01386510
  0.08000684   0.01388430
  0.08000834   0.01390350
  0.08000974   0.01392270
  0.08001114   0.01394190
  0.08001264   0.01396110
  0.08001404   0.01398030
  0.08001554   0.01399950
  0.08001694   0.01401870
  0.08001844   0.01403780
  0.08001984   0.01405700
  0.08002124   0.01407620
  0.08002274   0.01409540
  0.08002414   0.01411460
  0.08002564   0.01413380
  0.08002704   0.01415300
  0.08002844   0.01417220
  0.08002994   0.01419140
  0.08003134   0.01421060
  0.08003284   0.01422980
  0.08003424   0.01424890
  0.08003564   0.01426810
  0.08003714   0.01428730
  0.08003854   0.01430650
  0.08004004   0.01432570
  0.08004144   0.01434490
  0.08004294   0.01436410
  0.08004434   0.01438330
  0.08004574   0.01440250
  0.08004724   0.01442170
  0.08004864   0.01444090
  0.08005014   0.01446000
  0.08005154   0.01447920
  0.08005294   0.01449840
  0.08005444   0.01451760
  0.08005584   0.01453680
  0.08005734   0.01455600
  0.08005874   0.01457520
  0.08006014   0.01459440
  0.08006164   0.01461360
  0.08006304   0.01463280
  0.08006454   0.01465200
  0.08006594   0.01467110
  0.08006744   0.01469030
  0.08006884   0.01470950
  0.08007024   0.01472870
  0.08007174   0.01474790
  0.08007314   0.01476710
  0.08007464   0.01478630
  0.08007604   0.01480550
  0.08007744   0.01482470
  0.08007894   0.01484390
  0.08008034   0.01486310
  0.08008184   0.01488220
  0.08008324   0.01490140
  0.08008464   0.01492060
  0.08008614   0.01493980
  0.08008754   0.01495900
  0.08008904   0.01497820
  0.08009044   0.01499740
  0.08009194   0.01501660
  0.08009334   0.01503580
  0.08009474   0.01505500
  0.08009624   0.01507420
  0.08009764   0.01509330
  0.08009914   0.01511250
  0.08010054   0.01513170
  0.08010194   0.01515090
  0.08010344   0.01517010
  0.08010484   0.01518930
  0.08010634   0.01520850
  0.08010774   0.01522770
  0.08010914   0.01524690
  0.08011064   0.01526610
  0.08011204   0.01528530
  0.08011354   0.01530440
  0.08011494   0.01532360
  0.08011644   0.01534280
  0.08011784   0.01536200
  0.08011924   0.01538120
  0.08012074   0.01540040
  0.08012214   0.01541960
  0.08012364   0.01543880
  0.08012504   0.01545800
  0.08012644   0.01547720
  0.08012794   0.01549640
  0.08012934   0.01551550
  0.08013084   0.01553470
  0.08013224   0.01555390
  0.08013364   0.01557310
  0.08013514   0.01559230
  0.08013654   0.01561150
  0.08013804   0.01563070
  0.08013944   0.01564990
  0.08014084   0.01566910
  0.08014234   0.01568830
  0.08014374   0.01570750
  0.08014524   0.01572660
  0.08014664   0.01574580
  0.08014814   0.01576500
  0.08014954   0.01578420
  0.08015094   0.01580340
  0.08015244   0.01582260
  0.08015384   0.01584180
  0.08015534   0.01586100
  0.08015674   0.01588020
  0.08015814   0.01589940
  0.08015964   0.01591860
  0.08016104   0.01593770
  0.08016254   0.01595690
  0.08016394   0.01597610
  0.08016534   0.01599530
  0.08016684   0.01601450
  0.08016824   0.01603370
  0.08016974   0.01605290
  0.08017114   0.01607210
  0.08017264   0.01609130
  0.08017404   0.01611050
  0.08017544   0.01612970
  0.08017694   0.01614880
  0.08017834   0.01616800
  0.08017984   0.01618720
  0.08018124   0.01620640
  0.08018264   0.01622560
  0.08018414   0.01624480
  0.08018554   0.01626400
  0.08018704   0.01628320
  0.08018844   0.01630240
  0.08018984   0.01632160
  0.08019134   0.01634080
  0.08019274   0.01635990
  0.08019424   0.01637910
  0.08019564   0.01639830
  0.08019714   0.01641750
  0.08019854   0.01643670
  0.08019994   0.01645590
  0.08020144   0.01647510
  0.08020284   0.01649430
  0.08020434   0.01651350
  0.08020574   0.01653270
  0.08020714   0.01655190
  0.08020864   0.01657100
  0.08021004   0.01659020
  0.08021154   0.01660940
  0.08021294   0.01662860
  0.08021434   0.01664780
  0.08021584   0.01666700
  0.08021724   0.01668620
  0.08021874   0.01670540
  0.08022014   0.01672460
  0.08022164   0.01674380
  0.08022304   0.01676300
  0.08022444   0.01678210
  0.08022594   0.01680130
  0.08022734   0.01682050
  0.08022884   0.01683970
  0.08023024   0.01685890
  0.08023164   0.01687810
  0.08023314   0.01689730
  0.08023454   0.01691650
  0.08023604   0.01693570
  0.08023744   0.01695490
  0.08023884   0.01697410
  0.08024034   0.01699320
  0.08024174   0.01701240
  0.08024324   0.01703160
  0.08024464   0.01705080
  0.08024614   0.01707000
  0.08024754   0.01708920
  0.08024894   0.01710840
  0.08025044   0.01712760
  0.08025184   0.01714680
  0.08025334   0.01716600
  0.08025474   0.01718520
  0.08025614   0.01720430
  0.08025764   0.01722350
  0.08025904   0.01724270
  0.08026054   0.01726190
  0.08026194   0.01728110
  0.08026334   0.01730030
  0.08026484   0.01731950
  0.08026624   0.01733870
  0.08026774   0.01735790
  0.08026914   0.01737710
  0.08027064   0.01739630
  0.08027204   0.01741540
  0.08027344   0.01743460
  0.08027494   0.01745380
  0.08027634   0.01747300
  0.08027784   0.01749220
  0.08027924   0.01751140
  0.08028064   0.01753060
  0.08028214   0.01754980
  0.08028354   0.01756900
  0.08028504   0.01758820
  0.08028644   0.01760740
  0.08028784   0.01762650
  0.08028934   0.01764570
  0.08029074   0.01766490
  0.08029224   0.01768410
  0.08029364   0.01770330
  0.08029504   0.01772250
  0.08029654   0.01774170
  0.08029794   0.01776090
  0.08029944   0.01778010
  0.08030084   0.01779930
  0.08030234   0.01781850
  0.08030374   0.01783760
  0.08030514   0.01785680
  0.08030664   0.01787600
  0.08030804   0.01789520
  0.08030954   0.01791440
  0.08031094   0.01793360
  0.08031234   0.01795280
  0.08031384   0.01797200
  0.08031524   0.01799120
  0.08031674   0.01801040
  0.08031814   0.01802960
  0.08031954   0.01804870
  0.08032104   0.01806790
  0.08032244   0.01808710
  0.08032394   0.01810630
  0.08032534   0.01812550
  0.08032684   0.01814470
  0.08032824   0.01816390
  0.08032964   0.01818310
  0.08033114   0.01820230
  0.08033254   0.01822150
  0.08033404   0.01824070
  0.08033544   0.01825980
  0.08033684   0.01827900
  0.08033834   0.01829820
  0.08033974   0.01831740
  0.08034124   0.01833660
  0.08034264   0.01835580
  0.08034404   0.01837500
  0.08034554   0.01839420
  0.08034694   0.01841340
  0.08034844   0.01843260
  0.08034984   0.01845180
  0.08035134   0.01847090
  0.08035274   0.01849010
  0.08035414   0.01850930
  0.08035564   0.01852850
  0.08035704   0.01854770
  0.08035854   0.01856690
  0.08035994   0.01858610
  0.08036134   0.01860530
  0.08036284   0.01862450
  0.08036424   0.01864370
  0.08036574   0.01866290
  0.08036714   0.01868200
  0.08036854   0.01870120
  0.08037004   0.01872040
  0.08037144   0.01873960
  0.08037294   0.01875880
  0.08037434   0.01877800
  0.08037584   0.01879720
  0.08037724   0.01881640
  0.08037864   0.01883560
  0.08038014   0.01885480
  0.08038154   0.01887400
  0.08038304   0.01889310
  0.08038444   0.01891230
  0.08038584   0.01893150
  0.08038734   0.01895070
  0.08038874   0.01896990
  0.08039024   0.01898910
  0.08039164   0.01900830
  0.08039304   0.01902750
  0.08039454   0.01904670
  0.08039594   0.01906590
  0.08039744   0.01908510
  0.08039884   0.01910420
  0.08040034   0.01912340
  0.08040174   0.01914260
  0.08040314   0.01916180
  0.08040464   0.01918100
  0.08040604   0.01920020
  0.08040754   0.01921940
  0.08040894   0.01923860
  0.08041034   0.01925780
  0.08041184   0.01927700
  0.08041324   0.01929620
  0.08041474   0.01931530
  0.08041614   0.01933450
  0.08041754   0.01935370
  0.08041904   0.01937290
  0.08042044   0.01939210
  0.08042194   0.01941130
  0.08042334   0.01943050
  0.08042474   0.01944970
  0.08042624   0.01946890
  0.08042764   0.01948810
  0.08042914   0.01950730
  0.08043054   0.01952640
  0.08043204   0.01954560
  0.08043344   0.01956480
  0.08043484   0.01958400
  0.08043634   0.01960320
  0.08043774   0.01962240
  0.08043924   0.01964160
  0.08044064   0.01966080
  0.08044204   0.01968000
  0.08044354   0.01969920
  0.08044494   0.01971840
  0.08044644   0.01973750
  0.08044784   0.01975670
  0.08044924   0.01977590
  0.08045074   0.01979510
  0.08045214   0.01981430
  0.08045364   0.01983350
  0.08045504   0.01985270
  0.08045654   0.01987190
  0.08045794   0.01989110
  0.08045934   0.01991030
  0.08046084   0.01992950
  0.08046224   0.01994860
  0.08046374   0.01996780
  0.08046514   0.01998700
  0.08046654   0.02000620
  0.08046804   0.02002540
  0.08046944   0.02004460
  0.08047094   0.02006380
  0.08047234   0.02008300
  0.08047374   0.02010220
  0.08047524   0.02012140
  0.08047664   0.02014060
  0.08047814   0.02015970
  0.08047954   0.02017890
  0.08048104   0.02019810
  0.08048244   0.02021730
  0.08048384   0.02023650
  0.08048534   0.02025570
  0.08048674   0.02027490
  0.08048824   0.02029410
  0.08048964   0.02031330
  0.08049104   0.02033250
  0.08049254   0.02035170
  0.08049394   0.02037080
  0.08049544   0.02039000
  0.08049684   0.02040920
  0.08049824   0.02042840
  0.08049974   0.02044760
  0.08050114   0.02046680
  0.08050264   0.02048600
  0.08050404   0.02050520
  0.08050554   0.02052440
  0.08050694   0.02054360
  0.08050834   0.02056280
  0.08050984   0.02058190
  0.08051124   0.02060110
  0.08051274   0.02062030
  0.08051414   0.02063950
  0.08051554   0.02065870
  0.08051704   0.02067790
  0.08051844   0.02069710
  0.08051994   0.02071630
  0.08052134   0.02073550
  0.08052274   0.02075470
  0.08052424   0.02077390
  0.08052564   0.02079300
  0.08052714   0.02081220
  0.08052854   0.02083140
  0.08053004   0.02085060
  0.08053144   0.02086980
  0.08053284   0.02088900
  0.08053434   0.02090820
  0.08053574   0.02092740
  0.08053724   0.02094660
  0.08053864   0.02096580
  0.08054004   0.02098500
  0.08054154   0.02100410
  0.08054294   0.02102330
  0.08054444   0.02104250
  0.08054584   0.02106170
  0.08054724   0.02108090
  0.08054874   0.02110010
  0.08055014   0.02111930
  0.08055164   0.02113850
  0.08055304   0.02115770
  0.08055454   0.02117690
  0.08055594   0.02119610
  0.08055734   0.02121520
  0.08055884   0.02123440
  0.08056024   0.02125360
  0.08056174   0.02127280
  0.08056314   0.02129200
  0.08056454   0.02131120
  0.08056604   0.02133040
  0.08056744   0.02134960
  0.08056894   0.02136880
  0.08057034   0.02138800
  0.08057174   0.02140720
  0.08057324   0.02142630
  0.08057464   0.02144550
  0.08057614   0.02146470
  0.08057754   0.02148390
  0.08057894   0.02150310
  0.08058044   0.02152230
  0.08058184   0.02154150
  0.08058334   0.02156070
  0.08058474   0.02157990
  0.08058624   0.02159910
  0.08058764   0.02161830
  0.08058904   0.02163740
  0.08059054   0.02165660
  0.08059194   0.02167580
  0.08059344   0.02169500
  0.08059484   0.02171420
  0.08059624   0.02173340
  0.08059774   0.02175260
  0.08059914   0.02177180
  0.08060064   0.02179100
  0.08060204   0.02181020
  0.08060344   0.02182940
  0.08060494   0.02184850
  0.08060634   0.02186770
  0.08060784   0.02188690
  0.08060924   0.02190610
  0.08061074   0.02192530
  0.08061214   0.02194450
  0.08061354   0.02196370
  0.08061504   0.02198290
  0.08061644   0.02200210
  0.08061794   0.02202130
  0.08061934   0.02204050
  0.08062074   0.02205960
  0.08062224   0.02207880
  0.08062364   0.02209800
  0.08062514   0.02211720
  0.08062654   0.02213640
  0.08062794   0.02215560
  0.08062944   0.02217480
  0.08063084   0.02219400
  0.08063234   0.02221320
  0.08063374   0.02223240
  0.08063524   0.02225160
  0.08063664   0.02227070
  0.08063804   0.02228990
  0.08063954   0.02230910
  0.08064094   0.02232830
  0.08064244   0.02234750
  0.08064384   0.02236670
  0.08064524   0.02238590
  0.08064674   0.02240510
  0.08064814   0.02242430
  0.08064964   0.02244350
  0.08065104   0.02246270
  0.08065244   0.02248180
  0.08065394   0.02250100
  0.08065534   0.02252020
  0.08065684   0.02253940
  0.08065824   0.02255860
  0.08065974   0.02257780
  0.08066114   0.02259700
  0.08066254   0.02261620
  0.08066404   0.02263540
  0.08066544   0.02265460
  0.08066694   0.02267380
  0.08066834   0.02269290
  0.08066974   0.02271210
  0.08067124   0.02273130
  0.08067264   0.02275050
  0.08067414   0.02276970
  0.08067554   0.02278890
  0.08067694   0.02280810
  0.08067844   0.02282730
  0.08067984   0.02284650
  0.08068134   0.02286570
  0.08068274   0.02288490
  0.08068424   0.02290400
  0.08068564   0.02292320
  0.08068704   0.02294240
  0.08068854   0.02296160
  0.08068994   0.02298080
  0.08069144   0.02300000
