  0.07927248   0.02262488
  0.07927708   0.02244008
  0.07928168   0.02225518
  0.07928638   0.02207038
  0.07929098   0.02188558
  0.07929558   0.02170078
  0.07930018   0.02151588
  0.07930478   0.02133108
  0.07930938   0.02114628
  0.07931398   0.02096148
  0.07931868   0.02077658
  0.07932328   0.02059178
  0.07932788   0.02040698
  0.07933248   0.02022208
  0.07933708   0.02003728
  0.07934168   0.01985248
  0.07934628   0.01966768
  0.07935098   0.01948278
  0.07935558   0.01929798
  0.07936018   0.01911318
  0.07936478   0.01892838
  0.07936938   0.01874348
  0.07937398   0.01855868
  0.07937858   0.01837388
  0.07938328   0.01818898
  0.07938788   0.01800418
  0.07939248   0.01781938
  0.07939708   0.01763458
  0.07940168   0.01744968
  0.07940628   0.01726488
  0.07941098   0.01708008
  0.07941558   0.01689528
  0.07942018   0.01671038
  0.07942478   0.01652558
  0.07942938   0.01634078
  0.07943398   0.01615588
  0.07943858   0.01597108
  0.07944328   0.01578628
  0.07944788   0.01560148
  0.07945248   0.01541658
  0.07945708   0.01523178
  0.07946168   0.01504698
  0.07946628   0.01486218
  0.07947168   0.01467728
  0.07947948   0.01449258
  0.07948998   0.01430798
  0.07950318   0.01412358
  0.07951888   0.01393938
  0.07953728   0.01375548
  0.07955828   0.01357178
  0.07958188   0.01338838
  0.07960808   0.01320538
  0.07963688   0.01302268
  0.07966828   0.01284048
  0.07970218   0.01265878
  0.07973878   0.01247758
  0.07977788   0.01229688
  0.07981968   0.01211678
  0.07986388   0.01193728
  0.07991068   0.01175838
  0.07996008   0.01158018
  0.08001188   0.01140278
  0.08006628   0.01122608
  0.08012318   0.01105018
  0.08018258   0.01087508
  0.08024448   0.01070088
  0.08030888   0.01052748
  0.08037568   0.01035508
  0.08044488   0.01018368
  0.08051658   0.01001328
  0.08059068   0.00984388
  0.08066718   0.00967558
  0.08074608   0.00950838
  0.08082738   0.00934228
  0.08091098   0.00917738
  0.08099688   0.00901378
  0.08108518   0.00885128
  0.08117578   0.00869008
  0.08126858   0.00853018
  0.08136378   0.00837168
  0.08146108   0.00821448
  0.08156068   0.00805878
  0.08166248   0.00790438
  0.08176648   0.00775158
  0.08187258   0.00760018
  0.08198088   0.00745028
  0.08209128   0.00730198
  0.08220378   0.00715528
  0.08231838   0.00701018
  0.08243498   0.00686678
  0.08255368   0.00672498
  0.08267428   0.00658488
  0.08279698   0.00644648
  0.08292158   0.00630998
  0.08304808   0.00617508
  0.08317648   0.00604218
  0.08330688   0.00591098
  0.08343898   0.00578168
  0.08357298   0.00565428
  0.08370878   0.00552878
  0.08384628   0.00540528
  0.08398558   0.00528368
  0.08412668   0.00516418
  0.08426938   0.00504658
  0.08441368   0.00493108
  0.08455968   0.00481768
  0.08470728   0.00470628
  0.08485638   0.00459708
  0.08500708   0.00448988
  0.08515928   0.00438498
  0.08531298   0.00428218
  0.08546808   0.00418158
  0.08562468   0.00408318
  0.08578258   0.00398708
  0.08594188   0.00389318
  0.08610238   0.00380158
  0.08626428   0.00371228
  0.08642748   0.00362528
  0.08659178   0.00354058
  0.08675728   0.00345828
  0.08692398   0.00337828
  0.08709188   0.00330068
  0.08726078   0.00322548
  0.08743068   0.00315268
  0.08760168   0.00308238
  0.08777358   0.00301438
  0.08794648   0.00294898
  0.08812038   0.00288598
  0.08829508   0.00282538
  0.08847058   0.00276738
  0.08864688   0.00271188
  0.08882408   0.00265888
  0.08900188   0.00260838
  0.08918048   0.00256038
  0.08935948   0.00251408
  0.08953858   0.00246828
  0.08971778   0.00242288
  0.08989708   0.00237778
  0.09007648   0.00233318
  0.09025608   0.00228898
  0.09043568   0.00224528
  0.09061538   0.00220188
  0.09079518   0.00215898
  0.09097518   0.00211638
  0.09115518   0.00207428
  0.09133528   0.00203258
  0.09151548   0.00199128
  0.09169578   0.00195048
  0.09187628   0.00190998
  0.09205678   0.00186998
  0.09223728   0.00183038
  0.09241798   0.00179118
  0.09259878   0.00175238
  0.09277968   0.00171408
  0.09296058   0.00167608
  0.09314158   0.00163858
  0.09332278   0.00160148
  0.09350398   0.00156478
  0.09368528   0.00152848
  0.09386658   0.00149268
  0.09404808   0.00145728
  0.09422958   0.00142228
  0.09441128   0.00138768
  0.09459298   0.00135348
  0.09477468   0.00131968
  0.09495658   0.00128638
  0.09513848   0.00125348
  0.09532048   0.00122098
  0.09550258   0.00118888
  0.09568478   0.00115728
  0.09586698   0.00112608
  0.09604928   0.00109528
  0.09623168   0.00106488
  0.09641408   0.00103488
  0.09659658   0.00100538
  0.09677918   0.00097628
  0.09696188   0.00094758
  0.09714458   0.00091928
  0.09732728   0.00089138
  0.09751018   0.00086398
  0.09769308   0.00083698
  0.09787598   0.00081038
  0.09805908   0.00078428
  0.09824218   0.00075848
  0.09842528   0.00073318
  0.09860848   0.00070828
  0.09879178   0.00068388
  0.09897508   0.00065978
  0.09915838   0.00063618
  0.09934188   0.00061298
  0.09952528   0.00059018
  0.09970888   0.00056788
  0.09989238   0.00054588
  0.10007608   0.00052438
  0.10025978   0.00050338
  0.10044348   0.00048268
  0.10062728   0.00046248
  0.10081108   0.00044268
  0.10099498   0.00042328
  0.10117888   0.00040438
  0.10136278   0.00038578
  0.10154678   0.00036768
  0.10173078   0.00035008
  0.10191488   0.00033278
  0.10209898   0.00031598
  0.10228318   0.00029958
  0.10246738   0.00028358
  0.10265158   0.00026808
  0.10283588   0.00025288
  0.10302018   0.00023818
  0.10320448   0.00022398
  0.10338888   0.00021008
  0.10357328   0.00019668
  0.10375768   0.00018368
  0.10394218   0.00017108
  0.10412668   0.00015898
  0.10431118   0.00014728
  0.10449568   0.00013598
  0.10468028   0.00012518
  0.10486488   0.00011458
  0.10504938   0.00010408
  0.10523398   0.00009368
  0.10541858   0.00008348
  0.10560318   0.00007328
  0.10578788   0.00006328
  0.10597248   0.00005328
  0.10615708   0.00004348
  0.10634168   0.00003378
  0.10652638   0.00002418
  0.10671098   0.00001468
  0.10689568   0.00000538
  0.10708028  -0.00000392
  0.10726498  -0.00001302
  0.10744958  -0.00002212
  0.10763428  -0.00003102
  0.10781898  -0.00003982
  0.10800368  -0.00004842
  0.10818828  -0.00005702
  0.10837298  -0.00006552
  0.10855768  -0.00007382
  0.10874238  -0.00008202
  0.10892708  -0.00009012
  0.10911188  -0.00009812
  0.10929658  -0.00010602
  0.10948128  -0.00011382
  0.10966598  -0.00012152
  0.10985068  -0.00012902
  0.11003548  -0.00013642
  0.11022018  -0.00014382
  0.11040498  -0.00015102
  0.11058968  -0.00015802
  0.11077448  -0.00016502
  0.11095918  -0.00017192
  0.11114398  -0.00017862
  0.11132878  -0.00018532
  0.11151348  -0.00019182
  0.11169828  -0.00019822
  0.11188308  -0.00020452
  0.11206788  -0.00021072
  0.11225258  -0.00021672
  0.11243738  -0.00022272
  0.11262218  -0.00022852
  0.11280698  -0.00023422
  0.11299178  -0.00023982
  0.11317658  -0.00024532
  0.11336138  -0.00025072
  0.11354618  -0.00025602
  0.11373108  -0.00026112
  0.11391588  -0.00026622
  0.11410068  -0.00027112
  0.11428548  -0.00027592
  0.11447028  -0.00028062
  0.11465518  -0.00028522
  0.11483998  -0.00028972
  0.11502478  -0.00029402
  0.11520968  -0.00029832
  0.11539448  -0.00030242
  0.11557928  -0.00030642
  0.11576418  -0.00031032
  0.11594898  -0.00031412
  0.11613388  -0.00031772
  0.11631868  -0.00032132
  0.11650358  -0.00032482
  0.11668838  -0.00032812
  0.11687328  -0.00033132
  0.11705818  -0.00033442
  0.11724298  -0.00033742
  0.11742788  -0.00034032
  0.11761268  -0.00034302
  0.11779758  -0.00034572
  0.11798248  -0.00034822
  0.11816728  -0.00035062
  0.11835218  -0.00035292
  0.11853708  -0.00035512
  0.11872198  -0.00035722
  0.11890678  -0.00035922
  0.11909168  -0.00036102
  0.11927658  -0.00036272
  0.11946148  -0.00036442
  0.11964628  -0.00036592
  0.11983118  -0.00036732
  0.12001608  -0.00036852
  0.12020098  -0.00036972
  0.12038588  -0.00037082
  0.12057068  -0.00037172
  0.12075558  -0.00037252
  0.12094048  -0.00037322
  0.12112538  -0.00037382
  0.12131028  -0.00037432
  0.12149518  -0.00037472
  0.12168008  -0.00037492
  0.12186488  -0.00037512
  0.12204978  -0.00037512
  0.12223468  -0.00037502
  0.12241958  -0.00037482
  0.12260448  -0.00037452
  0.12278938  -0.00037412
  0.12297418  -0.00037352
  0.12315908  -0.00037292
  0.12334398  -0.00037212
  0.12352888  -0.00037122
  0.12371378  -0.00037022
  0.12389868  -0.00036912
  0.12408348  -0.00036792
  0.12426838  -0.00036652
  0.12445328  -0.00036512
  0.12463818  -0.00036322
  0.12482298  -0.00036092
  0.12500788  -0.00035812
  0.12519278  -0.00035492
  0.12537758  -0.00035132
  0.12556248  -0.00034732
  0.12574728  -0.00034282
  0.12593208  -0.00033792
  0.12611688  -0.00033262
  0.12630168  -0.00032682
  0.12648648  -0.00032072
  0.12667128  -0.00031412
  0.12685598  -0.00030702
  0.12704068  -0.00029962
  0.12722548  -0.00029172
  0.12741018  -0.00028342
  0.12759478  -0.00027462
  0.12777948  -0.00026552
  0.12796408  -0.00025592
  0.12814868  -0.00024592
  0.12833328  -0.00023542
  0.12851788  -0.00022452
  0.12870238  -0.00021322
  0.12888688  -0.00020152
  0.12907138  -0.00018942
  0.12925588  -0.00017682
  0.12944028  -0.00016382
  0.12962468  -0.00015042
  0.12980908  -0.00013652
  0.12999338  -0.00012222
  0.13017768  -0.00010752
  0.13036198  -0.00009242
  0.13054618  -0.00007682
  0.13073038  -0.00006082
  0.13091458  -0.00004442
  0.13109868  -0.00002762
  0.13128268  -0.00001032
  0.13146678   0.00000738
  0.13165078   0.00002548
  0.13183468   0.00004398
  0.13201858   0.00006298
  0.13220248   0.00008238
  0.13238628   0.00010218
  0.13257008   0.00012238
  0.13275378   0.00014308
  0.13293748   0.00016418
  0.13312108   0.00018568
  0.13330468   0.00020758
  0.13348818   0.00022998
  0.13367168   0.00025278
  0.13385508   0.00027598
  0.13403848   0.00029958
  0.13422178   0.00032368
  0.13440508   0.00034808
  0.13458828   0.00037298
  0.13477138   0.00039838
  0.13495448   0.00042408
  0.13513748   0.00045028
  0.13532048   0.00047688
  0.13550338   0.00050388
  0.13568618   0.00053128
  0.13586898   0.00055918
  0.13605168   0.00058748
  0.13623428   0.00061618
  0.13641688   0.00064528
  0.13659938   0.00067488
  0.13678188   0.00070488
  0.13696418   0.00073528
  0.13714648   0.00076608
  0.13732878   0.00079728
  0.13751088   0.00082898
  0.13769298   0.00086098
  0.13787498   0.00089348
  0.13805688   0.00092648
  0.13823878   0.00095978
  0.13842058   0.00099358
  0.13860228   0.00102778
  0.13878388   0.00106238
  0.13896538   0.00109738
  0.13914688   0.00113278
  0.13932818   0.00116868
  0.13950948   0.00120488
  0.13969068   0.00124158
  0.13987188   0.00127878
  0.14005278   0.00131688
  0.14023308   0.00135758
  0.14041288   0.00140078
  0.14059198   0.00144658
  0.14077048   0.00149488
  0.14094818   0.00154578
  0.14112518   0.00159918
  0.14130148   0.00165498
  0.14147688   0.00171338
  0.14165148   0.00177428
  0.14182508   0.00183768
  0.14199788   0.00190348
  0.14216968   0.00197178
  0.14234058   0.00204248
  0.14251038   0.00211558
  0.14267908   0.00219108
  0.14284678   0.00226908
  0.14301328   0.00234938
  0.14317868   0.00243198
  0.14334288   0.00251708
  0.14350578   0.00260438
  0.14366748   0.00269398
  0.14382788   0.00278598
  0.14398698   0.00288018
  0.14414468   0.00297658
  0.14430108   0.00307528
  0.14445598   0.00317618
  0.14460938   0.00327928
  0.14476138   0.00338458
  0.14491188   0.00349198
  0.14506078   0.00360158
  0.14520818   0.00371318
  0.14535388   0.00382698
  0.14549808   0.00394278
  0.14564048   0.00406058
  0.14578128   0.00418048
  0.14592028   0.00430228
  0.14605758   0.00442608
  0.14619318   0.00455188
  0.14632688   0.00467958
  0.14645878   0.00480908
  0.14658878   0.00494048
  0.14671698   0.00507378
  0.14684328   0.00520878
  0.14696758   0.00534568
  0.14708988   0.00548428
  0.14721028   0.00562458
  0.14732868   0.00576658
  0.14744498   0.00591028
  0.14755928   0.00605568
  0.14767148   0.00620258
  0.14778158   0.00635108
  0.14788958   0.00650118
  0.14799538   0.00665278
  0.14809908   0.00680588
  0.14820058   0.00696038
  0.14829988   0.00711638
  0.14839688   0.00727378
  0.14849168   0.00743248
  0.14858418   0.00759258
  0.14867448   0.00775388
  0.14876238   0.00791648
  0.14884798   0.00808038
  0.14893128   0.00824548
  0.14901218   0.00841168
  0.14909078   0.00857908
  0.14916688   0.00874748
  0.14924068   0.00891708
  0.14931198   0.00908758
  0.14938088   0.00925918
  0.14944738   0.00943168
  0.14951138   0.00960518
  0.14957288   0.00977948
  0.14963198   0.00995468
  0.14968848   0.01013068
  0.14974258   0.01030758
  0.14979408   0.01048508
  0.14984308   0.01066338
  0.14988948   0.01084238
  0.14993338   0.01102188
  0.14997468   0.01120218
  0.15001348   0.01138288
  0.15004968   0.01156418
  0.15008328   0.01174598
  0.15011428   0.01192828
  0.15014278   0.01211098
  0.15016858   0.01229398
  0.15019178   0.01247748
  0.15021238   0.01266118
  0.15023038   0.01284518
  0.15024578   0.01302938
  0.15024718   0.01304858
  0.15024868   0.01306778
  0.15025008   0.01308698
  0.15025158   0.01310618
  0.15025298   0.01312538
  0.15025438   0.01314458
  0.15025588   0.01316378
  0.15025728   0.01318298
  0.15025878   0.01320218
  0.15026018   0.01322138
  0.15026158   0.01324048
  0.15026308   0.01325968
  0.15026448   0.01327888
  0.15026598   0.01329808
  0.15026738   0.01331728
  0.15026888   0.01333648
  0.15027028   0.01335568
  0.15027168   0.01337488
  0.15027318   0.01339408
  0.15027458   0.01341328
  0.15027608   0.01343248
  0.15027748   0.01345158
  0.15027888   0.01347078
  0.15028038   0.01348998
  0.15028178   0.01350918
  0.15028328   0.01352838
  0.15028468   0.01354758
  0.15028608   0.01356678
  0.15028758   0.01358598
  0.15028898   0.01360518
  0.15029048   0.01362438
  0.15029188   0.01364358
  0.15029338   0.01366268
  0.15029478   0.01368188
  0.15029618   0.01370108
  0.15029768   0.01372028
  0.15029908   0.01373948
  0.15030058   0.01375868
  0.15030198   0.01377788
  0.15030338   0.01379708
  0.15030488   0.01381628
  0.15030628   0.01383548
  0.15030778   0.01385468
  0.15030918   0.01387378
  0.15031058   0.01389298
  0.15031208   0.01391218
  0.15031348   0.01393138
  0.15031498   0.01395058
  0.15031638   0.01396978
  0.15031788   0.01398898
  0.15031928   0.01400818
  0.15032068   0.01402738
  0.15032218   0.01404658
  0.15032358   0.01406578
  0.15032508   0.01408488
  0.15032648   0.01410408
  0.15032788   0.01412328
  0.15032938   0.01414248
  0.15033078   0.01416168
  0.15033228   0.01418088
  0.15033368   0.01420008
  0.15033508   0.01421928
  0.15033658   0.01423848
  0.15033798   0.01425768
  0.15033948   0.01427688
  0.15034088   0.01429598
  0.15034238   0.01431518
  0.15034378   0.01433438
  0.15034518   0.01435358
  0.15034668   0.01437278
  0.15034808   0.01439198
  0.15034958   0.01441118
  0.15035098   0.01443038
  0.15035238   0.01444958
  0.15035388   0.01446878
  0.15035528   0.01448798
  0.15035678   0.01450708
  0.15035818   0.01452628
  0.15035958   0.01454548
  0.15036108   0.01456468
  0.15036248   0.01458388
  0.15036398   0.01460308
  0.15036538   0.01462228
  0.15036688   0.01464148
  0.15036828   0.01466068
  0.15036968   0.01467988
  0.15037118   0.01469908
  0.15037258   0.01471818
  0.15037408   0.01473738
  0.15037548   0.01475658
  0.15037688   0.01477578
  0.15037838   0.01479498
  0.15037978   0.01481418
  0.15038128   0.01483338
  0.15038268   0.01485258
  0.15038408   0.01487178
  0.15038558   0.01489098
  0.15038698   0.01491018
  0.15038848   0.01492928
  0.15038988   0.01494848
  0.15039138   0.01496768
  0.15039278   0.01498688
  0.15039418   0.01500608
  0.15039568   0.01502528
  0.15039708   0.01504448
  0.15039858   0.01506368
  0.15039998   0.01508288
  0.15040138   0.01510208
  0.15040288   0.01512128
  0.15040428   0.01514038
  0.15040578   0.01515958
  0.15040718   0.01517878
  0.15040858   0.01519798
  0.15041008   0.01521718
  0.15041148   0.01523638
  0.15041298   0.01525558
  0.15041438   0.01527478
  0.15041578   0.01529398
  0.15041728   0.01531318
  0.15041868   0.01533238
  0.15042018   0.01535148
  0.15042158   0.01537068
  0.15042308   0.01538988
  0.15042448   0.01540908
  0.15042588   0.01542828
  0.15042738   0.01544748
  0.15042878   0.01546668
  0.15043028   0.01548588
  0.15043168   0.01550508
  0.15043308   0.01552428
  0.15043458   0.01554348
  0.15043598   0.01556258
  0.15043748   0.01558178
  0.15043888   0.01560098
  0.15044028   0.01562018
  0.15044178   0.01563938
  0.15044318   0.01565858
  0.15044468   0.01567778
  0.15044608   0.01569698
  0.15044758   0.01571618
  0.15044898   0.01573538
  0.15045038   0.01575458
  0.15045188   0.01577368
  0.15045328   0.01579288
  0.15045478   0.01581208
  0.15045618   0.01583128
  0.15045758   0.01585048
  0.15045908   0.01586968
  0.15046048   0.01588888
  0.15046198   0.01590808
  0.15046338   0.01592728
  0.15046478   0.01594648
  0.15046628   0.01596568
  0.15046768   0.01598478
  0.15046918   0.01600398
  0.15047058   0.01602318
  0.15047208   0.01604238
  0.15047348   0.01606158
  0.15047488   0.01608078
  0.15047638   0.01609998
  0.15047778   0.01611918
  0.15047928   0.01613838
  0.15048068   0.01615758
  0.15048208   0.01617678
  0.15048358   0.01619588
  0.15048498   0.01621508
  0.15048648   0.01623428
  0.15048788   0.01625348
  0.15048928   0.01627268
  0.15049078   0.01629188
  0.15049218   0.01631108
  0.15049368   0.01633028
  0.15049508   0.01634948
  0.15049658   0.01636868
  0.15049798   0.01638788
  0.15049938   0.01640698
  0.15050088   0.01642618
  0.15050228   0.01644538
  0.15050378   0.01646458
  0.15050518   0.01648378
  0.15050658   0.01650298
  0.15050808   0.01652218
  0.15050948   0.01654138
  0.15051098   0.01656058
  0.15051238   0.01657978
  0.15051378   0.01659898
  0.15051528   0.01661808
  0.15051668   0.01663728
  0.15051818   0.01665648
  0.15051958   0.01667568
  0.15052108   0.01669488
  0.15052248   0.01671408
  0.15052388   0.01673328
  0.15052538   0.01675248
  0.15052678   0.01677168
  0.15052828   0.01679088
  0.15052968   0.01681008
  0.15053108   0.01682918
  0.15053258   0.01684838
  0.15053398   0.01686758
  0.15053548   0.01688678
  0.15053688   0.01690598
  0.15053828   0.01692518
  0.15053978   0.01694438
  0.15054118   0.01696358
  0.15054268   0.01698278
  0.15054408   0.01700198
  0.15054558   0.01702118
  0.15054698   0.01704028
  0.15054838   0.01705948
  0.15054988   0.01707868
  0.15055128   0.01709788
  0.15055278   0.01711708
  0.15055418   0.01713628
  0.15055558   0.01715548
  0.15055708   0.01717468
  0.15055848   0.01719388
  0.15055998   0.01721308
  0.15056138   0.01723228
  0.15056278   0.01725138
  0.15056428   0.01727058
  0.15056568   0.01728978
  0.15056718   0.01730898
  0.15056858   0.01732818
  0.15056998   0.01734738
  0.15057148   0.01736658
  0.15057288   0.01738578
  0.15057438   0.01740498
  0.15057578   0.01742418
  0.15057728   0.01744338
  0.15057868   0.01746248
  0.15058008   0.01748168
  0.15058158   0.01750088
  0.15058298   0.01752008
  0.15058448   0.01753928
  0.15058588   0.01755848
  0.15058728   0.01757768
  0.15058878   0.01759688
  0.15059018   0.01761608
  0.15059168   0.01763528
  0.15059308   0.01765448
  0.15059448   0.01767358
  0.15059598   0.01769278
  0.15059738   0.01771198
  0.15059888   0.01773118
  0.15060028   0.01775038
  0.15060178   0.01776958
  0.15060318   0.01778878
  0.15060458   0.01780798
  0.15060608   0.01782718
  0.15060748   0.01784638
  0.15060898   0.01786558
  0.15061038   0.01788468
  0.15061178   0.01790388
  0.15061328   0.01792308
  0.15061468   0.01794228
  0.15061618   0.01796148
  0.15061758   0.01798068
  0.15061898   0.01799988
  0.15062048   0.01801908
  0.15062188   0.01803828
  0.15062338   0.01805748
  0.15062478   0.01807668
  0.15062628   0.01809578
  0.15062768   0.01811498
  0.15062908   0.01813418
  0.15063058   0.01815338
  0.15063198   0.01817258
  0.15063348   0.01819178
  0.15063488   0.01821098
  0.15063628   0.01823018
  0.15063778   0.01824938
  0.15063918   0.01826858
  0.15064068   0.01828778
  0.15064208   0.01830688
  0.15064348   0.01832608
  0.15064498   0.01834528
  0.15064638   0.01836448
  0.15064788   0.01838368
  0.15064928   0.01840288
  0.15065078   0.01842208
  0.15065218   0.01844128
  0.15065358   0.01846048
  0.15065508   0.01847968
  0.15065648   0.01849888
  0.15065798   0.01851798
  0.15065938   0.01853718
  0.15066078   0.01855638
  0.15066228   0.01857558
  0.15066368   0.01859478
  0.15066518   0.01861398
  0.15066658   0.01863318
  0.15066798   0.01865238
  0.15066948   0.01867158
  0.15067088   0.01869078
  0.15067238   0.01870998
  0.15067378   0.01872908
  0.15067528   0.01874828
  0.15067668   0.01876748
  0.15067808   0.01878668
  0.15067958   0.01880588
  0.15068098   0.01882508
  0.15068248   0.01884428
  0.15068388   0.01886348
  0.15068528   0.01888268
  0.15068678   0.01890188
  0.15068818   0.01892108
  0.15068968   0.01894018
  0.15069108   0.01895938
  0.15069248   0.01897858
  0.15069398   0.01899778
  0.15069538   0.01901698
  0.15069688   0.01903618
  0.15069828   0.01905538
  0.15069968   0.01907458
  0.15070118   0.01909378
  0.15070258   0.01911298
  0.15070408   0.01913218
  0.15070548   0.01915128
  0.15070698   0.01917048
  0.15070838   0.01918968
  0.15070978   0.01920888
  0.15071128   0.01922808
  0.15071268   0.01924728
  0.15071418   0.01926648
  0.15071558   0.01928568
  0.15071698   0.01930488
  0.15071848   0.01932408
  0.15071988   0.01934328
  0.15072138   0.01936238
  0.15072278   0.01938158
  0.15072418   0.01940078
  0.15072568   0.01941998
  0.15072708   0.01943918
  0.15072858   0.01945838
  0.15072998   0.01947758
  0.15073148   0.01949678
  0.15073288   0.01951598
  0.15073428   0.01953518
  0.15073578   0.01955438
  0.15073718   0.01957348
  0.15073868   0.01959268
  0.15074008   0.01961188
  0.15074148   0.01963108
  0.15074298   0.01965028
  0.15074438   0.01966948
  0.15074588   0.01968868
  0.15074728   0.01970788
  0.15074868   0.01972708
  0.15075018   0.01974628
  0.15075158   0.01976548
  0.15075308   0.01978458
  0.15075448   0.01980378
  0.15075598   0.01982298
  0.15075738   0.01984218
  0.15075878   0.01986138
  0.15076028   0.01988058
  0.15076168   0.01989978
  0.15076318   0.01991898
  0.15076458   0.01993818
  0.15076598   0.01995738
  0.15076748   0.01997658
  0.15076888   0.01999568
  0.15077038   0.02001488
  0.15077178   0.02003408
  0.15077318   0.02005328
  0.15077468   0.02007248
  0.15077608   0.02009168
  0.15077758   0.02011088
  0.15077898   0.02013008
  0.15078048   0.02014928
  0.15078188   0.02016848
  0.15078328   0.02018768
  0.15078478   0.02020678
  0.15078618   0.02022598
  0.15078768   0.02024518
  0.15078908   0.02026438
  0.15079048   0.02028358
  0.15079198   0.02030278
  0.15079338   0.02032198
  0.15079488   0.02034118
  0.15079628   0.02036038
  0.15079768   0.02037958
  0.15079918   0.02039878
  0.15080058   0.02041788
  0.15080208   0.02043708
  0.15080348   0.02045628
  0.15080498   0.02047548
  0.15080638   0.02049468
  0.15080778   0.02051388
  0.15080928   0.02053308
  0.15081068   0.02055228
  0.15081218   0.02057148
  0.15081358   0.02059068
  0.15081498   0.02060988
  0.15081648   0.02062898
  0.15081788   0.02064818
  0.15081938   0.02066738
  0.15082078   0.02068658
  0.15082218   0.02070578
  0.15082368   0.02072498
  0.15082508   0.02074418
  0.15082658   0.02076338
  0.15082798   0.02078258
  0.15082948   0.02080178
  0.15083088   0.02082098
  0.15083228   0.02084008
  0.15083378   0.02085928
  0.15083518   0.02087848
  0.15083668   0.02089768
  0.15083808   0.02091688
  0.15083948   0.02093608
  0.15084098   0.02095528
  0.15084238   0.02097448
  0.15084388   0.02099368
  0.15084528   0.02101288
  0.15084668   0.02103208
  0.15084818   0.02105118
  0.15084958   0.02107038
  0.15085108   0.02108958
  0.15085248   0.02110878
  0.15085388   0.02112798
  0.15085538   0.02114718
  0.15085678   0.02116638
  0.15085828   0.02118558
  0.15085968   0.02120478
  0.15086118   0.02122398
  0.15086258   0.02124318
  0.15086398   0.02126228
  0.15086548   0.02128148
  0.15086688   0.02130068
  0.15086838   0.02131988
  0.15086978   0.02133908
  0.15087118   0.02135828
  0.15087268   0.02137748
  0.15087408   0.02139668
  0.15087558   0.02141588
  0.15087698   0.02143508
  0.15087838   0.02145428
  0.15087988   0.02147338
  0.15088128   0.02149258
  0.15088278   0.02151178
  0.15088418   0.02153098
  0.15088568   0.02155018
  0.15088708   0.02156938
  0.15088848   0.02158858
  0.15088998   0.02160778
  0.15089138   0.02162698
  0.15089288   0.02164618
  0.15089428   0.02166538
  0.15089568   0.02168448
  0.15089718   0.02170368
  0.15089858   0.02172288
  0.15090008   0.02174208
  0.15090148   0.02176128
  0.15090288   0.02178048
  0.15090438   0.02179968
  0.15090578   0.02181888
  0.15090728   0.02183808
  0.15090868   0.02185728
  0.15091018   0.02187648
  0.15091158   0.02189558
  0.15091298   0.02191478
  0.15091448   0.02193398
  0.15091588   0.02195318
  0.15091738   0.02197238
  0.15091878   0.02199158
  0.15092018   0.02201078
  0.15092168   0.02202998
  0.15092308   0.02204918
  0.15092458   0.02206838
  0.15092598   0.02208758
  0.15092738   0.02210668
  0.15092888   0.02212588
  0.15093028   0.02214508
  0.15093178   0.02216428
  0.15093318   0.02218348
  0.15093468   0.02220268
  0.15093608   0.02222188
  0.15093748   0.02224108
  0.15093898   0.02226028
  0.15094038   0.02227948
  0.15094188   0.02229868
  0.15094328   0.02231778
  0.15094468   0.02233698
  0.15094618   0.02235618
  0.15094758   0.02237538
  0.15094908   0.02239458
  0.15095048   0.02241378
  0.15095188   0.02243298
  0.15095338   0.02245218
  0.15095478   0.02247138
  0.15095628   0.02249058
  0.15095768   0.02250978
  0.15095918   0.02252888
  0.15096058   0.02254808
  0.15096198   0.02256728
  0.15096348   0.02258648
  0.15096488   0.02260568
  0.15096638   0.02262488
