  0.17711594   0.02300000
  0.17712054   0.02281520
  0.17712514   0.02263030
  0.17712984   0.02244550
  0.17713444   0.02226070
  0.17713904   0.02207590
  0.17714364   0.02189100
  0.17714824   0.02170620
  0.17715284   0.02152140
  0.17715744   0.02133660
  0.17716214   0.02115170
  0.17716674   0.02096690
  0.17717134   0.02078210
  0.17717594   0.02059720
  0.17718054   0.02041240
  0.17718514   0.02022760
  0.17718974   0.02004280
  0.17719444   0.01985790
  0.17719904   0.01967310
  0.17720364   0.01948830
  0.17720824   0.01930350
  0.17721284   0.01911860
  0.17721744   0.01893380
  0.17722204   0.01874900
  0.17722674   0.01856410
  0.17723134   0.01837930
  0.17723594   0.01819450
  0.17724054   0.01800970
  0.17724514   0.01782480
  0.17724974   0.01764000
  0.17725444   0.01745520
  0.17725904   0.01727040
  0.17726364   0.01708550
  0.17726824   0.01690070
  0.17727284   0.01671590
  0.17727744   0.01653100
  0.17728204   0.01634620
  0.17728674   0.01616140
  0.17729134   0.01597660
  0.17729594   0.01579170
  0.17730054   0.01560690
  0.17730514   0.01542210
  0.17730974   0.01523730
  0.17731514   0.01505240
  0.17732294   0.01486770
  0.17733344   0.01468310
  0.17734664   0.01449870
  0.17736234   0.01431450
  0.17738074   0.01413060
  0.17740174   0.01394690
  0.17742534   0.01376350
  0.17745154   0.01358050
  0.17748034   0.01339780
  0.17751174   0.01321560
  0.17754564   0.01303390
  0.17758224   0.01285270
  0.17762134   0.01267200
  0.17766314   0.01249190
  0.17770734   0.01231240
  0.17775414   0.01213350
  0.17780354   0.01195530
  0.17785534   0.01177790
  0.17790974   0.01160120
  0.17796664   0.01142530
  0.17802604   0.01125020
  0.17808794   0.01107600
  0.17815234   0.01090260
  0.17821914   0.01073020
  0.17828834   0.01055880
  0.17836004   0.01038840
  0.17843414   0.01021900
  0.17851064   0.01005070
  0.17858954   0.00988350
  0.17867084   0.00971740
  0.17875444   0.00955250
  0.17884034   0.00938890
  0.17892864   0.00922640
  0.17901924   0.00906520
  0.17911204   0.00890530
  0.17920724   0.00874680
  0.17930454   0.00858960
  0.17940414   0.00843390
  0.17950594   0.00827950
  0.17960994   0.00812670
  0.17971604   0.00797530
  0.17982434   0.00782540
  0.17993474   0.00767710
  0.18004724   0.00753040
  0.18016184   0.00738530
  0.18027844   0.00724190
  0.18039714   0.00710010
  0.18051774   0.00696000
  0.18064044   0.00682160
  0.18076504   0.00668510
  0.18089154   0.00655020
  0.18101994   0.00641730
  0.18115034   0.00628610
  0.18128244   0.00615680
  0.18141644   0.00602940
  0.18155224   0.00590390
  0.18168974   0.00578040
  0.18182904   0.00565880
  0.18197014   0.00553930
  0.18211284   0.00542170
  0.18225714   0.00530620
  0.18240314   0.00519280
  0.18255074   0.00508140
  0.18269984   0.00497220
  0.18285054   0.00486500
  0.18300274   0.00476010
  0.18315644   0.00465730
  0.18331154   0.00455670
  0.18346814   0.00445830
  0.18362604   0.00436220
  0.18378534   0.00426830
  0.18394584   0.00417670
  0.18410774   0.00408740
  0.18427094   0.00400040
  0.18443524   0.00391570
  0.18460074   0.00383340
  0.18476744   0.00375340
  0.18493534   0.00367580
  0.18510424   0.00360060
  0.18527414   0.00352780
  0.18544514   0.00345750
  0.18561704   0.00338950
  0.18578994   0.00332410
  0.18596384   0.00326110
  0.18613854   0.00320050
  0.18631404   0.00314250
  0.18649034   0.00308700
  0.18666754   0.00303400
  0.18684534   0.00298350
  0.18702394   0.00293550
  0.18720294   0.00288920
  0.18738204   0.00284340
  0.18756124   0.00279800
  0.18774054   0.00275290
  0.18791994   0.00270830
  0.18809954   0.00266410
  0.18827914   0.00262040
  0.18845884   0.00257700
  0.18863864   0.00253410
  0.18881864   0.00249150
  0.18899864   0.00244940
  0.18917874   0.00240770
  0.18935894   0.00236640
  0.18953924   0.00232560
  0.18971974   0.00228510
  0.18990024   0.00224510
  0.19008074   0.00220550
  0.19026144   0.00216630
  0.19044224   0.00212750
  0.19062314   0.00208920
  0.19080404   0.00205120
  0.19098504   0.00201370
  0.19116624   0.00197660
  0.19134744   0.00193990
  0.19152874   0.00190360
  0.19171004   0.00186780
  0.19189154   0.00183240
  0.19207304   0.00179740
  0.19225474   0.00176280
  0.19243644   0.00172860
  0.19261814   0.00169480
  0.19280004   0.00166150
  0.19298194   0.00162860
  0.19316394   0.00159610
  0.19334604   0.00156400
  0.19352824   0.00153240
  0.19371044   0.00150120
  0.19389274   0.00147040
  0.19407514   0.00144000
  0.19425754   0.00141000
  0.19444004   0.00138050
  0.19462264   0.00135140
  0.19480534   0.00132270
  0.19498804   0.00129440
  0.19517074   0.00126650
  0.19535364   0.00123910
  0.19553654   0.00121210
  0.19571944   0.00118550
  0.19590254   0.00115940
  0.19608564   0.00113360
  0.19626874   0.00110830
  0.19645194   0.00108340
  0.19663524   0.00105900
  0.19681854   0.00103490
  0.19700184   0.00101130
  0.19718534   0.00098810
  0.19736874   0.00096530
  0.19755234   0.00094300
  0.19773584   0.00092100
  0.19791954   0.00089950
  0.19810324   0.00087850
  0.19828694   0.00085780
  0.19847074   0.00083760
  0.19865454   0.00081780
  0.19883844   0.00079840
  0.19902234   0.00077950
  0.19920624   0.00076090
  0.19939024   0.00074280
  0.19957424   0.00072520
  0.19975834   0.00070790
  0.19994244   0.00069110
  0.20012664   0.00067470
  0.20031084   0.00065870
  0.20049504   0.00064320
  0.20067934   0.00062800
  0.20086364   0.00061330
  0.20104794   0.00059910
  0.20123234   0.00058520
  0.20141674   0.00057180
  0.20160114   0.00055880
  0.20178564   0.00054620
  0.20197014   0.00053410
  0.20215464   0.00052240
  0.20233914   0.00051110
  0.20252374   0.00050030
  0.20270834   0.00048970
  0.20289284   0.00047920
  0.20307744   0.00046880
  0.20326204   0.00045860
  0.20344664   0.00044840
  0.20363134   0.00043840
  0.20381594   0.00042840
  0.20400054   0.00041860
  0.20418514   0.00040890
  0.20436984   0.00039930
  0.20455444   0.00038980
  0.20473914   0.00038050
  0.20492374   0.00037120
  0.20510844   0.00036210
  0.20529304   0.00035300
  0.20547774   0.00034410
  0.20566244   0.00033530
  0.20584714   0.00032670
  0.20603174   0.00031810
  0.20621644   0.00030960
  0.20640114   0.00030130
  0.20658584   0.00029310
  0.20677054   0.00028500
  0.20695534   0.00027700
  0.20714004   0.00026910
  0.20732474   0.00026130
  0.20750944   0.00025360
  0.20769414   0.00024610
  0.20787894   0.00023870
  0.20806364   0.00023130
  0.20824844   0.00022410
  0.20843314   0.00021710
  0.20861794   0.00021010
  0.20880264   0.00020320
  0.20898744   0.00019650
  0.20917224   0.00018980
  0.20935694   0.00018330
  0.20954174   0.00017690
  0.20972654   0.00017060
  0.20991134   0.00016440
  0.21009604   0.00015840
  0.21028084   0.00015240
  0.21046564   0.00014660
  0.21065044   0.00014090
  0.21083524   0.00013530
  0.21102004   0.00012980
  0.21120484   0.00012440
  0.21138964   0.00011910
  0.21157454   0.00011400
  0.21175934   0.00010890
  0.21194414   0.00010400
  0.21212894   0.00009920
  0.21231374   0.00009450
  0.21249864   0.00008990
  0.21268344   0.00008540
  0.21286824   0.00008110
  0.21305314   0.00007680
  0.21323794   0.00007270
  0.21342274   0.00006870
  0.21360764   0.00006480
  0.21379244   0.00006100
  0.21397734   0.00005740
  0.21416214   0.00005380
  0.21434704   0.00005030
  0.21453184   0.00004700
  0.21471674   0.00004380
  0.21490164   0.00004070
  0.21508644   0.00003770
  0.21527134   0.00003480
  0.21545614   0.00003210
  0.21564104   0.00002940
  0.21582594   0.00002690
  0.21601074   0.00002450
  0.21619564   0.00002220
  0.21638054   0.00002000
  0.21656544   0.00001790
  0.21675024   0.00001590
  0.21693514   0.00001410
  0.21712004   0.00001240
  0.21730494   0.00001070
  0.21748974   0.00000920
  0.21767464   0.00000780
  0.21785954   0.00000660
  0.21804444   0.00000540
  0.21822934   0.00000430
  0.21841414   0.00000340
  0.21859904   0.00000260
  0.21878394   0.00000190
  0.21896884   0.00000130
  0.21915374   0.00000080
  0.21933864   0.00000040
  0.21952354   0.00000020
  0.21970834  -0.00000000
  0.21989324  -0.00000000
  0.22007814   0.00000010
  0.22026304   0.00000030
  0.22044794   0.00000060
  0.22063284   0.00000100
  0.22081764   0.00000160
  0.22100254   0.00000220
  0.22118744   0.00000300
  0.22137234   0.00000390
  0.22155724   0.00000490
  0.22174214   0.00000600
  0.22192694   0.00000720
  0.22211184   0.00000860
  0.22229674   0.00001000
  0.22248164   0.00001190
  0.22266644   0.00001420
  0.22285134   0.00001700
  0.22303624   0.00002020
  0.22322104   0.00002380
  0.22340594   0.00002780
  0.22359074   0.00003230
  0.22377554   0.00003720
  0.22396034   0.00004250
  0.22414514   0.00004830
  0.22432994   0.00005440
  0.22451474   0.00006100
  0.22469944   0.00006810
  0.22488414   0.00007550
  0.22506894   0.00008340
  0.22525364   0.00009170
  0.22543824   0.00010050
  0.22562294   0.00010960
  0.22580754   0.00011920
  0.22599214   0.00012920
  0.22617674   0.00013970
  0.22636134   0.00015060
  0.22654584   0.00016190
  0.22673034   0.00017360
  0.22691484   0.00018570
  0.22709934   0.00019830
  0.22728374   0.00021130
  0.22746814   0.00022470
  0.22765254   0.00023860
  0.22783684   0.00025290
  0.22802114   0.00026760
  0.22820544   0.00028270
  0.22838964   0.00029830
  0.22857384   0.00031430
  0.22875804   0.00033070
  0.22894214   0.00034750
  0.22912614   0.00036480
  0.22931024   0.00038250
  0.22949424   0.00040060
  0.22967814   0.00041910
  0.22986204   0.00043810
  0.23004594   0.00045750
  0.23022974   0.00047730
  0.23041354   0.00049750
  0.23059724   0.00051820
  0.23078094   0.00053930
  0.23096454   0.00056080
  0.23114814   0.00058270
  0.23133164   0.00060510
  0.23151514   0.00062790
  0.23169854   0.00065110
  0.23188194   0.00067470
  0.23206524   0.00069880
  0.23224854   0.00072320
  0.23243174   0.00074810
  0.23261484   0.00077350
  0.23279794   0.00079920
  0.23298094   0.00082540
  0.23316394   0.00085200
  0.23334684   0.00087900
  0.23352964   0.00090640
  0.23371244   0.00093430
  0.23389514   0.00096260
  0.23407774   0.00099130
  0.23426034   0.00102040
  0.23444284   0.00105000
  0.23462534   0.00108000
  0.23480764   0.00111040
  0.23498994   0.00114120
  0.23517224   0.00117240
  0.23535434   0.00120410
  0.23553644   0.00123610
  0.23571844   0.00126860
  0.23590034   0.00130160
  0.23608224   0.00133490
  0.23626404   0.00136870
  0.23644574   0.00140290
  0.23662734   0.00143750
  0.23680884   0.00147250
  0.23699034   0.00150790
  0.23717164   0.00154380
  0.23735294   0.00158000
  0.23753414   0.00161670
  0.23771534   0.00165390
  0.23789624   0.00169200
  0.23807654   0.00173270
  0.23825634   0.00177590
  0.23843544   0.00182170
  0.23861394   0.00187000
  0.23879164   0.00192090
  0.23896864   0.00197430
  0.23914494   0.00203010
  0.23932034   0.00208850
  0.23949494   0.00214940
  0.23966854   0.00221280
  0.23984134   0.00227860
  0.24001314   0.00234690
  0.24018404   0.00241760
  0.24035384   0.00249070
  0.24052254   0.00256620
  0.24069024   0.00264420
  0.24085674   0.00272450
  0.24102214   0.00280710
  0.24118634   0.00289220
  0.24134924   0.00297950
  0.24151094   0.00306910
  0.24167134   0.00316110
  0.24183044   0.00325530
  0.24198814   0.00335170
  0.24214454   0.00345040
  0.24229944   0.00355130
  0.24245284   0.00365440
  0.24260484   0.00375970
  0.24275534   0.00386710
  0.24290424   0.00397670
  0.24305164   0.00408830
  0.24319734   0.00420210
  0.24334154   0.00431790
  0.24348394   0.00443570
  0.24362474   0.00455560
  0.24376374   0.00467740
  0.24390104   0.00480120
  0.24403664   0.00492700
  0.24417034   0.00505470
  0.24430224   0.00518420
  0.24443224   0.00531560
  0.24456044   0.00544890
  0.24468674   0.00558390
  0.24481104   0.00572080
  0.24493334   0.00585940
  0.24505374   0.00599970
  0.24517214   0.00614170
  0.24528844   0.00628540
  0.24540274   0.00643080
  0.24551494   0.00657770
  0.24562504   0.00672620
  0.24573304   0.00687630
  0.24583884   0.00702790
  0.24594254   0.00718100
  0.24604404   0.00733550
  0.24614334   0.00749150
  0.24624034   0.00764890
  0.24633514   0.00780760
  0.24642764   0.00796770
  0.24651794   0.00812900
  0.24660584   0.00829160
  0.24669144   0.00845550
  0.24677474   0.00862060
  0.24685564   0.00878680
  0.24693424   0.00895420
  0.24701034   0.00912260
  0.24708414   0.00929220
  0.24715544   0.00946270
  0.24722434   0.00963430
  0.24729084   0.00980680
  0.24735484   0.00998030
  0.24741634   0.01015460
  0.24747544   0.01032980
  0.24753194   0.01050580
  0.24758604   0.01068270
  0.24763754   0.01086020
  0.24768654   0.01103850
  0.24773294   0.01121750
  0.24777684   0.01139700
  0.24781814   0.01157730
  0.24785694   0.01175800
  0.24789314   0.01193930
  0.24792674   0.01212110
  0.24795774   0.01230340
  0.24798624   0.01248610
  0.24801204   0.01266910
  0.24803524   0.01285260
  0.24805584   0.01303630
  0.24807384   0.01322030
  0.24808924   0.01340450
  0.24809064   0.01342370
  0.24809214   0.01344290
  0.24809354   0.01346210
  0.24809504   0.01348130
  0.24809644   0.01350050
  0.24809784   0.01351970
  0.24809934   0.01353890
  0.24810074   0.01355810
  0.24810224   0.01357730
  0.24810364   0.01359650
  0.24810504   0.01361560
  0.24810654   0.01363480
  0.24810794   0.01365400
  0.24810944   0.01367320
  0.24811084   0.01369240
  0.24811234   0.01371160
  0.24811374   0.01373080
  0.24811514   0.01375000
  0.24811664   0.01376920
  0.24811804   0.01378840
  0.24811954   0.01380760
  0.24812094   0.01382670
  0.24812234   0.01384590
  0.24812384   0.01386510
  0.24812524   0.01388430
  0.24812674   0.01390350
  0.24812814   0.01392270
  0.24812954   0.01394190
  0.24813104   0.01396110
  0.24813244   0.01398030
  0.24813394   0.01399950
  0.24813534   0.01401870
  0.24813684   0.01403780
  0.24813824   0.01405700
  0.24813964   0.01407620
  0.24814114   0.01409540
  0.24814254   0.01411460
  0.24814404   0.01413380
  0.24814544   0.01415300
  0.24814684   0.01417220
  0.24814834   0.01419140
  0.24814974   0.01421060
  0.24815124   0.01422980
  0.24815264   0.01424890
  0.24815404   0.01426810
  0.24815554   0.01428730
  0.24815694   0.01430650
  0.24815844   0.01432570
  0.24815984   0.01434490
  0.24816134   0.01436410
  0.24816274   0.01438330
  0.24816414   0.01440250
  0.24816564   0.01442170
  0.24816704   0.01444090
  0.24816854   0.01446000
  0.24816994   0.01447920
  0.24817134   0.01449840
  0.24817284   0.01451760
  0.24817424   0.01453680
  0.24817574   0.01455600
  0.24817714   0.01457520
  0.24817854   0.01459440
  0.24818004   0.01461360
  0.24818144   0.01463280
  0.24818294   0.01465200
  0.24818434   0.01467110
  0.24818584   0.01469030
  0.24818724   0.01470950
  0.24818864   0.01472870
  0.24819014   0.01474790
  0.24819154   0.01476710
  0.24819304   0.01478630
  0.24819444   0.01480550
  0.24819584   0.01482470
  0.24819734   0.01484390
  0.24819874   0.01486310
  0.24820024   0.01488220
  0.24820164   0.01490140
  0.24820304   0.01492060
  0.24820454   0.01493980
  0.24820594   0.01495900
  0.24820744   0.01497820
  0.24820884   0.01499740
  0.24821034   0.01501660
  0.24821174   0.01503580
  0.24821314   0.01505500
  0.24821464   0.01507420
  0.24821604   0.01509330
  0.24821754   0.01511250
  0.24821894   0.01513170
  0.24822034   0.01515090
  0.24822184   0.01517010
  0.24822324   0.01518930
  0.24822474   0.01520850
  0.24822614   0.01522770
  0.24822754   0.01524690
  0.24822904   0.01526610
  0.24823044   0.01528530
  0.24823194   0.01530440
  0.24823334   0.01532360
  0.24823484   0.01534280
  0.24823624   0.01536200
  0.24823764   0.01538120
  0.24823914   0.01540040
  0.24824054   0.01541960
  0.24824204   0.01543880
  0.24824344   0.01545800
  0.24824484   0.01547720
  0.24824634   0.01549640
  0.24824774   0.01551550
  0.24824924   0.01553470
  0.24825064   0.01555390
  0.24825204   0.01557310
  0.24825354   0.01559230
  0.24825494   0.01561150
  0.24825644   0.01563070
  0.24825784   0.01564990
  0.24825924   0.01566910
  0.24826074   0.01568830
  0.24826214   0.01570750
  0.24826364   0.01572660
  0.24826504   0.01574580
  0.24826654   0.01576500
  0.24826794   0.01578420
  0.24826934   0.01580340
  0.24827084   0.01582260
  0.24827224   0.01584180
  0.24827374   0.01586100
  0.24827514   0.01588020
  0.24827654   0.01589940
  0.24827804   0.01591860
  0.24827944   0.01593770
  0.24828094   0.01595690
  0.24828234   0.01597610
  0.24828374   0.01599530
  0.24828524   0.01601450
  0.24828664   0.01603370
  0.24828814   0.01605290
  0.24828954   0.01607210
  0.24829104   0.01609130
  0.24829244   0.01611050
  0.24829384   0.01612970
  0.24829534   0.01614880
  0.24829674   0.01616800
  0.24829824   0.01618720
  0.24829964   0.01620640
  0.24830104   0.01622560
  0.24830254   0.01624480
  0.24830394   0.01626400
  0.24830544   0.01628320
  0.24830684   0.01630240
  0.24830824   0.01632160
  0.24830974   0.01634080
  0.24831114   0.01635990
  0.24831264   0.01637910
  0.24831404   0.01639830
  0.24831554   0.01641750
  0.24831694   0.01643670
  0.24831834   0.01645590
  0.24831984   0.01647510
  0.24832124   0.01649430
  0.24832274   0.01651350
  0.24832414   0.01653270
  0.24832554   0.01655190
  0.24832704   0.01657100
  0.24832844   0.01659020
  0.24832994   0.01660940
  0.24833134   0.01662860
  0.24833274   0.01664780
  0.24833424   0.01666700
  0.24833564   0.01668620
  0.24833714   0.01670540
  0.24833854   0.01672460
  0.24834004   0.01674380
  0.24834144   0.01676300
  0.24834284   0.01678210
  0.24834434   0.01680130
  0.24834574   0.01682050
  0.24834724   0.01683970
  0.24834864   0.01685890
  0.24835004   0.01687810
  0.24835154   0.01689730
  0.24835294   0.01691650
  0.24835444   0.01693570
  0.24835584   0.01695490
  0.24835724   0.01697410
  0.24835874   0.01699320
  0.24836014   0.01701240
  0.24836164   0.01703160
  0.24836304   0.01705080
  0.24836454   0.01707000
  0.24836594   0.01708920
  0.24836734   0.01710840
  0.24836884   0.01712760
  0.24837024   0.01714680
  0.24837174   0.01716600
  0.24837314   0.01718520
  0.24837454   0.01720430
  0.24837604   0.01722350
  0.24837744   0.01724270
  0.24837894   0.01726190
  0.24838034   0.01728110
  0.24838174   0.01730030
  0.24838324   0.01731950
  0.24838464   0.01733870
  0.24838614   0.01735790
  0.24838754   0.01737710
  0.24838904   0.01739630
  0.24839044   0.01741540
  0.24839184   0.01743460
  0.24839334   0.01745380
  0.24839474   0.01747300
  0.24839624   0.01749220
  0.24839764   0.01751140
  0.24839904   0.01753060
  0.24840054   0.01754980
  0.24840194   0.01756900
  0.24840344   0.01758820
  0.24840484   0.01760740
  0.24840624   0.01762650
  0.24840774   0.01764570
  0.24840914   0.01766490
  0.24841064   0.01768410
  0.24841204   0.01770330
  0.24841344   0.01772250
  0.24841494   0.01774170
  0.24841634   0.01776090
  0.24841784   0.01778010
  0.24841924   0.01779930
  0.24842074   0.01781850
  0.24842214   0.01783760
  0.24842354   0.01785680
  0.24842504   0.01787600
  0.24842644   0.01789520
  0.24842794   0.01791440
  0.24842934   0.01793360
  0.24843074   0.01795280
  0.24843224   0.01797200
  0.24843364   0.01799120
  0.24843514   0.01801040
  0.24843654   0.01802960
  0.24843794   0.01804870
  0.24843944   0.01806790
  0.24844084   0.01808710
  0.24844234   0.01810630
  0.24844374   0.01812550
  0.24844524   0.01814470
  0.24844664   0.01816390
  0.24844804   0.01818310
  0.24844954   0.01820230
  0.24845094   0.01822150
  0.24845244   0.01824070
  0.24845384   0.01825980
  0.24845524   0.01827900
  0.24845674   0.01829820
  0.24845814   0.01831740
  0.24845964   0.01833660
  0.24846104   0.01835580
  0.24846244   0.01837500
  0.24846394   0.01839420
  0.24846534   0.01841340
  0.24846684   0.01843260
  0.24846824   0.01845180
  0.24846974   0.01847090
  0.24847114   0.01849010
  0.24847254   0.01850930
  0.24847404   0.01852850
  0.24847544   0.01854770
  0.24847694   0.01856690
  0.24847834   0.01858610
  0.24847974   0.01860530
  0.24848124   0.01862450
  0.24848264   0.01864370
  0.24848414   0.01866290
  0.24848554   0.01868200
  0.24848694   0.01870120
  0.24848844   0.01872040
  0.24848984   0.01873960
  0.24849134   0.01875880
  0.24849274   0.01877800
  0.24849424   0.01879720
  0.24849564   0.01881640
  0.24849704   0.01883560
  0.24849854   0.01885480
  0.24849994   0.01887400
  0.24850144   0.01889310
  0.24850284   0.01891230
  0.24850424   0.01893150
  0.24850574   0.01895070
  0.24850714   0.01896990
  0.24850864   0.01898910
  0.24851004   0.01900830
  0.24851144   0.01902750
  0.24851294   0.01904670
  0.24851434   0.01906590
  0.24851584   0.01908510
  0.24851724   0.01910420
  0.24851874   0.01912340
  0.24852014   0.01914260
  0.24852154   0.01916180
  0.24852304   0.01918100
  0.24852444   0.01920020
  0.24852594   0.01921940
  0.24852734   0.01923860
  0.24852874   0.01925780
  0.24853024   0.01927700
  0.24853164   0.01929620
  0.24853314   0.01931530
  0.24853454   0.01933450
  0.24853594   0.01935370
  0.24853744   0.01937290
  0.24853884   0.01939210
  0.24854034   0.01941130
  0.24854174   0.01943050
  0.24854314   0.01944970
  0.24854464   0.01946890
  0.24854604   0.01948810
  0.24854754   0.01950730
  0.24854894   0.01952640
  0.24855044   0.01954560
  0.24855184   0.01956480
  0.24855324   0.01958400
  0.24855474   0.01960320
  0.24855614   0.01962240
  0.24855764   0.01964160
  0.24855904   0.01966080
  0.24856044   0.01968000
  0.24856194   0.01969920
  0.24856334   0.01971840
  0.24856484   0.01973750
  0.24856624   0.01975670
  0.24856764   0.01977590
  0.24856914   0.01979510
  0.24857054   0.01981430
  0.24857204   0.01983350
  0.24857344   0.01985270
  0.24857494   0.01987190
  0.24857634   0.01989110
  0.24857774   0.01991030
  0.24857924   0.01992950
  0.24858064   0.01994860
  0.24858214   0.01996780
  0.24858354   0.01998700
  0.24858494   0.02000620
  0.24858644   0.02002540
  0.24858784   0.02004460
  0.24858934   0.02006380
  0.24859074   0.02008300
  0.24859214   0.02010220
  0.24859364   0.02012140
  0.24859504   0.02014060
  0.24859654   0.02015970
  0.24859794   0.02017890
  0.24859944   0.02019810
  0.24860084   0.02021730
  0.24860224   0.02023650
  0.24860374   0.02025570
  0.24860514   0.02027490
  0.24860664   0.02029410
  0.24860804   0.02031330
  0.24860944   0.02033250
  0.24861094   0.02035170
  0.24861234   0.02037080
  0.24861384   0.02039000
  0.24861524   0.02040920
  0.24861664   0.02042840
  0.24861814   0.02044760
  0.24861954   0.02046680
  0.24862104   0.02048600
  0.24862244   0.02050520
  0.24862394   0.02052440
  0.24862534   0.02054360
  0.24862674   0.02056280
  0.24862824   0.02058190
  0.24862964   0.02060110
  0.24863114   0.02062030
  0.24863254   0.02063950
  0.24863394   0.02065870
  0.24863544   0.02067790
  0.24863684   0.02069710
  0.24863834   0.02071630
  0.24863974   0.02073550
  0.24864114   0.02075470
  0.24864264   0.02077390
  0.24864404   0.02079300
  0.24864554   0.02081220
  0.24864694   0.02083140
  0.24864844   0.02085060
  0.24864984   0.02086980
  0.24865124   0.02088900
  0.24865274   0.02090820
  0.24865414   0.02092740
  0.24865564   0.02094660
  0.24865704   0.02096580
  0.24865844   0.02098500
  0.24865994   0.02100410
  0.24866134   0.02102330
  0.24866284   0.02104250
  0.24866424   0.02106170
  0.24866564   0.02108090
  0.24866714   0.02110010
  0.24866854   0.02111930
  0.24867004   0.02113850
  0.24867144   0.02115770
  0.24867294   0.02117690
  0.24867434   0.02119610
  0.24867574   0.02121520
  0.24867724   0.02123440
  0.24867864   0.02125360
  0.24868014   0.02127280
  0.24868154   0.02129200
  0.24868294   0.02131120
  0.24868444   0.02133040
  0.24868584   0.02134960
  0.24868734   0.02136880
  0.24868874   0.02138800
  0.24869014   0.02140720
  0.24869164   0.02142630
  0.24869304   0.02144550
  0.24869454   0.02146470
  0.24869594   0.02148390
  0.24869734   0.02150310
  0.24869884   0.02152230
  0.24870024   0.02154150
  0.24870174   0.02156070
  0.24870314   0.02157990
  0.24870464   0.02159910
  0.24870604   0.02161830
  0.24870744   0.02163740
  0.24870894   0.02165660
  0.24871034   0.02167580
  0.24871184   0.02169500
  0.24871324   0.02171420
  0.24871464   0.02173340
  0.24871614   0.02175260
  0.24871754   0.02177180
  0.24871904   0.02179100
  0.24872044   0.02181020
  0.24872184   0.02182940
  0.24872334   0.02184850
  0.24872474   0.02186770
  0.24872624   0.02188690
  0.24872764   0.02190610
  0.24872914   0.02192530
  0.24873054   0.02194450
  0.24873194   0.02196370
  0.24873344   0.02198290
  0.24873484   0.02200210
  0.24873634   0.02202130
  0.24873774   0.02204050
  0.24873914   0.02205960
  0.24874064   0.02207880
  0.24874204   0.02209800
  0.24874354   0.02211720
  0.24874494   0.02213640
  0.24874634   0.02215560
  0.24874784   0.02217480
  0.24874924   0.02219400
  0.24875074   0.02221320
  0.24875214   0.02223240
  0.24875364   0.02225160
  0.24875504   0.02227070
  0.24875644   0.02228990
  0.24875794   0.02230910
  0.24875934   0.02232830
  0.24876084   0.02234750
  0.24876224   0.02236670
  0.24876364   0.02238590
  0.24876514   0.02240510
  0.24876654   0.02242430
  0.24876804   0.02244350
  0.24876944   0.02246270
  0.24877084   0.02248180
  0.24877234   0.02250100
  0.24877374   0.02252020
  0.24877524   0.02253940
  0.24877664   0.02255860
  0.24877814   0.02257780
  0.24877954   0.02259700
  0.24878094   0.02261620
  0.24878244   0.02263540
  0.24878384   0.02265460
  0.24878534   0.02267380
  0.24878674   0.02269290
  0.24878814   0.02271210
  0.24878964   0.02273130
  0.24879104   0.02275050
  0.24879254   0.02276970
  0.24879394   0.02278890
  0.24879534   0.02280810
  0.24879684   0.02282730
  0.24879824   0.02284650
  0.24879974   0.02286570
  0.24880114   0.02288490
  0.24880264   0.02290400
  0.24880404   0.02292320
  0.24880544   0.02294240
  0.24880694   0.02296160
  0.24880834   0.02298080
  0.24880984   0.02300000
