 -0.02071317   0.02300000
 -0.02070857   0.02281520
 -0.02070397   0.02263030
 -0.02069927   0.02244550
 -0.02069467   0.02226070
 -0.02069007   0.02207590
 -0.02068547   0.02189100
 -0.02068087   0.02170620
 -0.02067627   0.02152140
 -0.02067167   0.02133660
 -0.02066697   0.02115170
 -0.02066237   0.02096690
 -0.02065777   0.02078210
 -0.02065317   0.02059720
 -0.02064857   0.02041240
 -0.02064397   0.02022760
 -0.02063937   0.02004280
 -0.02063467   0.01985790
 -0.02063007   0.01967310
 -0.02062547   0.01948830
 -0.02062087   0.01930350
 -0.02061627   0.01911860
 -0.02061167   0.01893380
 -0.02060707   0.01874900
 -0.02060237   0.01856410
 -0.02059777   0.01837930
 -0.02059317   0.01819450
 -0.02058857   0.01800970
 -0.02058397   0.01782480
 -0.02057937   0.01764000
 -0.02057467   0.01745520
 -0.02057007   0.01727040
 -0.02056547   0.01708550
 -0.02056087   0.01690070
 -0.02055627   0.01671590
 -0.02055167   0.01653100
 -0.02054707   0.01634620
 -0.02054237   0.01616140
 -0.02053777   0.01597660
 -0.02053317   0.01579170
 -0.02052857   0.01560690
 -0.02052397   0.01542210
 -0.02051937   0.01523730
 -0.02051397   0.01505240
 -0.02050617   0.01486770
 -0.02049567   0.01468310
 -0.02048247   0.01449870
 -0.02046677   0.01431450
 -0.02044837   0.01413060
 -0.02042737   0.01394690
 -0.02040377   0.01376350
 -0.02037757   0.01358050
 -0.02034877   0.01339780
 -0.02031737   0.01321560
 -0.02028347   0.01303390
 -0.02024687   0.01285270
 -0.02020777   0.01267200
 -0.02016597   0.01249190
 -0.02012177   0.01231240
 -0.02007497   0.01213350
 -0.02002557   0.01195530
 -0.01997377   0.01177790
 -0.01991937   0.01160120
 -0.01986247   0.01142530
 -0.01980307   0.01125020
 -0.01974117   0.01107600
 -0.01967677   0.01090260
 -0.01960997   0.01073020
 -0.01954077   0.01055880
 -0.01946907   0.01038840
 -0.01939497   0.01021900
 -0.01931847   0.01005070
 -0.01923957   0.00988350
 -0.01915827   0.00971740
 -0.01907467   0.00955250
 -0.01898877   0.00938890
 -0.01890047   0.00922640
 -0.01880987   0.00906520
 -0.01871707   0.00890530
 -0.01862187   0.00874680
 -0.01852457   0.00858960
 -0.01842497   0.00843390
 -0.01832317   0.00827950
 -0.01821917   0.00812670
 -0.01811307   0.00797530
 -0.01800477   0.00782540
 -0.01789437   0.00767710
 -0.01778187   0.00753040
 -0.01766727   0.00738530
 -0.01755067   0.00724190
 -0.01743197   0.00710010
 -0.01731137   0.00696000
 -0.01718867   0.00682160
 -0.01706407   0.00668510
 -0.01693757   0.00655020
 -0.01680917   0.00641730
 -0.01667877   0.00628610
 -0.01654667   0.00615680
 -0.01641267   0.00602940
 -0.01627687   0.00590390
 -0.01613937   0.00578040
 -0.01600007   0.00565880
 -0.01585897   0.00553930
 -0.01571627   0.00542170
 -0.01557197   0.00530620
 -0.01542597   0.00519280
 -0.01527837   0.00508140
 -0.01512927   0.00497220
 -0.01497857   0.00486500
 -0.01482637   0.00476010
 -0.01467267   0.00465730
 -0.01451757   0.00455670
 -0.01436097   0.00445830
 -0.01420307   0.00436220
 -0.01404377   0.00426830
 -0.01388327   0.00417670
 -0.01372137   0.00408740
 -0.01355817   0.00400040
 -0.01339387   0.00391570
 -0.01322837   0.00383340
 -0.01306167   0.00375340
 -0.01289377   0.00367580
 -0.01272487   0.00360060
 -0.01255497   0.00352780
 -0.01238397   0.00345750
 -0.01221207   0.00338950
 -0.01203917   0.00332410
 -0.01186527   0.00326110
 -0.01169057   0.00320050
 -0.01151507   0.00314250
 -0.01133877   0.00308700
 -0.01116157   0.00303400
 -0.01098377   0.00298350
 -0.01080517   0.00293550
 -0.01062617   0.00288920
 -0.01044707   0.00284340
 -0.01026787   0.00279800
 -0.01008857   0.00275290
 -0.00990917   0.00270830
 -0.00972957   0.00266410
 -0.00954997   0.00262040
 -0.00937027   0.00257700
 -0.00919047   0.00253410
 -0.00901047   0.00249150
 -0.00883047   0.00244940
 -0.00865037   0.00240770
 -0.00847017   0.00236640
 -0.00828987   0.00232560
 -0.00810937   0.00228510
 -0.00792887   0.00224510
 -0.00774837   0.00220550
 -0.00756767   0.00216630
 -0.00738687   0.00212750
 -0.00720597   0.00208920
 -0.00702507   0.00205120
 -0.00684407   0.00201370
 -0.00666287   0.00197660
 -0.00648167   0.00193990
 -0.00630037   0.00190360
 -0.00611907   0.00186780
 -0.00593757   0.00183240
 -0.00575607   0.00179740
 -0.00557437   0.00176280
 -0.00539267   0.00172860
 -0.00521097   0.00169480
 -0.00502907   0.00166150
 -0.00484717   0.00162860
 -0.00466517   0.00159610
 -0.00448307   0.00156400
 -0.00430087   0.00153240
 -0.00411867   0.00150120
 -0.00393637   0.00147040
 -0.00375397   0.00144000
 -0.00357157   0.00141000
 -0.00338907   0.00138050
 -0.00320647   0.00135140
 -0.00302377   0.00132270
 -0.00284107   0.00129440
 -0.00265837   0.00126650
 -0.00247547   0.00123910
 -0.00229257   0.00121210
 -0.00210967   0.00118550
 -0.00192657   0.00115940
 -0.00174347   0.00113360
 -0.00156037   0.00110830
 -0.00137717   0.00108340
 -0.00119387   0.00105900
 -0.00101057   0.00103490
 -0.00082727   0.00101130
 -0.00064377   0.00098810
 -0.00046037   0.00096530
 -0.00027677   0.00094300
 -0.00009327   0.00092100
  0.00009043   0.00089950
  0.00027413   0.00087850
  0.00045783   0.00085780
  0.00064163   0.00083760
  0.00082543   0.00081780
  0.00100933   0.00079840
  0.00119323   0.00077950
  0.00137713   0.00076090
  0.00156113   0.00074280
  0.00174513   0.00072520
  0.00192923   0.00070790
  0.00211333   0.00069110
  0.00229753   0.00067470
  0.00248173   0.00065870
  0.00266593   0.00064320
  0.00285023   0.00062800
  0.00303453   0.00061330
  0.00321883   0.00059910
  0.00340323   0.00058520
  0.00358763   0.00057180
  0.00377203   0.00055880
  0.00395653   0.00054620
  0.00414103   0.00053410
  0.00432553   0.00052240
  0.00451003   0.00051110
  0.00469463   0.00050030
  0.00487923   0.00048970
  0.00506373   0.00047920
  0.00524833   0.00046880
  0.00543293   0.00045860
  0.00561753   0.00044840
  0.00580223   0.00043840
  0.00598683   0.00042840
  0.00617143   0.00041860
  0.00635603   0.00040890
  0.00654073   0.00039930
  0.00672533   0.00038980
  0.00691003   0.00038050
  0.00709463   0.00037120
  0.00727933   0.00036210
  0.00746393   0.00035300
  0.00764863   0.00034410
  0.00783333   0.00033530
  0.00801803   0.00032670
  0.00820263   0.00031810
  0.00838733   0.00030960
  0.00857203   0.00030130
  0.00875673   0.00029310
  0.00894143   0.00028500
  0.00912623   0.00027700
  0.00931093   0.00026910
  0.00949563   0.00026130
  0.00968033   0.00025360
  0.00986503   0.00024610
  0.01004983   0.00023870
  0.01023453   0.00023130
  0.01041933   0.00022410
  0.01060403   0.00021710
  0.01078883   0.00021010
  0.01097353   0.00020320
  0.01115833   0.00019650
  0.01134313   0.00018980
  0.01152783   0.00018330
  0.01171263   0.00017690
  0.01189743   0.00017060
  0.01208223   0.00016440
  0.01226693   0.00015840
  0.01245173   0.00015240
  0.01263653   0.00014660
  0.01282133   0.00014090
  0.01300613   0.00013530
  0.01319093   0.00012980
  0.01337573   0.00012440
  0.01356053   0.00011910
  0.01374543   0.00011400
  0.01393023   0.00010890
  0.01411503   0.00010400
  0.01429983   0.00009920
  0.01448463   0.00009450
  0.01466953   0.00008990
  0.01485433   0.00008540
  0.01503913   0.00008110
  0.01522403   0.00007680
  0.01540883   0.00007270
  0.01559363   0.00006870
  0.01577853   0.00006480
  0.01596333   0.00006100
  0.01614823   0.00005740
  0.01633303   0.00005380
  0.01651793   0.00005030
  0.01670273   0.00004700
  0.01688763   0.00004380
  0.01707253   0.00004070
  0.01725733   0.00003770
  0.01744223   0.00003480
  0.01762703   0.00003210
  0.01781193   0.00002940
  0.01799683   0.00002690
  0.01818163   0.00002450
  0.01836653   0.00002220
  0.01855143   0.00002000
  0.01873633   0.00001790
  0.01892113   0.00001590
  0.01910603   0.00001410
  0.01929093   0.00001240
  0.01947583   0.00001070
  0.01966063   0.00000920
  0.01984553   0.00000780
  0.02003043   0.00000660
  0.02021533   0.00000540
  0.02040023   0.00000430
  0.02058503   0.00000340
  0.02076993   0.00000260
  0.02095483   0.00000190
  0.02113973   0.00000130
  0.02132463   0.00000080
  0.02150953   0.00000040
  0.02169443   0.00000020
  0.02187923  -0.00000000
  0.02206413  -0.00000000
  0.02224903   0.00000010
  0.02243393   0.00000030
  0.02261883   0.00000060
  0.02280373   0.00000100
  0.02298853   0.00000160
  0.02317343   0.00000220
  0.02335833   0.00000300
  0.02354323   0.00000390
  0.02372813   0.00000490
  0.02391303   0.00000600
  0.02409783   0.00000720
  0.02428273   0.00000860
  0.02446763   0.00001000
  0.02465253   0.00001190
  0.02483733   0.00001420
  0.02502223   0.00001700
  0.02520713   0.00002020
  0.02539193   0.00002380
  0.02557683   0.00002780
  0.02576163   0.00003230
  0.02594643   0.00003720
  0.02613123   0.00004250
  0.02631603   0.00004830
  0.02650083   0.00005440
  0.02668563   0.00006100
  0.02687033   0.00006810
  0.02705503   0.00007550
  0.02723983   0.00008340
  0.02742453   0.00009170
  0.02760913   0.00010050
  0.02779383   0.00010960
  0.02797843   0.00011920
  0.02816303   0.00012920
  0.02834763   0.00013970
  0.02853223   0.00015060
  0.02871673   0.00016190
  0.02890123   0.00017360
  0.02908573   0.00018570
  0.02927023   0.00019830
  0.02945463   0.00021130
  0.02963903   0.00022470
  0.02982343   0.00023860
  0.03000773   0.00025290
  0.03019203   0.00026760
  0.03037633   0.00028270
  0.03056053   0.00029830
  0.03074473   0.00031430
  0.03092893   0.00033070
  0.03111303   0.00034750
  0.03129703   0.00036480
  0.03148113   0.00038250
  0.03166513   0.00040060
  0.03184903   0.00041910
  0.03203293   0.00043810
  0.03221683   0.00045750
  0.03240063   0.00047730
  0.03258443   0.00049750
  0.03276813   0.00051820
  0.03295183   0.00053930
  0.03313543   0.00056080
  0.03331903   0.00058270
  0.03350253   0.00060510
  0.03368603   0.00062790
  0.03386943   0.00065110
  0.03405283   0.00067470
  0.03423613   0.00069880
  0.03441943   0.00072320
  0.03460263   0.00074810
  0.03478573   0.00077350
  0.03496883   0.00079920
  0.03515183   0.00082540
  0.03533483   0.00085200
  0.03551773   0.00087900
  0.03570053   0.00090640
  0.03588333   0.00093430
  0.03606603   0.00096260
  0.03624863   0.00099130
  0.03643123   0.00102040
  0.03661373   0.00105000
  0.03679623   0.00108000
  0.03697853   0.00111040
  0.03716083   0.00114120
  0.03734313   0.00117240
  0.03752523   0.00120410
  0.03770733   0.00123610
  0.03788933   0.00126860
  0.03807123   0.00130160
  0.03825313   0.00133490
  0.03843493   0.00136870
  0.03861663   0.00140290
  0.03879823   0.00143750
  0.03897973   0.00147250
  0.03916123   0.00150790
  0.03934253   0.00154380
  0.03952383   0.00158000
  0.03970503   0.00161670
  0.03988623   0.00165390
  0.04006713   0.00169200
  0.04024743   0.00173270
  0.04042723   0.00177590
  0.04060633   0.00182170
  0.04078483   0.00187000
  0.04096253   0.00192090
  0.04113953   0.00197430
  0.04131583   0.00203010
  0.04149123   0.00208850
  0.04166583   0.00214940
  0.04183943   0.00221280
  0.04201223   0.00227860
  0.04218403   0.00234690
  0.04235493   0.00241760
  0.04252473   0.00249070
  0.04269343   0.00256620
  0.04286113   0.00264420
  0.04302763   0.00272450
  0.04319303   0.00280710
  0.04335723   0.00289220
  0.04352013   0.00297950
  0.04368183   0.00306910
  0.04384223   0.00316110
  0.04400133   0.00325530
  0.04415903   0.00335170
  0.04431543   0.00345040
  0.04447033   0.00355130
  0.04462373   0.00365440
  0.04477573   0.00375970
  0.04492623   0.00386710
  0.04507513   0.00397670
  0.04522253   0.00408830
  0.04536823   0.00420210
  0.04551243   0.00431790
  0.04565483   0.00443570
  0.04579563   0.00455560
  0.04593463   0.00467740
  0.04607193   0.00480120
  0.04620753   0.00492700
  0.04634123   0.00505470
  0.04647313   0.00518420
  0.04660313   0.00531560
  0.04673133   0.00544890
  0.04685763   0.00558390
  0.04698193   0.00572080
  0.04710423   0.00585940
  0.04722463   0.00599970
  0.04734303   0.00614170
  0.04745933   0.00628540
  0.04757363   0.00643080
  0.04768583   0.00657770
  0.04779593   0.00672620
  0.04790393   0.00687630
  0.04800973   0.00702790
  0.04811343   0.00718100
  0.04821493   0.00733550
  0.04831423   0.00749150
  0.04841123   0.00764890
  0.04850603   0.00780760
  0.04859853   0.00796770
  0.04868883   0.00812900
  0.04877673   0.00829160
  0.04886233   0.00845550
  0.04894563   0.00862060
  0.04902653   0.00878680
  0.04910513   0.00895420
  0.04918123   0.00912260
  0.04925503   0.00929220
  0.04932633   0.00946270
  0.04939523   0.00963430
  0.04946173   0.00980680
  0.04952573   0.00998030
  0.04958723   0.01015460
  0.04964633   0.01032980
  0.04970283   0.01050580
  0.04975693   0.01068270
  0.04980843   0.01086020
  0.04985743   0.01103850
  0.04990383   0.01121750
  0.04994773   0.01139700
  0.04998903   0.01157730
  0.05002783   0.01175800
  0.05006403   0.01193930
  0.05009763   0.01212110
  0.05012863   0.01230340
  0.05015713   0.01248610
  0.05018293   0.01266910
  0.05020613   0.01285260
  0.05022673   0.01303630
  0.05024473   0.01322030
  0.05026013   0.01340450
  0.05026153   0.01342370
  0.05026303   0.01344290
  0.05026443   0.01346210
  0.05026593   0.01348130
  0.05026733   0.01350050
  0.05026873   0.01351970
  0.05027023   0.01353890
  0.05027163   0.01355810
  0.05027313   0.01357730
  0.05027453   0.01359650
  0.05027593   0.01361560
  0.05027743   0.01363480
  0.05027883   0.01365400
  0.05028033   0.01367320
  0.05028173   0.01369240
  0.05028323   0.01371160
  0.05028463   0.01373080
  0.05028603   0.01375000
  0.05028753   0.01376920
  0.05028893   0.01378840
  0.05029043   0.01380760
  0.05029183   0.01382670
  0.05029323   0.01384590
  0.05029473   0.01386510
  0.05029613   0.01388430
  0.05029763   0.01390350
  0.05029903   0.01392270
  0.05030043   0.01394190
  0.05030193   0.01396110
  0.05030333   0.01398030
  0.05030483   0.01399950
  0.05030623   0.01401870
  0.05030773   0.01403780
  0.05030913   0.01405700
  0.05031053   0.01407620
  0.05031203   0.01409540
  0.05031343   0.01411460
  0.05031493   0.01413380
  0.05031633   0.01415300
  0.05031773   0.01417220
  0.05031923   0.01419140
  0.05032063   0.01421060
  0.05032213   0.01422980
  0.05032353   0.01424890
  0.05032493   0.01426810
  0.05032643   0.01428730
  0.05032783   0.01430650
  0.05032933   0.01432570
  0.05033073   0.01434490
  0.05033223   0.01436410
  0.05033363   0.01438330
  0.05033503   0.01440250
  0.05033653   0.01442170
  0.05033793   0.01444090
  0.05033943   0.01446000
  0.05034083   0.01447920
  0.05034223   0.01449840
  0.05034373   0.01451760
  0.05034513   0.01453680
  0.05034663   0.01455600
  0.05034803   0.01457520
  0.05034943   0.01459440
  0.05035093   0.01461360
  0.05035233   0.01463280
  0.05035383   0.01465200
  0.05035523   0.01467110
  0.05035673   0.01469030
  0.05035813   0.01470950
  0.05035953   0.01472870
  0.05036103   0.01474790
  0.05036243   0.01476710
  0.05036393   0.01478630
  0.05036533   0.01480550
  0.05036673   0.01482470
  0.05036823   0.01484390
  0.05036963   0.01486310
  0.05037113   0.01488220
  0.05037253   0.01490140
  0.05037393   0.01492060
  0.05037543   0.01493980
  0.05037683   0.01495900
  0.05037833   0.01497820
  0.05037973   0.01499740
  0.05038123   0.01501660
  0.05038263   0.01503580
  0.05038403   0.01505500
  0.05038553   0.01507420
  0.05038693   0.01509330
  0.05038843   0.01511250
  0.05038983   0.01513170
  0.05039123   0.01515090
  0.05039273   0.01517010
  0.05039413   0.01518930
  0.05039563   0.01520850
  0.05039703   0.01522770
  0.05039843   0.01524690
  0.05039993   0.01526610
  0.05040133   0.01528530
  0.05040283   0.01530440
  0.05040423   0.01532360
  0.05040573   0.01534280
  0.05040713   0.01536200
  0.05040853   0.01538120
  0.05041003   0.01540040
  0.05041143   0.01541960
  0.05041293   0.01543880
  0.05041433   0.01545800
  0.05041573   0.01547720
  0.05041723   0.01549640
  0.05041863   0.01551550
  0.05042013   0.01553470
  0.05042153   0.01555390
  0.05042293   0.01557310
  0.05042443   0.01559230
  0.05042583   0.01561150
  0.05042733   0.01563070
  0.05042873   0.01564990
  0.05043013   0.01566910
  0.05043163   0.01568830
  0.05043303   0.01570750
  0.05043453   0.01572660
  0.05043593   0.01574580
  0.05043743   0.01576500
  0.05043883   0.01578420
  0.05044023   0.01580340
  0.05044173   0.01582260
  0.05044313   0.01584180
  0.05044463   0.01586100
  0.05044603   0.01588020
  0.05044743   0.01589940
  0.05044893   0.01591860
  0.05045033   0.01593770
  0.05045183   0.01595690
  0.05045323   0.01597610
  0.05045463   0.01599530
  0.05045613   0.01601450
  0.05045753   0.01603370
  0.05045903   0.01605290
  0.05046043   0.01607210
  0.05046193   0.01609130
  0.05046333   0.01611050
  0.05046473   0.01612970
  0.05046623   0.01614880
  0.05046763   0.01616800
  0.05046913   0.01618720
  0.05047053   0.01620640
  0.05047193   0.01622560
  0.05047343   0.01624480
  0.05047483   0.01626400
  0.05047633   0.01628320
  0.05047773   0.01630240
  0.05047913   0.01632160
  0.05048063   0.01634080
  0.05048203   0.01635990
  0.05048353   0.01637910
  0.05048493   0.01639830
  0.05048643   0.01641750
  0.05048783   0.01643670
  0.05048923   0.01645590
  0.05049073   0.01647510
  0.05049213   0.01649430
  0.05049363   0.01651350
  0.05049503   0.01653270
  0.05049643   0.01655190
  0.05049793   0.01657100
  0.05049933   0.01659020
  0.05050083   0.01660940
  0.05050223   0.01662860
  0.05050363   0.01664780
  0.05050513   0.01666700
  0.05050653   0.01668620
  0.05050803   0.01670540
  0.05050943   0.01672460
  0.05051093   0.01674380
  0.05051233   0.01676300
  0.05051373   0.01678210
  0.05051523   0.01680130
  0.05051663   0.01682050
  0.05051813   0.01683970
  0.05051953   0.01685890
  0.05052093   0.01687810
  0.05052243   0.01689730
  0.05052383   0.01691650
  0.05052533   0.01693570
  0.05052673   0.01695490
  0.05052813   0.01697410
  0.05052963   0.01699320
  0.05053103   0.01701240
  0.05053253   0.01703160
  0.05053393   0.01705080
  0.05053543   0.01707000
  0.05053683   0.01708920
  0.05053823   0.01710840
  0.05053973   0.01712760
  0.05054113   0.01714680
  0.05054263   0.01716600
  0.05054403   0.01718520
  0.05054543   0.01720430
  0.05054693   0.01722350
  0.05054833   0.01724270
  0.05054983   0.01726190
  0.05055123   0.01728110
  0.05055263   0.01730030
  0.05055413   0.01731950
  0.05055553   0.01733870
  0.05055703   0.01735790
  0.05055843   0.01737710
  0.05055993   0.01739630
  0.05056133   0.01741540
  0.05056273   0.01743460
  0.05056423   0.01745380
  0.05056563   0.01747300
  0.05056713   0.01749220
  0.05056853   0.01751140
  0.05056993   0.01753060
  0.05057143   0.01754980
  0.05057283   0.01756900
  0.05057433   0.01758820
  0.05057573   0.01760740
  0.05057713   0.01762650
  0.05057863   0.01764570
  0.05058003   0.01766490
  0.05058153   0.01768410
  0.05058293   0.01770330
  0.05058433   0.01772250
  0.05058583   0.01774170
  0.05058723   0.01776090
  0.05058873   0.01778010
  0.05059013   0.01779930
  0.05059163   0.01781850
  0.05059303   0.01783760
  0.05059443   0.01785680
  0.05059593   0.01787600
  0.05059733   0.01789520
  0.05059883   0.01791440
  0.05060023   0.01793360
  0.05060163   0.01795280
  0.05060313   0.01797200
  0.05060453   0.01799120
  0.05060603   0.01801040
  0.05060743   0.01802960
  0.05060883   0.01804870
  0.05061033   0.01806790
  0.05061173   0.01808710
  0.05061323   0.01810630
  0.05061463   0.01812550
  0.05061613   0.01814470
  0.05061753   0.01816390
  0.05061893   0.01818310
  0.05062043   0.01820230
  0.05062183   0.01822150
  0.05062333   0.01824070
  0.05062473   0.01825980
  0.05062613   0.01827900
  0.05062763   0.01829820
  0.05062903   0.01831740
  0.05063053   0.01833660
  0.05063193   0.01835580
  0.05063333   0.01837500
  0.05063483   0.01839420
  0.05063623   0.01841340
  0.05063773   0.01843260
  0.05063913   0.01845180
  0.05064063   0.01847090
  0.05064203   0.01849010
  0.05064343   0.01850930
  0.05064493   0.01852850
  0.05064633   0.01854770
  0.05064783   0.01856690
  0.05064923   0.01858610
  0.05065063   0.01860530
  0.05065213   0.01862450
  0.05065353   0.01864370
  0.05065503   0.01866290
  0.05065643   0.01868200
  0.05065783   0.01870120
  0.05065933   0.01872040
  0.05066073   0.01873960
  0.05066223   0.01875880
  0.05066363   0.01877800
  0.05066513   0.01879720
  0.05066653   0.01881640
  0.05066793   0.01883560
  0.05066943   0.01885480
  0.05067083   0.01887400
  0.05067233   0.01889310
  0.05067373   0.01891230
  0.05067513   0.01893150
  0.05067663   0.01895070
  0.05067803   0.01896990
  0.05067953   0.01898910
  0.05068093   0.01900830
  0.05068233   0.01902750
  0.05068383   0.01904670
  0.05068523   0.01906590
  0.05068673   0.01908510
  0.05068813   0.01910420
  0.05068963   0.01912340
  0.05069103   0.01914260
  0.05069243   0.01916180
  0.05069393   0.01918100
  0.05069533   0.01920020
  0.05069683   0.01921940
  0.05069823   0.01923860
  0.05069963   0.01925780
  0.05070113   0.01927700
  0.05070253   0.01929620
  0.05070403   0.01931530
  0.05070543   0.01933450
  0.05070683   0.01935370
  0.05070833   0.01937290
  0.05070973   0.01939210
  0.05071123   0.01941130
  0.05071263   0.01943050
  0.05071403   0.01944970
  0.05071553   0.01946890
  0.05071693   0.01948810
  0.05071843   0.01950730
  0.05071983   0.01952640
  0.05072133   0.01954560
  0.05072273   0.01956480
  0.05072413   0.01958400
  0.05072563   0.01960320
  0.05072703   0.01962240
  0.05072853   0.01964160
  0.05072993   0.01966080
  0.05073133   0.01968000
  0.05073283   0.01969920
  0.05073423   0.01971840
  0.05073573   0.01973750
  0.05073713   0.01975670
  0.05073853   0.01977590
  0.05074003   0.01979510
  0.05074143   0.01981430
  0.05074293   0.01983350
  0.05074433   0.01985270
  0.05074583   0.01987190
  0.05074723   0.01989110
  0.05074863   0.01991030
  0.05075013   0.01992950
  0.05075153   0.01994860
  0.05075303   0.01996780
  0.05075443   0.01998700
  0.05075583   0.02000620
  0.05075733   0.02002540
  0.05075873   0.02004460
  0.05076023   0.02006380
  0.05076163   0.02008300
  0.05076303   0.02010220
  0.05076453   0.02012140
  0.05076593   0.02014060
  0.05076743   0.02015970
  0.05076883   0.02017890
  0.05077033   0.02019810
  0.05077173   0.02021730
  0.05077313   0.02023650
  0.05077463   0.02025570
  0.05077603   0.02027490
  0.05077753   0.02029410
  0.05077893   0.02031330
  0.05078033   0.02033250
  0.05078183   0.02035170
  0.05078323   0.02037080
  0.05078473   0.02039000
  0.05078613   0.02040920
  0.05078753   0.02042840
  0.05078903   0.02044760
  0.05079043   0.02046680
  0.05079193   0.02048600
  0.05079333   0.02050520
  0.05079483   0.02052440
  0.05079623   0.02054360
  0.05079763   0.02056280
  0.05079913   0.02058190
  0.05080053   0.02060110
  0.05080203   0.02062030
  0.05080343   0.02063950
  0.05080483   0.02065870
  0.05080633   0.02067790
  0.05080773   0.02069710
  0.05080923   0.02071630
  0.05081063   0.02073550
  0.05081203   0.02075470
  0.05081353   0.02077390
  0.05081493   0.02079300
  0.05081643   0.02081220
  0.05081783   0.02083140
  0.05081933   0.02085060
  0.05082073   0.02086980
  0.05082213   0.02088900
  0.05082363   0.02090820
  0.05082503   0.02092740
  0.05082653   0.02094660
  0.05082793   0.02096580
  0.05082933   0.02098500
  0.05083083   0.02100410
  0.05083223   0.02102330
  0.05083373   0.02104250
  0.05083513   0.02106170
  0.05083653   0.02108090
  0.05083803   0.02110010
  0.05083943   0.02111930
  0.05084093   0.02113850
  0.05084233   0.02115770
  0.05084383   0.02117690
  0.05084523   0.02119610
  0.05084663   0.02121520
  0.05084813   0.02123440
  0.05084953   0.02125360
  0.05085103   0.02127280
  0.05085243   0.02129200
  0.05085383   0.02131120
  0.05085533   0.02133040
  0.05085673   0.02134960
  0.05085823   0.02136880
  0.05085963   0.02138800
  0.05086103   0.02140720
  0.05086253   0.02142630
  0.05086393   0.02144550
  0.05086543   0.02146470
  0.05086683   0.02148390
  0.05086823   0.02150310
  0.05086973   0.02152230
  0.05087113   0.02154150
  0.05087263   0.02156070
  0.05087403   0.02157990
  0.05087553   0.02159910
  0.05087693   0.02161830
  0.05087833   0.02163740
  0.05087983   0.02165660
  0.05088123   0.02167580
  0.05088273   0.02169500
  0.05088413   0.02171420
  0.05088553   0.02173340
  0.05088703   0.02175260
  0.05088843   0.02177180
  0.05088993   0.02179100
  0.05089133   0.02181020
  0.05089273   0.02182940
  0.05089423   0.02184850
  0.05089563   0.02186770
  0.05089713   0.02188690
  0.05089853   0.02190610
  0.05090003   0.02192530
  0.05090143   0.02194450
  0.05090283   0.02196370
  0.05090433   0.02198290
  0.05090573   0.02200210
  0.05090723   0.02202130
  0.05090863   0.02204050
  0.05091003   0.02205960
  0.05091153   0.02207880
  0.05091293   0.02209800
  0.05091443   0.02211720
  0.05091583   0.02213640
  0.05091723   0.02215560
  0.05091873   0.02217480
  0.05092013   0.02219400
  0.05092163   0.02221320
  0.05092303   0.02223240
  0.05092453   0.02225160
  0.05092593   0.02227070
  0.05092733   0.02228990
  0.05092883   0.02230910
  0.05093023   0.02232830
  0.05093173   0.02234750
  0.05093313   0.02236670
  0.05093453   0.02238590
  0.05093603   0.02240510
  0.05093743   0.02242430
  0.05093893   0.02244350
  0.05094033   0.02246270
  0.05094173   0.02248180
  0.05094323   0.02250100
  0.05094463   0.02252020
  0.05094613   0.02253940
  0.05094753   0.02255860
  0.05094903   0.02257780
  0.05095043   0.02259700
  0.05095183   0.02261620
  0.05095333   0.02263540
  0.05095473   0.02265460
  0.05095623   0.02267380
  0.05095763   0.02269290
  0.05095903   0.02271210
  0.05096053   0.02273130
  0.05096193   0.02275050
  0.05096343   0.02276970
  0.05096483   0.02278890
  0.05096623   0.02280810
  0.05096773   0.02282730
  0.05096913   0.02284650
  0.05097063   0.02286570
  0.05097203   0.02288490
  0.05097353   0.02290400
  0.05097493   0.02292320
  0.05097633   0.02294240
  0.05097783   0.02296160
  0.05097923   0.02298080
  0.05098073   0.02300000
