  0.02200560   0.02300000
  0.02201020   0.02281520
  0.02201480   0.02263030
  0.02201950   0.02244550
  0.02202410   0.02226070
  0.02202870   0.02207590
  0.02203330   0.02189100
  0.02203790   0.02170620
  0.02204250   0.02152140
  0.02204710   0.02133660
  0.02205180   0.02115170
  0.02205640   0.02096690
  0.02206100   0.02078210
  0.02206560   0.02059720
  0.02207020   0.02041240
  0.02207480   0.02022760
  0.02207940   0.02004280
  0.02208410   0.01985790
  0.02208870   0.01967310
  0.02209330   0.01948830
  0.02209790   0.01930350
  0.02210250   0.01911860
  0.02210710   0.01893380
  0.02211170   0.01874900
  0.02211640   0.01856410
  0.02212100   0.01837930
  0.02212560   0.01819450
  0.02213020   0.01800970
  0.02213480   0.01782480
  0.02213940   0.01764000
  0.02214410   0.01745520
  0.02214870   0.01727040
  0.02215330   0.01708550
  0.02215790   0.01690070
  0.02216250   0.01671590
  0.02216710   0.01653100
  0.02217170   0.01634620
  0.02217640   0.01616140
  0.02218100   0.01597660
  0.02218560   0.01579170
  0.02219020   0.01560690
  0.02219480   0.01542210
  0.02219940   0.01523730
  0.02220480   0.01505240
  0.02221260   0.01486770
  0.02222310   0.01468310
  0.02223630   0.01449870
  0.02225200   0.01431450
  0.02227040   0.01413060
  0.02229140   0.01394690
  0.02231500   0.01376350
  0.02234120   0.01358050
  0.02237000   0.01339780
  0.02240140   0.01321560
  0.02243530   0.01303390
  0.02247190   0.01285270
  0.02251100   0.01267200
  0.02255280   0.01249190
  0.02259700   0.01231240
  0.02264380   0.01213350
  0.02269320   0.01195530
  0.02274500   0.01177790
  0.02279940   0.01160120
  0.02285630   0.01142530
  0.02291570   0.01125020
  0.02297760   0.01107600
  0.02304200   0.01090260
  0.02310880   0.01073020
  0.02317800   0.01055880
  0.02324970   0.01038840
  0.02332380   0.01021900
  0.02340030   0.01005070
  0.02347920   0.00988350
  0.02356050   0.00971740
  0.02364410   0.00955250
  0.02373000   0.00938890
  0.02381830   0.00922640
  0.02390890   0.00906520
  0.02400170   0.00890530
  0.02409690   0.00874680
  0.02419420   0.00858960
  0.02429380   0.00843390
  0.02439560   0.00827950
  0.02449960   0.00812670
  0.02460570   0.00797530
  0.02471400   0.00782540
  0.02482440   0.00767710
  0.02493690   0.00753040
  0.02505150   0.00738530
  0.02516810   0.00724190
  0.02528680   0.00710010
  0.02540740   0.00696000
  0.02553010   0.00682160
  0.02565470   0.00668510
  0.02578120   0.00655020
  0.02590960   0.00641730
  0.02604000   0.00628610
  0.02617210   0.00615680
  0.02630610   0.00602940
  0.02644190   0.00590390
  0.02657940   0.00578040
  0.02671870   0.00565880
  0.02685980   0.00553930
  0.02700250   0.00542170
  0.02714680   0.00530620
  0.02729280   0.00519280
  0.02744040   0.00508140
  0.02758950   0.00497220
  0.02774020   0.00486500
  0.02789240   0.00476010
  0.02804610   0.00465730
  0.02820120   0.00455670
  0.02835780   0.00445830
  0.02851570   0.00436220
  0.02867500   0.00426830
  0.02883550   0.00417670
  0.02899740   0.00408740
  0.02916060   0.00400040
  0.02932490   0.00391570
  0.02949040   0.00383340
  0.02965710   0.00375340
  0.02982500   0.00367580
  0.02999390   0.00360060
  0.03016380   0.00352780
  0.03033480   0.00345750
  0.03050670   0.00338950
  0.03067960   0.00332410
  0.03085350   0.00326110
  0.03102820   0.00320050
  0.03120370   0.00314250
  0.03138000   0.00308700
  0.03155720   0.00303400
  0.03173500   0.00298350
  0.03191360   0.00293550
  0.03209260   0.00288920
  0.03227170   0.00284340
  0.03245090   0.00279800
  0.03263020   0.00275290
  0.03280960   0.00270830
  0.03298920   0.00266410
  0.03316880   0.00262040
  0.03334850   0.00257700
  0.03352830   0.00253410
  0.03370830   0.00249150
  0.03388830   0.00244940
  0.03406840   0.00240770
  0.03424860   0.00236640
  0.03442890   0.00232560
  0.03460940   0.00228510
  0.03478990   0.00224510
  0.03497040   0.00220550
  0.03515110   0.00216630
  0.03533190   0.00212750
  0.03551280   0.00208920
  0.03569370   0.00205120
  0.03587470   0.00201370
  0.03605590   0.00197660
  0.03623710   0.00193990
  0.03641840   0.00190360
  0.03659970   0.00186780
  0.03678120   0.00183240
  0.03696270   0.00179740
  0.03714440   0.00176280
  0.03732610   0.00172860
  0.03750780   0.00169480
  0.03768970   0.00166150
  0.03787160   0.00162860
  0.03805360   0.00159610
  0.03823570   0.00156400
  0.03841790   0.00153240
  0.03860010   0.00150120
  0.03878240   0.00147040
  0.03896480   0.00144000
  0.03914720   0.00141000
  0.03932970   0.00138050
  0.03951230   0.00135140
  0.03969500   0.00132270
  0.03987770   0.00129440
  0.04006040   0.00126650
  0.04024330   0.00123910
  0.04042620   0.00121210
  0.04060910   0.00118550
  0.04079220   0.00115940
  0.04097530   0.00113360
  0.04115840   0.00110830
  0.04134160   0.00108340
  0.04152490   0.00105900
  0.04170820   0.00103490
  0.04189150   0.00101130
  0.04207500   0.00098810
  0.04225840   0.00096530
  0.04244200   0.00094300
  0.04262550   0.00092100
  0.04280920   0.00089950
  0.04299290   0.00087850
  0.04317660   0.00085780
  0.04336040   0.00083760
  0.04354420   0.00081780
  0.04372810   0.00079840
  0.04391200   0.00077950
  0.04409590   0.00076090
  0.04427990   0.00074280
  0.04446390   0.00072520
  0.04464800   0.00070790
  0.04483210   0.00069110
  0.04501630   0.00067470
  0.04520050   0.00065870
  0.04538470   0.00064320
  0.04556900   0.00062800
  0.04575330   0.00061330
  0.04593760   0.00059910
  0.04612200   0.00058520
  0.04630640   0.00057180
  0.04649080   0.00055880
  0.04667530   0.00054620
  0.04685980   0.00053410
  0.04704430   0.00052240
  0.04722880   0.00051110
  0.04741340   0.00050030
  0.04759800   0.00048970
  0.04778250   0.00047920
  0.04796710   0.00046880
  0.04815170   0.00045860
  0.04833630   0.00044840
  0.04852100   0.00043840
  0.04870560   0.00042840
  0.04889020   0.00041860
  0.04907480   0.00040890
  0.04925950   0.00039930
  0.04944410   0.00038980
  0.04962880   0.00038050
  0.04981340   0.00037120
  0.04999810   0.00036210
  0.05018270   0.00035300
  0.05036740   0.00034410
  0.05055210   0.00033530
  0.05073680   0.00032670
  0.05092140   0.00031810
  0.05110610   0.00030960
  0.05129080   0.00030130
  0.05147550   0.00029310
  0.05166020   0.00028500
  0.05184500   0.00027700
  0.05202970   0.00026910
  0.05221440   0.00026130
  0.05239910   0.00025360
  0.05258380   0.00024610
  0.05276860   0.00023870
  0.05295330   0.00023130
  0.05313810   0.00022410
  0.05332280   0.00021710
  0.05350760   0.00021010
  0.05369230   0.00020320
  0.05387710   0.00019650
  0.05406190   0.00018980
  0.05424660   0.00018330
  0.05443140   0.00017690
  0.05461620   0.00017060
  0.05480100   0.00016440
  0.05498570   0.00015840
  0.05517050   0.00015240
  0.05535530   0.00014660
  0.05554010   0.00014090
  0.05572490   0.00013530
  0.05590970   0.00012980
  0.05609450   0.00012440
  0.05627930   0.00011910
  0.05646420   0.00011400
  0.05664900   0.00010890
  0.05683380   0.00010400
  0.05701860   0.00009920
  0.05720340   0.00009450
  0.05738830   0.00008990
  0.05757310   0.00008540
  0.05775790   0.00008110
  0.05794280   0.00007680
  0.05812760   0.00007270
  0.05831240   0.00006870
  0.05849730   0.00006480
  0.05868210   0.00006100
  0.05886700   0.00005740
  0.05905180   0.00005380
  0.05923670   0.00005030
  0.05942150   0.00004700
  0.05960640   0.00004380
  0.05979130   0.00004070
  0.05997610   0.00003770
  0.06016100   0.00003480
  0.06034580   0.00003210
  0.06053070   0.00002940
  0.06071560   0.00002690
  0.06090040   0.00002450
  0.06108530   0.00002220
  0.06127020   0.00002000
  0.06145510   0.00001790
  0.06163990   0.00001590
  0.06182480   0.00001410
  0.06200970   0.00001240
  0.06219460   0.00001070
  0.06237940   0.00000920
  0.06256430   0.00000780
  0.06274920   0.00000660
  0.06293410   0.00000540
  0.06311900   0.00000430
  0.06330380   0.00000340
  0.06348870   0.00000260
  0.06367360   0.00000190
  0.06385850   0.00000130
  0.06404340   0.00000080
  0.06422830   0.00000040
  0.06441320   0.00000020
  0.06459800  -0.00000000
  0.06478290  -0.00000000
  0.06496780   0.00000010
  0.06515270   0.00000030
  0.06533760   0.00000060
  0.06552250   0.00000100
  0.06570730   0.00000160
  0.06589220   0.00000220
  0.06607710   0.00000300
  0.06626200   0.00000390
  0.06644690   0.00000490
  0.06663180   0.00000600
  0.06681660   0.00000720
  0.06700150   0.00000860
  0.06718640   0.00001000
  0.06737130   0.00001190
  0.06755610   0.00001420
  0.06774100   0.00001700
  0.06792590   0.00002020
  0.06811070   0.00002380
  0.06829560   0.00002780
  0.06848040   0.00003230
  0.06866520   0.00003720
  0.06885000   0.00004250
  0.06903480   0.00004830
  0.06921960   0.00005440
  0.06940440   0.00006100
  0.06958910   0.00006810
  0.06977380   0.00007550
  0.06995860   0.00008340
  0.07014330   0.00009170
  0.07032790   0.00010050
  0.07051260   0.00010960
  0.07069720   0.00011920
  0.07088180   0.00012920
  0.07106640   0.00013970
  0.07125100   0.00015060
  0.07143550   0.00016190
  0.07162000   0.00017360
  0.07180450   0.00018570
  0.07198900   0.00019830
  0.07217340   0.00021130
  0.07235780   0.00022470
  0.07254220   0.00023860
  0.07272650   0.00025290
  0.07291080   0.00026760
  0.07309510   0.00028270
  0.07327930   0.00029830
  0.07346350   0.00031430
  0.07364770   0.00033070
  0.07383180   0.00034750
  0.07401580   0.00036480
  0.07419990   0.00038250
  0.07438390   0.00040060
  0.07456780   0.00041910
  0.07475170   0.00043810
  0.07493560   0.00045750
  0.07511940   0.00047730
  0.07530320   0.00049750
  0.07548690   0.00051820
  0.07567060   0.00053930
  0.07585420   0.00056080
  0.07603780   0.00058270
  0.07622130   0.00060510
  0.07640480   0.00062790
  0.07658820   0.00065110
  0.07677160   0.00067470
  0.07695490   0.00069880
  0.07713820   0.00072320
  0.07732140   0.00074810
  0.07750450   0.00077350
  0.07768760   0.00079920
  0.07787060   0.00082540
  0.07805360   0.00085200
  0.07823650   0.00087900
  0.07841930   0.00090640
  0.07860210   0.00093430
  0.07878480   0.00096260
  0.07896740   0.00099130
  0.07915000   0.00102040
  0.07933250   0.00105000
  0.07951500   0.00108000
  0.07969730   0.00111040
  0.07987960   0.00114120
  0.08006190   0.00117240
  0.08024400   0.00120410
  0.08042610   0.00123610
  0.08060810   0.00126860
  0.08079000   0.00130160
  0.08097190   0.00133490
  0.08115370   0.00136870
  0.08133540   0.00140290
  0.08151700   0.00143750
  0.08169850   0.00147250
  0.08188000   0.00150790
  0.08206130   0.00154380
  0.08224260   0.00158000
  0.08242380   0.00161670
  0.08260500   0.00165390
  0.08278590   0.00169200
  0.08296620   0.00173270
  0.08314600   0.00177590
  0.08332510   0.00182170
  0.08350360   0.00187000
  0.08368130   0.00192090
  0.08385830   0.00197430
  0.08403460   0.00203010
  0.08421000   0.00208850
  0.08438460   0.00214940
  0.08455820   0.00221280
  0.08473100   0.00227860
  0.08490280   0.00234690
  0.08507370   0.00241760
  0.08524350   0.00249070
  0.08541220   0.00256620
  0.08557990   0.00264420
  0.08574640   0.00272450
  0.08591180   0.00280710
  0.08607600   0.00289220
  0.08623890   0.00297950
  0.08640060   0.00306910
  0.08656100   0.00316110
  0.08672010   0.00325530
  0.08687780   0.00335170
  0.08703420   0.00345040
  0.08718910   0.00355130
  0.08734250   0.00365440
  0.08749450   0.00375970
  0.08764500   0.00386710
  0.08779390   0.00397670
  0.08794130   0.00408830
  0.08808700   0.00420210
  0.08823120   0.00431790
  0.08837360   0.00443570
  0.08851440   0.00455560
  0.08865340   0.00467740
  0.08879070   0.00480120
  0.08892630   0.00492700
  0.08906000   0.00505470
  0.08919190   0.00518420
  0.08932190   0.00531560
  0.08945010   0.00544890
  0.08957640   0.00558390
  0.08970070   0.00572080
  0.08982300   0.00585940
  0.08994340   0.00599970
  0.09006180   0.00614170
  0.09017810   0.00628540
  0.09029240   0.00643080
  0.09040460   0.00657770
  0.09051470   0.00672620
  0.09062270   0.00687630
  0.09072850   0.00702790
  0.09083220   0.00718100
  0.09093370   0.00733550
  0.09103300   0.00749150
  0.09113000   0.00764890
  0.09122480   0.00780760
  0.09131730   0.00796770
  0.09140760   0.00812900
  0.09149550   0.00829160
  0.09158110   0.00845550
  0.09166440   0.00862060
  0.09174530   0.00878680
  0.09182390   0.00895420
  0.09190000   0.00912260
  0.09197380   0.00929220
  0.09204510   0.00946270
  0.09211400   0.00963430
  0.09218050   0.00980680
  0.09224450   0.00998030
  0.09230600   0.01015460
  0.09236510   0.01032980
  0.09242160   0.01050580
  0.09247570   0.01068270
  0.09252720   0.01086020
  0.09257620   0.01103850
  0.09262260   0.01121750
  0.09266650   0.01139700
  0.09270780   0.01157730
  0.09274660   0.01175800
  0.09278280   0.01193930
  0.09281640   0.01212110
  0.09284740   0.01230340
  0.09287590   0.01248610
  0.09290170   0.01266910
  0.09292490   0.01285260
  0.09294550   0.01303630
  0.09296350   0.01322030
  0.09297890   0.01340450
  0.09298030   0.01342370
  0.09298180   0.01344290
  0.09298320   0.01346210
  0.09298470   0.01348130
  0.09298610   0.01350050
  0.09298750   0.01351970
  0.09298900   0.01353890
  0.09299040   0.01355810
  0.09299190   0.01357730
  0.09299330   0.01359650
  0.09299470   0.01361560
  0.09299620   0.01363480
  0.09299760   0.01365400
  0.09299910   0.01367320
  0.09300050   0.01369240
  0.09300200   0.01371160
  0.09300340   0.01373080
  0.09300480   0.01375000
  0.09300630   0.01376920
  0.09300770   0.01378840
  0.09300920   0.01380760
  0.09301060   0.01382670
  0.09301200   0.01384590
  0.09301350   0.01386510
  0.09301490   0.01388430
  0.09301640   0.01390350
  0.09301780   0.01392270
  0.09301920   0.01394190
  0.09302070   0.01396110
  0.09302210   0.01398030
  0.09302360   0.01399950
  0.09302500   0.01401870
  0.09302650   0.01403780
  0.09302790   0.01405700
  0.09302930   0.01407620
  0.09303080   0.01409540
  0.09303220   0.01411460
  0.09303370   0.01413380
  0.09303510   0.01415300
  0.09303650   0.01417220
  0.09303800   0.01419140
  0.09303940   0.01421060
  0.09304090   0.01422980
  0.09304230   0.01424890
  0.09304370   0.01426810
  0.09304520   0.01428730
  0.09304660   0.01430650
  0.09304810   0.01432570
  0.09304950   0.01434490
  0.09305100   0.01436410
  0.09305240   0.01438330
  0.09305380   0.01440250
  0.09305530   0.01442170
  0.09305670   0.01444090
  0.09305820   0.01446000
  0.09305960   0.01447920
  0.09306100   0.01449840
  0.09306250   0.01451760
  0.09306390   0.01453680
  0.09306540   0.01455600
  0.09306680   0.01457520
  0.09306820   0.01459440
  0.09306970   0.01461360
  0.09307110   0.01463280
  0.09307260   0.01465200
  0.09307400   0.01467110
  0.09307550   0.01469030
  0.09307690   0.01470950
  0.09307830   0.01472870
  0.09307980   0.01474790
  0.09308120   0.01476710
  0.09308270   0.01478630
  0.09308410   0.01480550
  0.09308550   0.01482470
  0.09308700   0.01484390
  0.09308840   0.01486310
  0.09308990   0.01488220
  0.09309130   0.01490140
  0.09309270   0.01492060
  0.09309420   0.01493980
  0.09309560   0.01495900
  0.09309710   0.01497820
  0.09309850   0.01499740
  0.09310000   0.01501660
  0.09310140   0.01503580
  0.09310280   0.01505500
  0.09310430   0.01507420
  0.09310570   0.01509330
  0.09310720   0.01511250
  0.09310860   0.01513170
  0.09311000   0.01515090
  0.09311150   0.01517010
  0.09311290   0.01518930
  0.09311440   0.01520850
  0.09311580   0.01522770
  0.09311720   0.01524690
  0.09311870   0.01526610
  0.09312010   0.01528530
  0.09312160   0.01530440
  0.09312300   0.01532360
  0.09312450   0.01534280
  0.09312590   0.01536200
  0.09312730   0.01538120
  0.09312880   0.01540040
  0.09313020   0.01541960
  0.09313170   0.01543880
  0.09313310   0.01545800
  0.09313450   0.01547720
  0.09313600   0.01549640
  0.09313740   0.01551550
  0.09313890   0.01553470
  0.09314030   0.01555390
  0.09314170   0.01557310
  0.09314320   0.01559230
  0.09314460   0.01561150
  0.09314610   0.01563070
  0.09314750   0.01564990
  0.09314890   0.01566910
  0.09315040   0.01568830
  0.09315180   0.01570750
  0.09315330   0.01572660
  0.09315470   0.01574580
  0.09315620   0.01576500
  0.09315760   0.01578420
  0.09315900   0.01580340
  0.09316050   0.01582260
  0.09316190   0.01584180
  0.09316340   0.01586100
  0.09316480   0.01588020
  0.09316620   0.01589940
  0.09316770   0.01591860
  0.09316910   0.01593770
  0.09317060   0.01595690
  0.09317200   0.01597610
  0.09317340   0.01599530
  0.09317490   0.01601450
  0.09317630   0.01603370
  0.09317780   0.01605290
  0.09317920   0.01607210
  0.09318070   0.01609130
  0.09318210   0.01611050
  0.09318350   0.01612970
  0.09318500   0.01614880
  0.09318640   0.01616800
  0.09318790   0.01618720
  0.09318930   0.01620640
  0.09319070   0.01622560
  0.09319220   0.01624480
  0.09319360   0.01626400
  0.09319510   0.01628320
  0.09319650   0.01630240
  0.09319790   0.01632160
  0.09319940   0.01634080
  0.09320080   0.01635990
  0.09320230   0.01637910
  0.09320370   0.01639830
  0.09320520   0.01641750
  0.09320660   0.01643670
  0.09320800   0.01645590
  0.09320950   0.01647510
  0.09321090   0.01649430
  0.09321240   0.01651350
  0.09321380   0.01653270
  0.09321520   0.01655190
  0.09321670   0.01657100
  0.09321810   0.01659020
  0.09321960   0.01660940
  0.09322100   0.01662860
  0.09322240   0.01664780
  0.09322390   0.01666700
  0.09322530   0.01668620
  0.09322680   0.01670540
  0.09322820   0.01672460
  0.09322970   0.01674380
  0.09323110   0.01676300
  0.09323250   0.01678210
  0.09323400   0.01680130
  0.09323540   0.01682050
  0.09323690   0.01683970
  0.09323830   0.01685890
  0.09323970   0.01687810
  0.09324120   0.01689730
  0.09324260   0.01691650
  0.09324410   0.01693570
  0.09324550   0.01695490
  0.09324690   0.01697410
  0.09324840   0.01699320
  0.09324980   0.01701240
  0.09325130   0.01703160
  0.09325270   0.01705080
  0.09325420   0.01707000
  0.09325560   0.01708920
  0.09325700   0.01710840
  0.09325850   0.01712760
  0.09325990   0.01714680
  0.09326140   0.01716600
  0.09326280   0.01718520
  0.09326420   0.01720430
  0.09326570   0.01722350
  0.09326710   0.01724270
  0.09326860   0.01726190
  0.09327000   0.01728110
  0.09327140   0.01730030
  0.09327290   0.01731950
  0.09327430   0.01733870
  0.09327580   0.01735790
  0.09327720   0.01737710
  0.09327870   0.01739630
  0.09328010   0.01741540
  0.09328150   0.01743460
  0.09328300   0.01745380
  0.09328440   0.01747300
  0.09328590   0.01749220
  0.09328730   0.01751140
  0.09328870   0.01753060
  0.09329020   0.01754980
  0.09329160   0.01756900
  0.09329310   0.01758820
  0.09329450   0.01760740
  0.09329590   0.01762650
  0.09329740   0.01764570
  0.09329880   0.01766490
  0.09330030   0.01768410
  0.09330170   0.01770330
  0.09330310   0.01772250
  0.09330460   0.01774170
  0.09330600   0.01776090
  0.09330750   0.01778010
  0.09330890   0.01779930
  0.09331040   0.01781850
  0.09331180   0.01783760
  0.09331320   0.01785680
  0.09331470   0.01787600
  0.09331610   0.01789520
  0.09331760   0.01791440
  0.09331900   0.01793360
  0.09332040   0.01795280
  0.09332190   0.01797200
  0.09332330   0.01799120
  0.09332480   0.01801040
  0.09332620   0.01802960
  0.09332760   0.01804870
  0.09332910   0.01806790
  0.09333050   0.01808710
  0.09333200   0.01810630
  0.09333340   0.01812550
  0.09333490   0.01814470
  0.09333630   0.01816390
  0.09333770   0.01818310
  0.09333920   0.01820230
  0.09334060   0.01822150
  0.09334210   0.01824070
  0.09334350   0.01825980
  0.09334490   0.01827900
  0.09334640   0.01829820
  0.09334780   0.01831740
  0.09334930   0.01833660
  0.09335070   0.01835580
  0.09335210   0.01837500
  0.09335360   0.01839420
  0.09335500   0.01841340
  0.09335650   0.01843260
  0.09335790   0.01845180
  0.09335940   0.01847090
  0.09336080   0.01849010
  0.09336220   0.01850930
  0.09336370   0.01852850
  0.09336510   0.01854770
  0.09336660   0.01856690
  0.09336800   0.01858610
  0.09336940   0.01860530
  0.09337090   0.01862450
  0.09337230   0.01864370
  0.09337380   0.01866290
  0.09337520   0.01868200
  0.09337660   0.01870120
  0.09337810   0.01872040
  0.09337950   0.01873960
  0.09338100   0.01875880
  0.09338240   0.01877800
  0.09338390   0.01879720
  0.09338530   0.01881640
  0.09338670   0.01883560
  0.09338820   0.01885480
  0.09338960   0.01887400
  0.09339110   0.01889310
  0.09339250   0.01891230
  0.09339390   0.01893150
  0.09339540   0.01895070
  0.09339680   0.01896990
  0.09339830   0.01898910
  0.09339970   0.01900830
  0.09340110   0.01902750
  0.09340260   0.01904670
  0.09340400   0.01906590
  0.09340550   0.01908510
  0.09340690   0.01910420
  0.09340840   0.01912340
  0.09340980   0.01914260
  0.09341120   0.01916180
  0.09341270   0.01918100
  0.09341410   0.01920020
  0.09341560   0.01921940
  0.09341700   0.01923860
  0.09341840   0.01925780
  0.09341990   0.01927700
  0.09342130   0.01929620
  0.09342280   0.01931530
  0.09342420   0.01933450
  0.09342560   0.01935370
  0.09342710   0.01937290
  0.09342850   0.01939210
  0.09343000   0.01941130
  0.09343140   0.01943050
  0.09343280   0.01944970
  0.09343430   0.01946890
  0.09343570   0.01948810
  0.09343720   0.01950730
  0.09343860   0.01952640
  0.09344010   0.01954560
  0.09344150   0.01956480
  0.09344290   0.01958400
  0.09344440   0.01960320
  0.09344580   0.01962240
  0.09344730   0.01964160
  0.09344870   0.01966080
  0.09345010   0.01968000
  0.09345160   0.01969920
  0.09345300   0.01971840
  0.09345450   0.01973750
  0.09345590   0.01975670
  0.09345730   0.01977590
  0.09345880   0.01979510
  0.09346020   0.01981430
  0.09346170   0.01983350
  0.09346310   0.01985270
  0.09346460   0.01987190
  0.09346600   0.01989110
  0.09346740   0.01991030
  0.09346890   0.01992950
  0.09347030   0.01994860
  0.09347180   0.01996780
  0.09347320   0.01998700
  0.09347460   0.02000620
  0.09347610   0.02002540
  0.09347750   0.02004460
  0.09347900   0.02006380
  0.09348040   0.02008300
  0.09348180   0.02010220
  0.09348330   0.02012140
  0.09348470   0.02014060
  0.09348620   0.02015970
  0.09348760   0.02017890
  0.09348910   0.02019810
  0.09349050   0.02021730
  0.09349190   0.02023650
  0.09349340   0.02025570
  0.09349480   0.02027490
  0.09349630   0.02029410
  0.09349770   0.02031330
  0.09349910   0.02033250
  0.09350060   0.02035170
  0.09350200   0.02037080
  0.09350350   0.02039000
  0.09350490   0.02040920
  0.09350630   0.02042840
  0.09350780   0.02044760
  0.09350920   0.02046680
  0.09351070   0.02048600
  0.09351210   0.02050520
  0.09351360   0.02052440
  0.09351500   0.02054360
  0.09351640   0.02056280
  0.09351790   0.02058190
  0.09351930   0.02060110
  0.09352080   0.02062030
  0.09352220   0.02063950
  0.09352360   0.02065870
  0.09352510   0.02067790
  0.09352650   0.02069710
  0.09352800   0.02071630
  0.09352940   0.02073550
  0.09353080   0.02075470
  0.09353230   0.02077390
  0.09353370   0.02079300
  0.09353520   0.02081220
  0.09353660   0.02083140
  0.09353810   0.02085060
  0.09353950   0.02086980
  0.09354090   0.02088900
  0.09354240   0.02090820
  0.09354380   0.02092740
  0.09354530   0.02094660
  0.09354670   0.02096580
  0.09354810   0.02098500
  0.09354960   0.02100410
  0.09355100   0.02102330
  0.09355250   0.02104250
  0.09355390   0.02106170
  0.09355530   0.02108090
  0.09355680   0.02110010
  0.09355820   0.02111930
  0.09355970   0.02113850
  0.09356110   0.02115770
  0.09356260   0.02117690
  0.09356400   0.02119610
  0.09356540   0.02121520
  0.09356690   0.02123440
  0.09356830   0.02125360
  0.09356980   0.02127280
  0.09357120   0.02129200
  0.09357260   0.02131120
  0.09357410   0.02133040
  0.09357550   0.02134960
  0.09357700   0.02136880
  0.09357840   0.02138800
  0.09357980   0.02140720
  0.09358130   0.02142630
  0.09358270   0.02144550
  0.09358420   0.02146470
  0.09358560   0.02148390
  0.09358700   0.02150310
  0.09358850   0.02152230
  0.09358990   0.02154150
  0.09359140   0.02156070
  0.09359280   0.02157990
  0.09359430   0.02159910
  0.09359570   0.02161830
  0.09359710   0.02163740
  0.09359860   0.02165660
  0.09360000   0.02167580
  0.09360150   0.02169500
  0.09360290   0.02171420
  0.09360430   0.02173340
  0.09360580   0.02175260
  0.09360720   0.02177180
  0.09360870   0.02179100
  0.09361010   0.02181020
  0.09361150   0.02182940
  0.09361300   0.02184850
  0.09361440   0.02186770
  0.09361590   0.02188690
  0.09361730   0.02190610
  0.09361880   0.02192530
  0.09362020   0.02194450
  0.09362160   0.02196370
  0.09362310   0.02198290
  0.09362450   0.02200210
  0.09362600   0.02202130
  0.09362740   0.02204050
  0.09362880   0.02205960
  0.09363030   0.02207880
  0.09363170   0.02209800
  0.09363320   0.02211720
  0.09363460   0.02213640
  0.09363600   0.02215560
  0.09363750   0.02217480
  0.09363890   0.02219400
  0.09364040   0.02221320
  0.09364180   0.02223240
  0.09364330   0.02225160
  0.09364470   0.02227070
  0.09364610   0.02228990
  0.09364760   0.02230910
  0.09364900   0.02232830
  0.09365050   0.02234750
  0.09365190   0.02236670
  0.09365330   0.02238590
  0.09365480   0.02240510
  0.09365620   0.02242430
  0.09365770   0.02244350
  0.09365910   0.02246270
  0.09366050   0.02248180
  0.09366200   0.02250100
  0.09366340   0.02252020
  0.09366490   0.02253940
  0.09366630   0.02255860
  0.09366780   0.02257780
  0.09366920   0.02259700
  0.09367060   0.02261620
  0.09367210   0.02263540
  0.09367350   0.02265460
  0.09367500   0.02267380
  0.09367640   0.02269290
  0.09367780   0.02271210
  0.09367930   0.02273130
  0.09368070   0.02275050
  0.09368220   0.02276970
  0.09368360   0.02278890
  0.09368500   0.02280810
  0.09368650   0.02282730
  0.09368790   0.02284650
  0.09368940   0.02286570
  0.09369080   0.02288490
  0.09369230   0.02290400
  0.09369370   0.02292320
  0.09369510   0.02294240
  0.09369660   0.02296160
  0.09369800   0.02298080
  0.09369950   0.02300000
