  0.09122373   0.02300000
  0.09122833   0.02281520
  0.09123293   0.02263030
  0.09123763   0.02244550
  0.09124223   0.02226070
  0.09124683   0.02207590
  0.09125143   0.02189100
  0.09125603   0.02170620
  0.09126063   0.02152140
  0.09126523   0.02133660
  0.09126993   0.02115170
  0.09127453   0.02096690
  0.09127913   0.02078210
  0.09128373   0.02059720
  0.09128833   0.02041240
  0.09129293   0.02022760
  0.09129753   0.02004280
  0.09130223   0.01985790
  0.09130683   0.01967310
  0.09131143   0.01948830
  0.09131603   0.01930350
  0.09132063   0.01911860
  0.09132523   0.01893380
  0.09132983   0.01874900
  0.09133453   0.01856410
  0.09133913   0.01837930
  0.09134373   0.01819450
  0.09134833   0.01800970
  0.09135293   0.01782480
  0.09135753   0.01764000
  0.09136223   0.01745520
  0.09136683   0.01727040
  0.09137143   0.01708550
  0.09137603   0.01690070
  0.09138063   0.01671590
  0.09138523   0.01653100
  0.09138983   0.01634620
  0.09139453   0.01616140
  0.09139913   0.01597660
  0.09140373   0.01579170
  0.09140833   0.01560690
  0.09141293   0.01542210
  0.09141753   0.01523730
  0.09142293   0.01505240
  0.09143073   0.01486770
  0.09144123   0.01468310
  0.09145443   0.01449870
  0.09147013   0.01431450
  0.09148853   0.01413060
  0.09150953   0.01394690
  0.09153313   0.01376350
  0.09155933   0.01358050
  0.09158813   0.01339780
  0.09161953   0.01321560
  0.09165343   0.01303390
  0.09169003   0.01285270
  0.09172913   0.01267200
  0.09177093   0.01249190
  0.09181513   0.01231240
  0.09186193   0.01213350
  0.09191133   0.01195530
  0.09196313   0.01177790
  0.09201753   0.01160120
  0.09207443   0.01142530
  0.09213383   0.01125020
  0.09219573   0.01107600
  0.09226013   0.01090260
  0.09232693   0.01073020
  0.09239613   0.01055880
  0.09246783   0.01038840
  0.09254193   0.01021900
  0.09261843   0.01005070
  0.09269733   0.00988350
  0.09277863   0.00971740
  0.09286223   0.00955250
  0.09294813   0.00938890
  0.09303643   0.00922640
  0.09312703   0.00906520
  0.09321983   0.00890530
  0.09331503   0.00874680
  0.09341233   0.00858960
  0.09351193   0.00843390
  0.09361373   0.00827950
  0.09371773   0.00812670
  0.09382383   0.00797530
  0.09393213   0.00782540
  0.09404253   0.00767710
  0.09415503   0.00753040
  0.09426963   0.00738530
  0.09438623   0.00724190
  0.09450493   0.00710010
  0.09462553   0.00696000
  0.09474823   0.00682160
  0.09487283   0.00668510
  0.09499933   0.00655020
  0.09512773   0.00641730
  0.09525813   0.00628610
  0.09539023   0.00615680
  0.09552423   0.00602940
  0.09566003   0.00590390
  0.09579753   0.00578040
  0.09593683   0.00565880
  0.09607793   0.00553930
  0.09622063   0.00542170
  0.09636493   0.00530620
  0.09651093   0.00519280
  0.09665853   0.00508140
  0.09680763   0.00497220
  0.09695833   0.00486500
  0.09711053   0.00476010
  0.09726423   0.00465730
  0.09741933   0.00455670
  0.09757593   0.00445830
  0.09773383   0.00436220
  0.09789313   0.00426830
  0.09805363   0.00417670
  0.09821553   0.00408740
  0.09837873   0.00400040
  0.09854303   0.00391570
  0.09870853   0.00383340
  0.09887523   0.00375340
  0.09904313   0.00367580
  0.09921203   0.00360060
  0.09938193   0.00352780
  0.09955293   0.00345750
  0.09972483   0.00338950
  0.09989773   0.00332410
  0.10007163   0.00326110
  0.10024633   0.00320050
  0.10042183   0.00314250
  0.10059813   0.00308700
  0.10077533   0.00303400
  0.10095313   0.00298350
  0.10113173   0.00293550
  0.10131073   0.00288920
  0.10148983   0.00284340
  0.10166903   0.00279800
  0.10184833   0.00275290
  0.10202773   0.00270830
  0.10220733   0.00266410
  0.10238693   0.00262040
  0.10256663   0.00257700
  0.10274643   0.00253410
  0.10292643   0.00249150
  0.10310643   0.00244940
  0.10328653   0.00240770
  0.10346673   0.00236640
  0.10364703   0.00232560
  0.10382753   0.00228510
  0.10400803   0.00224510
  0.10418853   0.00220550
  0.10436923   0.00216630
  0.10455003   0.00212750
  0.10473093   0.00208920
  0.10491183   0.00205120
  0.10509283   0.00201370
  0.10527403   0.00197660
  0.10545523   0.00193990
  0.10563653   0.00190360
  0.10581783   0.00186780
  0.10599933   0.00183240
  0.10618083   0.00179740
  0.10636253   0.00176280
  0.10654423   0.00172860
  0.10672593   0.00169480
  0.10690783   0.00166150
  0.10708973   0.00162860
  0.10727173   0.00159610
  0.10745383   0.00156400
  0.10763603   0.00153240
  0.10781823   0.00150120
  0.10800053   0.00147040
  0.10818293   0.00144000
  0.10836533   0.00141000
  0.10854783   0.00138050
  0.10873043   0.00135140
  0.10891313   0.00132270
  0.10909583   0.00129440
  0.10927853   0.00126650
  0.10946143   0.00123910
  0.10964433   0.00121210
  0.10982723   0.00118550
  0.11001033   0.00115940
  0.11019343   0.00113360
  0.11037653   0.00110830
  0.11055973   0.00108340
  0.11074303   0.00105900
  0.11092633   0.00103490
  0.11110963   0.00101130
  0.11129313   0.00098810
  0.11147653   0.00096530
  0.11166013   0.00094300
  0.11184363   0.00092100
  0.11202733   0.00089950
  0.11221103   0.00087850
  0.11239473   0.00085780
  0.11257853   0.00083760
  0.11276233   0.00081780
  0.11294623   0.00079840
  0.11313013   0.00077950
  0.11331403   0.00076090
  0.11349803   0.00074280
  0.11368203   0.00072520
  0.11386613   0.00070790
  0.11405023   0.00069110
  0.11423443   0.00067470
  0.11441863   0.00065870
  0.11460283   0.00064320
  0.11478713   0.00062800
  0.11497143   0.00061330
  0.11515573   0.00059910
  0.11534013   0.00058520
  0.11552453   0.00057180
  0.11570893   0.00055880
  0.11589343   0.00054620
  0.11607793   0.00053410
  0.11626243   0.00052240
  0.11644693   0.00051110
  0.11663153   0.00050030
  0.11681613   0.00048970
  0.11700063   0.00047920
  0.11718523   0.00046880
  0.11736983   0.00045860
  0.11755443   0.00044840
  0.11773913   0.00043840
  0.11792373   0.00042840
  0.11810833   0.00041860
  0.11829293   0.00040890
  0.11847763   0.00039930
  0.11866223   0.00038980
  0.11884693   0.00038050
  0.11903153   0.00037120
  0.11921623   0.00036210
  0.11940083   0.00035300
  0.11958553   0.00034410
  0.11977023   0.00033530
  0.11995493   0.00032670
  0.12013953   0.00031810
  0.12032423   0.00030960
  0.12050893   0.00030130
  0.12069363   0.00029310
  0.12087833   0.00028500
  0.12106313   0.00027700
  0.12124783   0.00026910
  0.12143253   0.00026130
  0.12161723   0.00025360
  0.12180193   0.00024610
  0.12198673   0.00023870
  0.12217143   0.00023130
  0.12235623   0.00022410
  0.12254093   0.00021710
  0.12272573   0.00021010
  0.12291043   0.00020320
  0.12309523   0.00019650
  0.12328003   0.00018980
  0.12346473   0.00018330
  0.12364953   0.00017690
  0.12383433   0.00017060
  0.12401913   0.00016440
  0.12420383   0.00015840
  0.12438863   0.00015240
  0.12457343   0.00014660
  0.12475823   0.00014090
  0.12494303   0.00013530
  0.12512783   0.00012980
  0.12531263   0.00012440
  0.12549743   0.00011910
  0.12568233   0.00011400
  0.12586713   0.00010890
  0.12605193   0.00010400
  0.12623673   0.00009920
  0.12642153   0.00009450
  0.12660643   0.00008990
  0.12679123   0.00008540
  0.12697603   0.00008110
  0.12716093   0.00007680
  0.12734573   0.00007270
  0.12753053   0.00006870
  0.12771543   0.00006480
  0.12790023   0.00006100
  0.12808513   0.00005740
  0.12826993   0.00005380
  0.12845483   0.00005030
  0.12863963   0.00004700
  0.12882453   0.00004380
  0.12900943   0.00004070
  0.12919423   0.00003770
  0.12937913   0.00003480
  0.12956393   0.00003210
  0.12974883   0.00002940
  0.12993373   0.00002690
  0.13011853   0.00002450
  0.13030343   0.00002220
  0.13048833   0.00002000
  0.13067323   0.00001790
  0.13085803   0.00001590
  0.13104293   0.00001410
  0.13122783   0.00001240
  0.13141273   0.00001070
  0.13159753   0.00000920
  0.13178243   0.00000780
  0.13196733   0.00000660
  0.13215223   0.00000540
  0.13233713   0.00000430
  0.13252193   0.00000340
  0.13270683   0.00000260
  0.13289173   0.00000190
  0.13307663   0.00000130
  0.13326153   0.00000080
  0.13344643   0.00000040
  0.13363133   0.00000020
  0.13381613  -0.00000000
  0.13400103  -0.00000000
  0.13418593   0.00000010
  0.13437083   0.00000030
  0.13455573   0.00000060
  0.13474063   0.00000100
  0.13492543   0.00000160
  0.13511033   0.00000220
  0.13529523   0.00000300
  0.13548013   0.00000390
  0.13566503   0.00000490
  0.13584993   0.00000600
  0.13603473   0.00000720
  0.13621963   0.00000860
  0.13640453   0.00001000
  0.13658943   0.00001190
  0.13677423   0.00001420
  0.13695913   0.00001700
  0.13714403   0.00002020
  0.13732883   0.00002380
  0.13751373   0.00002780
  0.13769853   0.00003230
  0.13788333   0.00003720
  0.13806813   0.00004250
  0.13825293   0.00004830
  0.13843773   0.00005440
  0.13862253   0.00006100
  0.13880723   0.00006810
  0.13899193   0.00007550
  0.13917673   0.00008340
  0.13936143   0.00009170
  0.13954603   0.00010050
  0.13973073   0.00010960
  0.13991533   0.00011920
  0.14009993   0.00012920
  0.14028453   0.00013970
  0.14046913   0.00015060
  0.14065363   0.00016190
  0.14083813   0.00017360
  0.14102263   0.00018570
  0.14120713   0.00019830
  0.14139153   0.00021130
  0.14157593   0.00022470
  0.14176033   0.00023860
  0.14194463   0.00025290
  0.14212893   0.00026760
  0.14231323   0.00028270
  0.14249743   0.00029830
  0.14268163   0.00031430
  0.14286583   0.00033070
  0.14304993   0.00034750
  0.14323393   0.00036480
  0.14341803   0.00038250
  0.14360203   0.00040060
  0.14378593   0.00041910
  0.14396983   0.00043810
  0.14415373   0.00045750
  0.14433753   0.00047730
  0.14452133   0.00049750
  0.14470503   0.00051820
  0.14488873   0.00053930
  0.14507233   0.00056080
  0.14525593   0.00058270
  0.14543943   0.00060510
  0.14562293   0.00062790
  0.14580633   0.00065110
  0.14598973   0.00067470
  0.14617303   0.00069880
  0.14635633   0.00072320
  0.14653953   0.00074810
  0.14672263   0.00077350
  0.14690573   0.00079920
  0.14708873   0.00082540
  0.14727173   0.00085200
  0.14745463   0.00087900
  0.14763743   0.00090640
  0.14782023   0.00093430
  0.14800293   0.00096260
  0.14818553   0.00099130
  0.14836813   0.00102040
  0.14855063   0.00105000
  0.14873313   0.00108000
  0.14891543   0.00111040
  0.14909773   0.00114120
  0.14928003   0.00117240
  0.14946213   0.00120410
  0.14964423   0.00123610
  0.14982623   0.00126860
  0.15000813   0.00130160
  0.15019003   0.00133490
  0.15037183   0.00136870
  0.15055353   0.00140290
  0.15073513   0.00143750
  0.15091663   0.00147250
  0.15109813   0.00150790
  0.15127943   0.00154380
  0.15146073   0.00158000
  0.15164193   0.00161670
  0.15182313   0.00165390
  0.15200403   0.00169200
  0.15218433   0.00173270
  0.15236413   0.00177590
  0.15254323   0.00182170
  0.15272173   0.00187000
  0.15289943   0.00192090
  0.15307643   0.00197430
  0.15325273   0.00203010
  0.15342813   0.00208850
  0.15360273   0.00214940
  0.15377633   0.00221280
  0.15394913   0.00227860
  0.15412093   0.00234690
  0.15429183   0.00241760
  0.15446163   0.00249070
  0.15463033   0.00256620
  0.15479803   0.00264420
  0.15496453   0.00272450
  0.15512993   0.00280710
  0.15529413   0.00289220
  0.15545703   0.00297950
  0.15561873   0.00306910
  0.15577913   0.00316110
  0.15593823   0.00325530
  0.15609593   0.00335170
  0.15625233   0.00345040
  0.15640723   0.00355130
  0.15656063   0.00365440
  0.15671263   0.00375970
  0.15686313   0.00386710
  0.15701203   0.00397670
  0.15715943   0.00408830
  0.15730513   0.00420210
  0.15744933   0.00431790
  0.15759173   0.00443570
  0.15773253   0.00455560
  0.15787153   0.00467740
  0.15800883   0.00480120
  0.15814443   0.00492700
  0.15827813   0.00505470
  0.15841003   0.00518420
  0.15854003   0.00531560
  0.15866823   0.00544890
  0.15879453   0.00558390
  0.15891883   0.00572080
  0.15904113   0.00585940
  0.15916153   0.00599970
  0.15927993   0.00614170
  0.15939623   0.00628540
  0.15951053   0.00643080
  0.15962273   0.00657770
  0.15973283   0.00672620
  0.15984083   0.00687630
  0.15994663   0.00702790
  0.16005033   0.00718100
  0.16015183   0.00733550
  0.16025113   0.00749150
  0.16034813   0.00764890
  0.16044293   0.00780760
  0.16053543   0.00796770
  0.16062573   0.00812900
  0.16071363   0.00829160
  0.16079923   0.00845550
  0.16088253   0.00862060
  0.16096343   0.00878680
  0.16104203   0.00895420
  0.16111813   0.00912260
  0.16119193   0.00929220
  0.16126323   0.00946270
  0.16133213   0.00963430
  0.16139863   0.00980680
  0.16146263   0.00998030
  0.16152413   0.01015460
  0.16158323   0.01032980
  0.16163973   0.01050580
  0.16169383   0.01068270
  0.16174533   0.01086020
  0.16179433   0.01103850
  0.16184073   0.01121750
  0.16188463   0.01139700
  0.16192593   0.01157730
  0.16196473   0.01175800
  0.16200093   0.01193930
  0.16203453   0.01212110
  0.16206553   0.01230340
  0.16209403   0.01248610
  0.16211983   0.01266910
  0.16214303   0.01285260
  0.16216363   0.01303630
  0.16218163   0.01322030
  0.16219703   0.01340450
  0.16219843   0.01342370
  0.16219993   0.01344290
  0.16220133   0.01346210
  0.16220283   0.01348130
  0.16220423   0.01350050
  0.16220563   0.01351970
  0.16220713   0.01353890
  0.16220853   0.01355810
  0.16221003   0.01357730
  0.16221143   0.01359650
  0.16221283   0.01361560
  0.16221433   0.01363480
  0.16221573   0.01365400
  0.16221723   0.01367320
  0.16221863   0.01369240
  0.16222013   0.01371160
  0.16222153   0.01373080
  0.16222293   0.01375000
  0.16222443   0.01376920
  0.16222583   0.01378840
  0.16222733   0.01380760
  0.16222873   0.01382670
  0.16223013   0.01384590
  0.16223163   0.01386510
  0.16223303   0.01388430
  0.16223453   0.01390350
  0.16223593   0.01392270
  0.16223733   0.01394190
  0.16223883   0.01396110
  0.16224023   0.01398030
  0.16224173   0.01399950
  0.16224313   0.01401870
  0.16224463   0.01403780
  0.16224603   0.01405700
  0.16224743   0.01407620
  0.16224893   0.01409540
  0.16225033   0.01411460
  0.16225183   0.01413380
  0.16225323   0.01415300
  0.16225463   0.01417220
  0.16225613   0.01419140
  0.16225753   0.01421060
  0.16225903   0.01422980
  0.16226043   0.01424890
  0.16226183   0.01426810
  0.16226333   0.01428730
  0.16226473   0.01430650
  0.16226623   0.01432570
  0.16226763   0.01434490
  0.16226913   0.01436410
  0.16227053   0.01438330
  0.16227193   0.01440250
  0.16227343   0.01442170
  0.16227483   0.01444090
  0.16227633   0.01446000
  0.16227773   0.01447920
  0.16227913   0.01449840
  0.16228063   0.01451760
  0.16228203   0.01453680
  0.16228353   0.01455600
  0.16228493   0.01457520
  0.16228633   0.01459440
  0.16228783   0.01461360
  0.16228923   0.01463280
  0.16229073   0.01465200
  0.16229213   0.01467110
  0.16229363   0.01469030
  0.16229503   0.01470950
  0.16229643   0.01472870
  0.16229793   0.01474790
  0.16229933   0.01476710
  0.16230083   0.01478630
  0.16230223   0.01480550
  0.16230363   0.01482470
  0.16230513   0.01484390
  0.16230653   0.01486310
  0.16230803   0.01488220
  0.16230943   0.01490140
  0.16231083   0.01492060
  0.16231233   0.01493980
  0.16231373   0.01495900
  0.16231523   0.01497820
  0.16231663   0.01499740
  0.16231813   0.01501660
  0.16231953   0.01503580
  0.16232093   0.01505500
  0.16232243   0.01507420
  0.16232383   0.01509330
  0.16232533   0.01511250
  0.16232673   0.01513170
  0.16232813   0.01515090
  0.16232963   0.01517010
  0.16233103   0.01518930
  0.16233253   0.01520850
  0.16233393   0.01522770
  0.16233533   0.01524690
  0.16233683   0.01526610
  0.16233823   0.01528530
  0.16233973   0.01530440
  0.16234113   0.01532360
  0.16234263   0.01534280
  0.16234403   0.01536200
  0.16234543   0.01538120
  0.16234693   0.01540040
  0.16234833   0.01541960
  0.16234983   0.01543880
  0.16235123   0.01545800
  0.16235263   0.01547720
  0.16235413   0.01549640
  0.16235553   0.01551550
  0.16235703   0.01553470
  0.16235843   0.01555390
  0.16235983   0.01557310
  0.16236133   0.01559230
  0.16236273   0.01561150
  0.16236423   0.01563070
  0.16236563   0.01564990
  0.16236703   0.01566910
  0.16236853   0.01568830
  0.16236993   0.01570750
  0.16237143   0.01572660
  0.16237283   0.01574580
  0.16237433   0.01576500
  0.16237573   0.01578420
  0.16237713   0.01580340
  0.16237863   0.01582260
  0.16238003   0.01584180
  0.16238153   0.01586100
  0.16238293   0.01588020
  0.16238433   0.01589940
  0.16238583   0.01591860
  0.16238723   0.01593770
  0.16238873   0.01595690
  0.16239013   0.01597610
  0.16239153   0.01599530
  0.16239303   0.01601450
  0.16239443   0.01603370
  0.16239593   0.01605290
  0.16239733   0.01607210
  0.16239883   0.01609130
  0.16240023   0.01611050
  0.16240163   0.01612970
  0.16240313   0.01614880
  0.16240453   0.01616800
  0.16240603   0.01618720
  0.16240743   0.01620640
  0.16240883   0.01622560
  0.16241033   0.01624480
  0.16241173   0.01626400
  0.16241323   0.01628320
  0.16241463   0.01630240
  0.16241603   0.01632160
  0.16241753   0.01634080
  0.16241893   0.01635990
  0.16242043   0.01637910
  0.16242183   0.01639830
  0.16242333   0.01641750
  0.16242473   0.01643670
  0.16242613   0.01645590
  0.16242763   0.01647510
  0.16242903   0.01649430
  0.16243053   0.01651350
  0.16243193   0.01653270
  0.16243333   0.01655190
  0.16243483   0.01657100
  0.16243623   0.01659020
  0.16243773   0.01660940
  0.16243913   0.01662860
  0.16244053   0.01664780
  0.16244203   0.01666700
  0.16244343   0.01668620
  0.16244493   0.01670540
  0.16244633   0.01672460
  0.16244783   0.01674380
  0.16244923   0.01676300
  0.16245063   0.01678210
  0.16245213   0.01680130
  0.16245353   0.01682050
  0.16245503   0.01683970
  0.16245643   0.01685890
  0.16245783   0.01687810
  0.16245933   0.01689730
  0.16246073   0.01691650
  0.16246223   0.01693570
  0.16246363   0.01695490
  0.16246503   0.01697410
  0.16246653   0.01699320
  0.16246793   0.01701240
  0.16246943   0.01703160
  0.16247083   0.01705080
  0.16247233   0.01707000
  0.16247373   0.01708920
  0.16247513   0.01710840
  0.16247663   0.01712760
  0.16247803   0.01714680
  0.16247953   0.01716600
  0.16248093   0.01718520
  0.16248233   0.01720430
  0.16248383   0.01722350
  0.16248523   0.01724270
  0.16248673   0.01726190
  0.16248813   0.01728110
  0.16248953   0.01730030
  0.16249103   0.01731950
  0.16249243   0.01733870
  0.16249393   0.01735790
  0.16249533   0.01737710
  0.16249683   0.01739630
  0.16249823   0.01741540
  0.16249963   0.01743460
  0.16250113   0.01745380
  0.16250253   0.01747300
  0.16250403   0.01749220
  0.16250543   0.01751140
  0.16250683   0.01753060
  0.16250833   0.01754980
  0.16250973   0.01756900
  0.16251123   0.01758820
  0.16251263   0.01760740
  0.16251403   0.01762650
  0.16251553   0.01764570
  0.16251693   0.01766490
  0.16251843   0.01768410
  0.16251983   0.01770330
  0.16252123   0.01772250
  0.16252273   0.01774170
  0.16252413   0.01776090
  0.16252563   0.01778010
  0.16252703   0.01779930
  0.16252853   0.01781850
  0.16252993   0.01783760
  0.16253133   0.01785680
  0.16253283   0.01787600
  0.16253423   0.01789520
  0.16253573   0.01791440
  0.16253713   0.01793360
  0.16253853   0.01795280
  0.16254003   0.01797200
  0.16254143   0.01799120
  0.16254293   0.01801040
  0.16254433   0.01802960
  0.16254573   0.01804870
  0.16254723   0.01806790
  0.16254863   0.01808710
  0.16255013   0.01810630
  0.16255153   0.01812550
  0.16255303   0.01814470
  0.16255443   0.01816390
  0.16255583   0.01818310
  0.16255733   0.01820230
  0.16255873   0.01822150
  0.16256023   0.01824070
  0.16256163   0.01825980
  0.16256303   0.01827900
  0.16256453   0.01829820
  0.16256593   0.01831740
  0.16256743   0.01833660
  0.16256883   0.01835580
  0.16257023   0.01837500
  0.16257173   0.01839420
  0.16257313   0.01841340
  0.16257463   0.01843260
  0.16257603   0.01845180
  0.16257753   0.01847090
  0.16257893   0.01849010
  0.16258033   0.01850930
  0.16258183   0.01852850
  0.16258323   0.01854770
  0.16258473   0.01856690
  0.16258613   0.01858610
  0.16258753   0.01860530
  0.16258903   0.01862450
  0.16259043   0.01864370
  0.16259193   0.01866290
  0.16259333   0.01868200
  0.16259473   0.01870120
  0.16259623   0.01872040
  0.16259763   0.01873960
  0.16259913   0.01875880
  0.16260053   0.01877800
  0.16260203   0.01879720
  0.16260343   0.01881640
  0.16260483   0.01883560
  0.16260633   0.01885480
  0.16260773   0.01887400
  0.16260923   0.01889310
  0.16261063   0.01891230
  0.16261203   0.01893150
  0.16261353   0.01895070
  0.16261493   0.01896990
  0.16261643   0.01898910
  0.16261783   0.01900830
  0.16261923   0.01902750
  0.16262073   0.01904670
  0.16262213   0.01906590
  0.16262363   0.01908510
  0.16262503   0.01910420
  0.16262653   0.01912340
  0.16262793   0.01914260
  0.16262933   0.01916180
  0.16263083   0.01918100
  0.16263223   0.01920020
  0.16263373   0.01921940
  0.16263513   0.01923860
  0.16263653   0.01925780
  0.16263803   0.01927700
  0.16263943   0.01929620
  0.16264093   0.01931530
  0.16264233   0.01933450
  0.16264373   0.01935370
  0.16264523   0.01937290
  0.16264663   0.01939210
  0.16264813   0.01941130
  0.16264953   0.01943050
  0.16265093   0.01944970
  0.16265243   0.01946890
  0.16265383   0.01948810
  0.16265533   0.01950730
  0.16265673   0.01952640
  0.16265823   0.01954560
  0.16265963   0.01956480
  0.16266103   0.01958400
  0.16266253   0.01960320
  0.16266393   0.01962240
  0.16266543   0.01964160
  0.16266683   0.01966080
  0.16266823   0.01968000
  0.16266973   0.01969920
  0.16267113   0.01971840
  0.16267263   0.01973750
  0.16267403   0.01975670
  0.16267543   0.01977590
  0.16267693   0.01979510
  0.16267833   0.01981430
  0.16267983   0.01983350
  0.16268123   0.01985270
  0.16268273   0.01987190
  0.16268413   0.01989110
  0.16268553   0.01991030
  0.16268703   0.01992950
  0.16268843   0.01994860
  0.16268993   0.01996780
  0.16269133   0.01998700
  0.16269273   0.02000620
  0.16269423   0.02002540
  0.16269563   0.02004460
  0.16269713   0.02006380
  0.16269853   0.02008300
  0.16269993   0.02010220
  0.16270143   0.02012140
  0.16270283   0.02014060
  0.16270433   0.02015970
  0.16270573   0.02017890
  0.16270723   0.02019810
  0.16270863   0.02021730
  0.16271003   0.02023650
  0.16271153   0.02025570
  0.16271293   0.02027490
  0.16271443   0.02029410
  0.16271583   0.02031330
  0.16271723   0.02033250
  0.16271873   0.02035170
  0.16272013   0.02037080
  0.16272163   0.02039000
  0.16272303   0.02040920
  0.16272443   0.02042840
  0.16272593   0.02044760
  0.16272733   0.02046680
  0.16272883   0.02048600
  0.16273023   0.02050520
  0.16273173   0.02052440
  0.16273313   0.02054360
  0.16273453   0.02056280
  0.16273603   0.02058190
  0.16273743   0.02060110
  0.16273893   0.02062030
  0.16274033   0.02063950
  0.16274173   0.02065870
  0.16274323   0.02067790
  0.16274463   0.02069710
  0.16274613   0.02071630
  0.16274753   0.02073550
  0.16274893   0.02075470
  0.16275043   0.02077390
  0.16275183   0.02079300
  0.16275333   0.02081220
  0.16275473   0.02083140
  0.16275623   0.02085060
  0.16275763   0.02086980
  0.16275903   0.02088900
  0.16276053   0.02090820
  0.16276193   0.02092740
  0.16276343   0.02094660
  0.16276483   0.02096580
  0.16276623   0.02098500
  0.16276773   0.02100410
  0.16276913   0.02102330
  0.16277063   0.02104250
  0.16277203   0.02106170
  0.16277343   0.02108090
  0.16277493   0.02110010
  0.16277633   0.02111930
  0.16277783   0.02113850
  0.16277923   0.02115770
  0.16278073   0.02117690
  0.16278213   0.02119610
  0.16278353   0.02121520
  0.16278503   0.02123440
  0.16278643   0.02125360
  0.16278793   0.02127280
  0.16278933   0.02129200
  0.16279073   0.02131120
  0.16279223   0.02133040
  0.16279363   0.02134960
  0.16279513   0.02136880
  0.16279653   0.02138800
  0.16279793   0.02140720
  0.16279943   0.02142630
  0.16280083   0.02144550
  0.16280233   0.02146470
  0.16280373   0.02148390
  0.16280513   0.02150310
  0.16280663   0.02152230
  0.16280803   0.02154150
  0.16280953   0.02156070
  0.16281093   0.02157990
  0.16281243   0.02159910
  0.16281383   0.02161830
  0.16281523   0.02163740
  0.16281673   0.02165660
  0.16281813   0.02167580
  0.16281963   0.02169500
  0.16282103   0.02171420
  0.16282243   0.02173340
  0.16282393   0.02175260
  0.16282533   0.02177180
  0.16282683   0.02179100
  0.16282823   0.02181020
  0.16282963   0.02182940
  0.16283113   0.02184850
  0.16283253   0.02186770
  0.16283403   0.02188690
  0.16283543   0.02190610
  0.16283693   0.02192530
  0.16283833   0.02194450
  0.16283973   0.02196370
  0.16284123   0.02198290
  0.16284263   0.02200210
  0.16284413   0.02202130
  0.16284553   0.02204050
  0.16284693   0.02205960
  0.16284843   0.02207880
  0.16284983   0.02209800
  0.16285133   0.02211720
  0.16285273   0.02213640
  0.16285413   0.02215560
  0.16285563   0.02217480
  0.16285703   0.02219400
  0.16285853   0.02221320
  0.16285993   0.02223240
  0.16286143   0.02225160
  0.16286283   0.02227070
  0.16286423   0.02228990
  0.16286573   0.02230910
  0.16286713   0.02232830
  0.16286863   0.02234750
  0.16287003   0.02236670
  0.16287143   0.02238590
  0.16287293   0.02240510
  0.16287433   0.02242430
  0.16287583   0.02244350
  0.16287723   0.02246270
  0.16287863   0.02248180
  0.16288013   0.02250100
  0.16288153   0.02252020
  0.16288303   0.02253940
  0.16288443   0.02255860
  0.16288593   0.02257780
  0.16288733   0.02259700
  0.16288873   0.02261620
  0.16289023   0.02263540
  0.16289163   0.02265460
  0.16289313   0.02267380
  0.16289453   0.02269290
  0.16289593   0.02271210
  0.16289743   0.02273130
  0.16289883   0.02275050
  0.16290033   0.02276970
  0.16290173   0.02278890
  0.16290313   0.02280810
  0.16290463   0.02282730
  0.16290603   0.02284650
  0.16290753   0.02286570
  0.16290893   0.02288490
  0.16291043   0.02290400
  0.16291183   0.02292320
  0.16291323   0.02294240
  0.16291473   0.02296160
  0.16291613   0.02298080
  0.16291763   0.02300000
