  0.07578749   0.02252919
  0.07579209   0.02234439
  0.07579669   0.02215949
  0.07580139   0.02197469
  0.07580599   0.02178989
  0.07581059   0.02160509
  0.07581519   0.02142019
  0.07581979   0.02123539
  0.07582439   0.02105059
  0.07582899   0.02086579
  0.07583369   0.02068089
  0.07583829   0.02049609
  0.07584289   0.02031129
  0.07584749   0.02012639
  0.07585209   0.01994159
  0.07585669   0.01975679
  0.07586129   0.01957199
  0.07586599   0.01938709
  0.07587059   0.01920229
  0.07587519   0.01901749
  0.07587979   0.01883269
  0.07588439   0.01864779
  0.07588899   0.01846299
  0.07589359   0.01827819
  0.07589829   0.01809329
  0.07590289   0.01790849
  0.07590749   0.01772369
  0.07591209   0.01753889
  0.07591669   0.01735399
  0.07592129   0.01716919
  0.07592599   0.01698439
  0.07593059   0.01679959
  0.07593519   0.01661469
  0.07593979   0.01642989
  0.07594439   0.01624509
  0.07594899   0.01606019
  0.07595359   0.01587539
  0.07595829   0.01569059
  0.07596289   0.01550579
  0.07596749   0.01532089
  0.07597209   0.01513609
  0.07597669   0.01495129
  0.07598129   0.01476649
  0.07598669   0.01458159
  0.07599449   0.01439689
  0.07600499   0.01421229
  0.07601819   0.01402789
  0.07603389   0.01384369
  0.07605229   0.01365979
  0.07607329   0.01347609
  0.07609689   0.01329269
  0.07612309   0.01310969
  0.07615189   0.01292699
  0.07618329   0.01274479
  0.07621719   0.01256309
  0.07625379   0.01238189
  0.07629289   0.01220119
  0.07633469   0.01202109
  0.07637889   0.01184159
  0.07642569   0.01166269
  0.07647509   0.01148449
  0.07652689   0.01130709
  0.07658129   0.01113039
  0.07663819   0.01095449
  0.07669759   0.01077939
  0.07675949   0.01060519
  0.07682389   0.01043179
  0.07689069   0.01025939
  0.07695989   0.01008799
  0.07703159   0.00991759
  0.07710569   0.00974819
  0.07718219   0.00957989
  0.07726109   0.00941269
  0.07734239   0.00924659
  0.07742599   0.00908169
  0.07751189   0.00891809
  0.07760019   0.00875559
  0.07769079   0.00859439
  0.07778359   0.00843449
  0.07787879   0.00827599
  0.07797609   0.00811879
  0.07807569   0.00796309
  0.07817749   0.00780869
  0.07828149   0.00765589
  0.07838759   0.00750449
  0.07849589   0.00735459
  0.07860629   0.00720629
  0.07871879   0.00705959
  0.07883339   0.00691449
  0.07894999   0.00677109
  0.07906869   0.00662929
  0.07918929   0.00648919
  0.07931199   0.00635079
  0.07943659   0.00621429
  0.07956309   0.00607939
  0.07969149   0.00594649
  0.07982189   0.00581529
  0.07995399   0.00568599
  0.08008799   0.00555859
  0.08022379   0.00543309
  0.08036129   0.00530959
  0.08050059   0.00518799
  0.08064169   0.00506849
  0.08078439   0.00495089
  0.08092869   0.00483539
  0.08107469   0.00472199
  0.08122229   0.00461059
  0.08137139   0.00450139
  0.08152209   0.00439419
  0.08167429   0.00428929
  0.08182799   0.00418649
  0.08198309   0.00408589
  0.08213969   0.00398749
  0.08229759   0.00389139
  0.08245689   0.00379749
  0.08261739   0.00370589
  0.08277929   0.00361659
  0.08294249   0.00352959
  0.08310679   0.00344489
  0.08327229   0.00336259
  0.08343899   0.00328259
  0.08360689   0.00320499
  0.08377579   0.00312979
  0.08394569   0.00305699
  0.08411669   0.00298669
  0.08428859   0.00291869
  0.08446149   0.00285329
  0.08463539   0.00279029
  0.08481009   0.00272969
  0.08498559   0.00267169
  0.08516189   0.00261619
  0.08533909   0.00256319
  0.08551689   0.00251269
  0.08569549   0.00246469
  0.08587449   0.00241839
  0.08605359   0.00237259
  0.08623279   0.00232719
  0.08641209   0.00228209
  0.08659149   0.00223749
  0.08677109   0.00219329
  0.08695069   0.00214959
  0.08713039   0.00210619
  0.08731019   0.00206329
  0.08749019   0.00202069
  0.08767019   0.00197859
  0.08785029   0.00193689
  0.08803049   0.00189559
  0.08821079   0.00185479
  0.08839129   0.00181429
  0.08857179   0.00177429
  0.08875229   0.00173469
  0.08893299   0.00169549
  0.08911379   0.00165669
  0.08929469   0.00161839
  0.08947559   0.00158039
  0.08965659   0.00154289
  0.08983779   0.00150579
  0.09001899   0.00146909
  0.09020029   0.00143279
  0.09038159   0.00139699
  0.09056309   0.00136159
  0.09074459   0.00132659
  0.09092629   0.00129199
  0.09110799   0.00125779
  0.09128969   0.00122399
  0.09147159   0.00119069
  0.09165349   0.00115779
  0.09183549   0.00112529
  0.09201759   0.00109319
  0.09219979   0.00106159
  0.09238199   0.00103039
  0.09256429   0.00099959
  0.09274669   0.00096919
  0.09292909   0.00093919
  0.09311159   0.00090969
  0.09329419   0.00088059
  0.09347689   0.00085189
  0.09365959   0.00082359
  0.09384229   0.00079569
  0.09402519   0.00076829
  0.09420809   0.00074129
  0.09439099   0.00071469
  0.09457409   0.00068859
  0.09475719   0.00066279
  0.09494029   0.00063749
  0.09512349   0.00061259
  0.09530679   0.00058819
  0.09549009   0.00056409
  0.09567339   0.00054049
  0.09585689   0.00051729
  0.09604029   0.00049449
  0.09622389   0.00047219
  0.09640739   0.00045019
  0.09659109   0.00042869
  0.09677479   0.00040769
  0.09695849   0.00038699
  0.09714229   0.00036679
  0.09732609   0.00034699
  0.09750999   0.00032759
  0.09769389   0.00030869
  0.09787779   0.00029009
  0.09806179   0.00027199
  0.09824579   0.00025439
  0.09842989   0.00023709
  0.09861399   0.00022029
  0.09879819   0.00020389
  0.09898239   0.00018789
  0.09916659   0.00017239
  0.09935089   0.00015719
  0.09953519   0.00014249
  0.09971949   0.00012829
  0.09990389   0.00011439
  0.10008829   0.00010099
  0.10027269   0.00008799
  0.10045719   0.00007539
  0.10064169   0.00006329
  0.10082619   0.00005159
  0.10101069   0.00004029
  0.10119529   0.00002949
  0.10137989   0.00001889
  0.10156439   0.00000839
  0.10174899  -0.00000201
  0.10193359  -0.00001221
  0.10211819  -0.00002241
  0.10230289  -0.00003241
  0.10248749  -0.00004241
  0.10267209  -0.00005221
  0.10285669  -0.00006191
  0.10304139  -0.00007151
  0.10322599  -0.00008101
  0.10341069  -0.00009031
  0.10359529  -0.00009961
  0.10377999  -0.00010871
  0.10396459  -0.00011781
  0.10414929  -0.00012671
  0.10433399  -0.00013551
  0.10451869  -0.00014411
  0.10470329  -0.00015271
  0.10488799  -0.00016121
  0.10507269  -0.00016951
  0.10525739  -0.00017771
  0.10544209  -0.00018581
  0.10562689  -0.00019381
  0.10581159  -0.00020171
  0.10599629  -0.00020951
  0.10618099  -0.00021721
  0.10636569  -0.00022471
  0.10655049  -0.00023211
  0.10673519  -0.00023951
  0.10691999  -0.00024671
  0.10710469  -0.00025371
  0.10728949  -0.00026071
  0.10747419  -0.00026761
  0.10765899  -0.00027431
  0.10784379  -0.00028101
  0.10802849  -0.00028751
  0.10821329  -0.00029391
  0.10839809  -0.00030021
  0.10858289  -0.00030641
  0.10876759  -0.00031241
  0.10895239  -0.00031841
  0.10913719  -0.00032421
  0.10932199  -0.00032991
  0.10950679  -0.00033551
  0.10969159  -0.00034101
  0.10987639  -0.00034641
  0.11006119  -0.00035171
  0.11024609  -0.00035681
  0.11043089  -0.00036191
  0.11061569  -0.00036681
  0.11080049  -0.00037161
  0.11098529  -0.00037631
  0.11117019  -0.00038091
  0.11135499  -0.00038541
  0.11153979  -0.00038971
  0.11172469  -0.00039401
  0.11190949  -0.00039811
  0.11209429  -0.00040211
  0.11227919  -0.00040601
  0.11246399  -0.00040981
  0.11264889  -0.00041341
  0.11283369  -0.00041701
  0.11301859  -0.00042051
  0.11320339  -0.00042381
  0.11338829  -0.00042701
  0.11357319  -0.00043011
  0.11375799  -0.00043311
  0.11394289  -0.00043601
  0.11412769  -0.00043871
  0.11431259  -0.00044141
  0.11449749  -0.00044391
  0.11468229  -0.00044631
  0.11486719  -0.00044861
  0.11505209  -0.00045081
  0.11523699  -0.00045291
  0.11542179  -0.00045491
  0.11560669  -0.00045671
  0.11579159  -0.00045841
  0.11597649  -0.00046011
  0.11616129  -0.00046161
  0.11634619  -0.00046301
  0.11653109  -0.00046421
  0.11671599  -0.00046541
  0.11690089  -0.00046651
  0.11708569  -0.00046741
  0.11727059  -0.00046821
  0.11745549  -0.00046891
  0.11764039  -0.00046951
  0.11782529  -0.00047001
  0.11801019  -0.00047041
  0.11819509  -0.00047061
  0.11837989  -0.00047081
  0.11856479  -0.00047081
  0.11874969  -0.00047071
  0.11893459  -0.00047051
  0.11911949  -0.00047021
  0.11930439  -0.00046981
  0.11948919  -0.00046921
  0.11967409  -0.00046861
  0.11985899  -0.00046781
  0.12004389  -0.00046691
  0.12022879  -0.00046591
  0.12041369  -0.00046481
  0.12059849  -0.00046361
  0.12078339  -0.00046221
  0.12096829  -0.00046081
  0.12115319  -0.00045891
  0.12133799  -0.00045661
  0.12152289  -0.00045381
  0.12170779  -0.00045061
  0.12189259  -0.00044701
  0.12207749  -0.00044301
  0.12226229  -0.00043851
  0.12244709  -0.00043361
  0.12263189  -0.00042831
  0.12281669  -0.00042251
  0.12300149  -0.00041641
  0.12318629  -0.00040981
  0.12337099  -0.00040271
  0.12355569  -0.00039531
  0.12374049  -0.00038741
  0.12392519  -0.00037911
  0.12410979  -0.00037031
  0.12429449  -0.00036121
  0.12447909  -0.00035161
  0.12466369  -0.00034161
  0.12484829  -0.00033111
  0.12503289  -0.00032021
  0.12521739  -0.00030891
  0.12540189  -0.00029721
  0.12558639  -0.00028511
  0.12577089  -0.00027251
  0.12595529  -0.00025951
  0.12613969  -0.00024611
  0.12632409  -0.00023221
  0.12650839  -0.00021791
  0.12669269  -0.00020321
  0.12687699  -0.00018811
  0.12706119  -0.00017251
  0.12724539  -0.00015651
  0.12742959  -0.00014011
  0.12761369  -0.00012331
  0.12779769  -0.00010601
  0.12798179  -0.00008831
  0.12816579  -0.00007021
  0.12834969  -0.00005171
  0.12853359  -0.00003271
  0.12871749  -0.00001331
  0.12890129   0.00000649
  0.12908509   0.00002669
  0.12926879   0.00004739
  0.12945249   0.00006849
  0.12963609   0.00008999
  0.12981969   0.00011189
  0.13000319   0.00013429
  0.13018669   0.00015709
  0.13037009   0.00018029
  0.13055349   0.00020389
  0.13073679   0.00022799
  0.13092009   0.00025239
  0.13110329   0.00027729
  0.13128639   0.00030269
  0.13146949   0.00032839
  0.13165249   0.00035459
  0.13183549   0.00038119
  0.13201839   0.00040819
  0.13220119   0.00043559
  0.13238399   0.00046349
  0.13256669   0.00049179
  0.13274929   0.00052049
  0.13293189   0.00054959
  0.13311439   0.00057919
  0.13329689   0.00060919
  0.13347919   0.00063959
  0.13366149   0.00067039
  0.13384379   0.00070159
  0.13402589   0.00073329
  0.13420799   0.00076529
  0.13438999   0.00079779
  0.13457189   0.00083079
  0.13475379   0.00086409
  0.13493559   0.00089789
  0.13511729   0.00093209
  0.13529889   0.00096669
  0.13548039   0.00100169
  0.13566189   0.00103709
  0.13584319   0.00107299
  0.13602449   0.00110919
  0.13620569   0.00114589
  0.13638689   0.00118309
  0.13656779   0.00122119
  0.13674809   0.00126189
  0.13692789   0.00130509
  0.13710699   0.00135089
  0.13728549   0.00139919
  0.13746319   0.00145009
  0.13764019   0.00150349
  0.13781649   0.00155929
  0.13799189   0.00161769
  0.13816649   0.00167859
  0.13834009   0.00174199
  0.13851289   0.00180779
  0.13868469   0.00187609
  0.13885559   0.00194679
  0.13902539   0.00201989
  0.13919409   0.00209539
  0.13936179   0.00217339
  0.13952829   0.00225369
  0.13969369   0.00233629
  0.13985789   0.00242139
  0.14002079   0.00250869
  0.14018249   0.00259829
  0.14034289   0.00269029
  0.14050199   0.00278449
  0.14065969   0.00288089
  0.14081609   0.00297959
  0.14097099   0.00308049
  0.14112439   0.00318359
  0.14127639   0.00328889
  0.14142689   0.00339629
  0.14157579   0.00350589
  0.14172319   0.00361749
  0.14186889   0.00373129
  0.14201309   0.00384709
  0.14215549   0.00396489
  0.14229629   0.00408479
  0.14243529   0.00420659
  0.14257259   0.00433039
  0.14270819   0.00445619
  0.14284189   0.00458389
  0.14297379   0.00471339
  0.14310379   0.00484479
  0.14323199   0.00497809
  0.14335829   0.00511309
  0.14348259   0.00524999
  0.14360489   0.00538859
  0.14372529   0.00552889
  0.14384369   0.00567089
  0.14395999   0.00581459
  0.14407429   0.00595999
  0.14418649   0.00610689
  0.14429659   0.00625539
  0.14440459   0.00640549
  0.14451039   0.00655709
  0.14461409   0.00671019
  0.14471559   0.00686469
  0.14481489   0.00702069
  0.14491189   0.00717809
  0.14500669   0.00733679
  0.14509919   0.00749689
  0.14518949   0.00765819
  0.14527739   0.00782079
  0.14536299   0.00798469
  0.14544629   0.00814979
  0.14552719   0.00831599
  0.14560579   0.00848339
  0.14568189   0.00865179
  0.14575569   0.00882139
  0.14582699   0.00899189
  0.14589589   0.00916349
  0.14596239   0.00933599
  0.14602639   0.00950949
  0.14608789   0.00968379
  0.14614699   0.00985899
  0.14620349   0.01003499
  0.14625759   0.01021189
  0.14630909   0.01038939
  0.14635809   0.01056769
  0.14640449   0.01074669
  0.14644839   0.01092619
  0.14648969   0.01110649
  0.14652849   0.01128719
  0.14656469   0.01146849
  0.14659829   0.01165029
  0.14662929   0.01183259
  0.14665779   0.01201529
  0.14668359   0.01219829
  0.14670679   0.01238179
  0.14672739   0.01256549
  0.14674539   0.01274949
  0.14676079   0.01293369
  0.14676219   0.01295289
  0.14676369   0.01297209
  0.14676509   0.01299129
  0.14676659   0.01301049
  0.14676799   0.01302969
  0.14676939   0.01304889
  0.14677089   0.01306809
  0.14677229   0.01308729
  0.14677379   0.01310649
  0.14677519   0.01312569
  0.14677659   0.01314479
  0.14677809   0.01316399
  0.14677949   0.01318319
  0.14678099   0.01320239
  0.14678239   0.01322159
  0.14678389   0.01324079
  0.14678529   0.01325999
  0.14678669   0.01327919
  0.14678819   0.01329839
  0.14678959   0.01331759
  0.14679109   0.01333679
  0.14679249   0.01335589
  0.14679389   0.01337509
  0.14679539   0.01339429
  0.14679679   0.01341349
  0.14679829   0.01343269
  0.14679969   0.01345189
  0.14680109   0.01347109
  0.14680259   0.01349029
  0.14680399   0.01350949
  0.14680549   0.01352869
  0.14680689   0.01354789
  0.14680839   0.01356699
  0.14680979   0.01358619
  0.14681119   0.01360539
  0.14681269   0.01362459
  0.14681409   0.01364379
  0.14681559   0.01366299
  0.14681699   0.01368219
  0.14681839   0.01370139
  0.14681989   0.01372059
  0.14682129   0.01373979
  0.14682279   0.01375899
  0.14682419   0.01377809
  0.14682559   0.01379729
  0.14682709   0.01381649
  0.14682849   0.01383569
  0.14682999   0.01385489
  0.14683139   0.01387409
  0.14683289   0.01389329
  0.14683429   0.01391249
  0.14683569   0.01393169
  0.14683719   0.01395089
  0.14683859   0.01397009
  0.14684009   0.01398919
  0.14684149   0.01400839
  0.14684289   0.01402759
  0.14684439   0.01404679
  0.14684579   0.01406599
  0.14684729   0.01408519
  0.14684869   0.01410439
  0.14685009   0.01412359
  0.14685159   0.01414279
  0.14685299   0.01416199
  0.14685449   0.01418119
  0.14685589   0.01420029
  0.14685739   0.01421949
  0.14685879   0.01423869
  0.14686019   0.01425789
  0.14686169   0.01427709
  0.14686309   0.01429629
  0.14686459   0.01431549
  0.14686599   0.01433469
  0.14686739   0.01435389
  0.14686889   0.01437309
  0.14687029   0.01439229
  0.14687179   0.01441139
  0.14687319   0.01443059
  0.14687459   0.01444979
  0.14687609   0.01446899
  0.14687749   0.01448819
  0.14687899   0.01450739
  0.14688039   0.01452659
  0.14688189   0.01454579
  0.14688329   0.01456499
  0.14688469   0.01458419
  0.14688619   0.01460339
  0.14688759   0.01462249
  0.14688909   0.01464169
  0.14689049   0.01466089
  0.14689189   0.01468009
  0.14689339   0.01469929
  0.14689479   0.01471849
  0.14689629   0.01473769
  0.14689769   0.01475689
  0.14689909   0.01477609
  0.14690059   0.01479529
  0.14690199   0.01481449
  0.14690349   0.01483359
  0.14690489   0.01485279
  0.14690639   0.01487199
  0.14690779   0.01489119
  0.14690919   0.01491039
  0.14691069   0.01492959
  0.14691209   0.01494879
  0.14691359   0.01496799
  0.14691499   0.01498719
  0.14691639   0.01500639
  0.14691789   0.01502559
  0.14691929   0.01504469
  0.14692079   0.01506389
  0.14692219   0.01508309
  0.14692359   0.01510229
  0.14692509   0.01512149
  0.14692649   0.01514069
  0.14692799   0.01515989
  0.14692939   0.01517909
  0.14693079   0.01519829
  0.14693229   0.01521749
  0.14693369   0.01523669
  0.14693519   0.01525579
  0.14693659   0.01527499
  0.14693809   0.01529419
  0.14693949   0.01531339
  0.14694089   0.01533259
  0.14694239   0.01535179
  0.14694379   0.01537099
  0.14694529   0.01539019
  0.14694669   0.01540939
  0.14694809   0.01542859
  0.14694959   0.01544779
  0.14695099   0.01546689
  0.14695249   0.01548609
  0.14695389   0.01550529
  0.14695529   0.01552449
  0.14695679   0.01554369
  0.14695819   0.01556289
  0.14695969   0.01558209
  0.14696109   0.01560129
  0.14696259   0.01562049
  0.14696399   0.01563969
  0.14696539   0.01565889
  0.14696689   0.01567799
  0.14696829   0.01569719
  0.14696979   0.01571639
  0.14697119   0.01573559
  0.14697259   0.01575479
  0.14697409   0.01577399
  0.14697549   0.01579319
  0.14697699   0.01581239
  0.14697839   0.01583159
  0.14697979   0.01585079
  0.14698129   0.01586999
  0.14698269   0.01588909
  0.14698419   0.01590829
  0.14698559   0.01592749
  0.14698709   0.01594669
  0.14698849   0.01596589
  0.14698989   0.01598509
  0.14699139   0.01600429
  0.14699279   0.01602349
  0.14699429   0.01604269
  0.14699569   0.01606189
  0.14699709   0.01608109
  0.14699859   0.01610019
  0.14699999   0.01611939
  0.14700149   0.01613859
  0.14700289   0.01615779
  0.14700429   0.01617699
  0.14700579   0.01619619
  0.14700719   0.01621539
  0.14700869   0.01623459
  0.14701009   0.01625379
  0.14701159   0.01627299
  0.14701299   0.01629219
  0.14701439   0.01631129
  0.14701589   0.01633049
  0.14701729   0.01634969
  0.14701879   0.01636889
  0.14702019   0.01638809
  0.14702159   0.01640729
  0.14702309   0.01642649
  0.14702449   0.01644569
  0.14702599   0.01646489
  0.14702739   0.01648409
  0.14702879   0.01650329
  0.14703029   0.01652239
  0.14703169   0.01654159
  0.14703319   0.01656079
  0.14703459   0.01657999
  0.14703609   0.01659919
  0.14703749   0.01661839
  0.14703889   0.01663759
  0.14704039   0.01665679
  0.14704179   0.01667599
  0.14704329   0.01669519
  0.14704469   0.01671439
  0.14704609   0.01673349
  0.14704759   0.01675269
  0.14704899   0.01677189
  0.14705049   0.01679109
  0.14705189   0.01681029
  0.14705329   0.01682949
  0.14705479   0.01684869
  0.14705619   0.01686789
  0.14705769   0.01688709
  0.14705909   0.01690629
  0.14706059   0.01692549
  0.14706199   0.01694459
  0.14706339   0.01696379
  0.14706489   0.01698299
  0.14706629   0.01700219
  0.14706779   0.01702139
  0.14706919   0.01704059
  0.14707059   0.01705979
  0.14707209   0.01707899
  0.14707349   0.01709819
  0.14707499   0.01711739
  0.14707639   0.01713659
  0.14707779   0.01715569
  0.14707929   0.01717489
  0.14708069   0.01719409
  0.14708219   0.01721329
  0.14708359   0.01723249
  0.14708499   0.01725169
  0.14708649   0.01727089
  0.14708789   0.01729009
  0.14708939   0.01730929
  0.14709079   0.01732849
  0.14709229   0.01734769
  0.14709369   0.01736679
  0.14709509   0.01738599
  0.14709659   0.01740519
  0.14709799   0.01742439
  0.14709949   0.01744359
  0.14710089   0.01746279
  0.14710229   0.01748199
  0.14710379   0.01750119
  0.14710519   0.01752039
  0.14710669   0.01753959
  0.14710809   0.01755879
  0.14710949   0.01757789
  0.14711099   0.01759709
  0.14711239   0.01761629
  0.14711389   0.01763549
  0.14711529   0.01765469
  0.14711679   0.01767389
  0.14711819   0.01769309
  0.14711959   0.01771229
  0.14712109   0.01773149
  0.14712249   0.01775069
  0.14712399   0.01776989
  0.14712539   0.01778899
  0.14712679   0.01780819
  0.14712829   0.01782739
  0.14712969   0.01784659
  0.14713119   0.01786579
  0.14713259   0.01788499
  0.14713399   0.01790419
  0.14713549   0.01792339
  0.14713689   0.01794259
  0.14713839   0.01796179
  0.14713979   0.01798099
  0.14714129   0.01800009
  0.14714269   0.01801929
  0.14714409   0.01803849
  0.14714559   0.01805769
  0.14714699   0.01807689
  0.14714849   0.01809609
  0.14714989   0.01811529
  0.14715129   0.01813449
  0.14715279   0.01815369
  0.14715419   0.01817289
  0.14715569   0.01819209
  0.14715709   0.01821119
  0.14715849   0.01823039
  0.14715999   0.01824959
  0.14716139   0.01826879
  0.14716289   0.01828799
  0.14716429   0.01830719
  0.14716579   0.01832639
  0.14716719   0.01834559
  0.14716859   0.01836479
  0.14717009   0.01838399
  0.14717149   0.01840319
  0.14717299   0.01842229
  0.14717439   0.01844149
  0.14717579   0.01846069
  0.14717729   0.01847989
  0.14717869   0.01849909
  0.14718019   0.01851829
  0.14718159   0.01853749
  0.14718299   0.01855669
  0.14718449   0.01857589
  0.14718589   0.01859509
  0.14718739   0.01861429
  0.14718879   0.01863339
  0.14719029   0.01865259
  0.14719169   0.01867179
  0.14719309   0.01869099
  0.14719459   0.01871019
  0.14719599   0.01872939
  0.14719749   0.01874859
  0.14719889   0.01876779
  0.14720029   0.01878699
  0.14720179   0.01880619
  0.14720319   0.01882539
  0.14720469   0.01884449
  0.14720609   0.01886369
  0.14720749   0.01888289
  0.14720899   0.01890209
  0.14721039   0.01892129
  0.14721189   0.01894049
  0.14721329   0.01895969
  0.14721469   0.01897889
  0.14721619   0.01899809
  0.14721759   0.01901729
  0.14721909   0.01903649
  0.14722049   0.01905559
  0.14722199   0.01907479
  0.14722339   0.01909399
  0.14722479   0.01911319
  0.14722629   0.01913239
  0.14722769   0.01915159
  0.14722919   0.01917079
  0.14723059   0.01918999
  0.14723199   0.01920919
  0.14723349   0.01922839
  0.14723489   0.01924759
  0.14723639   0.01926669
  0.14723779   0.01928589
  0.14723919   0.01930509
  0.14724069   0.01932429
  0.14724209   0.01934349
  0.14724359   0.01936269
  0.14724499   0.01938189
  0.14724649   0.01940109
  0.14724789   0.01942029
  0.14724929   0.01943949
  0.14725079   0.01945869
  0.14725219   0.01947779
  0.14725369   0.01949699
  0.14725509   0.01951619
  0.14725649   0.01953539
  0.14725799   0.01955459
  0.14725939   0.01957379
  0.14726089   0.01959299
  0.14726229   0.01961219
  0.14726369   0.01963139
  0.14726519   0.01965059
  0.14726659   0.01966979
  0.14726809   0.01968889
  0.14726949   0.01970809
  0.14727099   0.01972729
  0.14727239   0.01974649
  0.14727379   0.01976569
  0.14727529   0.01978489
  0.14727669   0.01980409
  0.14727819   0.01982329
  0.14727959   0.01984249
  0.14728099   0.01986169
  0.14728249   0.01988089
  0.14728389   0.01989999
  0.14728539   0.01991919
  0.14728679   0.01993839
  0.14728819   0.01995759
  0.14728969   0.01997679
  0.14729109   0.01999599
  0.14729259   0.02001519
  0.14729399   0.02003439
  0.14729549   0.02005359
  0.14729689   0.02007279
  0.14729829   0.02009199
  0.14729979   0.02011109
  0.14730119   0.02013029
  0.14730269   0.02014949
  0.14730409   0.02016869
  0.14730549   0.02018789
  0.14730699   0.02020709
  0.14730839   0.02022629
  0.14730989   0.02024549
  0.14731129   0.02026469
  0.14731269   0.02028389
  0.14731419   0.02030309
  0.14731559   0.02032219
  0.14731709   0.02034139
  0.14731849   0.02036059
  0.14731999   0.02037979
  0.14732139   0.02039899
  0.14732279   0.02041819
  0.14732429   0.02043739
  0.14732569   0.02045659
  0.14732719   0.02047579
  0.14732859   0.02049499
  0.14732999   0.02051419
  0.14733149   0.02053329
  0.14733289   0.02055249
  0.14733439   0.02057169
  0.14733579   0.02059089
  0.14733719   0.02061009
  0.14733869   0.02062929
  0.14734009   0.02064849
  0.14734159   0.02066769
  0.14734299   0.02068689
  0.14734449   0.02070609
  0.14734589   0.02072529
  0.14734729   0.02074439
  0.14734879   0.02076359
  0.14735019   0.02078279
  0.14735169   0.02080199
  0.14735309   0.02082119
  0.14735449   0.02084039
  0.14735599   0.02085959
  0.14735739   0.02087879
  0.14735889   0.02089799
  0.14736029   0.02091719
  0.14736169   0.02093639
  0.14736319   0.02095549
  0.14736459   0.02097469
  0.14736609   0.02099389
  0.14736749   0.02101309
  0.14736889   0.02103229
  0.14737039   0.02105149
  0.14737179   0.02107069
  0.14737329   0.02108989
  0.14737469   0.02110909
  0.14737619   0.02112829
  0.14737759   0.02114749
  0.14737899   0.02116659
  0.14738049   0.02118579
  0.14738189   0.02120499
  0.14738339   0.02122419
  0.14738479   0.02124339
  0.14738619   0.02126259
  0.14738769   0.02128179
  0.14738909   0.02130099
  0.14739059   0.02132019
  0.14739199   0.02133939
  0.14739339   0.02135859
  0.14739489   0.02137769
  0.14739629   0.02139689
  0.14739779   0.02141609
  0.14739919   0.02143529
  0.14740069   0.02145449
  0.14740209   0.02147369
  0.14740349   0.02149289
  0.14740499   0.02151209
  0.14740639   0.02153129
  0.14740789   0.02155049
  0.14740929   0.02156969
  0.14741069   0.02158879
  0.14741219   0.02160799
  0.14741359   0.02162719
  0.14741509   0.02164639
  0.14741649   0.02166559
  0.14741789   0.02168479
  0.14741939   0.02170399
  0.14742079   0.02172319
  0.14742229   0.02174239
  0.14742369   0.02176159
  0.14742519   0.02178079
  0.14742659   0.02179989
  0.14742799   0.02181909
  0.14742949   0.02183829
  0.14743089   0.02185749
  0.14743239   0.02187669
  0.14743379   0.02189589
  0.14743519   0.02191509
  0.14743669   0.02193429
  0.14743809   0.02195349
  0.14743959   0.02197269
  0.14744099   0.02199189
  0.14744239   0.02201099
  0.14744389   0.02203019
  0.14744529   0.02204939
  0.14744679   0.02206859
  0.14744819   0.02208779
  0.14744969   0.02210699
  0.14745109   0.02212619
  0.14745249   0.02214539
  0.14745399   0.02216459
  0.14745539   0.02218379
  0.14745689   0.02220299
  0.14745829   0.02222209
  0.14745969   0.02224129
  0.14746119   0.02226049
  0.14746259   0.02227969
  0.14746409   0.02229889
  0.14746549   0.02231809
  0.14746689   0.02233729
  0.14746839   0.02235649
  0.14746979   0.02237569
  0.14747129   0.02239489
  0.14747269   0.02241409
  0.14747419   0.02243319
  0.14747559   0.02245239
  0.14747699   0.02247159
  0.14747849   0.02249079
  0.14747989   0.02250999
  0.14748139   0.02252919
