 -0.02191047   0.02300000
 -0.02190587   0.02281520
 -0.02190127   0.02263030
 -0.02189657   0.02244550
 -0.02189197   0.02226070
 -0.02188737   0.02207590
 -0.02188277   0.02189100
 -0.02187817   0.02170620
 -0.02187357   0.02152140
 -0.02186897   0.02133660
 -0.02186427   0.02115170
 -0.02185967   0.02096690
 -0.02185507   0.02078210
 -0.02185047   0.02059720
 -0.02184587   0.02041240
 -0.02184127   0.02022760
 -0.02183667   0.02004280
 -0.02183197   0.01985790
 -0.02182737   0.01967310
 -0.02182277   0.01948830
 -0.02181817   0.01930350
 -0.02181357   0.01911860
 -0.02180897   0.01893380
 -0.02180437   0.01874900
 -0.02179967   0.01856410
 -0.02179507   0.01837930
 -0.02179047   0.01819450
 -0.02178587   0.01800970
 -0.02178127   0.01782480
 -0.02177667   0.01764000
 -0.02177197   0.01745520
 -0.02176737   0.01727040
 -0.02176277   0.01708550
 -0.02175817   0.01690070
 -0.02175357   0.01671590
 -0.02174897   0.01653100
 -0.02174437   0.01634620
 -0.02173967   0.01616140
 -0.02173507   0.01597660
 -0.02173047   0.01579170
 -0.02172587   0.01560690
 -0.02172127   0.01542210
 -0.02171667   0.01523730
 -0.02171127   0.01505240
 -0.02170347   0.01486770
 -0.02169297   0.01468310
 -0.02167977   0.01449870
 -0.02166407   0.01431450
 -0.02164567   0.01413060
 -0.02162467   0.01394690
 -0.02160107   0.01376350
 -0.02157487   0.01358050
 -0.02154607   0.01339780
 -0.02151467   0.01321560
 -0.02148077   0.01303390
 -0.02144417   0.01285270
 -0.02140507   0.01267200
 -0.02136327   0.01249190
 -0.02131907   0.01231240
 -0.02127227   0.01213350
 -0.02122287   0.01195530
 -0.02117107   0.01177790
 -0.02111667   0.01160120
 -0.02105977   0.01142530
 -0.02100037   0.01125020
 -0.02093847   0.01107600
 -0.02087407   0.01090260
 -0.02080727   0.01073020
 -0.02073807   0.01055880
 -0.02066637   0.01038840
 -0.02059227   0.01021900
 -0.02051577   0.01005070
 -0.02043687   0.00988350
 -0.02035557   0.00971740
 -0.02027197   0.00955250
 -0.02018607   0.00938890
 -0.02009777   0.00922640
 -0.02000717   0.00906520
 -0.01991437   0.00890530
 -0.01981917   0.00874680
 -0.01972187   0.00858960
 -0.01962227   0.00843390
 -0.01952047   0.00827950
 -0.01941647   0.00812670
 -0.01931037   0.00797530
 -0.01920207   0.00782540
 -0.01909167   0.00767710
 -0.01897917   0.00753040
 -0.01886457   0.00738530
 -0.01874797   0.00724190
 -0.01862927   0.00710010
 -0.01850867   0.00696000
 -0.01838597   0.00682160
 -0.01826137   0.00668510
 -0.01813487   0.00655020
 -0.01800647   0.00641730
 -0.01787607   0.00628610
 -0.01774397   0.00615680
 -0.01760997   0.00602940
 -0.01747417   0.00590390
 -0.01733667   0.00578040
 -0.01719737   0.00565880
 -0.01705627   0.00553930
 -0.01691357   0.00542170
 -0.01676927   0.00530620
 -0.01662327   0.00519280
 -0.01647567   0.00508140
 -0.01632657   0.00497220
 -0.01617587   0.00486500
 -0.01602367   0.00476010
 -0.01586997   0.00465730
 -0.01571487   0.00455670
 -0.01555827   0.00445830
 -0.01540037   0.00436220
 -0.01524107   0.00426830
 -0.01508057   0.00417670
 -0.01491867   0.00408740
 -0.01475547   0.00400040
 -0.01459117   0.00391570
 -0.01442567   0.00383340
 -0.01425897   0.00375340
 -0.01409107   0.00367580
 -0.01392217   0.00360060
 -0.01375227   0.00352780
 -0.01358127   0.00345750
 -0.01340937   0.00338950
 -0.01323647   0.00332410
 -0.01306257   0.00326110
 -0.01288787   0.00320050
 -0.01271237   0.00314250
 -0.01253607   0.00308700
 -0.01235887   0.00303400
 -0.01218107   0.00298350
 -0.01200247   0.00293550
 -0.01182347   0.00288920
 -0.01164437   0.00284340
 -0.01146517   0.00279800
 -0.01128587   0.00275290
 -0.01110647   0.00270830
 -0.01092687   0.00266410
 -0.01074727   0.00262040
 -0.01056757   0.00257700
 -0.01038777   0.00253410
 -0.01020777   0.00249150
 -0.01002777   0.00244940
 -0.00984767   0.00240770
 -0.00966747   0.00236640
 -0.00948717   0.00232560
 -0.00930667   0.00228510
 -0.00912617   0.00224510
 -0.00894567   0.00220550
 -0.00876497   0.00216630
 -0.00858417   0.00212750
 -0.00840327   0.00208920
 -0.00822237   0.00205120
 -0.00804137   0.00201370
 -0.00786017   0.00197660
 -0.00767897   0.00193990
 -0.00749767   0.00190360
 -0.00731637   0.00186780
 -0.00713487   0.00183240
 -0.00695337   0.00179740
 -0.00677167   0.00176280
 -0.00658997   0.00172860
 -0.00640827   0.00169480
 -0.00622637   0.00166150
 -0.00604447   0.00162860
 -0.00586247   0.00159610
 -0.00568037   0.00156400
 -0.00549817   0.00153240
 -0.00531597   0.00150120
 -0.00513367   0.00147040
 -0.00495127   0.00144000
 -0.00476887   0.00141000
 -0.00458637   0.00138050
 -0.00440377   0.00135140
 -0.00422107   0.00132270
 -0.00403837   0.00129440
 -0.00385567   0.00126650
 -0.00367277   0.00123910
 -0.00348987   0.00121210
 -0.00330697   0.00118550
 -0.00312387   0.00115940
 -0.00294077   0.00113360
 -0.00275767   0.00110830
 -0.00257447   0.00108340
 -0.00239117   0.00105900
 -0.00220787   0.00103490
 -0.00202457   0.00101130
 -0.00184107   0.00098810
 -0.00165767   0.00096530
 -0.00147407   0.00094300
 -0.00129057   0.00092100
 -0.00110687   0.00089950
 -0.00092317   0.00087850
 -0.00073947   0.00085780
 -0.00055567   0.00083760
 -0.00037187   0.00081780
 -0.00018797   0.00079840
 -0.00000407   0.00077950
  0.00017983   0.00076090
  0.00036383   0.00074280
  0.00054783   0.00072520
  0.00073193   0.00070790
  0.00091603   0.00069110
  0.00110023   0.00067470
  0.00128443   0.00065870
  0.00146863   0.00064320
  0.00165293   0.00062800
  0.00183723   0.00061330
  0.00202153   0.00059910
  0.00220593   0.00058520
  0.00239033   0.00057180
  0.00257473   0.00055880
  0.00275923   0.00054620
  0.00294373   0.00053410
  0.00312823   0.00052240
  0.00331273   0.00051110
  0.00349733   0.00050030
  0.00368193   0.00048970
  0.00386643   0.00047920
  0.00405103   0.00046880
  0.00423563   0.00045860
  0.00442023   0.00044840
  0.00460493   0.00043840
  0.00478953   0.00042840
  0.00497413   0.00041860
  0.00515873   0.00040890
  0.00534343   0.00039930
  0.00552803   0.00038980
  0.00571273   0.00038050
  0.00589733   0.00037120
  0.00608203   0.00036210
  0.00626663   0.00035300
  0.00645133   0.00034410
  0.00663603   0.00033530
  0.00682073   0.00032670
  0.00700533   0.00031810
  0.00719003   0.00030960
  0.00737473   0.00030130
  0.00755943   0.00029310
  0.00774413   0.00028500
  0.00792893   0.00027700
  0.00811363   0.00026910
  0.00829833   0.00026130
  0.00848303   0.00025360
  0.00866773   0.00024610
  0.00885253   0.00023870
  0.00903723   0.00023130
  0.00922203   0.00022410
  0.00940673   0.00021710
  0.00959153   0.00021010
  0.00977623   0.00020320
  0.00996103   0.00019650
  0.01014583   0.00018980
  0.01033053   0.00018330
  0.01051533   0.00017690
  0.01070013   0.00017060
  0.01088493   0.00016440
  0.01106963   0.00015840
  0.01125443   0.00015240
  0.01143923   0.00014660
  0.01162403   0.00014090
  0.01180883   0.00013530
  0.01199363   0.00012980
  0.01217843   0.00012440
  0.01236323   0.00011910
  0.01254813   0.00011400
  0.01273293   0.00010890
  0.01291773   0.00010400
  0.01310253   0.00009920
  0.01328733   0.00009450
  0.01347223   0.00008990
  0.01365703   0.00008540
  0.01384183   0.00008110
  0.01402673   0.00007680
  0.01421153   0.00007270
  0.01439633   0.00006870
  0.01458123   0.00006480
  0.01476603   0.00006100
  0.01495093   0.00005740
  0.01513573   0.00005380
  0.01532063   0.00005030
  0.01550543   0.00004700
  0.01569033   0.00004380
  0.01587523   0.00004070
  0.01606003   0.00003770
  0.01624493   0.00003480
  0.01642973   0.00003210
  0.01661463   0.00002940
  0.01679953   0.00002690
  0.01698433   0.00002450
  0.01716923   0.00002220
  0.01735413   0.00002000
  0.01753903   0.00001790
  0.01772383   0.00001590
  0.01790873   0.00001410
  0.01809363   0.00001240
  0.01827853   0.00001070
  0.01846333   0.00000920
  0.01864823   0.00000780
  0.01883313   0.00000660
  0.01901803   0.00000540
  0.01920293   0.00000430
  0.01938773   0.00000340
  0.01957263   0.00000260
  0.01975753   0.00000190
  0.01994243   0.00000130
  0.02012733   0.00000080
  0.02031223   0.00000040
  0.02049713   0.00000020
  0.02068193  -0.00000000
  0.02086683  -0.00000000
  0.02105173   0.00000010
  0.02123663   0.00000030
  0.02142153   0.00000060
  0.02160643   0.00000100
  0.02179123   0.00000160
  0.02197613   0.00000220
  0.02216103   0.00000300
  0.02234593   0.00000390
  0.02253083   0.00000490
  0.02271573   0.00000600
  0.02290053   0.00000720
  0.02308543   0.00000860
  0.02327033   0.00001000
  0.02345523   0.00001190
  0.02364003   0.00001420
  0.02382493   0.00001700
  0.02400983   0.00002020
  0.02419463   0.00002380
  0.02437953   0.00002780
  0.02456433   0.00003230
  0.02474913   0.00003720
  0.02493393   0.00004250
  0.02511873   0.00004830
  0.02530353   0.00005440
  0.02548833   0.00006100
  0.02567303   0.00006810
  0.02585773   0.00007550
  0.02604253   0.00008340
  0.02622723   0.00009170
  0.02641183   0.00010050
  0.02659653   0.00010960
  0.02678113   0.00011920
  0.02696573   0.00012920
  0.02715033   0.00013970
  0.02733493   0.00015060
  0.02751943   0.00016190
  0.02770393   0.00017360
  0.02788843   0.00018570
  0.02807293   0.00019830
  0.02825733   0.00021130
  0.02844173   0.00022470
  0.02862613   0.00023860
  0.02881043   0.00025290
  0.02899473   0.00026760
  0.02917903   0.00028270
  0.02936323   0.00029830
  0.02954743   0.00031430
  0.02973163   0.00033070
  0.02991573   0.00034750
  0.03009973   0.00036480
  0.03028383   0.00038250
  0.03046783   0.00040060
  0.03065173   0.00041910
  0.03083563   0.00043810
  0.03101953   0.00045750
  0.03120333   0.00047730
  0.03138713   0.00049750
  0.03157083   0.00051820
  0.03175453   0.00053930
  0.03193813   0.00056080
  0.03212173   0.00058270
  0.03230523   0.00060510
  0.03248873   0.00062790
  0.03267213   0.00065110
  0.03285553   0.00067470
  0.03303883   0.00069880
  0.03322213   0.00072320
  0.03340533   0.00074810
  0.03358843   0.00077350
  0.03377153   0.00079920
  0.03395453   0.00082540
  0.03413753   0.00085200
  0.03432043   0.00087900
  0.03450323   0.00090640
  0.03468603   0.00093430
  0.03486873   0.00096260
  0.03505133   0.00099130
  0.03523393   0.00102040
  0.03541643   0.00105000
  0.03559893   0.00108000
  0.03578123   0.00111040
  0.03596353   0.00114120
  0.03614583   0.00117240
  0.03632793   0.00120410
  0.03651003   0.00123610
  0.03669203   0.00126860
  0.03687393   0.00130160
  0.03705583   0.00133490
  0.03723763   0.00136870
  0.03741933   0.00140290
  0.03760093   0.00143750
  0.03778243   0.00147250
  0.03796393   0.00150790
  0.03814523   0.00154380
  0.03832653   0.00158000
  0.03850773   0.00161670
  0.03868893   0.00165390
  0.03886983   0.00169200
  0.03905013   0.00173270
  0.03922993   0.00177590
  0.03940903   0.00182170
  0.03958753   0.00187000
  0.03976523   0.00192090
  0.03994223   0.00197430
  0.04011853   0.00203010
  0.04029393   0.00208850
  0.04046853   0.00214940
  0.04064213   0.00221280
  0.04081493   0.00227860
  0.04098673   0.00234690
  0.04115763   0.00241760
  0.04132743   0.00249070
  0.04149613   0.00256620
  0.04166383   0.00264420
  0.04183033   0.00272450
  0.04199573   0.00280710
  0.04215993   0.00289220
  0.04232283   0.00297950
  0.04248453   0.00306910
  0.04264493   0.00316110
  0.04280403   0.00325530
  0.04296173   0.00335170
  0.04311813   0.00345040
  0.04327303   0.00355130
  0.04342643   0.00365440
  0.04357843   0.00375970
  0.04372893   0.00386710
  0.04387783   0.00397670
  0.04402523   0.00408830
  0.04417093   0.00420210
  0.04431513   0.00431790
  0.04445753   0.00443570
  0.04459833   0.00455560
  0.04473733   0.00467740
  0.04487463   0.00480120
  0.04501023   0.00492700
  0.04514393   0.00505470
  0.04527583   0.00518420
  0.04540583   0.00531560
  0.04553403   0.00544890
  0.04566033   0.00558390
  0.04578463   0.00572080
  0.04590693   0.00585940
  0.04602733   0.00599970
  0.04614573   0.00614170
  0.04626203   0.00628540
  0.04637633   0.00643080
  0.04648853   0.00657770
  0.04659863   0.00672620
  0.04670663   0.00687630
  0.04681243   0.00702790
  0.04691613   0.00718100
  0.04701763   0.00733550
  0.04711693   0.00749150
  0.04721393   0.00764890
  0.04730873   0.00780760
  0.04740123   0.00796770
  0.04749153   0.00812900
  0.04757943   0.00829160
  0.04766503   0.00845550
  0.04774833   0.00862060
  0.04782923   0.00878680
  0.04790783   0.00895420
  0.04798393   0.00912260
  0.04805773   0.00929220
  0.04812903   0.00946270
  0.04819793   0.00963430
  0.04826443   0.00980680
  0.04832843   0.00998030
  0.04838993   0.01015460
  0.04844903   0.01032980
  0.04850553   0.01050580
  0.04855963   0.01068270
  0.04861113   0.01086020
  0.04866013   0.01103850
  0.04870653   0.01121750
  0.04875043   0.01139700
  0.04879173   0.01157730
  0.04883053   0.01175800
  0.04886673   0.01193930
  0.04890033   0.01212110
  0.04893133   0.01230340
  0.04895983   0.01248610
  0.04898563   0.01266910
  0.04900883   0.01285260
  0.04902943   0.01303630
  0.04904743   0.01322030
  0.04906283   0.01340450
  0.04906423   0.01342370
  0.04906573   0.01344290
  0.04906713   0.01346210
  0.04906863   0.01348130
  0.04907003   0.01350050
  0.04907143   0.01351970
  0.04907293   0.01353890
  0.04907433   0.01355810
  0.04907583   0.01357730
  0.04907723   0.01359650
  0.04907863   0.01361560
  0.04908013   0.01363480
  0.04908153   0.01365400
  0.04908303   0.01367320
  0.04908443   0.01369240
  0.04908593   0.01371160
  0.04908733   0.01373080
  0.04908873   0.01375000
  0.04909023   0.01376920
  0.04909163   0.01378840
  0.04909313   0.01380760
  0.04909453   0.01382670
  0.04909593   0.01384590
  0.04909743   0.01386510
  0.04909883   0.01388430
  0.04910033   0.01390350
  0.04910173   0.01392270
  0.04910313   0.01394190
  0.04910463   0.01396110
  0.04910603   0.01398030
  0.04910753   0.01399950
  0.04910893   0.01401870
  0.04911043   0.01403780
  0.04911183   0.01405700
  0.04911323   0.01407620
  0.04911473   0.01409540
  0.04911613   0.01411460
  0.04911763   0.01413380
  0.04911903   0.01415300
  0.04912043   0.01417220
  0.04912193   0.01419140
  0.04912333   0.01421060
  0.04912483   0.01422980
  0.04912623   0.01424890
  0.04912763   0.01426810
  0.04912913   0.01428730
  0.04913053   0.01430650
  0.04913203   0.01432570
  0.04913343   0.01434490
  0.04913493   0.01436410
  0.04913633   0.01438330
  0.04913773   0.01440250
  0.04913923   0.01442170
  0.04914063   0.01444090
  0.04914213   0.01446000
  0.04914353   0.01447920
  0.04914493   0.01449840
  0.04914643   0.01451760
  0.04914783   0.01453680
  0.04914933   0.01455600
  0.04915073   0.01457520
  0.04915213   0.01459440
  0.04915363   0.01461360
  0.04915503   0.01463280
  0.04915653   0.01465200
  0.04915793   0.01467110
  0.04915943   0.01469030
  0.04916083   0.01470950
  0.04916223   0.01472870
  0.04916373   0.01474790
  0.04916513   0.01476710
  0.04916663   0.01478630
  0.04916803   0.01480550
  0.04916943   0.01482470
  0.04917093   0.01484390
  0.04917233   0.01486310
  0.04917383   0.01488220
  0.04917523   0.01490140
  0.04917663   0.01492060
  0.04917813   0.01493980
  0.04917953   0.01495900
  0.04918103   0.01497820
  0.04918243   0.01499740
  0.04918393   0.01501660
  0.04918533   0.01503580
  0.04918673   0.01505500
  0.04918823   0.01507420
  0.04918963   0.01509330
  0.04919113   0.01511250
  0.04919253   0.01513170
  0.04919393   0.01515090
  0.04919543   0.01517010
  0.04919683   0.01518930
  0.04919833   0.01520850
  0.04919973   0.01522770
  0.04920113   0.01524690
  0.04920263   0.01526610
  0.04920403   0.01528530
  0.04920553   0.01530440
  0.04920693   0.01532360
  0.04920843   0.01534280
  0.04920983   0.01536200
  0.04921123   0.01538120
  0.04921273   0.01540040
  0.04921413   0.01541960
  0.04921563   0.01543880
  0.04921703   0.01545800
  0.04921843   0.01547720
  0.04921993   0.01549640
  0.04922133   0.01551550
  0.04922283   0.01553470
  0.04922423   0.01555390
  0.04922563   0.01557310
  0.04922713   0.01559230
  0.04922853   0.01561150
  0.04923003   0.01563070
  0.04923143   0.01564990
  0.04923283   0.01566910
  0.04923433   0.01568830
  0.04923573   0.01570750
  0.04923723   0.01572660
  0.04923863   0.01574580
  0.04924013   0.01576500
  0.04924153   0.01578420
  0.04924293   0.01580340
  0.04924443   0.01582260
  0.04924583   0.01584180
  0.04924733   0.01586100
  0.04924873   0.01588020
  0.04925013   0.01589940
  0.04925163   0.01591860
  0.04925303   0.01593770
  0.04925453   0.01595690
  0.04925593   0.01597610
  0.04925733   0.01599530
  0.04925883   0.01601450
  0.04926023   0.01603370
  0.04926173   0.01605290
  0.04926313   0.01607210
  0.04926463   0.01609130
  0.04926603   0.01611050
  0.04926743   0.01612970
  0.04926893   0.01614880
  0.04927033   0.01616800
  0.04927183   0.01618720
  0.04927323   0.01620640
  0.04927463   0.01622560
  0.04927613   0.01624480
  0.04927753   0.01626400
  0.04927903   0.01628320
  0.04928043   0.01630240
  0.04928183   0.01632160
  0.04928333   0.01634080
  0.04928473   0.01635990
  0.04928623   0.01637910
  0.04928763   0.01639830
  0.04928913   0.01641750
  0.04929053   0.01643670
  0.04929193   0.01645590
  0.04929343   0.01647510
  0.04929483   0.01649430
  0.04929633   0.01651350
  0.04929773   0.01653270
  0.04929913   0.01655190
  0.04930063   0.01657100
  0.04930203   0.01659020
  0.04930353   0.01660940
  0.04930493   0.01662860
  0.04930633   0.01664780
  0.04930783   0.01666700
  0.04930923   0.01668620
  0.04931073   0.01670540
  0.04931213   0.01672460
  0.04931363   0.01674380
  0.04931503   0.01676300
  0.04931643   0.01678210
  0.04931793   0.01680130
  0.04931933   0.01682050
  0.04932083   0.01683970
  0.04932223   0.01685890
  0.04932363   0.01687810
  0.04932513   0.01689730
  0.04932653   0.01691650
  0.04932803   0.01693570
  0.04932943   0.01695490
  0.04933083   0.01697410
  0.04933233   0.01699320
  0.04933373   0.01701240
  0.04933523   0.01703160
  0.04933663   0.01705080
  0.04933813   0.01707000
  0.04933953   0.01708920
  0.04934093   0.01710840
  0.04934243   0.01712760
  0.04934383   0.01714680
  0.04934533   0.01716600
  0.04934673   0.01718520
  0.04934813   0.01720430
  0.04934963   0.01722350
  0.04935103   0.01724270
  0.04935253   0.01726190
  0.04935393   0.01728110
  0.04935533   0.01730030
  0.04935683   0.01731950
  0.04935823   0.01733870
  0.04935973   0.01735790
  0.04936113   0.01737710
  0.04936263   0.01739630
  0.04936403   0.01741540
  0.04936543   0.01743460
  0.04936693   0.01745380
  0.04936833   0.01747300
  0.04936983   0.01749220
  0.04937123   0.01751140
  0.04937263   0.01753060
  0.04937413   0.01754980
  0.04937553   0.01756900
  0.04937703   0.01758820
  0.04937843   0.01760740
  0.04937983   0.01762650
  0.04938133   0.01764570
  0.04938273   0.01766490
  0.04938423   0.01768410
  0.04938563   0.01770330
  0.04938703   0.01772250
  0.04938853   0.01774170
  0.04938993   0.01776090
  0.04939143   0.01778010
  0.04939283   0.01779930
  0.04939433   0.01781850
  0.04939573   0.01783760
  0.04939713   0.01785680
  0.04939863   0.01787600
  0.04940003   0.01789520
  0.04940153   0.01791440
  0.04940293   0.01793360
  0.04940433   0.01795280
  0.04940583   0.01797200
  0.04940723   0.01799120
  0.04940873   0.01801040
  0.04941013   0.01802960
  0.04941153   0.01804870
  0.04941303   0.01806790
  0.04941443   0.01808710
  0.04941593   0.01810630
  0.04941733   0.01812550
  0.04941883   0.01814470
  0.04942023   0.01816390
  0.04942163   0.01818310
  0.04942313   0.01820230
  0.04942453   0.01822150
  0.04942603   0.01824070
  0.04942743   0.01825980
  0.04942883   0.01827900
  0.04943033   0.01829820
  0.04943173   0.01831740
  0.04943323   0.01833660
  0.04943463   0.01835580
  0.04943603   0.01837500
  0.04943753   0.01839420
  0.04943893   0.01841340
  0.04944043   0.01843260
  0.04944183   0.01845180
  0.04944333   0.01847090
  0.04944473   0.01849010
  0.04944613   0.01850930
  0.04944763   0.01852850
  0.04944903   0.01854770
  0.04945053   0.01856690
  0.04945193   0.01858610
  0.04945333   0.01860530
  0.04945483   0.01862450
  0.04945623   0.01864370
  0.04945773   0.01866290
  0.04945913   0.01868200
  0.04946053   0.01870120
  0.04946203   0.01872040
  0.04946343   0.01873960
  0.04946493   0.01875880
  0.04946633   0.01877800
  0.04946783   0.01879720
  0.04946923   0.01881640
  0.04947063   0.01883560
  0.04947213   0.01885480
  0.04947353   0.01887400
  0.04947503   0.01889310
  0.04947643   0.01891230
  0.04947783   0.01893150
  0.04947933   0.01895070
  0.04948073   0.01896990
  0.04948223   0.01898910
  0.04948363   0.01900830
  0.04948503   0.01902750
  0.04948653   0.01904670
  0.04948793   0.01906590
  0.04948943   0.01908510
  0.04949083   0.01910420
  0.04949233   0.01912340
  0.04949373   0.01914260
  0.04949513   0.01916180
  0.04949663   0.01918100
  0.04949803   0.01920020
  0.04949953   0.01921940
  0.04950093   0.01923860
  0.04950233   0.01925780
  0.04950383   0.01927700
  0.04950523   0.01929620
  0.04950673   0.01931530
  0.04950813   0.01933450
  0.04950953   0.01935370
  0.04951103   0.01937290
  0.04951243   0.01939210
  0.04951393   0.01941130
  0.04951533   0.01943050
  0.04951673   0.01944970
  0.04951823   0.01946890
  0.04951963   0.01948810
  0.04952113   0.01950730
  0.04952253   0.01952640
  0.04952403   0.01954560
  0.04952543   0.01956480
  0.04952683   0.01958400
  0.04952833   0.01960320
  0.04952973   0.01962240
  0.04953123   0.01964160
  0.04953263   0.01966080
  0.04953403   0.01968000
  0.04953553   0.01969920
  0.04953693   0.01971840
  0.04953843   0.01973750
  0.04953983   0.01975670
  0.04954123   0.01977590
  0.04954273   0.01979510
  0.04954413   0.01981430
  0.04954563   0.01983350
  0.04954703   0.01985270
  0.04954853   0.01987190
  0.04954993   0.01989110
  0.04955133   0.01991030
  0.04955283   0.01992950
  0.04955423   0.01994860
  0.04955573   0.01996780
  0.04955713   0.01998700
  0.04955853   0.02000620
  0.04956003   0.02002540
  0.04956143   0.02004460
  0.04956293   0.02006380
  0.04956433   0.02008300
  0.04956573   0.02010220
  0.04956723   0.02012140
  0.04956863   0.02014060
  0.04957013   0.02015970
  0.04957153   0.02017890
  0.04957303   0.02019810
  0.04957443   0.02021730
  0.04957583   0.02023650
  0.04957733   0.02025570
  0.04957873   0.02027490
  0.04958023   0.02029410
  0.04958163   0.02031330
  0.04958303   0.02033250
  0.04958453   0.02035170
  0.04958593   0.02037080
  0.04958743   0.02039000
  0.04958883   0.02040920
  0.04959023   0.02042840
  0.04959173   0.02044760
  0.04959313   0.02046680
  0.04959463   0.02048600
  0.04959603   0.02050520
  0.04959753   0.02052440
  0.04959893   0.02054360
  0.04960033   0.02056280
  0.04960183   0.02058190
  0.04960323   0.02060110
  0.04960473   0.02062030
  0.04960613   0.02063950
  0.04960753   0.02065870
  0.04960903   0.02067790
  0.04961043   0.02069710
  0.04961193   0.02071630
  0.04961333   0.02073550
  0.04961473   0.02075470
  0.04961623   0.02077390
  0.04961763   0.02079300
  0.04961913   0.02081220
  0.04962053   0.02083140
  0.04962203   0.02085060
  0.04962343   0.02086980
  0.04962483   0.02088900
  0.04962633   0.02090820
  0.04962773   0.02092740
  0.04962923   0.02094660
  0.04963063   0.02096580
  0.04963203   0.02098500
  0.04963353   0.02100410
  0.04963493   0.02102330
  0.04963643   0.02104250
  0.04963783   0.02106170
  0.04963923   0.02108090
  0.04964073   0.02110010
  0.04964213   0.02111930
  0.04964363   0.02113850
  0.04964503   0.02115770
  0.04964653   0.02117690
  0.04964793   0.02119610
  0.04964933   0.02121520
  0.04965083   0.02123440
  0.04965223   0.02125360
  0.04965373   0.02127280
  0.04965513   0.02129200
  0.04965653   0.02131120
  0.04965803   0.02133040
  0.04965943   0.02134960
  0.04966093   0.02136880
  0.04966233   0.02138800
  0.04966373   0.02140720
  0.04966523   0.02142630
  0.04966663   0.02144550
  0.04966813   0.02146470
  0.04966953   0.02148390
  0.04967093   0.02150310
  0.04967243   0.02152230
  0.04967383   0.02154150
  0.04967533   0.02156070
  0.04967673   0.02157990
  0.04967823   0.02159910
  0.04967963   0.02161830
  0.04968103   0.02163740
  0.04968253   0.02165660
  0.04968393   0.02167580
  0.04968543   0.02169500
  0.04968683   0.02171420
  0.04968823   0.02173340
  0.04968973   0.02175260
  0.04969113   0.02177180
  0.04969263   0.02179100
  0.04969403   0.02181020
  0.04969543   0.02182940
  0.04969693   0.02184850
  0.04969833   0.02186770
  0.04969983   0.02188690
  0.04970123   0.02190610
  0.04970273   0.02192530
  0.04970413   0.02194450
  0.04970553   0.02196370
  0.04970703   0.02198290
  0.04970843   0.02200210
  0.04970993   0.02202130
  0.04971133   0.02204050
  0.04971273   0.02205960
  0.04971423   0.02207880
  0.04971563   0.02209800
  0.04971713   0.02211720
  0.04971853   0.02213640
  0.04971993   0.02215560
  0.04972143   0.02217480
  0.04972283   0.02219400
  0.04972433   0.02221320
  0.04972573   0.02223240
  0.04972723   0.02225160
  0.04972863   0.02227070
  0.04973003   0.02228990
  0.04973153   0.02230910
  0.04973293   0.02232830
  0.04973443   0.02234750
  0.04973583   0.02236670
  0.04973723   0.02238590
  0.04973873   0.02240510
  0.04974013   0.02242430
  0.04974163   0.02244350
  0.04974303   0.02246270
  0.04974443   0.02248180
  0.04974593   0.02250100
  0.04974733   0.02252020
  0.04974883   0.02253940
  0.04975023   0.02255860
  0.04975173   0.02257780
  0.04975313   0.02259700
  0.04975453   0.02261620
  0.04975603   0.02263540
  0.04975743   0.02265460
  0.04975893   0.02267380
  0.04976033   0.02269290
  0.04976173   0.02271210
  0.04976323   0.02273130
  0.04976463   0.02275050
  0.04976613   0.02276970
  0.04976753   0.02278890
  0.04976893   0.02280810
  0.04977043   0.02282730
  0.04977183   0.02284650
  0.04977333   0.02286570
  0.04977473   0.02288490
  0.04977623   0.02290400
  0.04977763   0.02292320
  0.04977903   0.02294240
  0.04978053   0.02296160
  0.04978193   0.02298080
  0.04978343   0.02300000
