 -0.02732681   0.02300000
 -0.02732221   0.02281520
 -0.02731761   0.02263030
 -0.02731291   0.02244550
 -0.02730831   0.02226070
 -0.02730371   0.02207590
 -0.02729911   0.02189100
 -0.02729451   0.02170620
 -0.02728991   0.02152140
 -0.02728531   0.02133660
 -0.02728061   0.02115170
 -0.02727601   0.02096690
 -0.02727141   0.02078210
 -0.02726681   0.02059720
 -0.02726221   0.02041240
 -0.02725761   0.02022760
 -0.02725301   0.02004280
 -0.02724831   0.01985790
 -0.02724371   0.01967310
 -0.02723911   0.01948830
 -0.02723451   0.01930350
 -0.02722991   0.01911860
 -0.02722531   0.01893380
 -0.02722071   0.01874900
 -0.02721601   0.01856410
 -0.02721141   0.01837930
 -0.02720681   0.01819450
 -0.02720221   0.01800970
 -0.02719761   0.01782480
 -0.02719301   0.01764000
 -0.02718831   0.01745520
 -0.02718371   0.01727040
 -0.02717911   0.01708550
 -0.02717451   0.01690070
 -0.02716991   0.01671590
 -0.02716531   0.01653100
 -0.02716071   0.01634620
 -0.02715601   0.01616140
 -0.02715141   0.01597660
 -0.02714681   0.01579170
 -0.02714221   0.01560690
 -0.02713761   0.01542210
 -0.02713301   0.01523730
 -0.02712761   0.01505240
 -0.02711981   0.01486770
 -0.02710931   0.01468310
 -0.02709611   0.01449870
 -0.02708041   0.01431450
 -0.02706201   0.01413060
 -0.02704101   0.01394690
 -0.02701741   0.01376350
 -0.02699121   0.01358050
 -0.02696241   0.01339780
 -0.02693101   0.01321560
 -0.02689711   0.01303390
 -0.02686051   0.01285270
 -0.02682141   0.01267200
 -0.02677961   0.01249190
 -0.02673541   0.01231240
 -0.02668861   0.01213350
 -0.02663921   0.01195530
 -0.02658741   0.01177790
 -0.02653301   0.01160120
 -0.02647611   0.01142530
 -0.02641671   0.01125020
 -0.02635481   0.01107600
 -0.02629041   0.01090260
 -0.02622361   0.01073020
 -0.02615441   0.01055880
 -0.02608271   0.01038840
 -0.02600861   0.01021900
 -0.02593211   0.01005070
 -0.02585321   0.00988350
 -0.02577191   0.00971740
 -0.02568831   0.00955250
 -0.02560241   0.00938890
 -0.02551411   0.00922640
 -0.02542351   0.00906520
 -0.02533071   0.00890530
 -0.02523551   0.00874680
 -0.02513821   0.00858960
 -0.02503861   0.00843390
 -0.02493681   0.00827950
 -0.02483281   0.00812670
 -0.02472671   0.00797530
 -0.02461841   0.00782540
 -0.02450801   0.00767710
 -0.02439551   0.00753040
 -0.02428091   0.00738530
 -0.02416431   0.00724190
 -0.02404561   0.00710010
 -0.02392501   0.00696000
 -0.02380231   0.00682160
 -0.02367771   0.00668510
 -0.02355121   0.00655020
 -0.02342281   0.00641730
 -0.02329241   0.00628610
 -0.02316031   0.00615680
 -0.02302631   0.00602940
 -0.02289051   0.00590390
 -0.02275301   0.00578040
 -0.02261371   0.00565880
 -0.02247261   0.00553930
 -0.02232991   0.00542170
 -0.02218561   0.00530620
 -0.02203961   0.00519280
 -0.02189201   0.00508140
 -0.02174291   0.00497220
 -0.02159221   0.00486500
 -0.02144001   0.00476010
 -0.02128631   0.00465730
 -0.02113121   0.00455670
 -0.02097461   0.00445830
 -0.02081671   0.00436220
 -0.02065741   0.00426830
 -0.02049691   0.00417670
 -0.02033501   0.00408740
 -0.02017181   0.00400040
 -0.02000751   0.00391570
 -0.01984201   0.00383340
 -0.01967531   0.00375340
 -0.01950741   0.00367580
 -0.01933851   0.00360060
 -0.01916861   0.00352780
 -0.01899761   0.00345750
 -0.01882571   0.00338950
 -0.01865281   0.00332410
 -0.01847891   0.00326110
 -0.01830421   0.00320050
 -0.01812871   0.00314250
 -0.01795241   0.00308700
 -0.01777521   0.00303400
 -0.01759741   0.00298350
 -0.01741881   0.00293550
 -0.01723981   0.00288920
 -0.01706071   0.00284340
 -0.01688151   0.00279800
 -0.01670221   0.00275290
 -0.01652281   0.00270830
 -0.01634321   0.00266410
 -0.01616361   0.00262040
 -0.01598391   0.00257700
 -0.01580411   0.00253410
 -0.01562411   0.00249150
 -0.01544411   0.00244940
 -0.01526401   0.00240770
 -0.01508381   0.00236640
 -0.01490351   0.00232560
 -0.01472301   0.00228510
 -0.01454251   0.00224510
 -0.01436201   0.00220550
 -0.01418131   0.00216630
 -0.01400051   0.00212750
 -0.01381961   0.00208920
 -0.01363871   0.00205120
 -0.01345771   0.00201370
 -0.01327651   0.00197660
 -0.01309531   0.00193990
 -0.01291401   0.00190360
 -0.01273271   0.00186780
 -0.01255121   0.00183240
 -0.01236971   0.00179740
 -0.01218801   0.00176280
 -0.01200631   0.00172860
 -0.01182461   0.00169480
 -0.01164271   0.00166150
 -0.01146081   0.00162860
 -0.01127881   0.00159610
 -0.01109671   0.00156400
 -0.01091451   0.00153240
 -0.01073231   0.00150120
 -0.01055001   0.00147040
 -0.01036761   0.00144000
 -0.01018521   0.00141000
 -0.01000271   0.00138050
 -0.00982011   0.00135140
 -0.00963741   0.00132270
 -0.00945471   0.00129440
 -0.00927201   0.00126650
 -0.00908911   0.00123910
 -0.00890621   0.00121210
 -0.00872331   0.00118550
 -0.00854021   0.00115940
 -0.00835711   0.00113360
 -0.00817401   0.00110830
 -0.00799081   0.00108340
 -0.00780751   0.00105900
 -0.00762421   0.00103490
 -0.00744091   0.00101130
 -0.00725741   0.00098810
 -0.00707401   0.00096530
 -0.00689041   0.00094300
 -0.00670691   0.00092100
 -0.00652321   0.00089950
 -0.00633951   0.00087850
 -0.00615581   0.00085780
 -0.00597201   0.00083760
 -0.00578821   0.00081780
 -0.00560431   0.00079840
 -0.00542041   0.00077950
 -0.00523651   0.00076090
 -0.00505251   0.00074280
 -0.00486851   0.00072520
 -0.00468441   0.00070790
 -0.00450031   0.00069110
 -0.00431611   0.00067470
 -0.00413191   0.00065870
 -0.00394771   0.00064320
 -0.00376341   0.00062800
 -0.00357911   0.00061330
 -0.00339481   0.00059910
 -0.00321041   0.00058520
 -0.00302601   0.00057180
 -0.00284161   0.00055880
 -0.00265711   0.00054620
 -0.00247261   0.00053410
 -0.00228811   0.00052240
 -0.00210361   0.00051110
 -0.00191901   0.00050030
 -0.00173441   0.00048970
 -0.00154991   0.00047920
 -0.00136531   0.00046880
 -0.00118071   0.00045860
 -0.00099611   0.00044840
 -0.00081141   0.00043840
 -0.00062681   0.00042840
 -0.00044221   0.00041860
 -0.00025761   0.00040890
 -0.00007291   0.00039930
  0.00011169   0.00038980
  0.00029639   0.00038050
  0.00048099   0.00037120
  0.00066569   0.00036210
  0.00085029   0.00035300
  0.00103499   0.00034410
  0.00121969   0.00033530
  0.00140439   0.00032670
  0.00158899   0.00031810
  0.00177369   0.00030960
  0.00195839   0.00030130
  0.00214309   0.00029310
  0.00232779   0.00028500
  0.00251259   0.00027700
  0.00269729   0.00026910
  0.00288199   0.00026130
  0.00306669   0.00025360
  0.00325139   0.00024610
  0.00343619   0.00023870
  0.00362089   0.00023130
  0.00380569   0.00022410
  0.00399039   0.00021710
  0.00417519   0.00021010
  0.00435989   0.00020320
  0.00454469   0.00019650
  0.00472949   0.00018980
  0.00491419   0.00018330
  0.00509899   0.00017690
  0.00528379   0.00017060
  0.00546859   0.00016440
  0.00565329   0.00015840
  0.00583809   0.00015240
  0.00602289   0.00014660
  0.00620769   0.00014090
  0.00639249   0.00013530
  0.00657729   0.00012980
  0.00676209   0.00012440
  0.00694689   0.00011910
  0.00713179   0.00011400
  0.00731659   0.00010890
  0.00750139   0.00010400
  0.00768619   0.00009920
  0.00787099   0.00009450
  0.00805589   0.00008990
  0.00824069   0.00008540
  0.00842549   0.00008110
  0.00861039   0.00007680
  0.00879519   0.00007270
  0.00897999   0.00006870
  0.00916489   0.00006480
  0.00934969   0.00006100
  0.00953459   0.00005740
  0.00971939   0.00005380
  0.00990429   0.00005030
  0.01008909   0.00004700
  0.01027399   0.00004380
  0.01045889   0.00004070
  0.01064369   0.00003770
  0.01082859   0.00003480
  0.01101339   0.00003210
  0.01119829   0.00002940
  0.01138319   0.00002690
  0.01156799   0.00002450
  0.01175289   0.00002220
  0.01193779   0.00002000
  0.01212269   0.00001790
  0.01230749   0.00001590
  0.01249239   0.00001410
  0.01267729   0.00001240
  0.01286219   0.00001070
  0.01304699   0.00000920
  0.01323189   0.00000780
  0.01341679   0.00000660
  0.01360169   0.00000540
  0.01378659   0.00000430
  0.01397139   0.00000340
  0.01415629   0.00000260
  0.01434119   0.00000190
  0.01452609   0.00000130
  0.01471099   0.00000080
  0.01489589   0.00000040
  0.01508079   0.00000020
  0.01526559  -0.00000000
  0.01545049  -0.00000000
  0.01563539   0.00000010
  0.01582029   0.00000030
  0.01600519   0.00000060
  0.01619009   0.00000100
  0.01637489   0.00000160
  0.01655979   0.00000220
  0.01674469   0.00000300
  0.01692959   0.00000390
  0.01711449   0.00000490
  0.01729939   0.00000600
  0.01748419   0.00000720
  0.01766909   0.00000860
  0.01785399   0.00001000
  0.01803889   0.00001190
  0.01822369   0.00001420
  0.01840859   0.00001700
  0.01859349   0.00002020
  0.01877829   0.00002380
  0.01896319   0.00002780
  0.01914799   0.00003230
  0.01933279   0.00003720
  0.01951759   0.00004250
  0.01970239   0.00004830
  0.01988719   0.00005440
  0.02007199   0.00006100
  0.02025669   0.00006810
  0.02044139   0.00007550
  0.02062619   0.00008340
  0.02081089   0.00009170
  0.02099549   0.00010050
  0.02118019   0.00010960
  0.02136479   0.00011920
  0.02154939   0.00012920
  0.02173399   0.00013970
  0.02191859   0.00015060
  0.02210309   0.00016190
  0.02228759   0.00017360
  0.02247209   0.00018570
  0.02265659   0.00019830
  0.02284099   0.00021130
  0.02302539   0.00022470
  0.02320979   0.00023860
  0.02339409   0.00025290
  0.02357839   0.00026760
  0.02376269   0.00028270
  0.02394689   0.00029830
  0.02413109   0.00031430
  0.02431529   0.00033070
  0.02449939   0.00034750
  0.02468339   0.00036480
  0.02486749   0.00038250
  0.02505149   0.00040060
  0.02523539   0.00041910
  0.02541929   0.00043810
  0.02560319   0.00045750
  0.02578699   0.00047730
  0.02597079   0.00049750
  0.02615449   0.00051820
  0.02633819   0.00053930
  0.02652179   0.00056080
  0.02670539   0.00058270
  0.02688889   0.00060510
  0.02707239   0.00062790
  0.02725579   0.00065110
  0.02743919   0.00067470
  0.02762249   0.00069880
  0.02780579   0.00072320
  0.02798899   0.00074810
  0.02817209   0.00077350
  0.02835519   0.00079920
  0.02853819   0.00082540
  0.02872119   0.00085200
  0.02890409   0.00087900
  0.02908689   0.00090640
  0.02926969   0.00093430
  0.02945239   0.00096260
  0.02963499   0.00099130
  0.02981759   0.00102040
  0.03000009   0.00105000
  0.03018259   0.00108000
  0.03036489   0.00111040
  0.03054719   0.00114120
  0.03072949   0.00117240
  0.03091159   0.00120410
  0.03109369   0.00123610
  0.03127569   0.00126860
  0.03145759   0.00130160
  0.03163949   0.00133490
  0.03182129   0.00136870
  0.03200299   0.00140290
  0.03218459   0.00143750
  0.03236609   0.00147250
  0.03254759   0.00150790
  0.03272889   0.00154380
  0.03291019   0.00158000
  0.03309139   0.00161670
  0.03327259   0.00165390
  0.03345349   0.00169200
  0.03363379   0.00173270
  0.03381359   0.00177590
  0.03399269   0.00182170
  0.03417119   0.00187000
  0.03434889   0.00192090
  0.03452589   0.00197430
  0.03470219   0.00203010
  0.03487759   0.00208850
  0.03505219   0.00214940
  0.03522579   0.00221280
  0.03539859   0.00227860
  0.03557039   0.00234690
  0.03574129   0.00241760
  0.03591109   0.00249070
  0.03607979   0.00256620
  0.03624749   0.00264420
  0.03641399   0.00272450
  0.03657939   0.00280710
  0.03674359   0.00289220
  0.03690649   0.00297950
  0.03706819   0.00306910
  0.03722859   0.00316110
  0.03738769   0.00325530
  0.03754539   0.00335170
  0.03770179   0.00345040
  0.03785669   0.00355130
  0.03801009   0.00365440
  0.03816209   0.00375970
  0.03831259   0.00386710
  0.03846149   0.00397670
  0.03860889   0.00408830
  0.03875459   0.00420210
  0.03889879   0.00431790
  0.03904119   0.00443570
  0.03918199   0.00455560
  0.03932099   0.00467740
  0.03945829   0.00480120
  0.03959389   0.00492700
  0.03972759   0.00505470
  0.03985949   0.00518420
  0.03998949   0.00531560
  0.04011769   0.00544890
  0.04024399   0.00558390
  0.04036829   0.00572080
  0.04049059   0.00585940
  0.04061099   0.00599970
  0.04072939   0.00614170
  0.04084569   0.00628540
  0.04095999   0.00643080
  0.04107219   0.00657770
  0.04118229   0.00672620
  0.04129029   0.00687630
  0.04139609   0.00702790
  0.04149979   0.00718100
  0.04160129   0.00733550
  0.04170059   0.00749150
  0.04179759   0.00764890
  0.04189239   0.00780760
  0.04198489   0.00796770
  0.04207519   0.00812900
  0.04216309   0.00829160
  0.04224869   0.00845550
  0.04233199   0.00862060
  0.04241289   0.00878680
  0.04249149   0.00895420
  0.04256759   0.00912260
  0.04264139   0.00929220
  0.04271269   0.00946270
  0.04278159   0.00963430
  0.04284809   0.00980680
  0.04291209   0.00998030
  0.04297359   0.01015460
  0.04303269   0.01032980
  0.04308919   0.01050580
  0.04314329   0.01068270
  0.04319479   0.01086020
  0.04324379   0.01103850
  0.04329019   0.01121750
  0.04333409   0.01139700
  0.04337539   0.01157730
  0.04341419   0.01175800
  0.04345039   0.01193930
  0.04348399   0.01212110
  0.04351499   0.01230340
  0.04354349   0.01248610
  0.04356929   0.01266910
  0.04359249   0.01285260
  0.04361309   0.01303630
  0.04363109   0.01322030
  0.04364649   0.01340450
  0.04364789   0.01342370
  0.04364939   0.01344290
  0.04365079   0.01346210
  0.04365229   0.01348130
  0.04365369   0.01350050
  0.04365509   0.01351970
  0.04365659   0.01353890
  0.04365799   0.01355810
  0.04365949   0.01357730
  0.04366089   0.01359650
  0.04366229   0.01361560
  0.04366379   0.01363480
  0.04366519   0.01365400
  0.04366669   0.01367320
  0.04366809   0.01369240
  0.04366959   0.01371160
  0.04367099   0.01373080
  0.04367239   0.01375000
  0.04367389   0.01376920
  0.04367529   0.01378840
  0.04367679   0.01380760
  0.04367819   0.01382670
  0.04367959   0.01384590
  0.04368109   0.01386510
  0.04368249   0.01388430
  0.04368399   0.01390350
  0.04368539   0.01392270
  0.04368679   0.01394190
  0.04368829   0.01396110
  0.04368969   0.01398030
  0.04369119   0.01399950
  0.04369259   0.01401870
  0.04369409   0.01403780
  0.04369549   0.01405700
  0.04369689   0.01407620
  0.04369839   0.01409540
  0.04369979   0.01411460
  0.04370129   0.01413380
  0.04370269   0.01415300
  0.04370409   0.01417220
  0.04370559   0.01419140
  0.04370699   0.01421060
  0.04370849   0.01422980
  0.04370989   0.01424890
  0.04371129   0.01426810
  0.04371279   0.01428730
  0.04371419   0.01430650
  0.04371569   0.01432570
  0.04371709   0.01434490
  0.04371859   0.01436410
  0.04371999   0.01438330
  0.04372139   0.01440250
  0.04372289   0.01442170
  0.04372429   0.01444090
  0.04372579   0.01446000
  0.04372719   0.01447920
  0.04372859   0.01449840
  0.04373009   0.01451760
  0.04373149   0.01453680
  0.04373299   0.01455600
  0.04373439   0.01457520
  0.04373579   0.01459440
  0.04373729   0.01461360
  0.04373869   0.01463280
  0.04374019   0.01465200
  0.04374159   0.01467110
  0.04374309   0.01469030
  0.04374449   0.01470950
  0.04374589   0.01472870
  0.04374739   0.01474790
  0.04374879   0.01476710
  0.04375029   0.01478630
  0.04375169   0.01480550
  0.04375309   0.01482470
  0.04375459   0.01484390
  0.04375599   0.01486310
  0.04375749   0.01488220
  0.04375889   0.01490140
  0.04376029   0.01492060
  0.04376179   0.01493980
  0.04376319   0.01495900
  0.04376469   0.01497820
  0.04376609   0.01499740
  0.04376759   0.01501660
  0.04376899   0.01503580
  0.04377039   0.01505500
  0.04377189   0.01507420
  0.04377329   0.01509330
  0.04377479   0.01511250
  0.04377619   0.01513170
  0.04377759   0.01515090
  0.04377909   0.01517010
  0.04378049   0.01518930
  0.04378199   0.01520850
  0.04378339   0.01522770
  0.04378479   0.01524690
  0.04378629   0.01526610
  0.04378769   0.01528530
  0.04378919   0.01530440
  0.04379059   0.01532360
  0.04379209   0.01534280
  0.04379349   0.01536200
  0.04379489   0.01538120
  0.04379639   0.01540040
  0.04379779   0.01541960
  0.04379929   0.01543880
  0.04380069   0.01545800
  0.04380209   0.01547720
  0.04380359   0.01549640
  0.04380499   0.01551550
  0.04380649   0.01553470
  0.04380789   0.01555390
  0.04380929   0.01557310
  0.04381079   0.01559230
  0.04381219   0.01561150
  0.04381369   0.01563070
  0.04381509   0.01564990
  0.04381649   0.01566910
  0.04381799   0.01568830
  0.04381939   0.01570750
  0.04382089   0.01572660
  0.04382229   0.01574580
  0.04382379   0.01576500
  0.04382519   0.01578420
  0.04382659   0.01580340
  0.04382809   0.01582260
  0.04382949   0.01584180
  0.04383099   0.01586100
  0.04383239   0.01588020
  0.04383379   0.01589940
  0.04383529   0.01591860
  0.04383669   0.01593770
  0.04383819   0.01595690
  0.04383959   0.01597610
  0.04384099   0.01599530
  0.04384249   0.01601450
  0.04384389   0.01603370
  0.04384539   0.01605290
  0.04384679   0.01607210
  0.04384829   0.01609130
  0.04384969   0.01611050
  0.04385109   0.01612970
  0.04385259   0.01614880
  0.04385399   0.01616800
  0.04385549   0.01618720
  0.04385689   0.01620640
  0.04385829   0.01622560
  0.04385979   0.01624480
  0.04386119   0.01626400
  0.04386269   0.01628320
  0.04386409   0.01630240
  0.04386549   0.01632160
  0.04386699   0.01634080
  0.04386839   0.01635990
  0.04386989   0.01637910
  0.04387129   0.01639830
  0.04387279   0.01641750
  0.04387419   0.01643670
  0.04387559   0.01645590
  0.04387709   0.01647510
  0.04387849   0.01649430
  0.04387999   0.01651350
  0.04388139   0.01653270
  0.04388279   0.01655190
  0.04388429   0.01657100
  0.04388569   0.01659020
  0.04388719   0.01660940
  0.04388859   0.01662860
  0.04388999   0.01664780
  0.04389149   0.01666700
  0.04389289   0.01668620
  0.04389439   0.01670540
  0.04389579   0.01672460
  0.04389729   0.01674380
  0.04389869   0.01676300
  0.04390009   0.01678210
  0.04390159   0.01680130
  0.04390299   0.01682050
  0.04390449   0.01683970
  0.04390589   0.01685890
  0.04390729   0.01687810
  0.04390879   0.01689730
  0.04391019   0.01691650
  0.04391169   0.01693570
  0.04391309   0.01695490
  0.04391449   0.01697410
  0.04391599   0.01699320
  0.04391739   0.01701240
  0.04391889   0.01703160
  0.04392029   0.01705080
  0.04392179   0.01707000
  0.04392319   0.01708920
  0.04392459   0.01710840
  0.04392609   0.01712760
  0.04392749   0.01714680
  0.04392899   0.01716600
  0.04393039   0.01718520
  0.04393179   0.01720430
  0.04393329   0.01722350
  0.04393469   0.01724270
  0.04393619   0.01726190
  0.04393759   0.01728110
  0.04393899   0.01730030
  0.04394049   0.01731950
  0.04394189   0.01733870
  0.04394339   0.01735790
  0.04394479   0.01737710
  0.04394629   0.01739630
  0.04394769   0.01741540
  0.04394909   0.01743460
  0.04395059   0.01745380
  0.04395199   0.01747300
  0.04395349   0.01749220
  0.04395489   0.01751140
  0.04395629   0.01753060
  0.04395779   0.01754980
  0.04395919   0.01756900
  0.04396069   0.01758820
  0.04396209   0.01760740
  0.04396349   0.01762650
  0.04396499   0.01764570
  0.04396639   0.01766490
  0.04396789   0.01768410
  0.04396929   0.01770330
  0.04397069   0.01772250
  0.04397219   0.01774170
  0.04397359   0.01776090
  0.04397509   0.01778010
  0.04397649   0.01779930
  0.04397799   0.01781850
  0.04397939   0.01783760
  0.04398079   0.01785680
  0.04398229   0.01787600
  0.04398369   0.01789520
  0.04398519   0.01791440
  0.04398659   0.01793360
  0.04398799   0.01795280
  0.04398949   0.01797200
  0.04399089   0.01799120
  0.04399239   0.01801040
  0.04399379   0.01802960
  0.04399519   0.01804870
  0.04399669   0.01806790
  0.04399809   0.01808710
  0.04399959   0.01810630
  0.04400099   0.01812550
  0.04400249   0.01814470
  0.04400389   0.01816390
  0.04400529   0.01818310
  0.04400679   0.01820230
  0.04400819   0.01822150
  0.04400969   0.01824070
  0.04401109   0.01825980
  0.04401249   0.01827900
  0.04401399   0.01829820
  0.04401539   0.01831740
  0.04401689   0.01833660
  0.04401829   0.01835580
  0.04401969   0.01837500
  0.04402119   0.01839420
  0.04402259   0.01841340
  0.04402409   0.01843260
  0.04402549   0.01845180
  0.04402699   0.01847090
  0.04402839   0.01849010
  0.04402979   0.01850930
  0.04403129   0.01852850
  0.04403269   0.01854770
  0.04403419   0.01856690
  0.04403559   0.01858610
  0.04403699   0.01860530
  0.04403849   0.01862450
  0.04403989   0.01864370
  0.04404139   0.01866290
  0.04404279   0.01868200
  0.04404419   0.01870120
  0.04404569   0.01872040
  0.04404709   0.01873960
  0.04404859   0.01875880
  0.04404999   0.01877800
  0.04405149   0.01879720
  0.04405289   0.01881640
  0.04405429   0.01883560
  0.04405579   0.01885480
  0.04405719   0.01887400
  0.04405869   0.01889310
  0.04406009   0.01891230
  0.04406149   0.01893150
  0.04406299   0.01895070
  0.04406439   0.01896990
  0.04406589   0.01898910
  0.04406729   0.01900830
  0.04406869   0.01902750
  0.04407019   0.01904670
  0.04407159   0.01906590
  0.04407309   0.01908510
  0.04407449   0.01910420
  0.04407599   0.01912340
  0.04407739   0.01914260
  0.04407879   0.01916180
  0.04408029   0.01918100
  0.04408169   0.01920020
  0.04408319   0.01921940
  0.04408459   0.01923860
  0.04408599   0.01925780
  0.04408749   0.01927700
  0.04408889   0.01929620
  0.04409039   0.01931530
  0.04409179   0.01933450
  0.04409319   0.01935370
  0.04409469   0.01937290
  0.04409609   0.01939210
  0.04409759   0.01941130
  0.04409899   0.01943050
  0.04410039   0.01944970
  0.04410189   0.01946890
  0.04410329   0.01948810
  0.04410479   0.01950730
  0.04410619   0.01952640
  0.04410769   0.01954560
  0.04410909   0.01956480
  0.04411049   0.01958400
  0.04411199   0.01960320
  0.04411339   0.01962240
  0.04411489   0.01964160
  0.04411629   0.01966080
  0.04411769   0.01968000
  0.04411919   0.01969920
  0.04412059   0.01971840
  0.04412209   0.01973750
  0.04412349   0.01975670
  0.04412489   0.01977590
  0.04412639   0.01979510
  0.04412779   0.01981430
  0.04412929   0.01983350
  0.04413069   0.01985270
  0.04413219   0.01987190
  0.04413359   0.01989110
  0.04413499   0.01991030
  0.04413649   0.01992950
  0.04413789   0.01994860
  0.04413939   0.01996780
  0.04414079   0.01998700
  0.04414219   0.02000620
  0.04414369   0.02002540
  0.04414509   0.02004460
  0.04414659   0.02006380
  0.04414799   0.02008300
  0.04414939   0.02010220
  0.04415089   0.02012140
  0.04415229   0.02014060
  0.04415379   0.02015970
  0.04415519   0.02017890
  0.04415669   0.02019810
  0.04415809   0.02021730
  0.04415949   0.02023650
  0.04416099   0.02025570
  0.04416239   0.02027490
  0.04416389   0.02029410
  0.04416529   0.02031330
  0.04416669   0.02033250
  0.04416819   0.02035170
  0.04416959   0.02037080
  0.04417109   0.02039000
  0.04417249   0.02040920
  0.04417389   0.02042840
  0.04417539   0.02044760
  0.04417679   0.02046680
  0.04417829   0.02048600
  0.04417969   0.02050520
  0.04418119   0.02052440
  0.04418259   0.02054360
  0.04418399   0.02056280
  0.04418549   0.02058190
  0.04418689   0.02060110
  0.04418839   0.02062030
  0.04418979   0.02063950
  0.04419119   0.02065870
  0.04419269   0.02067790
  0.04419409   0.02069710
  0.04419559   0.02071630
  0.04419699   0.02073550
  0.04419839   0.02075470
  0.04419989   0.02077390
  0.04420129   0.02079300
  0.04420279   0.02081220
  0.04420419   0.02083140
  0.04420569   0.02085060
  0.04420709   0.02086980
  0.04420849   0.02088900
  0.04420999   0.02090820
  0.04421139   0.02092740
  0.04421289   0.02094660
  0.04421429   0.02096580
  0.04421569   0.02098500
  0.04421719   0.02100410
  0.04421859   0.02102330
  0.04422009   0.02104250
  0.04422149   0.02106170
  0.04422289   0.02108090
  0.04422439   0.02110010
  0.04422579   0.02111930
  0.04422729   0.02113850
  0.04422869   0.02115770
  0.04423019   0.02117690
  0.04423159   0.02119610
  0.04423299   0.02121520
  0.04423449   0.02123440
  0.04423589   0.02125360
  0.04423739   0.02127280
  0.04423879   0.02129200
  0.04424019   0.02131120
  0.04424169   0.02133040
  0.04424309   0.02134960
  0.04424459   0.02136880
  0.04424599   0.02138800
  0.04424739   0.02140720
  0.04424889   0.02142630
  0.04425029   0.02144550
  0.04425179   0.02146470
  0.04425319   0.02148390
  0.04425459   0.02150310
  0.04425609   0.02152230
  0.04425749   0.02154150
  0.04425899   0.02156070
  0.04426039   0.02157990
  0.04426189   0.02159910
  0.04426329   0.02161830
  0.04426469   0.02163740
  0.04426619   0.02165660
  0.04426759   0.02167580
  0.04426909   0.02169500
  0.04427049   0.02171420
  0.04427189   0.02173340
  0.04427339   0.02175260
  0.04427479   0.02177180
  0.04427629   0.02179100
  0.04427769   0.02181020
  0.04427909   0.02182940
  0.04428059   0.02184850
  0.04428199   0.02186770
  0.04428349   0.02188690
  0.04428489   0.02190610
  0.04428639   0.02192530
  0.04428779   0.02194450
  0.04428919   0.02196370
  0.04429069   0.02198290
  0.04429209   0.02200210
  0.04429359   0.02202130
  0.04429499   0.02204050
  0.04429639   0.02205960
  0.04429789   0.02207880
  0.04429929   0.02209800
  0.04430079   0.02211720
  0.04430219   0.02213640
  0.04430359   0.02215560
  0.04430509   0.02217480
  0.04430649   0.02219400
  0.04430799   0.02221320
  0.04430939   0.02223240
  0.04431089   0.02225160
  0.04431229   0.02227070
  0.04431369   0.02228990
  0.04431519   0.02230910
  0.04431659   0.02232830
  0.04431809   0.02234750
  0.04431949   0.02236670
  0.04432089   0.02238590
  0.04432239   0.02240510
  0.04432379   0.02242430
  0.04432529   0.02244350
  0.04432669   0.02246270
  0.04432809   0.02248180
  0.04432959   0.02250100
  0.04433099   0.02252020
  0.04433249   0.02253940
  0.04433389   0.02255860
  0.04433539   0.02257780
  0.04433679   0.02259700
  0.04433819   0.02261620
  0.04433969   0.02263540
  0.04434109   0.02265460
  0.04434259   0.02267380
  0.04434399   0.02269290
  0.04434539   0.02271210
  0.04434689   0.02273130
  0.04434829   0.02275050
  0.04434979   0.02276970
  0.04435119   0.02278890
  0.04435259   0.02280810
  0.04435409   0.02282730
  0.04435549   0.02284650
  0.04435699   0.02286570
  0.04435839   0.02288490
  0.04435989   0.02290400
  0.04436129   0.02292320
  0.04436269   0.02294240
  0.04436419   0.02296160
  0.04436559   0.02298080
  0.04436709   0.02300000
