  0.12088429   0.02300000
  0.12088889   0.02281520
  0.12089349   0.02263030
  0.12089819   0.02244550
  0.12090279   0.02226070
  0.12090739   0.02207590
  0.12091199   0.02189100
  0.12091659   0.02170620
  0.12092119   0.02152140
  0.12092579   0.02133660
  0.12093049   0.02115170
  0.12093509   0.02096690
  0.12093969   0.02078210
  0.12094429   0.02059720
  0.12094889   0.02041240
  0.12095349   0.02022760
  0.12095809   0.02004280
  0.12096279   0.01985790
  0.12096739   0.01967310
  0.12097199   0.01948830
  0.12097659   0.01930350
  0.12098119   0.01911860
  0.12098579   0.01893380
  0.12099039   0.01874900
  0.12099509   0.01856410
  0.12099969   0.01837930
  0.12100429   0.01819450
  0.12100889   0.01800970
  0.12101349   0.01782480
  0.12101809   0.01764000
  0.12102279   0.01745520
  0.12102739   0.01727040
  0.12103199   0.01708550
  0.12103659   0.01690070
  0.12104119   0.01671590
  0.12104579   0.01653100
  0.12105039   0.01634620
  0.12105509   0.01616140
  0.12105969   0.01597660
  0.12106429   0.01579170
  0.12106889   0.01560690
  0.12107349   0.01542210
  0.12107809   0.01523730
  0.12108349   0.01505240
  0.12109129   0.01486770
  0.12110179   0.01468310
  0.12111499   0.01449870
  0.12113069   0.01431450
  0.12114909   0.01413060
  0.12117009   0.01394690
  0.12119369   0.01376350
  0.12121989   0.01358050
  0.12124869   0.01339780
  0.12128009   0.01321560
  0.12131399   0.01303390
  0.12135059   0.01285270
  0.12138969   0.01267200
  0.12143149   0.01249190
  0.12147569   0.01231240
  0.12152249   0.01213350
  0.12157189   0.01195530
  0.12162369   0.01177790
  0.12167809   0.01160120
  0.12173499   0.01142530
  0.12179439   0.01125020
  0.12185629   0.01107600
  0.12192069   0.01090260
  0.12198749   0.01073020
  0.12205669   0.01055880
  0.12212839   0.01038840
  0.12220249   0.01021900
  0.12227899   0.01005070
  0.12235789   0.00988350
  0.12243919   0.00971740
  0.12252279   0.00955250
  0.12260869   0.00938890
  0.12269699   0.00922640
  0.12278759   0.00906520
  0.12288039   0.00890530
  0.12297559   0.00874680
  0.12307289   0.00858960
  0.12317249   0.00843390
  0.12327429   0.00827950
  0.12337829   0.00812670
  0.12348439   0.00797530
  0.12359269   0.00782540
  0.12370309   0.00767710
  0.12381559   0.00753040
  0.12393019   0.00738530
  0.12404679   0.00724190
  0.12416549   0.00710010
  0.12428609   0.00696000
  0.12440879   0.00682160
  0.12453339   0.00668510
  0.12465989   0.00655020
  0.12478829   0.00641730
  0.12491869   0.00628610
  0.12505079   0.00615680
  0.12518479   0.00602940
  0.12532059   0.00590390
  0.12545809   0.00578040
  0.12559739   0.00565880
  0.12573849   0.00553930
  0.12588119   0.00542170
  0.12602549   0.00530620
  0.12617149   0.00519280
  0.12631909   0.00508140
  0.12646819   0.00497220
  0.12661889   0.00486500
  0.12677109   0.00476010
  0.12692479   0.00465730
  0.12707989   0.00455670
  0.12723649   0.00445830
  0.12739439   0.00436220
  0.12755369   0.00426830
  0.12771419   0.00417670
  0.12787609   0.00408740
  0.12803929   0.00400040
  0.12820359   0.00391570
  0.12836909   0.00383340
  0.12853579   0.00375340
  0.12870369   0.00367580
  0.12887259   0.00360060
  0.12904249   0.00352780
  0.12921349   0.00345750
  0.12938539   0.00338950
  0.12955829   0.00332410
  0.12973219   0.00326110
  0.12990689   0.00320050
  0.13008239   0.00314250
  0.13025869   0.00308700
  0.13043589   0.00303400
  0.13061369   0.00298350
  0.13079229   0.00293550
  0.13097129   0.00288920
  0.13115039   0.00284340
  0.13132959   0.00279800
  0.13150889   0.00275290
  0.13168829   0.00270830
  0.13186789   0.00266410
  0.13204749   0.00262040
  0.13222719   0.00257700
  0.13240699   0.00253410
  0.13258699   0.00249150
  0.13276699   0.00244940
  0.13294709   0.00240770
  0.13312729   0.00236640
  0.13330759   0.00232560
  0.13348809   0.00228510
  0.13366859   0.00224510
  0.13384909   0.00220550
  0.13402979   0.00216630
  0.13421059   0.00212750
  0.13439149   0.00208920
  0.13457239   0.00205120
  0.13475339   0.00201370
  0.13493459   0.00197660
  0.13511579   0.00193990
  0.13529709   0.00190360
  0.13547839   0.00186780
  0.13565989   0.00183240
  0.13584139   0.00179740
  0.13602309   0.00176280
  0.13620479   0.00172860
  0.13638649   0.00169480
  0.13656839   0.00166150
  0.13675029   0.00162860
  0.13693229   0.00159610
  0.13711439   0.00156400
  0.13729659   0.00153240
  0.13747879   0.00150120
  0.13766109   0.00147040
  0.13784349   0.00144000
  0.13802589   0.00141000
  0.13820839   0.00138050
  0.13839099   0.00135140
  0.13857369   0.00132270
  0.13875639   0.00129440
  0.13893909   0.00126650
  0.13912199   0.00123910
  0.13930489   0.00121210
  0.13948779   0.00118550
  0.13967089   0.00115940
  0.13985399   0.00113360
  0.14003709   0.00110830
  0.14022029   0.00108340
  0.14040359   0.00105900
  0.14058689   0.00103490
  0.14077019   0.00101130
  0.14095369   0.00098810
  0.14113709   0.00096530
  0.14132069   0.00094300
  0.14150419   0.00092100
  0.14168789   0.00089950
  0.14187159   0.00087850
  0.14205529   0.00085780
  0.14223909   0.00083760
  0.14242289   0.00081780
  0.14260679   0.00079840
  0.14279069   0.00077950
  0.14297459   0.00076090
  0.14315859   0.00074280
  0.14334259   0.00072520
  0.14352669   0.00070790
  0.14371079   0.00069110
  0.14389499   0.00067470
  0.14407919   0.00065870
  0.14426339   0.00064320
  0.14444769   0.00062800
  0.14463199   0.00061330
  0.14481629   0.00059910
  0.14500069   0.00058520
  0.14518509   0.00057180
  0.14536949   0.00055880
  0.14555399   0.00054620
  0.14573849   0.00053410
  0.14592299   0.00052240
  0.14610749   0.00051110
  0.14629209   0.00050030
  0.14647669   0.00048970
  0.14666119   0.00047920
  0.14684579   0.00046880
  0.14703039   0.00045860
  0.14721499   0.00044840
  0.14739969   0.00043840
  0.14758429   0.00042840
  0.14776889   0.00041860
  0.14795349   0.00040890
  0.14813819   0.00039930
  0.14832279   0.00038980
  0.14850749   0.00038050
  0.14869209   0.00037120
  0.14887679   0.00036210
  0.14906139   0.00035300
  0.14924609   0.00034410
  0.14943079   0.00033530
  0.14961549   0.00032670
  0.14980009   0.00031810
  0.14998479   0.00030960
  0.15016949   0.00030130
  0.15035419   0.00029310
  0.15053889   0.00028500
  0.15072369   0.00027700
  0.15090839   0.00026910
  0.15109309   0.00026130
  0.15127779   0.00025360
  0.15146249   0.00024610
  0.15164729   0.00023870
  0.15183199   0.00023130
  0.15201679   0.00022410
  0.15220149   0.00021710
  0.15238629   0.00021010
  0.15257099   0.00020320
  0.15275579   0.00019650
  0.15294059   0.00018980
  0.15312529   0.00018330
  0.15331009   0.00017690
  0.15349489   0.00017060
  0.15367969   0.00016440
  0.15386439   0.00015840
  0.15404919   0.00015240
  0.15423399   0.00014660
  0.15441879   0.00014090
  0.15460359   0.00013530
  0.15478839   0.00012980
  0.15497319   0.00012440
  0.15515799   0.00011910
  0.15534289   0.00011400
  0.15552769   0.00010890
  0.15571249   0.00010400
  0.15589729   0.00009920
  0.15608209   0.00009450
  0.15626699   0.00008990
  0.15645179   0.00008540
  0.15663659   0.00008110
  0.15682149   0.00007680
  0.15700629   0.00007270
  0.15719109   0.00006870
  0.15737599   0.00006480
  0.15756079   0.00006100
  0.15774569   0.00005740
  0.15793049   0.00005380
  0.15811539   0.00005030
  0.15830019   0.00004700
  0.15848509   0.00004380
  0.15866999   0.00004070
  0.15885479   0.00003770
  0.15903969   0.00003480
  0.15922449   0.00003210
  0.15940939   0.00002940
  0.15959429   0.00002690
  0.15977909   0.00002450
  0.15996399   0.00002220
  0.16014889   0.00002000
  0.16033379   0.00001790
  0.16051859   0.00001590
  0.16070349   0.00001410
  0.16088839   0.00001240
  0.16107329   0.00001070
  0.16125809   0.00000920
  0.16144299   0.00000780
  0.16162789   0.00000660
  0.16181279   0.00000540
  0.16199769   0.00000430
  0.16218249   0.00000340
  0.16236739   0.00000260
  0.16255229   0.00000190
  0.16273719   0.00000130
  0.16292209   0.00000080
  0.16310699   0.00000040
  0.16329189   0.00000020
  0.16347669  -0.00000000
  0.16366159  -0.00000000
  0.16384649   0.00000010
  0.16403139   0.00000030
  0.16421629   0.00000060
  0.16440119   0.00000100
  0.16458599   0.00000160
  0.16477089   0.00000220
  0.16495579   0.00000300
  0.16514069   0.00000390
  0.16532559   0.00000490
  0.16551049   0.00000600
  0.16569529   0.00000720
  0.16588019   0.00000860
  0.16606509   0.00001000
  0.16624999   0.00001190
  0.16643479   0.00001420
  0.16661969   0.00001700
  0.16680459   0.00002020
  0.16698939   0.00002380
  0.16717429   0.00002780
  0.16735909   0.00003230
  0.16754389   0.00003720
  0.16772869   0.00004250
  0.16791349   0.00004830
  0.16809829   0.00005440
  0.16828309   0.00006100
  0.16846779   0.00006810
  0.16865249   0.00007550
  0.16883729   0.00008340
  0.16902199   0.00009170
  0.16920659   0.00010050
  0.16939129   0.00010960
  0.16957589   0.00011920
  0.16976049   0.00012920
  0.16994509   0.00013970
  0.17012969   0.00015060
  0.17031419   0.00016190
  0.17049869   0.00017360
  0.17068319   0.00018570
  0.17086769   0.00019830
  0.17105209   0.00021130
  0.17123649   0.00022470
  0.17142089   0.00023860
  0.17160519   0.00025290
  0.17178949   0.00026760
  0.17197379   0.00028270
  0.17215799   0.00029830
  0.17234219   0.00031430
  0.17252639   0.00033070
  0.17271049   0.00034750
  0.17289449   0.00036480
  0.17307859   0.00038250
  0.17326259   0.00040060
  0.17344649   0.00041910
  0.17363039   0.00043810
  0.17381429   0.00045750
  0.17399809   0.00047730
  0.17418189   0.00049750
  0.17436559   0.00051820
  0.17454929   0.00053930
  0.17473289   0.00056080
  0.17491649   0.00058270
  0.17509999   0.00060510
  0.17528349   0.00062790
  0.17546689   0.00065110
  0.17565029   0.00067470
  0.17583359   0.00069880
  0.17601689   0.00072320
  0.17620009   0.00074810
  0.17638319   0.00077350
  0.17656629   0.00079920
  0.17674929   0.00082540
  0.17693229   0.00085200
  0.17711519   0.00087900
  0.17729799   0.00090640
  0.17748079   0.00093430
  0.17766349   0.00096260
  0.17784609   0.00099130
  0.17802869   0.00102040
  0.17821119   0.00105000
  0.17839369   0.00108000
  0.17857599   0.00111040
  0.17875829   0.00114120
  0.17894059   0.00117240
  0.17912269   0.00120410
  0.17930479   0.00123610
  0.17948679   0.00126860
  0.17966869   0.00130160
  0.17985059   0.00133490
  0.18003239   0.00136870
  0.18021409   0.00140290
  0.18039569   0.00143750
  0.18057719   0.00147250
  0.18075869   0.00150790
  0.18093999   0.00154380
  0.18112129   0.00158000
  0.18130249   0.00161670
  0.18148369   0.00165390
  0.18166459   0.00169200
  0.18184489   0.00173270
  0.18202469   0.00177590
  0.18220379   0.00182170
  0.18238229   0.00187000
  0.18255999   0.00192090
  0.18273699   0.00197430
  0.18291329   0.00203010
  0.18308869   0.00208850
  0.18326329   0.00214940
  0.18343689   0.00221280
  0.18360969   0.00227860
  0.18378149   0.00234690
  0.18395239   0.00241760
  0.18412219   0.00249070
  0.18429089   0.00256620
  0.18445859   0.00264420
  0.18462509   0.00272450
  0.18479049   0.00280710
  0.18495469   0.00289220
  0.18511759   0.00297950
  0.18527929   0.00306910
  0.18543969   0.00316110
  0.18559879   0.00325530
  0.18575649   0.00335170
  0.18591289   0.00345040
  0.18606779   0.00355130
  0.18622119   0.00365440
  0.18637319   0.00375970
  0.18652369   0.00386710
  0.18667259   0.00397670
  0.18681999   0.00408830
  0.18696569   0.00420210
  0.18710989   0.00431790
  0.18725229   0.00443570
  0.18739309   0.00455560
  0.18753209   0.00467740
  0.18766939   0.00480120
  0.18780499   0.00492700
  0.18793869   0.00505470
  0.18807059   0.00518420
  0.18820059   0.00531560
  0.18832879   0.00544890
  0.18845509   0.00558390
  0.18857939   0.00572080
  0.18870169   0.00585940
  0.18882209   0.00599970
  0.18894049   0.00614170
  0.18905679   0.00628540
  0.18917109   0.00643080
  0.18928329   0.00657770
  0.18939339   0.00672620
  0.18950139   0.00687630
  0.18960719   0.00702790
  0.18971089   0.00718100
  0.18981239   0.00733550
  0.18991169   0.00749150
  0.19000869   0.00764890
  0.19010349   0.00780760
  0.19019599   0.00796770
  0.19028629   0.00812900
  0.19037419   0.00829160
  0.19045979   0.00845550
  0.19054309   0.00862060
  0.19062399   0.00878680
  0.19070259   0.00895420
  0.19077869   0.00912260
  0.19085249   0.00929220
  0.19092379   0.00946270
  0.19099269   0.00963430
  0.19105919   0.00980680
  0.19112319   0.00998030
  0.19118469   0.01015460
  0.19124379   0.01032980
  0.19130029   0.01050580
  0.19135439   0.01068270
  0.19140589   0.01086020
  0.19145489   0.01103850
  0.19150129   0.01121750
  0.19154519   0.01139700
  0.19158649   0.01157730
  0.19162529   0.01175800
  0.19166149   0.01193930
  0.19169509   0.01212110
  0.19172609   0.01230340
  0.19175459   0.01248610
  0.19178039   0.01266910
  0.19180359   0.01285260
  0.19182419   0.01303630
  0.19184219   0.01322030
  0.19185759   0.01340450
  0.19185899   0.01342370
  0.19186049   0.01344290
  0.19186189   0.01346210
  0.19186339   0.01348130
  0.19186479   0.01350050
  0.19186619   0.01351970
  0.19186769   0.01353890
  0.19186909   0.01355810
  0.19187059   0.01357730
  0.19187199   0.01359650
  0.19187339   0.01361560
  0.19187489   0.01363480
  0.19187629   0.01365400
  0.19187779   0.01367320
  0.19187919   0.01369240
  0.19188069   0.01371160
  0.19188209   0.01373080
  0.19188349   0.01375000
  0.19188499   0.01376920
  0.19188639   0.01378840
  0.19188789   0.01380760
  0.19188929   0.01382670
  0.19189069   0.01384590
  0.19189219   0.01386510
  0.19189359   0.01388430
  0.19189509   0.01390350
  0.19189649   0.01392270
  0.19189789   0.01394190
  0.19189939   0.01396110
  0.19190079   0.01398030
  0.19190229   0.01399950
  0.19190369   0.01401870
  0.19190519   0.01403780
  0.19190659   0.01405700
  0.19190799   0.01407620
  0.19190949   0.01409540
  0.19191089   0.01411460
  0.19191239   0.01413380
  0.19191379   0.01415300
  0.19191519   0.01417220
  0.19191669   0.01419140
  0.19191809   0.01421060
  0.19191959   0.01422980
  0.19192099   0.01424890
  0.19192239   0.01426810
  0.19192389   0.01428730
  0.19192529   0.01430650
  0.19192679   0.01432570
  0.19192819   0.01434490
  0.19192969   0.01436410
  0.19193109   0.01438330
  0.19193249   0.01440250
  0.19193399   0.01442170
  0.19193539   0.01444090
  0.19193689   0.01446000
  0.19193829   0.01447920
  0.19193969   0.01449840
  0.19194119   0.01451760
  0.19194259   0.01453680
  0.19194409   0.01455600
  0.19194549   0.01457520
  0.19194689   0.01459440
  0.19194839   0.01461360
  0.19194979   0.01463280
  0.19195129   0.01465200
  0.19195269   0.01467110
  0.19195419   0.01469030
  0.19195559   0.01470950
  0.19195699   0.01472870
  0.19195849   0.01474790
  0.19195989   0.01476710
  0.19196139   0.01478630
  0.19196279   0.01480550
  0.19196419   0.01482470
  0.19196569   0.01484390
  0.19196709   0.01486310
  0.19196859   0.01488220
  0.19196999   0.01490140
  0.19197139   0.01492060
  0.19197289   0.01493980
  0.19197429   0.01495900
  0.19197579   0.01497820
  0.19197719   0.01499740
  0.19197869   0.01501660
  0.19198009   0.01503580
  0.19198149   0.01505500
  0.19198299   0.01507420
  0.19198439   0.01509330
  0.19198589   0.01511250
  0.19198729   0.01513170
  0.19198869   0.01515090
  0.19199019   0.01517010
  0.19199159   0.01518930
  0.19199309   0.01520850
  0.19199449   0.01522770
  0.19199589   0.01524690
  0.19199739   0.01526610
  0.19199879   0.01528530
  0.19200029   0.01530440
  0.19200169   0.01532360
  0.19200319   0.01534280
  0.19200459   0.01536200
  0.19200599   0.01538120
  0.19200749   0.01540040
  0.19200889   0.01541960
  0.19201039   0.01543880
  0.19201179   0.01545800
  0.19201319   0.01547720
  0.19201469   0.01549640
  0.19201609   0.01551550
  0.19201759   0.01553470
  0.19201899   0.01555390
  0.19202039   0.01557310
  0.19202189   0.01559230
  0.19202329   0.01561150
  0.19202479   0.01563070
  0.19202619   0.01564990
  0.19202759   0.01566910
  0.19202909   0.01568830
  0.19203049   0.01570750
  0.19203199   0.01572660
  0.19203339   0.01574580
  0.19203489   0.01576500
  0.19203629   0.01578420
  0.19203769   0.01580340
  0.19203919   0.01582260
  0.19204059   0.01584180
  0.19204209   0.01586100
  0.19204349   0.01588020
  0.19204489   0.01589940
  0.19204639   0.01591860
  0.19204779   0.01593770
  0.19204929   0.01595690
  0.19205069   0.01597610
  0.19205209   0.01599530
  0.19205359   0.01601450
  0.19205499   0.01603370
  0.19205649   0.01605290
  0.19205789   0.01607210
  0.19205939   0.01609130
  0.19206079   0.01611050
  0.19206219   0.01612970
  0.19206369   0.01614880
  0.19206509   0.01616800
  0.19206659   0.01618720
  0.19206799   0.01620640
  0.19206939   0.01622560
  0.19207089   0.01624480
  0.19207229   0.01626400
  0.19207379   0.01628320
  0.19207519   0.01630240
  0.19207659   0.01632160
  0.19207809   0.01634080
  0.19207949   0.01635990
  0.19208099   0.01637910
  0.19208239   0.01639830
  0.19208389   0.01641750
  0.19208529   0.01643670
  0.19208669   0.01645590
  0.19208819   0.01647510
  0.19208959   0.01649430
  0.19209109   0.01651350
  0.19209249   0.01653270
  0.19209389   0.01655190
  0.19209539   0.01657100
  0.19209679   0.01659020
  0.19209829   0.01660940
  0.19209969   0.01662860
  0.19210109   0.01664780
  0.19210259   0.01666700
  0.19210399   0.01668620
  0.19210549   0.01670540
  0.19210689   0.01672460
  0.19210839   0.01674380
  0.19210979   0.01676300
  0.19211119   0.01678210
  0.19211269   0.01680130
  0.19211409   0.01682050
  0.19211559   0.01683970
  0.19211699   0.01685890
  0.19211839   0.01687810
  0.19211989   0.01689730
  0.19212129   0.01691650
  0.19212279   0.01693570
  0.19212419   0.01695490
  0.19212559   0.01697410
  0.19212709   0.01699320
  0.19212849   0.01701240
  0.19212999   0.01703160
  0.19213139   0.01705080
  0.19213289   0.01707000
  0.19213429   0.01708920
  0.19213569   0.01710840
  0.19213719   0.01712760
  0.19213859   0.01714680
  0.19214009   0.01716600
  0.19214149   0.01718520
  0.19214289   0.01720430
  0.19214439   0.01722350
  0.19214579   0.01724270
  0.19214729   0.01726190
  0.19214869   0.01728110
  0.19215009   0.01730030
  0.19215159   0.01731950
  0.19215299   0.01733870
  0.19215449   0.01735790
  0.19215589   0.01737710
  0.19215739   0.01739630
  0.19215879   0.01741540
  0.19216019   0.01743460
  0.19216169   0.01745380
  0.19216309   0.01747300
  0.19216459   0.01749220
  0.19216599   0.01751140
  0.19216739   0.01753060
  0.19216889   0.01754980
  0.19217029   0.01756900
  0.19217179   0.01758820
  0.19217319   0.01760740
  0.19217459   0.01762650
  0.19217609   0.01764570
  0.19217749   0.01766490
  0.19217899   0.01768410
  0.19218039   0.01770330
  0.19218179   0.01772250
  0.19218329   0.01774170
  0.19218469   0.01776090
  0.19218619   0.01778010
  0.19218759   0.01779930
  0.19218909   0.01781850
  0.19219049   0.01783760
  0.19219189   0.01785680
  0.19219339   0.01787600
  0.19219479   0.01789520
  0.19219629   0.01791440
  0.19219769   0.01793360
  0.19219909   0.01795280
  0.19220059   0.01797200
  0.19220199   0.01799120
  0.19220349   0.01801040
  0.19220489   0.01802960
  0.19220629   0.01804870
  0.19220779   0.01806790
  0.19220919   0.01808710
  0.19221069   0.01810630
  0.19221209   0.01812550
  0.19221359   0.01814470
  0.19221499   0.01816390
  0.19221639   0.01818310
  0.19221789   0.01820230
  0.19221929   0.01822150
  0.19222079   0.01824070
  0.19222219   0.01825980
  0.19222359   0.01827900
  0.19222509   0.01829820
  0.19222649   0.01831740
  0.19222799   0.01833660
  0.19222939   0.01835580
  0.19223079   0.01837500
  0.19223229   0.01839420
  0.19223369   0.01841340
  0.19223519   0.01843260
  0.19223659   0.01845180
  0.19223809   0.01847090
  0.19223949   0.01849010
  0.19224089   0.01850930
  0.19224239   0.01852850
  0.19224379   0.01854770
  0.19224529   0.01856690
  0.19224669   0.01858610
  0.19224809   0.01860530
  0.19224959   0.01862450
  0.19225099   0.01864370
  0.19225249   0.01866290
  0.19225389   0.01868200
  0.19225529   0.01870120
  0.19225679   0.01872040
  0.19225819   0.01873960
  0.19225969   0.01875880
  0.19226109   0.01877800
  0.19226259   0.01879720
  0.19226399   0.01881640
  0.19226539   0.01883560
  0.19226689   0.01885480
  0.19226829   0.01887400
  0.19226979   0.01889310
  0.19227119   0.01891230
  0.19227259   0.01893150
  0.19227409   0.01895070
  0.19227549   0.01896990
  0.19227699   0.01898910
  0.19227839   0.01900830
  0.19227979   0.01902750
  0.19228129   0.01904670
  0.19228269   0.01906590
  0.19228419   0.01908510
  0.19228559   0.01910420
  0.19228709   0.01912340
  0.19228849   0.01914260
  0.19228989   0.01916180
  0.19229139   0.01918100
  0.19229279   0.01920020
  0.19229429   0.01921940
  0.19229569   0.01923860
  0.19229709   0.01925780
  0.19229859   0.01927700
  0.19229999   0.01929620
  0.19230149   0.01931530
  0.19230289   0.01933450
  0.19230429   0.01935370
  0.19230579   0.01937290
  0.19230719   0.01939210
  0.19230869   0.01941130
  0.19231009   0.01943050
  0.19231149   0.01944970
  0.19231299   0.01946890
  0.19231439   0.01948810
  0.19231589   0.01950730
  0.19231729   0.01952640
  0.19231879   0.01954560
  0.19232019   0.01956480
  0.19232159   0.01958400
  0.19232309   0.01960320
  0.19232449   0.01962240
  0.19232599   0.01964160
  0.19232739   0.01966080
  0.19232879   0.01968000
  0.19233029   0.01969920
  0.19233169   0.01971840
  0.19233319   0.01973750
  0.19233459   0.01975670
  0.19233599   0.01977590
  0.19233749   0.01979510
  0.19233889   0.01981430
  0.19234039   0.01983350
  0.19234179   0.01985270
  0.19234329   0.01987190
  0.19234469   0.01989110
  0.19234609   0.01991030
  0.19234759   0.01992950
  0.19234899   0.01994860
  0.19235049   0.01996780
  0.19235189   0.01998700
  0.19235329   0.02000620
  0.19235479   0.02002540
  0.19235619   0.02004460
  0.19235769   0.02006380
  0.19235909   0.02008300
  0.19236049   0.02010220
  0.19236199   0.02012140
  0.19236339   0.02014060
  0.19236489   0.02015970
  0.19236629   0.02017890
  0.19236779   0.02019810
  0.19236919   0.02021730
  0.19237059   0.02023650
  0.19237209   0.02025570
  0.19237349   0.02027490
  0.19237499   0.02029410
  0.19237639   0.02031330
  0.19237779   0.02033250
  0.19237929   0.02035170
  0.19238069   0.02037080
  0.19238219   0.02039000
  0.19238359   0.02040920
  0.19238499   0.02042840
  0.19238649   0.02044760
  0.19238789   0.02046680
  0.19238939   0.02048600
  0.19239079   0.02050520
  0.19239229   0.02052440
  0.19239369   0.02054360
  0.19239509   0.02056280
  0.19239659   0.02058190
  0.19239799   0.02060110
  0.19239949   0.02062030
  0.19240089   0.02063950
  0.19240229   0.02065870
  0.19240379   0.02067790
  0.19240519   0.02069710
  0.19240669   0.02071630
  0.19240809   0.02073550
  0.19240949   0.02075470
  0.19241099   0.02077390
  0.19241239   0.02079300
  0.19241389   0.02081220
  0.19241529   0.02083140
  0.19241679   0.02085060
  0.19241819   0.02086980
  0.19241959   0.02088900
  0.19242109   0.02090820
  0.19242249   0.02092740
  0.19242399   0.02094660
  0.19242539   0.02096580
  0.19242679   0.02098500
  0.19242829   0.02100410
  0.19242969   0.02102330
  0.19243119   0.02104250
  0.19243259   0.02106170
  0.19243399   0.02108090
  0.19243549   0.02110010
  0.19243689   0.02111930
  0.19243839   0.02113850
  0.19243979   0.02115770
  0.19244129   0.02117690
  0.19244269   0.02119610
  0.19244409   0.02121520
  0.19244559   0.02123440
  0.19244699   0.02125360
  0.19244849   0.02127280
  0.19244989   0.02129200
  0.19245129   0.02131120
  0.19245279   0.02133040
  0.19245419   0.02134960
  0.19245569   0.02136880
  0.19245709   0.02138800
  0.19245849   0.02140720
  0.19245999   0.02142630
  0.19246139   0.02144550
  0.19246289   0.02146470
  0.19246429   0.02148390
  0.19246569   0.02150310
  0.19246719   0.02152230
  0.19246859   0.02154150
  0.19247009   0.02156070
  0.19247149   0.02157990
  0.19247299   0.02159910
  0.19247439   0.02161830
  0.19247579   0.02163740
  0.19247729   0.02165660
  0.19247869   0.02167580
  0.19248019   0.02169500
  0.19248159   0.02171420
  0.19248299   0.02173340
  0.19248449   0.02175260
  0.19248589   0.02177180
  0.19248739   0.02179100
  0.19248879   0.02181020
  0.19249019   0.02182940
  0.19249169   0.02184850
  0.19249309   0.02186770
  0.19249459   0.02188690
  0.19249599   0.02190610
  0.19249749   0.02192530
  0.19249889   0.02194450
  0.19250029   0.02196370
  0.19250179   0.02198290
  0.19250319   0.02200210
  0.19250469   0.02202130
  0.19250609   0.02204050
  0.19250749   0.02205960
  0.19250899   0.02207880
  0.19251039   0.02209800
  0.19251189   0.02211720
  0.19251329   0.02213640
  0.19251469   0.02215560
  0.19251619   0.02217480
  0.19251759   0.02219400
  0.19251909   0.02221320
  0.19252049   0.02223240
  0.19252199   0.02225160
  0.19252339   0.02227070
  0.19252479   0.02228990
  0.19252629   0.02230910
  0.19252769   0.02232830
  0.19252919   0.02234750
  0.19253059   0.02236670
  0.19253199   0.02238590
  0.19253349   0.02240510
  0.19253489   0.02242430
  0.19253639   0.02244350
  0.19253779   0.02246270
  0.19253919   0.02248180
  0.19254069   0.02250100
  0.19254209   0.02252020
  0.19254359   0.02253940
  0.19254499   0.02255860
  0.19254649   0.02257780
  0.19254789   0.02259700
  0.19254929   0.02261620
  0.19255079   0.02263540
  0.19255219   0.02265460
  0.19255369   0.02267380
  0.19255509   0.02269290
  0.19255649   0.02271210
  0.19255799   0.02273130
  0.19255939   0.02275050
  0.19256089   0.02276970
  0.19256229   0.02278890
  0.19256369   0.02280810
  0.19256519   0.02282730
  0.19256659   0.02284650
  0.19256809   0.02286570
  0.19256949   0.02288490
  0.19257099   0.02290400
  0.19257239   0.02292320
  0.19257379   0.02294240
  0.19257529   0.02296160
  0.19257669   0.02298080
  0.19257819   0.02300000
