 -0.00664873   0.02300000
 -0.00664413   0.02281520
 -0.00663953   0.02263030
 -0.00663483   0.02244550
 -0.00663023   0.02226070
 -0.00662563   0.02207590
 -0.00662103   0.02189100
 -0.00661643   0.02170620
 -0.00661183   0.02152140
 -0.00660723   0.02133660
 -0.00660253   0.02115170
 -0.00659793   0.02096690
 -0.00659333   0.02078210
 -0.00658873   0.02059720
 -0.00658413   0.02041240
 -0.00657953   0.02022760
 -0.00657493   0.02004280
 -0.00657023   0.01985790
 -0.00656563   0.01967310
 -0.00656103   0.01948830
 -0.00655643   0.01930350
 -0.00655183   0.01911860
 -0.00654723   0.01893380
 -0.00654263   0.01874900
 -0.00653793   0.01856410
 -0.00653333   0.01837930
 -0.00652873   0.01819450
 -0.00652413   0.01800970
 -0.00651953   0.01782480
 -0.00651493   0.01764000
 -0.00651023   0.01745520
 -0.00650563   0.01727040
 -0.00650103   0.01708550
 -0.00649643   0.01690070
 -0.00649183   0.01671590
 -0.00648723   0.01653100
 -0.00648263   0.01634620
 -0.00647793   0.01616140
 -0.00647333   0.01597660
 -0.00646873   0.01579170
 -0.00646413   0.01560690
 -0.00645953   0.01542210
 -0.00645493   0.01523730
 -0.00644953   0.01505240
 -0.00644173   0.01486770
 -0.00643123   0.01468310
 -0.00641803   0.01449870
 -0.00640233   0.01431450
 -0.00638393   0.01413060
 -0.00636293   0.01394690
 -0.00633933   0.01376350
 -0.00631313   0.01358050
 -0.00628433   0.01339780
 -0.00625293   0.01321560
 -0.00621903   0.01303390
 -0.00618243   0.01285270
 -0.00614333   0.01267200
 -0.00610153   0.01249190
 -0.00605733   0.01231240
 -0.00601053   0.01213350
 -0.00596113   0.01195530
 -0.00590933   0.01177790
 -0.00585493   0.01160120
 -0.00579803   0.01142530
 -0.00573863   0.01125020
 -0.00567673   0.01107600
 -0.00561233   0.01090260
 -0.00554553   0.01073020
 -0.00547633   0.01055880
 -0.00540463   0.01038840
 -0.00533053   0.01021900
 -0.00525403   0.01005070
 -0.00517513   0.00988350
 -0.00509383   0.00971740
 -0.00501023   0.00955250
 -0.00492433   0.00938890
 -0.00483603   0.00922640
 -0.00474543   0.00906520
 -0.00465263   0.00890530
 -0.00455743   0.00874680
 -0.00446013   0.00858960
 -0.00436053   0.00843390
 -0.00425873   0.00827950
 -0.00415473   0.00812670
 -0.00404863   0.00797530
 -0.00394033   0.00782540
 -0.00382993   0.00767710
 -0.00371743   0.00753040
 -0.00360283   0.00738530
 -0.00348623   0.00724190
 -0.00336753   0.00710010
 -0.00324693   0.00696000
 -0.00312423   0.00682160
 -0.00299963   0.00668510
 -0.00287313   0.00655020
 -0.00274473   0.00641730
 -0.00261433   0.00628610
 -0.00248223   0.00615680
 -0.00234823   0.00602940
 -0.00221243   0.00590390
 -0.00207493   0.00578040
 -0.00193563   0.00565880
 -0.00179453   0.00553930
 -0.00165183   0.00542170
 -0.00150753   0.00530620
 -0.00136153   0.00519280
 -0.00121393   0.00508140
 -0.00106483   0.00497220
 -0.00091413   0.00486500
 -0.00076193   0.00476010
 -0.00060823   0.00465730
 -0.00045313   0.00455670
 -0.00029653   0.00445830
 -0.00013863   0.00436220
  0.00002067   0.00426830
  0.00018117   0.00417670
  0.00034307   0.00408740
  0.00050627   0.00400040
  0.00067057   0.00391570
  0.00083607   0.00383340
  0.00100277   0.00375340
  0.00117067   0.00367580
  0.00133957   0.00360060
  0.00150947   0.00352780
  0.00168047   0.00345750
  0.00185237   0.00338950
  0.00202527   0.00332410
  0.00219917   0.00326110
  0.00237387   0.00320050
  0.00254937   0.00314250
  0.00272567   0.00308700
  0.00290287   0.00303400
  0.00308067   0.00298350
  0.00325927   0.00293550
  0.00343827   0.00288920
  0.00361737   0.00284340
  0.00379657   0.00279800
  0.00397587   0.00275290
  0.00415527   0.00270830
  0.00433487   0.00266410
  0.00451447   0.00262040
  0.00469417   0.00257700
  0.00487397   0.00253410
  0.00505397   0.00249150
  0.00523397   0.00244940
  0.00541407   0.00240770
  0.00559427   0.00236640
  0.00577457   0.00232560
  0.00595507   0.00228510
  0.00613557   0.00224510
  0.00631607   0.00220550
  0.00649677   0.00216630
  0.00667757   0.00212750
  0.00685847   0.00208920
  0.00703937   0.00205120
  0.00722037   0.00201370
  0.00740157   0.00197660
  0.00758277   0.00193990
  0.00776407   0.00190360
  0.00794537   0.00186780
  0.00812687   0.00183240
  0.00830837   0.00179740
  0.00849007   0.00176280
  0.00867177   0.00172860
  0.00885347   0.00169480
  0.00903537   0.00166150
  0.00921727   0.00162860
  0.00939927   0.00159610
  0.00958137   0.00156400
  0.00976357   0.00153240
  0.00994577   0.00150120
  0.01012807   0.00147040
  0.01031047   0.00144000
  0.01049287   0.00141000
  0.01067537   0.00138050
  0.01085797   0.00135140
  0.01104067   0.00132270
  0.01122337   0.00129440
  0.01140607   0.00126650
  0.01158897   0.00123910
  0.01177187   0.00121210
  0.01195477   0.00118550
  0.01213787   0.00115940
  0.01232097   0.00113360
  0.01250407   0.00110830
  0.01268727   0.00108340
  0.01287057   0.00105900
  0.01305387   0.00103490
  0.01323717   0.00101130
  0.01342067   0.00098810
  0.01360407   0.00096530
  0.01378767   0.00094300
  0.01397117   0.00092100
  0.01415487   0.00089950
  0.01433857   0.00087850
  0.01452227   0.00085780
  0.01470607   0.00083760
  0.01488987   0.00081780
  0.01507377   0.00079840
  0.01525767   0.00077950
  0.01544157   0.00076090
  0.01562557   0.00074280
  0.01580957   0.00072520
  0.01599367   0.00070790
  0.01617777   0.00069110
  0.01636197   0.00067470
  0.01654617   0.00065870
  0.01673037   0.00064320
  0.01691467   0.00062800
  0.01709897   0.00061330
  0.01728327   0.00059910
  0.01746767   0.00058520
  0.01765207   0.00057180
  0.01783647   0.00055880
  0.01802097   0.00054620
  0.01820547   0.00053410
  0.01838997   0.00052240
  0.01857447   0.00051110
  0.01875907   0.00050030
  0.01894367   0.00048970
  0.01912817   0.00047920
  0.01931277   0.00046880
  0.01949737   0.00045860
  0.01968197   0.00044840
  0.01986667   0.00043840
  0.02005127   0.00042840
  0.02023587   0.00041860
  0.02042047   0.00040890
  0.02060517   0.00039930
  0.02078977   0.00038980
  0.02097447   0.00038050
  0.02115907   0.00037120
  0.02134377   0.00036210
  0.02152837   0.00035300
  0.02171307   0.00034410
  0.02189777   0.00033530
  0.02208247   0.00032670
  0.02226707   0.00031810
  0.02245177   0.00030960
  0.02263647   0.00030130
  0.02282117   0.00029310
  0.02300587   0.00028500
  0.02319067   0.00027700
  0.02337537   0.00026910
  0.02356007   0.00026130
  0.02374477   0.00025360
  0.02392947   0.00024610
  0.02411427   0.00023870
  0.02429897   0.00023130
  0.02448377   0.00022410
  0.02466847   0.00021710
  0.02485327   0.00021010
  0.02503797   0.00020320
  0.02522277   0.00019650
  0.02540757   0.00018980
  0.02559227   0.00018330
  0.02577707   0.00017690
  0.02596187   0.00017060
  0.02614667   0.00016440
  0.02633137   0.00015840
  0.02651617   0.00015240
  0.02670097   0.00014660
  0.02688577   0.00014090
  0.02707057   0.00013530
  0.02725537   0.00012980
  0.02744017   0.00012440
  0.02762497   0.00011910
  0.02780987   0.00011400
  0.02799467   0.00010890
  0.02817947   0.00010400
  0.02836427   0.00009920
  0.02854907   0.00009450
  0.02873397   0.00008990
  0.02891877   0.00008540
  0.02910357   0.00008110
  0.02928847   0.00007680
  0.02947327   0.00007270
  0.02965807   0.00006870
  0.02984297   0.00006480
  0.03002777   0.00006100
  0.03021267   0.00005740
  0.03039747   0.00005380
  0.03058237   0.00005030
  0.03076717   0.00004700
  0.03095207   0.00004380
  0.03113697   0.00004070
  0.03132177   0.00003770
  0.03150667   0.00003480
  0.03169147   0.00003210
  0.03187637   0.00002940
  0.03206127   0.00002690
  0.03224607   0.00002450
  0.03243097   0.00002220
  0.03261587   0.00002000
  0.03280077   0.00001790
  0.03298557   0.00001590
  0.03317047   0.00001410
  0.03335537   0.00001240
  0.03354027   0.00001070
  0.03372507   0.00000920
  0.03390997   0.00000780
  0.03409487   0.00000660
  0.03427977   0.00000540
  0.03446467   0.00000430
  0.03464947   0.00000340
  0.03483437   0.00000260
  0.03501927   0.00000190
  0.03520417   0.00000130
  0.03538907   0.00000080
  0.03557397   0.00000040
  0.03575887   0.00000020
  0.03594367  -0.00000000
  0.03612857  -0.00000000
  0.03631347   0.00000010
  0.03649837   0.00000030
  0.03668327   0.00000060
  0.03686817   0.00000100
  0.03705297   0.00000160
  0.03723787   0.00000220
  0.03742277   0.00000300
  0.03760767   0.00000390
  0.03779257   0.00000490
  0.03797747   0.00000600
  0.03816227   0.00000720
  0.03834717   0.00000860
  0.03853207   0.00001000
  0.03871697   0.00001190
  0.03890177   0.00001420
  0.03908667   0.00001700
  0.03927157   0.00002020
  0.03945637   0.00002380
  0.03964127   0.00002780
  0.03982607   0.00003230
  0.04001087   0.00003720
  0.04019567   0.00004250
  0.04038047   0.00004830
  0.04056527   0.00005440
  0.04075007   0.00006100
  0.04093477   0.00006810
  0.04111947   0.00007550
  0.04130427   0.00008340
  0.04148897   0.00009170
  0.04167357   0.00010050
  0.04185827   0.00010960
  0.04204287   0.00011920
  0.04222747   0.00012920
  0.04241207   0.00013970
  0.04259667   0.00015060
  0.04278117   0.00016190
  0.04296567   0.00017360
  0.04315017   0.00018570
  0.04333467   0.00019830
  0.04351907   0.00021130
  0.04370347   0.00022470
  0.04388787   0.00023860
  0.04407217   0.00025290
  0.04425647   0.00026760
  0.04444077   0.00028270
  0.04462497   0.00029830
  0.04480917   0.00031430
  0.04499337   0.00033070
  0.04517747   0.00034750
  0.04536147   0.00036480
  0.04554557   0.00038250
  0.04572957   0.00040060
  0.04591347   0.00041910
  0.04609737   0.00043810
  0.04628127   0.00045750
  0.04646507   0.00047730
  0.04664887   0.00049750
  0.04683257   0.00051820
  0.04701627   0.00053930
  0.04719987   0.00056080
  0.04738347   0.00058270
  0.04756697   0.00060510
  0.04775047   0.00062790
  0.04793387   0.00065110
  0.04811727   0.00067470
  0.04830057   0.00069880
  0.04848387   0.00072320
  0.04866707   0.00074810
  0.04885017   0.00077350
  0.04903327   0.00079920
  0.04921627   0.00082540
  0.04939927   0.00085200
  0.04958217   0.00087900
  0.04976497   0.00090640
  0.04994777   0.00093430
  0.05013047   0.00096260
  0.05031307   0.00099130
  0.05049567   0.00102040
  0.05067817   0.00105000
  0.05086067   0.00108000
  0.05104297   0.00111040
  0.05122527   0.00114120
  0.05140757   0.00117240
  0.05158967   0.00120410
  0.05177177   0.00123610
  0.05195377   0.00126860
  0.05213567   0.00130160
  0.05231757   0.00133490
  0.05249937   0.00136870
  0.05268107   0.00140290
  0.05286267   0.00143750
  0.05304417   0.00147250
  0.05322567   0.00150790
  0.05340697   0.00154380
  0.05358827   0.00158000
  0.05376947   0.00161670
  0.05395067   0.00165390
  0.05413157   0.00169200
  0.05431187   0.00173270
  0.05449167   0.00177590
  0.05467077   0.00182170
  0.05484927   0.00187000
  0.05502697   0.00192090
  0.05520397   0.00197430
  0.05538027   0.00203010
  0.05555567   0.00208850
  0.05573027   0.00214940
  0.05590387   0.00221280
  0.05607667   0.00227860
  0.05624847   0.00234690
  0.05641937   0.00241760
  0.05658917   0.00249070
  0.05675787   0.00256620
  0.05692557   0.00264420
  0.05709207   0.00272450
  0.05725747   0.00280710
  0.05742167   0.00289220
  0.05758457   0.00297950
  0.05774627   0.00306910
  0.05790667   0.00316110
  0.05806577   0.00325530
  0.05822347   0.00335170
  0.05837987   0.00345040
  0.05853477   0.00355130
  0.05868817   0.00365440
  0.05884017   0.00375970
  0.05899067   0.00386710
  0.05913957   0.00397670
  0.05928697   0.00408830
  0.05943267   0.00420210
  0.05957687   0.00431790
  0.05971927   0.00443570
  0.05986007   0.00455560
  0.05999907   0.00467740
  0.06013637   0.00480120
  0.06027197   0.00492700
  0.06040567   0.00505470
  0.06053757   0.00518420
  0.06066757   0.00531560
  0.06079577   0.00544890
  0.06092207   0.00558390
  0.06104637   0.00572080
  0.06116867   0.00585940
  0.06128907   0.00599970
  0.06140747   0.00614170
  0.06152377   0.00628540
  0.06163807   0.00643080
  0.06175027   0.00657770
  0.06186037   0.00672620
  0.06196837   0.00687630
  0.06207417   0.00702790
  0.06217787   0.00718100
  0.06227937   0.00733550
  0.06237867   0.00749150
  0.06247567   0.00764890
  0.06257047   0.00780760
  0.06266297   0.00796770
  0.06275327   0.00812900
  0.06284117   0.00829160
  0.06292677   0.00845550
  0.06301007   0.00862060
  0.06309097   0.00878680
  0.06316957   0.00895420
  0.06324567   0.00912260
  0.06331947   0.00929220
  0.06339077   0.00946270
  0.06345967   0.00963430
  0.06352617   0.00980680
  0.06359017   0.00998030
  0.06365167   0.01015460
  0.06371077   0.01032980
  0.06376727   0.01050580
  0.06382137   0.01068270
  0.06387287   0.01086020
  0.06392187   0.01103850
  0.06396827   0.01121750
  0.06401217   0.01139700
  0.06405347   0.01157730
  0.06409227   0.01175800
  0.06412847   0.01193930
  0.06416207   0.01212110
  0.06419307   0.01230340
  0.06422157   0.01248610
  0.06424737   0.01266910
  0.06427057   0.01285260
  0.06429117   0.01303630
  0.06430917   0.01322030
  0.06432457   0.01340450
  0.06432597   0.01342370
  0.06432747   0.01344290
  0.06432887   0.01346210
  0.06433037   0.01348130
  0.06433177   0.01350050
  0.06433317   0.01351970
  0.06433467   0.01353890
  0.06433607   0.01355810
  0.06433757   0.01357730
  0.06433897   0.01359650
  0.06434037   0.01361560
  0.06434187   0.01363480
  0.06434327   0.01365400
  0.06434477   0.01367320
  0.06434617   0.01369240
  0.06434767   0.01371160
  0.06434907   0.01373080
  0.06435047   0.01375000
  0.06435197   0.01376920
  0.06435337   0.01378840
  0.06435487   0.01380760
  0.06435627   0.01382670
  0.06435767   0.01384590
  0.06435917   0.01386510
  0.06436057   0.01388430
  0.06436207   0.01390350
  0.06436347   0.01392270
  0.06436487   0.01394190
  0.06436637   0.01396110
  0.06436777   0.01398030
  0.06436927   0.01399950
  0.06437067   0.01401870
  0.06437217   0.01403780
  0.06437357   0.01405700
  0.06437497   0.01407620
  0.06437647   0.01409540
  0.06437787   0.01411460
  0.06437937   0.01413380
  0.06438077   0.01415300
  0.06438217   0.01417220
  0.06438367   0.01419140
  0.06438507   0.01421060
  0.06438657   0.01422980
  0.06438797   0.01424890
  0.06438937   0.01426810
  0.06439087   0.01428730
  0.06439227   0.01430650
  0.06439377   0.01432570
  0.06439517   0.01434490
  0.06439667   0.01436410
  0.06439807   0.01438330
  0.06439947   0.01440250
  0.06440097   0.01442170
  0.06440237   0.01444090
  0.06440387   0.01446000
  0.06440527   0.01447920
  0.06440667   0.01449840
  0.06440817   0.01451760
  0.06440957   0.01453680
  0.06441107   0.01455600
  0.06441247   0.01457520
  0.06441387   0.01459440
  0.06441537   0.01461360
  0.06441677   0.01463280
  0.06441827   0.01465200
  0.06441967   0.01467110
  0.06442117   0.01469030
  0.06442257   0.01470950
  0.06442397   0.01472870
  0.06442547   0.01474790
  0.06442687   0.01476710
  0.06442837   0.01478630
  0.06442977   0.01480550
  0.06443117   0.01482470
  0.06443267   0.01484390
  0.06443407   0.01486310
  0.06443557   0.01488220
  0.06443697   0.01490140
  0.06443837   0.01492060
  0.06443987   0.01493980
  0.06444127   0.01495900
  0.06444277   0.01497820
  0.06444417   0.01499740
  0.06444567   0.01501660
  0.06444707   0.01503580
  0.06444847   0.01505500
  0.06444997   0.01507420
  0.06445137   0.01509330
  0.06445287   0.01511250
  0.06445427   0.01513170
  0.06445567   0.01515090
  0.06445717   0.01517010
  0.06445857   0.01518930
  0.06446007   0.01520850
  0.06446147   0.01522770
  0.06446287   0.01524690
  0.06446437   0.01526610
  0.06446577   0.01528530
  0.06446727   0.01530440
  0.06446867   0.01532360
  0.06447017   0.01534280
  0.06447157   0.01536200
  0.06447297   0.01538120
  0.06447447   0.01540040
  0.06447587   0.01541960
  0.06447737   0.01543880
  0.06447877   0.01545800
  0.06448017   0.01547720
  0.06448167   0.01549640
  0.06448307   0.01551550
  0.06448457   0.01553470
  0.06448597   0.01555390
  0.06448737   0.01557310
  0.06448887   0.01559230
  0.06449027   0.01561150
  0.06449177   0.01563070
  0.06449317   0.01564990
  0.06449457   0.01566910
  0.06449607   0.01568830
  0.06449747   0.01570750
  0.06449897   0.01572660
  0.06450037   0.01574580
  0.06450187   0.01576500
  0.06450327   0.01578420
  0.06450467   0.01580340
  0.06450617   0.01582260
  0.06450757   0.01584180
  0.06450907   0.01586100
  0.06451047   0.01588020
  0.06451187   0.01589940
  0.06451337   0.01591860
  0.06451477   0.01593770
  0.06451627   0.01595690
  0.06451767   0.01597610
  0.06451907   0.01599530
  0.06452057   0.01601450
  0.06452197   0.01603370
  0.06452347   0.01605290
  0.06452487   0.01607210
  0.06452637   0.01609130
  0.06452777   0.01611050
  0.06452917   0.01612970
  0.06453067   0.01614880
  0.06453207   0.01616800
  0.06453357   0.01618720
  0.06453497   0.01620640
  0.06453637   0.01622560
  0.06453787   0.01624480
  0.06453927   0.01626400
  0.06454077   0.01628320
  0.06454217   0.01630240
  0.06454357   0.01632160
  0.06454507   0.01634080
  0.06454647   0.01635990
  0.06454797   0.01637910
  0.06454937   0.01639830
  0.06455087   0.01641750
  0.06455227   0.01643670
  0.06455367   0.01645590
  0.06455517   0.01647510
  0.06455657   0.01649430
  0.06455807   0.01651350
  0.06455947   0.01653270
  0.06456087   0.01655190
  0.06456237   0.01657100
  0.06456377   0.01659020
  0.06456527   0.01660940
  0.06456667   0.01662860
  0.06456807   0.01664780
  0.06456957   0.01666700
  0.06457097   0.01668620
  0.06457247   0.01670540
  0.06457387   0.01672460
  0.06457537   0.01674380
  0.06457677   0.01676300
  0.06457817   0.01678210
  0.06457967   0.01680130
  0.06458107   0.01682050
  0.06458257   0.01683970
  0.06458397   0.01685890
  0.06458537   0.01687810
  0.06458687   0.01689730
  0.06458827   0.01691650
  0.06458977   0.01693570
  0.06459117   0.01695490
  0.06459257   0.01697410
  0.06459407   0.01699320
  0.06459547   0.01701240
  0.06459697   0.01703160
  0.06459837   0.01705080
  0.06459987   0.01707000
  0.06460127   0.01708920
  0.06460267   0.01710840
  0.06460417   0.01712760
  0.06460557   0.01714680
  0.06460707   0.01716600
  0.06460847   0.01718520
  0.06460987   0.01720430
  0.06461137   0.01722350
  0.06461277   0.01724270
  0.06461427   0.01726190
  0.06461567   0.01728110
  0.06461707   0.01730030
  0.06461857   0.01731950
  0.06461997   0.01733870
  0.06462147   0.01735790
  0.06462287   0.01737710
  0.06462437   0.01739630
  0.06462577   0.01741540
  0.06462717   0.01743460
  0.06462867   0.01745380
  0.06463007   0.01747300
  0.06463157   0.01749220
  0.06463297   0.01751140
  0.06463437   0.01753060
  0.06463587   0.01754980
  0.06463727   0.01756900
  0.06463877   0.01758820
  0.06464017   0.01760740
  0.06464157   0.01762650
  0.06464307   0.01764570
  0.06464447   0.01766490
  0.06464597   0.01768410
  0.06464737   0.01770330
  0.06464877   0.01772250
  0.06465027   0.01774170
  0.06465167   0.01776090
  0.06465317   0.01778010
  0.06465457   0.01779930
  0.06465607   0.01781850
  0.06465747   0.01783760
  0.06465887   0.01785680
  0.06466037   0.01787600
  0.06466177   0.01789520
  0.06466327   0.01791440
  0.06466467   0.01793360
  0.06466607   0.01795280
  0.06466757   0.01797200
  0.06466897   0.01799120
  0.06467047   0.01801040
  0.06467187   0.01802960
  0.06467327   0.01804870
  0.06467477   0.01806790
  0.06467617   0.01808710
  0.06467767   0.01810630
  0.06467907   0.01812550
  0.06468057   0.01814470
  0.06468197   0.01816390
  0.06468337   0.01818310
  0.06468487   0.01820230
  0.06468627   0.01822150
  0.06468777   0.01824070
  0.06468917   0.01825980
  0.06469057   0.01827900
  0.06469207   0.01829820
  0.06469347   0.01831740
  0.06469497   0.01833660
  0.06469637   0.01835580
  0.06469777   0.01837500
  0.06469927   0.01839420
  0.06470067   0.01841340
  0.06470217   0.01843260
  0.06470357   0.01845180
  0.06470507   0.01847090
  0.06470647   0.01849010
  0.06470787   0.01850930
  0.06470937   0.01852850
  0.06471077   0.01854770
  0.06471227   0.01856690
  0.06471367   0.01858610
  0.06471507   0.01860530
  0.06471657   0.01862450
  0.06471797   0.01864370
  0.06471947   0.01866290
  0.06472087   0.01868200
  0.06472227   0.01870120
  0.06472377   0.01872040
  0.06472517   0.01873960
  0.06472667   0.01875880
  0.06472807   0.01877800
  0.06472957   0.01879720
  0.06473097   0.01881640
  0.06473237   0.01883560
  0.06473387   0.01885480
  0.06473527   0.01887400
  0.06473677   0.01889310
  0.06473817   0.01891230
  0.06473957   0.01893150
  0.06474107   0.01895070
  0.06474247   0.01896990
  0.06474397   0.01898910
  0.06474537   0.01900830
  0.06474677   0.01902750
  0.06474827   0.01904670
  0.06474967   0.01906590
  0.06475117   0.01908510
  0.06475257   0.01910420
  0.06475407   0.01912340
  0.06475547   0.01914260
  0.06475687   0.01916180
  0.06475837   0.01918100
  0.06475977   0.01920020
  0.06476127   0.01921940
  0.06476267   0.01923860
  0.06476407   0.01925780
  0.06476557   0.01927700
  0.06476697   0.01929620
  0.06476847   0.01931530
  0.06476987   0.01933450
  0.06477127   0.01935370
  0.06477277   0.01937290
  0.06477417   0.01939210
  0.06477567   0.01941130
  0.06477707   0.01943050
  0.06477847   0.01944970
  0.06477997   0.01946890
  0.06478137   0.01948810
  0.06478287   0.01950730
  0.06478427   0.01952640
  0.06478577   0.01954560
  0.06478717   0.01956480
  0.06478857   0.01958400
  0.06479007   0.01960320
  0.06479147   0.01962240
  0.06479297   0.01964160
  0.06479437   0.01966080
  0.06479577   0.01968000
  0.06479727   0.01969920
  0.06479867   0.01971840
  0.06480017   0.01973750
  0.06480157   0.01975670
  0.06480297   0.01977590
  0.06480447   0.01979510
  0.06480587   0.01981430
  0.06480737   0.01983350
  0.06480877   0.01985270
  0.06481027   0.01987190
  0.06481167   0.01989110
  0.06481307   0.01991030
  0.06481457   0.01992950
  0.06481597   0.01994860
  0.06481747   0.01996780
  0.06481887   0.01998700
  0.06482027   0.02000620
  0.06482177   0.02002540
  0.06482317   0.02004460
  0.06482467   0.02006380
  0.06482607   0.02008300
  0.06482747   0.02010220
  0.06482897   0.02012140
  0.06483037   0.02014060
  0.06483187   0.02015970
  0.06483327   0.02017890
  0.06483477   0.02019810
  0.06483617   0.02021730
  0.06483757   0.02023650
  0.06483907   0.02025570
  0.06484047   0.02027490
  0.06484197   0.02029410
  0.06484337   0.02031330
  0.06484477   0.02033250
  0.06484627   0.02035170
  0.06484767   0.02037080
  0.06484917   0.02039000
  0.06485057   0.02040920
  0.06485197   0.02042840
  0.06485347   0.02044760
  0.06485487   0.02046680
  0.06485637   0.02048600
  0.06485777   0.02050520
  0.06485927   0.02052440
  0.06486067   0.02054360
  0.06486207   0.02056280
  0.06486357   0.02058190
  0.06486497   0.02060110
  0.06486647   0.02062030
  0.06486787   0.02063950
  0.06486927   0.02065870
  0.06487077   0.02067790
  0.06487217   0.02069710
  0.06487367   0.02071630
  0.06487507   0.02073550
  0.06487647   0.02075470
  0.06487797   0.02077390
  0.06487937   0.02079300
  0.06488087   0.02081220
  0.06488227   0.02083140
  0.06488377   0.02085060
  0.06488517   0.02086980
  0.06488657   0.02088900
  0.06488807   0.02090820
  0.06488947   0.02092740
  0.06489097   0.02094660
  0.06489237   0.02096580
  0.06489377   0.02098500
  0.06489527   0.02100410
  0.06489667   0.02102330
  0.06489817   0.02104250
  0.06489957   0.02106170
  0.06490097   0.02108090
  0.06490247   0.02110010
  0.06490387   0.02111930
  0.06490537   0.02113850
  0.06490677   0.02115770
  0.06490827   0.02117690
  0.06490967   0.02119610
  0.06491107   0.02121520
  0.06491257   0.02123440
  0.06491397   0.02125360
  0.06491547   0.02127280
  0.06491687   0.02129200
  0.06491827   0.02131120
  0.06491977   0.02133040
  0.06492117   0.02134960
  0.06492267   0.02136880
  0.06492407   0.02138800
  0.06492547   0.02140720
  0.06492697   0.02142630
  0.06492837   0.02144550
  0.06492987   0.02146470
  0.06493127   0.02148390
  0.06493267   0.02150310
  0.06493417   0.02152230
  0.06493557   0.02154150
  0.06493707   0.02156070
  0.06493847   0.02157990
  0.06493997   0.02159910
  0.06494137   0.02161830
  0.06494277   0.02163740
  0.06494427   0.02165660
  0.06494567   0.02167580
  0.06494717   0.02169500
  0.06494857   0.02171420
  0.06494997   0.02173340
  0.06495147   0.02175260
  0.06495287   0.02177180
  0.06495437   0.02179100
  0.06495577   0.02181020
  0.06495717   0.02182940
  0.06495867   0.02184850
  0.06496007   0.02186770
  0.06496157   0.02188690
  0.06496297   0.02190610
  0.06496447   0.02192530
  0.06496587   0.02194450
  0.06496727   0.02196370
  0.06496877   0.02198290
  0.06497017   0.02200210
  0.06497167   0.02202130
  0.06497307   0.02204050
  0.06497447   0.02205960
  0.06497597   0.02207880
  0.06497737   0.02209800
  0.06497887   0.02211720
  0.06498027   0.02213640
  0.06498167   0.02215560
  0.06498317   0.02217480
  0.06498457   0.02219400
  0.06498607   0.02221320
  0.06498747   0.02223240
  0.06498897   0.02225160
  0.06499037   0.02227070
  0.06499177   0.02228990
  0.06499327   0.02230910
  0.06499467   0.02232830
  0.06499617   0.02234750
  0.06499757   0.02236670
  0.06499897   0.02238590
  0.06500047   0.02240510
  0.06500187   0.02242430
  0.06500337   0.02244350
  0.06500477   0.02246270
  0.06500617   0.02248180
  0.06500767   0.02250100
  0.06500907   0.02252020
  0.06501057   0.02253940
  0.06501197   0.02255860
  0.06501347   0.02257780
  0.06501487   0.02259700
  0.06501627   0.02261620
  0.06501777   0.02263540
  0.06501917   0.02265460
  0.06502067   0.02267380
  0.06502207   0.02269290
  0.06502347   0.02271210
  0.06502497   0.02273130
  0.06502637   0.02275050
  0.06502787   0.02276970
  0.06502927   0.02278890
  0.06503067   0.02280810
  0.06503217   0.02282730
  0.06503357   0.02284650
  0.06503507   0.02286570
  0.06503647   0.02288490
  0.06503797   0.02290400
  0.06503937   0.02292320
  0.06504077   0.02294240
  0.06504227   0.02296160
  0.06504367   0.02298080
  0.06504517   0.02300000
