 -0.02387239   0.02300000
 -0.02386779   0.02281520
 -0.02386319   0.02263030
 -0.02385849   0.02244550
 -0.02385389   0.02226070
 -0.02384929   0.02207590
 -0.02384469   0.02189100
 -0.02384009   0.02170620
 -0.02383549   0.02152140
 -0.02383089   0.02133660
 -0.02382619   0.02115170
 -0.02382159   0.02096690
 -0.02381699   0.02078210
 -0.02381239   0.02059720
 -0.02380779   0.02041240
 -0.02380319   0.02022760
 -0.02379859   0.02004280
 -0.02379389   0.01985790
 -0.02378929   0.01967310
 -0.02378469   0.01948830
 -0.02378009   0.01930350
 -0.02377549   0.01911860
 -0.02377089   0.01893380
 -0.02376629   0.01874900
 -0.02376159   0.01856410
 -0.02375699   0.01837930
 -0.02375239   0.01819450
 -0.02374779   0.01800970
 -0.02374319   0.01782480
 -0.02373859   0.01764000
 -0.02373389   0.01745520
 -0.02372929   0.01727040
 -0.02372469   0.01708550
 -0.02372009   0.01690070
 -0.02371549   0.01671590
 -0.02371089   0.01653100
 -0.02370629   0.01634620
 -0.02370159   0.01616140
 -0.02369699   0.01597660
 -0.02369239   0.01579170
 -0.02368779   0.01560690
 -0.02368319   0.01542210
 -0.02367859   0.01523730
 -0.02367319   0.01505240
 -0.02366539   0.01486770
 -0.02365489   0.01468310
 -0.02364169   0.01449870
 -0.02362599   0.01431450
 -0.02360759   0.01413060
 -0.02358659   0.01394690
 -0.02356299   0.01376350
 -0.02353679   0.01358050
 -0.02350799   0.01339780
 -0.02347659   0.01321560
 -0.02344269   0.01303390
 -0.02340609   0.01285270
 -0.02336699   0.01267200
 -0.02332519   0.01249190
 -0.02328099   0.01231240
 -0.02323419   0.01213350
 -0.02318479   0.01195530
 -0.02313299   0.01177790
 -0.02307859   0.01160120
 -0.02302169   0.01142530
 -0.02296229   0.01125020
 -0.02290039   0.01107600
 -0.02283599   0.01090260
 -0.02276919   0.01073020
 -0.02269999   0.01055880
 -0.02262829   0.01038840
 -0.02255419   0.01021900
 -0.02247769   0.01005070
 -0.02239879   0.00988350
 -0.02231749   0.00971740
 -0.02223389   0.00955250
 -0.02214799   0.00938890
 -0.02205969   0.00922640
 -0.02196909   0.00906520
 -0.02187629   0.00890530
 -0.02178109   0.00874680
 -0.02168379   0.00858960
 -0.02158419   0.00843390
 -0.02148239   0.00827950
 -0.02137839   0.00812670
 -0.02127229   0.00797530
 -0.02116399   0.00782540
 -0.02105359   0.00767710
 -0.02094109   0.00753040
 -0.02082649   0.00738530
 -0.02070989   0.00724190
 -0.02059119   0.00710010
 -0.02047059   0.00696000
 -0.02034789   0.00682160
 -0.02022329   0.00668510
 -0.02009679   0.00655020
 -0.01996839   0.00641730
 -0.01983799   0.00628610
 -0.01970589   0.00615680
 -0.01957189   0.00602940
 -0.01943609   0.00590390
 -0.01929859   0.00578040
 -0.01915929   0.00565880
 -0.01901819   0.00553930
 -0.01887549   0.00542170
 -0.01873119   0.00530620
 -0.01858519   0.00519280
 -0.01843759   0.00508140
 -0.01828849   0.00497220
 -0.01813779   0.00486500
 -0.01798559   0.00476010
 -0.01783189   0.00465730
 -0.01767679   0.00455670
 -0.01752019   0.00445830
 -0.01736229   0.00436220
 -0.01720299   0.00426830
 -0.01704249   0.00417670
 -0.01688059   0.00408740
 -0.01671739   0.00400040
 -0.01655309   0.00391570
 -0.01638759   0.00383340
 -0.01622089   0.00375340
 -0.01605299   0.00367580
 -0.01588409   0.00360060
 -0.01571419   0.00352780
 -0.01554319   0.00345750
 -0.01537129   0.00338950
 -0.01519839   0.00332410
 -0.01502449   0.00326110
 -0.01484979   0.00320050
 -0.01467429   0.00314250
 -0.01449799   0.00308700
 -0.01432079   0.00303400
 -0.01414299   0.00298350
 -0.01396439   0.00293550
 -0.01378539   0.00288920
 -0.01360629   0.00284340
 -0.01342709   0.00279800
 -0.01324779   0.00275290
 -0.01306839   0.00270830
 -0.01288879   0.00266410
 -0.01270919   0.00262040
 -0.01252949   0.00257700
 -0.01234969   0.00253410
 -0.01216969   0.00249150
 -0.01198969   0.00244940
 -0.01180959   0.00240770
 -0.01162939   0.00236640
 -0.01144909   0.00232560
 -0.01126859   0.00228510
 -0.01108809   0.00224510
 -0.01090759   0.00220550
 -0.01072689   0.00216630
 -0.01054609   0.00212750
 -0.01036519   0.00208920
 -0.01018429   0.00205120
 -0.01000329   0.00201370
 -0.00982209   0.00197660
 -0.00964089   0.00193990
 -0.00945959   0.00190360
 -0.00927829   0.00186780
 -0.00909679   0.00183240
 -0.00891529   0.00179740
 -0.00873359   0.00176280
 -0.00855189   0.00172860
 -0.00837019   0.00169480
 -0.00818829   0.00166150
 -0.00800639   0.00162860
 -0.00782439   0.00159610
 -0.00764229   0.00156400
 -0.00746009   0.00153240
 -0.00727789   0.00150120
 -0.00709559   0.00147040
 -0.00691319   0.00144000
 -0.00673079   0.00141000
 -0.00654829   0.00138050
 -0.00636569   0.00135140
 -0.00618299   0.00132270
 -0.00600029   0.00129440
 -0.00581759   0.00126650
 -0.00563469   0.00123910
 -0.00545179   0.00121210
 -0.00526889   0.00118550
 -0.00508579   0.00115940
 -0.00490269   0.00113360
 -0.00471959   0.00110830
 -0.00453639   0.00108340
 -0.00435309   0.00105900
 -0.00416979   0.00103490
 -0.00398649   0.00101130
 -0.00380299   0.00098810
 -0.00361959   0.00096530
 -0.00343599   0.00094300
 -0.00325249   0.00092100
 -0.00306879   0.00089950
 -0.00288509   0.00087850
 -0.00270139   0.00085780
 -0.00251759   0.00083760
 -0.00233379   0.00081780
 -0.00214989   0.00079840
 -0.00196599   0.00077950
 -0.00178209   0.00076090
 -0.00159809   0.00074280
 -0.00141409   0.00072520
 -0.00122999   0.00070790
 -0.00104589   0.00069110
 -0.00086169   0.00067470
 -0.00067749   0.00065870
 -0.00049329   0.00064320
 -0.00030899   0.00062800
 -0.00012469   0.00061330
  0.00005961   0.00059910
  0.00024401   0.00058520
  0.00042841   0.00057180
  0.00061281   0.00055880
  0.00079731   0.00054620
  0.00098181   0.00053410
  0.00116631   0.00052240
  0.00135081   0.00051110
  0.00153541   0.00050030
  0.00172001   0.00048970
  0.00190451   0.00047920
  0.00208911   0.00046880
  0.00227371   0.00045860
  0.00245831   0.00044840
  0.00264301   0.00043840
  0.00282761   0.00042840
  0.00301221   0.00041860
  0.00319681   0.00040890
  0.00338151   0.00039930
  0.00356611   0.00038980
  0.00375081   0.00038050
  0.00393541   0.00037120
  0.00412011   0.00036210
  0.00430471   0.00035300
  0.00448941   0.00034410
  0.00467411   0.00033530
  0.00485881   0.00032670
  0.00504341   0.00031810
  0.00522811   0.00030960
  0.00541281   0.00030130
  0.00559751   0.00029310
  0.00578221   0.00028500
  0.00596701   0.00027700
  0.00615171   0.00026910
  0.00633641   0.00026130
  0.00652111   0.00025360
  0.00670581   0.00024610
  0.00689061   0.00023870
  0.00707531   0.00023130
  0.00726011   0.00022410
  0.00744481   0.00021710
  0.00762961   0.00021010
  0.00781431   0.00020320
  0.00799911   0.00019650
  0.00818391   0.00018980
  0.00836861   0.00018330
  0.00855341   0.00017690
  0.00873821   0.00017060
  0.00892301   0.00016440
  0.00910771   0.00015840
  0.00929251   0.00015240
  0.00947731   0.00014660
  0.00966211   0.00014090
  0.00984691   0.00013530
  0.01003171   0.00012980
  0.01021651   0.00012440
  0.01040131   0.00011910
  0.01058621   0.00011400
  0.01077101   0.00010890
  0.01095581   0.00010400
  0.01114061   0.00009920
  0.01132541   0.00009450
  0.01151031   0.00008990
  0.01169511   0.00008540
  0.01187991   0.00008110
  0.01206481   0.00007680
  0.01224961   0.00007270
  0.01243441   0.00006870
  0.01261931   0.00006480
  0.01280411   0.00006100
  0.01298901   0.00005740
  0.01317381   0.00005380
  0.01335871   0.00005030
  0.01354351   0.00004700
  0.01372841   0.00004380
  0.01391331   0.00004070
  0.01409811   0.00003770
  0.01428301   0.00003480
  0.01446781   0.00003210
  0.01465271   0.00002940
  0.01483761   0.00002690
  0.01502241   0.00002450
  0.01520731   0.00002220
  0.01539221   0.00002000
  0.01557711   0.00001790
  0.01576191   0.00001590
  0.01594681   0.00001410
  0.01613171   0.00001240
  0.01631661   0.00001070
  0.01650141   0.00000920
  0.01668631   0.00000780
  0.01687121   0.00000660
  0.01705611   0.00000540
  0.01724101   0.00000430
  0.01742581   0.00000340
  0.01761071   0.00000260
  0.01779561   0.00000190
  0.01798051   0.00000130
  0.01816541   0.00000080
  0.01835031   0.00000040
  0.01853521   0.00000020
  0.01872001  -0.00000000
  0.01890491  -0.00000000
  0.01908981   0.00000010
  0.01927471   0.00000030
  0.01945961   0.00000060
  0.01964451   0.00000100
  0.01982931   0.00000160
  0.02001421   0.00000220
  0.02019911   0.00000300
  0.02038401   0.00000390
  0.02056891   0.00000490
  0.02075381   0.00000600
  0.02093861   0.00000720
  0.02112351   0.00000860
  0.02130841   0.00001000
  0.02149331   0.00001190
  0.02167811   0.00001420
  0.02186301   0.00001700
  0.02204791   0.00002020
  0.02223271   0.00002380
  0.02241761   0.00002780
  0.02260241   0.00003230
  0.02278721   0.00003720
  0.02297201   0.00004250
  0.02315681   0.00004830
  0.02334161   0.00005440
  0.02352641   0.00006100
  0.02371111   0.00006810
  0.02389581   0.00007550
  0.02408061   0.00008340
  0.02426531   0.00009170
  0.02444991   0.00010050
  0.02463461   0.00010960
  0.02481921   0.00011920
  0.02500381   0.00012920
  0.02518841   0.00013970
  0.02537301   0.00015060
  0.02555751   0.00016190
  0.02574201   0.00017360
  0.02592651   0.00018570
  0.02611101   0.00019830
  0.02629541   0.00021130
  0.02647981   0.00022470
  0.02666421   0.00023860
  0.02684851   0.00025290
  0.02703281   0.00026760
  0.02721711   0.00028270
  0.02740131   0.00029830
  0.02758551   0.00031430
  0.02776971   0.00033070
  0.02795381   0.00034750
  0.02813781   0.00036480
  0.02832191   0.00038250
  0.02850591   0.00040060
  0.02868981   0.00041910
  0.02887371   0.00043810
  0.02905761   0.00045750
  0.02924141   0.00047730
  0.02942521   0.00049750
  0.02960891   0.00051820
  0.02979261   0.00053930
  0.02997621   0.00056080
  0.03015981   0.00058270
  0.03034331   0.00060510
  0.03052681   0.00062790
  0.03071021   0.00065110
  0.03089361   0.00067470
  0.03107691   0.00069880
  0.03126021   0.00072320
  0.03144341   0.00074810
  0.03162651   0.00077350
  0.03180961   0.00079920
  0.03199261   0.00082540
  0.03217561   0.00085200
  0.03235851   0.00087900
  0.03254131   0.00090640
  0.03272411   0.00093430
  0.03290681   0.00096260
  0.03308941   0.00099130
  0.03327201   0.00102040
  0.03345451   0.00105000
  0.03363701   0.00108000
  0.03381931   0.00111040
  0.03400161   0.00114120
  0.03418391   0.00117240
  0.03436601   0.00120410
  0.03454811   0.00123610
  0.03473011   0.00126860
  0.03491201   0.00130160
  0.03509391   0.00133490
  0.03527571   0.00136870
  0.03545741   0.00140290
  0.03563901   0.00143750
  0.03582051   0.00147250
  0.03600201   0.00150790
  0.03618331   0.00154380
  0.03636461   0.00158000
  0.03654581   0.00161670
  0.03672701   0.00165390
  0.03690791   0.00169200
  0.03708821   0.00173270
  0.03726801   0.00177590
  0.03744711   0.00182170
  0.03762561   0.00187000
  0.03780331   0.00192090
  0.03798031   0.00197430
  0.03815661   0.00203010
  0.03833201   0.00208850
  0.03850661   0.00214940
  0.03868021   0.00221280
  0.03885301   0.00227860
  0.03902481   0.00234690
  0.03919571   0.00241760
  0.03936551   0.00249070
  0.03953421   0.00256620
  0.03970191   0.00264420
  0.03986841   0.00272450
  0.04003381   0.00280710
  0.04019801   0.00289220
  0.04036091   0.00297950
  0.04052261   0.00306910
  0.04068301   0.00316110
  0.04084211   0.00325530
  0.04099981   0.00335170
  0.04115621   0.00345040
  0.04131111   0.00355130
  0.04146451   0.00365440
  0.04161651   0.00375970
  0.04176701   0.00386710
  0.04191591   0.00397670
  0.04206331   0.00408830
  0.04220901   0.00420210
  0.04235321   0.00431790
  0.04249561   0.00443570
  0.04263641   0.00455560
  0.04277541   0.00467740
  0.04291271   0.00480120
  0.04304831   0.00492700
  0.04318201   0.00505470
  0.04331391   0.00518420
  0.04344391   0.00531560
  0.04357211   0.00544890
  0.04369841   0.00558390
  0.04382271   0.00572080
  0.04394501   0.00585940
  0.04406541   0.00599970
  0.04418381   0.00614170
  0.04430011   0.00628540
  0.04441441   0.00643080
  0.04452661   0.00657770
  0.04463671   0.00672620
  0.04474471   0.00687630
  0.04485051   0.00702790
  0.04495421   0.00718100
  0.04505571   0.00733550
  0.04515501   0.00749150
  0.04525201   0.00764890
  0.04534681   0.00780760
  0.04543931   0.00796770
  0.04552961   0.00812900
  0.04561751   0.00829160
  0.04570311   0.00845550
  0.04578641   0.00862060
  0.04586731   0.00878680
  0.04594591   0.00895420
  0.04602201   0.00912260
  0.04609581   0.00929220
  0.04616711   0.00946270
  0.04623601   0.00963430
  0.04630251   0.00980680
  0.04636651   0.00998030
  0.04642801   0.01015460
  0.04648711   0.01032980
  0.04654361   0.01050580
  0.04659771   0.01068270
  0.04664921   0.01086020
  0.04669821   0.01103850
  0.04674461   0.01121750
  0.04678851   0.01139700
  0.04682981   0.01157730
  0.04686861   0.01175800
  0.04690481   0.01193930
  0.04693841   0.01212110
  0.04696941   0.01230340
  0.04699791   0.01248610
  0.04702371   0.01266910
  0.04704691   0.01285260
  0.04706751   0.01303630
  0.04708551   0.01322030
  0.04710091   0.01340450
  0.04710231   0.01342370
  0.04710381   0.01344290
  0.04710521   0.01346210
  0.04710671   0.01348130
  0.04710811   0.01350050
  0.04710951   0.01351970
  0.04711101   0.01353890
  0.04711241   0.01355810
  0.04711391   0.01357730
  0.04711531   0.01359650
  0.04711671   0.01361560
  0.04711821   0.01363480
  0.04711961   0.01365400
  0.04712111   0.01367320
  0.04712251   0.01369240
  0.04712401   0.01371160
  0.04712541   0.01373080
  0.04712681   0.01375000
  0.04712831   0.01376920
  0.04712971   0.01378840
  0.04713121   0.01380760
  0.04713261   0.01382670
  0.04713401   0.01384590
  0.04713551   0.01386510
  0.04713691   0.01388430
  0.04713841   0.01390350
  0.04713981   0.01392270
  0.04714121   0.01394190
  0.04714271   0.01396110
  0.04714411   0.01398030
  0.04714561   0.01399950
  0.04714701   0.01401870
  0.04714851   0.01403780
  0.04714991   0.01405700
  0.04715131   0.01407620
  0.04715281   0.01409540
  0.04715421   0.01411460
  0.04715571   0.01413380
  0.04715711   0.01415300
  0.04715851   0.01417220
  0.04716001   0.01419140
  0.04716141   0.01421060
  0.04716291   0.01422980
  0.04716431   0.01424890
  0.04716571   0.01426810
  0.04716721   0.01428730
  0.04716861   0.01430650
  0.04717011   0.01432570
  0.04717151   0.01434490
  0.04717301   0.01436410
  0.04717441   0.01438330
  0.04717581   0.01440250
  0.04717731   0.01442170
  0.04717871   0.01444090
  0.04718021   0.01446000
  0.04718161   0.01447920
  0.04718301   0.01449840
  0.04718451   0.01451760
  0.04718591   0.01453680
  0.04718741   0.01455600
  0.04718881   0.01457520
  0.04719021   0.01459440
  0.04719171   0.01461360
  0.04719311   0.01463280
  0.04719461   0.01465200
  0.04719601   0.01467110
  0.04719751   0.01469030
  0.04719891   0.01470950
  0.04720031   0.01472870
  0.04720181   0.01474790
  0.04720321   0.01476710
  0.04720471   0.01478630
  0.04720611   0.01480550
  0.04720751   0.01482470
  0.04720901   0.01484390
  0.04721041   0.01486310
  0.04721191   0.01488220
  0.04721331   0.01490140
  0.04721471   0.01492060
  0.04721621   0.01493980
  0.04721761   0.01495900
  0.04721911   0.01497820
  0.04722051   0.01499740
  0.04722201   0.01501660
  0.04722341   0.01503580
  0.04722481   0.01505500
  0.04722631   0.01507420
  0.04722771   0.01509330
  0.04722921   0.01511250
  0.04723061   0.01513170
  0.04723201   0.01515090
  0.04723351   0.01517010
  0.04723491   0.01518930
  0.04723641   0.01520850
  0.04723781   0.01522770
  0.04723921   0.01524690
  0.04724071   0.01526610
  0.04724211   0.01528530
  0.04724361   0.01530440
  0.04724501   0.01532360
  0.04724651   0.01534280
  0.04724791   0.01536200
  0.04724931   0.01538120
  0.04725081   0.01540040
  0.04725221   0.01541960
  0.04725371   0.01543880
  0.04725511   0.01545800
  0.04725651   0.01547720
  0.04725801   0.01549640
  0.04725941   0.01551550
  0.04726091   0.01553470
  0.04726231   0.01555390
  0.04726371   0.01557310
  0.04726521   0.01559230
  0.04726661   0.01561150
  0.04726811   0.01563070
  0.04726951   0.01564990
  0.04727091   0.01566910
  0.04727241   0.01568830
  0.04727381   0.01570750
  0.04727531   0.01572660
  0.04727671   0.01574580
  0.04727821   0.01576500
  0.04727961   0.01578420
  0.04728101   0.01580340
  0.04728251   0.01582260
  0.04728391   0.01584180
  0.04728541   0.01586100
  0.04728681   0.01588020
  0.04728821   0.01589940
  0.04728971   0.01591860
  0.04729111   0.01593770
  0.04729261   0.01595690
  0.04729401   0.01597610
  0.04729541   0.01599530
  0.04729691   0.01601450
  0.04729831   0.01603370
  0.04729981   0.01605290
  0.04730121   0.01607210
  0.04730271   0.01609130
  0.04730411   0.01611050
  0.04730551   0.01612970
  0.04730701   0.01614880
  0.04730841   0.01616800
  0.04730991   0.01618720
  0.04731131   0.01620640
  0.04731271   0.01622560
  0.04731421   0.01624480
  0.04731561   0.01626400
  0.04731711   0.01628320
  0.04731851   0.01630240
  0.04731991   0.01632160
  0.04732141   0.01634080
  0.04732281   0.01635990
  0.04732431   0.01637910
  0.04732571   0.01639830
  0.04732721   0.01641750
  0.04732861   0.01643670
  0.04733001   0.01645590
  0.04733151   0.01647510
  0.04733291   0.01649430
  0.04733441   0.01651350
  0.04733581   0.01653270
  0.04733721   0.01655190
  0.04733871   0.01657100
  0.04734011   0.01659020
  0.04734161   0.01660940
  0.04734301   0.01662860
  0.04734441   0.01664780
  0.04734591   0.01666700
  0.04734731   0.01668620
  0.04734881   0.01670540
  0.04735021   0.01672460
  0.04735171   0.01674380
  0.04735311   0.01676300
  0.04735451   0.01678210
  0.04735601   0.01680130
  0.04735741   0.01682050
  0.04735891   0.01683970
  0.04736031   0.01685890
  0.04736171   0.01687810
  0.04736321   0.01689730
  0.04736461   0.01691650
  0.04736611   0.01693570
  0.04736751   0.01695490
  0.04736891   0.01697410
  0.04737041   0.01699320
  0.04737181   0.01701240
  0.04737331   0.01703160
  0.04737471   0.01705080
  0.04737621   0.01707000
  0.04737761   0.01708920
  0.04737901   0.01710840
  0.04738051   0.01712760
  0.04738191   0.01714680
  0.04738341   0.01716600
  0.04738481   0.01718520
  0.04738621   0.01720430
  0.04738771   0.01722350
  0.04738911   0.01724270
  0.04739061   0.01726190
  0.04739201   0.01728110
  0.04739341   0.01730030
  0.04739491   0.01731950
  0.04739631   0.01733870
  0.04739781   0.01735790
  0.04739921   0.01737710
  0.04740071   0.01739630
  0.04740211   0.01741540
  0.04740351   0.01743460
  0.04740501   0.01745380
  0.04740641   0.01747300
  0.04740791   0.01749220
  0.04740931   0.01751140
  0.04741071   0.01753060
  0.04741221   0.01754980
  0.04741361   0.01756900
  0.04741511   0.01758820
  0.04741651   0.01760740
  0.04741791   0.01762650
  0.04741941   0.01764570
  0.04742081   0.01766490
  0.04742231   0.01768410
  0.04742371   0.01770330
  0.04742511   0.01772250
  0.04742661   0.01774170
  0.04742801   0.01776090
  0.04742951   0.01778010
  0.04743091   0.01779930
  0.04743241   0.01781850
  0.04743381   0.01783760
  0.04743521   0.01785680
  0.04743671   0.01787600
  0.04743811   0.01789520
  0.04743961   0.01791440
  0.04744101   0.01793360
  0.04744241   0.01795280
  0.04744391   0.01797200
  0.04744531   0.01799120
  0.04744681   0.01801040
  0.04744821   0.01802960
  0.04744961   0.01804870
  0.04745111   0.01806790
  0.04745251   0.01808710
  0.04745401   0.01810630
  0.04745541   0.01812550
  0.04745691   0.01814470
  0.04745831   0.01816390
  0.04745971   0.01818310
  0.04746121   0.01820230
  0.04746261   0.01822150
  0.04746411   0.01824070
  0.04746551   0.01825980
  0.04746691   0.01827900
  0.04746841   0.01829820
  0.04746981   0.01831740
  0.04747131   0.01833660
  0.04747271   0.01835580
  0.04747411   0.01837500
  0.04747561   0.01839420
  0.04747701   0.01841340
  0.04747851   0.01843260
  0.04747991   0.01845180
  0.04748141   0.01847090
  0.04748281   0.01849010
  0.04748421   0.01850930
  0.04748571   0.01852850
  0.04748711   0.01854770
  0.04748861   0.01856690
  0.04749001   0.01858610
  0.04749141   0.01860530
  0.04749291   0.01862450
  0.04749431   0.01864370
  0.04749581   0.01866290
  0.04749721   0.01868200
  0.04749861   0.01870120
  0.04750011   0.01872040
  0.04750151   0.01873960
  0.04750301   0.01875880
  0.04750441   0.01877800
  0.04750591   0.01879720
  0.04750731   0.01881640
  0.04750871   0.01883560
  0.04751021   0.01885480
  0.04751161   0.01887400
  0.04751311   0.01889310
  0.04751451   0.01891230
  0.04751591   0.01893150
  0.04751741   0.01895070
  0.04751881   0.01896990
  0.04752031   0.01898910
  0.04752171   0.01900830
  0.04752311   0.01902750
  0.04752461   0.01904670
  0.04752601   0.01906590
  0.04752751   0.01908510
  0.04752891   0.01910420
  0.04753041   0.01912340
  0.04753181   0.01914260
  0.04753321   0.01916180
  0.04753471   0.01918100
  0.04753611   0.01920020
  0.04753761   0.01921940
  0.04753901   0.01923860
  0.04754041   0.01925780
  0.04754191   0.01927700
  0.04754331   0.01929620
  0.04754481   0.01931530
  0.04754621   0.01933450
  0.04754761   0.01935370
  0.04754911   0.01937290
  0.04755051   0.01939210
  0.04755201   0.01941130
  0.04755341   0.01943050
  0.04755481   0.01944970
  0.04755631   0.01946890
  0.04755771   0.01948810
  0.04755921   0.01950730
  0.04756061   0.01952640
  0.04756211   0.01954560
  0.04756351   0.01956480
  0.04756491   0.01958400
  0.04756641   0.01960320
  0.04756781   0.01962240
  0.04756931   0.01964160
  0.04757071   0.01966080
  0.04757211   0.01968000
  0.04757361   0.01969920
  0.04757501   0.01971840
  0.04757651   0.01973750
  0.04757791   0.01975670
  0.04757931   0.01977590
  0.04758081   0.01979510
  0.04758221   0.01981430
  0.04758371   0.01983350
  0.04758511   0.01985270
  0.04758661   0.01987190
  0.04758801   0.01989110
  0.04758941   0.01991030
  0.04759091   0.01992950
  0.04759231   0.01994860
  0.04759381   0.01996780
  0.04759521   0.01998700
  0.04759661   0.02000620
  0.04759811   0.02002540
  0.04759951   0.02004460
  0.04760101   0.02006380
  0.04760241   0.02008300
  0.04760381   0.02010220
  0.04760531   0.02012140
  0.04760671   0.02014060
  0.04760821   0.02015970
  0.04760961   0.02017890
  0.04761111   0.02019810
  0.04761251   0.02021730
  0.04761391   0.02023650
  0.04761541   0.02025570
  0.04761681   0.02027490
  0.04761831   0.02029410
  0.04761971   0.02031330
  0.04762111   0.02033250
  0.04762261   0.02035170
  0.04762401   0.02037080
  0.04762551   0.02039000
  0.04762691   0.02040920
  0.04762831   0.02042840
  0.04762981   0.02044760
  0.04763121   0.02046680
  0.04763271   0.02048600
  0.04763411   0.02050520
  0.04763561   0.02052440
  0.04763701   0.02054360
  0.04763841   0.02056280
  0.04763991   0.02058190
  0.04764131   0.02060110
  0.04764281   0.02062030
  0.04764421   0.02063950
  0.04764561   0.02065870
  0.04764711   0.02067790
  0.04764851   0.02069710
  0.04765001   0.02071630
  0.04765141   0.02073550
  0.04765281   0.02075470
  0.04765431   0.02077390
  0.04765571   0.02079300
  0.04765721   0.02081220
  0.04765861   0.02083140
  0.04766011   0.02085060
  0.04766151   0.02086980
  0.04766291   0.02088900
  0.04766441   0.02090820
  0.04766581   0.02092740
  0.04766731   0.02094660
  0.04766871   0.02096580
  0.04767011   0.02098500
  0.04767161   0.02100410
  0.04767301   0.02102330
  0.04767451   0.02104250
  0.04767591   0.02106170
  0.04767731   0.02108090
  0.04767881   0.02110010
  0.04768021   0.02111930
  0.04768171   0.02113850
  0.04768311   0.02115770
  0.04768461   0.02117690
  0.04768601   0.02119610
  0.04768741   0.02121520
  0.04768891   0.02123440
  0.04769031   0.02125360
  0.04769181   0.02127280
  0.04769321   0.02129200
  0.04769461   0.02131120
  0.04769611   0.02133040
  0.04769751   0.02134960
  0.04769901   0.02136880
  0.04770041   0.02138800
  0.04770181   0.02140720
  0.04770331   0.02142630
  0.04770471   0.02144550
  0.04770621   0.02146470
  0.04770761   0.02148390
  0.04770901   0.02150310
  0.04771051   0.02152230
  0.04771191   0.02154150
  0.04771341   0.02156070
  0.04771481   0.02157990
  0.04771631   0.02159910
  0.04771771   0.02161830
  0.04771911   0.02163740
  0.04772061   0.02165660
  0.04772201   0.02167580
  0.04772351   0.02169500
  0.04772491   0.02171420
  0.04772631   0.02173340
  0.04772781   0.02175260
  0.04772921   0.02177180
  0.04773071   0.02179100
  0.04773211   0.02181020
  0.04773351   0.02182940
  0.04773501   0.02184850
  0.04773641   0.02186770
  0.04773791   0.02188690
  0.04773931   0.02190610
  0.04774081   0.02192530
  0.04774221   0.02194450
  0.04774361   0.02196370
  0.04774511   0.02198290
  0.04774651   0.02200210
  0.04774801   0.02202130
  0.04774941   0.02204050
  0.04775081   0.02205960
  0.04775231   0.02207880
  0.04775371   0.02209800
  0.04775521   0.02211720
  0.04775661   0.02213640
  0.04775801   0.02215560
  0.04775951   0.02217480
  0.04776091   0.02219400
  0.04776241   0.02221320
  0.04776381   0.02223240
  0.04776531   0.02225160
  0.04776671   0.02227070
  0.04776811   0.02228990
  0.04776961   0.02230910
  0.04777101   0.02232830
  0.04777251   0.02234750
  0.04777391   0.02236670
  0.04777531   0.02238590
  0.04777681   0.02240510
  0.04777821   0.02242430
  0.04777971   0.02244350
  0.04778111   0.02246270
  0.04778251   0.02248180
  0.04778401   0.02250100
  0.04778541   0.02252020
  0.04778691   0.02253940
  0.04778831   0.02255860
  0.04778981   0.02257780
  0.04779121   0.02259700
  0.04779261   0.02261620
  0.04779411   0.02263540
  0.04779551   0.02265460
  0.04779701   0.02267380
  0.04779841   0.02269290
  0.04779981   0.02271210
  0.04780131   0.02273130
  0.04780271   0.02275050
  0.04780421   0.02276970
  0.04780561   0.02278890
  0.04780701   0.02280810
  0.04780851   0.02282730
  0.04780991   0.02284650
  0.04781141   0.02286570
  0.04781281   0.02288490
  0.04781431   0.02290400
  0.04781571   0.02292320
  0.04781711   0.02294240
  0.04781861   0.02296160
  0.04782001   0.02298080
  0.04782151   0.02300000
