-0.3277           0.0476
-0.2236           0.0501
-0.1194           0.0526
-0.0153           0.0551
0.0889           0.0576
0.193           0.06
0.2972           0.0623
0.4013           0.0647
0.5055           0.067
0.6096           0.0692
0.7138           0.0714
0.818           0.0736
0.9221           0.0758
1.0263           0.0779
1.1304           0.08
1.2346           0.082
1.3387           0.084
1.4429           0.086
1.5471           0.0879
1.6512           0.0898
1.7554           0.0917
1.8596           0.0935
1.9637           0.0953
2.0679           0.0971
2.1721           0.0988
2.2762           0.1005
2.3804           0.1021
2.4846           0.1037
2.5887           0.1053
2.6929           0.1068
2.7971           0.1083
2.9012           0.1098
3.0054           0.1112
3.1096           0.1126
3.2137           0.114
3.3179           0.1153
3.4221           0.1166
3.5262           0.1178
3.6304           0.119
3.7346           0.1202
3.8388           0.1213
3.9429           0.1224
4.0471           0.1235
4.1513           0.1245
4.2555           0.1255
4.3596           0.1265
4.4638           0.1274
4.568           0.1283
4.6722           0.1292
4.7763           0.13
4.8805           0.1307
4.9847           0.1315
5.0889           0.1322
5.193           0.1329
5.2972           0.1335
5.4014           0.1341
5.5056           0.1346
5.6098           0.1352
5.7139           0.1357
5.8181           0.1361
5.9223           0.1365
6.0265           0.1369
6.1307           0.1372
6.2348           0.1375
6.339           0.1378
6.4432           0.1381
6.5474           0.1383
6.6515           0.1384
6.7557           0.1385
6.8599           0.1386
6.9641           0.1387
7.0683           0.1387
7.1724           0.1387
7.2766           0.1386
7.3808           0.1385
7.485           0.1384
7.5892           0.1382
7.6933           0.138
7.7975           0.1378
7.9017           0.1375
8.0059           0.1372
8.1101           0.1369
8.2142           0.1365
8.3184           0.1361
8.4226           0.1356
8.5268           0.1351
8.6309           0.1346
8.7351           0.1341
8.8393           0.1335
8.9435           0.1328
9.0477           0.1322
9.1518           0.1314
9.256           0.1307
9.3602           0.1299
9.4644           0.1291
9.5685           0.1283
9.6727           0.1273
9.7769           0.1261
9.8811           0.1249
9.9852           0.1235
10.0894           0.122
10.1936           0.1203
10.2977           0.1185
10.4019           0.1166
10.506           0.1145
10.6102           0.1123
10.7144           0.11
10.8185           0.1075
10.9227           0.1049
11.0268           0.1021
11.1309           0.0993
11.2351           0.0962
11.3392           0.0931
11.4433           0.0898
11.5475           0.0864
11.6516           0.0828
11.7557           0.0791
11.8598           0.0753
11.9639           0.0713
12.068           0.0672
12.1721           0.063
12.2762           0.0586
12.3803           0.0541
12.4843           0.0495
12.5884           0.0447
12.6925           0.0398
12.7965           0.0347
12.9006           0.0295
13.0046           0.0242
13.1087           0.0187
13.2127           0.0131
13.3167           0.0074
13.4207           0.0016
13.5247           -0.0044
13.6287           -0.0106
13.7327           -0.0169
13.8367           -0.0233
13.9407           -0.0298
14.0446           -0.0365
14.1486           -0.0433
14.2525           -0.0502
14.3565           -0.0573
14.4604           -0.0645
14.5643           -0.0719
14.6682           -0.0794
14.7721           -0.087
14.876           -0.0948
14.9799           -0.1027
15.0838           -0.1107
15.1876           -0.1188
15.2915           -0.1272
15.3953           -0.1356
15.4991           -0.1442
15.603           -0.1529
15.7068           -0.1617
15.8106           -0.1707
15.9143           -0.1798
16.0181           -0.189
16.1219           -0.1984
16.2256           -0.2079
16.3293           -0.2176
16.4331           -0.2274
16.5368           -0.2373
16.6405           -0.2474
16.7441           -0.2575
16.8478           -0.2679
16.9515           -0.2783
17.0551           -0.2889
17.1587           -0.2997
17.2623           -0.3105
17.3659           -0.3215
17.4695           -0.3327
17.5731           -0.3439
17.6766           -0.3554
17.7802           -0.3669
17.8837           -0.3786
17.9872           -0.3904
18.0907           -0.4023
18.1942           -0.4144
18.2976           -0.4266
18.4011           -0.439
18.5045           -0.4515
18.6079           -0.4641
18.7113           -0.4768
18.8147           -0.4897
18.918           -0.5027
19.0214           -0.5159
19.1247           -0.5292
19.228           -0.5426
19.3313           -0.5562
19.4346           -0.5699
19.5379           -0.5837
19.6411           -0.5977
19.7443           -0.6118
19.8475           -0.626
19.9507           -0.6404
20.0539           -0.6549
20.157           -0.6695
20.2601           -0.6843
20.3632           -0.6992
20.4663           -0.7142
20.5694           -0.7294
20.6725           -0.7447
20.7755           -0.7602
20.8785           -0.7757
20.9815           -0.7914
21.0844           -0.8073
21.1874           -0.8233
21.2903           -0.8394
21.3932           -0.8556
21.4961           -0.872
21.599           -0.8885
21.7018           -0.9052
21.8046           -0.922
21.9074           -0.9389
22.0102           -0.9559
22.1129           -0.9731
22.2157           -0.9904
22.3184           -1.0079
22.4211           -1.0255
22.5237           -1.0432
22.6264           -1.061
22.729           -1.079
22.8316           -1.0971
22.9341           -1.1154
23.0367           -1.1338
23.1392           -1.1523
23.2417           -1.171
23.3442           -1.1897
23.4466           -1.2087
23.549           -1.2277
23.6514           -1.2469
23.7538           -1.2662
23.8562           -1.2857
23.9585           -1.3053
24.0608           -1.325
24.163           -1.3448
24.2653           -1.3648
24.3675           -1.385
24.4697           -1.4052
24.5719           -1.4256
24.674           -1.4461
24.7761           -1.4668
24.8782           -1.4876
24.9803           -1.5085
25.0822           -1.5299
25.184           -1.5521
25.2856           -1.5752
25.387           -1.599
25.4882           -1.6237
25.5892           -1.6492
25.69           -1.6755
25.7906           -1.7026
25.891           -1.7305
25.9911           -1.7592
26.0911           -1.7887
26.1907           -1.819
26.2901           -1.8501
26.3893           -1.882
26.4882           -1.9147
26.5869           -1.9482
26.6853           -1.9825
26.7834           -2.0176
26.8812           -2.0534
26.9787           -2.0901
27.0759           -2.1275
27.1729           -2.1657
27.2695           -2.2046
27.3658           -2.2444
27.4618           -2.2849
27.5574           -2.3262
27.6527           -2.3682
27.7477           -2.411
27.8423           -2.4546
27.9366           -2.4989
28.0305           -2.544
28.1241           -2.5898
28.2173           -2.6364
28.3101           -2.6837
28.4025           -2.7318
28.4946           -2.7806
28.5862           -2.8301
28.6775           -2.8804
28.7683           -2.9314
28.8587           -2.9831
28.9487           -3.0356
29.0383           -3.0887
29.1275           -3.1426
29.2162           -3.1972
29.3045           -3.2525
29.3923           -3.3085
29.4797           -3.3653
29.5667           -3.4227
29.6531           -3.4808
29.7391           -3.5396
29.8246           -3.5991
29.9097           -3.6593
29.9942           -3.7201
30.0783           -3.7816
30.1619           -3.8438
30.245           -3.9067
30.3275           -3.9702
30.4096           -4.0344
30.4911           -4.0993
30.5721           -4.1648
30.6526           -4.2309
30.7326           -4.2977
30.812           -4.3651
30.8909           -4.4332
30.9692           -4.5019
31.047           -4.5712
31.1242           -4.6411
31.2008           -4.7117
31.2769           -4.7828
31.3524           -4.8546
31.4274           -4.927
31.5017           -5
31.5755           -5.0735
31.6487           -5.1477
31.7212           -5.2224
31.7932           -5.2977
31.8646           -5.3736
31.9353           -5.4501
32.0055           -5.5271
32.075           -5.6047
32.1439           -5.6828
32.2122           -5.7615
32.2798           -5.8408
32.3468           -5.9206
32.4132           -6.0009
32.4789           -6.0817
32.544           -6.1631
32.6084           -6.2449
32.6721           -6.3273
32.7352           -6.4102
32.7976           -6.4936
32.8594           -6.5776
32.9205           -6.6619
32.9809           -6.7468
33.0406           -6.8322
33.0996           -6.918
33.158           -7.0043
33.2156           -7.0911
33.2726           -7.1784
33.3288           -7.266
33.3843           -7.3542
33.4392           -7.4428
33.4933           -7.5318
33.5467           -7.6212
33.5994           -7.7111
33.6514           -7.8014
33.7026           -7.8921
33.7532           -7.9832
33.8029           -8.0747
33.852           -8.1666
33.9003           -8.2589
33.9479           -8.3516
33.9947           -8.4447
34.0408           -8.5381
34.0861           -8.6319
34.1307           -8.7261
34.1745           -8.8206
34.2176           -8.9154
34.2599           -9.0106
34.3014           -9.1062
34.3422           -9.202
34.3822           -9.2982
34.4214           -9.3948
34.4598           -9.4916
34.4975           -9.5887
34.5344           -9.6861
34.5705           -9.7839
34.6059           -9.8819
34.6404           -9.9801
34.6742           -10.0787
34.7071           -10.1775
34.7393           -10.2766
34.7707           -10.376
34.8012           -10.4756
34.831           -10.5754
34.86           -10.6755
34.8882           -10.7757
34.9155           -10.8763
34.9421           -10.977
34.9679           -11.0779
34.9928           -11.1791
35.0169           -11.2804
35.0403           -11.382
35.0628           -11.4837
35.0845           -11.5856
35.1053           -11.6877
35.1254           -11.7899
35.1446           -11.8923
35.163           -11.9948
35.1806           -12.0975
35.1974           -12.2003
35.2133           -12.3033
35.2285           -12.4063
35.2428           -12.5095
35.2562           -12.6128
35.2689           -12.7163
35.2807           -12.8198
35.2916           -12.9234
35.3018           -13.027
35.3111           -13.1308
35.3196           -13.2346
35.3274           -13.3385
35.3352           -13.4424
35.343           -13.5463
35.3508           -13.6502
35.3586           -13.7541
35.3664           -13.858
35.3742           -13.9618
35.382           -14.0657
35.3898           -14.1696
35.3976           -14.2735
35.4054           -14.3774
35.4133           -14.4813
35.4211           -14.5852
35.4289           -14.6891
35.4367           -14.7929
35.4445           -14.8968
35.4523           -15.0007
35.4601           -15.1046
35.4679           -15.2085
35.4757           -15.3124
35.4835           -15.4163
35.4913           -15.5201
35.4991           -15.624
35.5069           -15.7279
35.5147           -15.8318
35.5225           -15.9357
35.5303           -16.0396
35.5381           -16.1435
35.5459           -16.2474
35.5537           -16.3512
35.5615           -16.4551
35.5693           -16.559
35.5771           -16.6629
35.5849           -16.7668
35.5927           -16.8707
35.6005           -16.9746
35.6083           -17.0785
35.6161           -17.1823
35.6239           -17.2862
35.6317           -17.3901
35.6395           -17.494
35.6473           -17.5979
35.6551           -17.7018
35.6629           -17.8057
35.6707           -17.9095
35.6785           -18.0134
35.6863           -18.1173
35.6941           -18.2212
35.7019           -18.3251
35.7097           -18.429
35.7175           -18.5329
35.7253           -18.6368
35.7331           -18.7406
35.7409           -18.8445
35.7487           -18.9484
35.7565           -19.0523
35.7643           -19.1562
35.7721           -19.2601
35.7799           -19.364
35.7877           -19.4678
35.7955           -19.5717
35.8033           -19.6756
35.8111           -19.7795
35.8189           -19.8834
35.8267           -19.9873
35.8345           -20.0912
35.8423           -20.1951
35.8501           -20.2989
35.8579           -20.4028
35.8657           -20.5067
35.8735           -20.6106
35.8813           -20.7145
35.8891           -20.8184
35.8969           -20.9223
35.9047           -21.0262
35.9125           -21.13
35.9203           -21.2339
35.9281           -21.3378
35.9359           -21.4417
35.9437           -21.5456
35.9515           -21.6495
35.9593           -21.7534
35.9671           -21.8572
35.9749           -21.9611
35.9827           -22.065
35.9905           -22.1689
35.9983           -22.2728
36.0061           -22.3767
36.0139           -22.4806
36.0217           -22.5845
36.0296           -22.6883
36.0374           -22.7922
36.0452           -22.8961
-0.5324           0.0425
-0.633           0.0399
-0.7335           0.0373
-0.8341           0.0347
-0.9346           0.032
-1.0352           0.0293
-1.1358           0.0266
-1.2363           0.0238
-1.3369           0.021
-1.4374           0.0182
-1.538           0.0153
-1.6385           0.0124
-1.739           0.0095
-1.8396           0.0065
-1.9401           0.0035
-2.0407           0.0005
-2.1412           -0.0026
-2.2418           -0.0057
-2.3423           -0.0089
-2.4428           -0.012
-2.5434           -0.0152
-2.6439           -0.0185
-2.7445           -0.0217
-2.845           -0.0251
-2.9455           -0.0284
-3.0461           -0.0318
-3.1466           -0.0352
-3.2471           -0.0386
-3.3477           -0.0421
-3.4482           -0.0456
-3.5487           -0.0491
-3.6492           -0.0527
-3.7498           -0.0563
-3.8503           -0.06
-3.9508           -0.0636
-4.0513           -0.0674
-4.1518           -0.0711
-4.2524           -0.0749
-4.3529           -0.0787
-4.4534           -0.0825
-4.5539           -0.0864
-4.6544           -0.0903
-4.7549           -0.0943
-4.8555           -0.0983
-4.956           -0.1023
-5.0565           -0.1063
-5.157           -0.1104
-5.2575           -0.1145
-5.358           -0.1187
-5.4585           -0.1228
-5.559           -0.1271
-5.6595           -0.1313
-5.76           -0.1356
-5.8605           -0.1399
-5.961           -0.1443
-6.0615           -0.1486
-6.162           -0.1531
-6.2625           -0.1575
-6.3629           -0.162
-6.4634           -0.1665
-6.5639           -0.1711
-6.6644           -0.1757
-6.7649           -0.1803
-6.8654           -0.1849
-6.9659           -0.1896
-7.0663           -0.1943
-7.1668           -0.1991
-7.2673           -0.2039
-7.3678           -0.2087
-7.4682           -0.2136
-7.5687           -0.2185
-7.6692           -0.2234
-7.7696           -0.2283
-7.8701           -0.2333
-7.9706           -0.2384
-8.071           -0.2434
-8.1715           -0.2485
-8.2719           -0.2536
-8.3724           -0.2588
-8.4729           -0.264
-8.5733           -0.2692
-8.6738           -0.2745
-8.7742           -0.2798
-8.8747           -0.2851
-8.9751           -0.2905
-9.0756           -0.2959
-9.176           -0.3013
-9.2764           -0.3067
-9.3769           -0.3122
-9.4773           -0.3178
-9.5778           -0.3233
-9.6782           -0.3289
-9.7786           -0.3346
-9.879           -0.3402
-9.9795           -0.3459
-10.0799           -0.3517
-10.1803           -0.3574
-10.2807           -0.3632
-10.3812           -0.3691
-10.4816           -0.375
-10.582           -0.381
-10.6824           -0.3872
-10.7828           -0.3935
-10.8832           -0.3999
-10.9835           -0.4065
-11.0839           -0.4131
-11.1843           -0.4199
-11.2846           -0.4269
-11.385           -0.4339
-11.4853           -0.4411
-11.5856           -0.4484
-11.6859           -0.4558
-11.7862           -0.4634
-11.8865           -0.4711
-11.9868           -0.4789
-12.0871           -0.4868
-12.1874           -0.4949
-12.2876           -0.5031
-12.3879           -0.5114
-12.4881           -0.5198
-12.5883           -0.5284
-12.6885           -0.5371
-12.7887           -0.5459
-12.8889           -0.5549
-12.9891           -0.5639
-13.0893           -0.5731
-13.1894           -0.5825
-13.2896           -0.5919
-13.3897           -0.6015
-13.4898           -0.6112
-13.5899           -0.621
-13.69           -0.631
-13.7901           -0.641
-13.8902           -0.6512
-13.9903           -0.6616
-14.0903           -0.672
-14.1903           -0.6826
-14.2903           -0.6933
-14.3903           -0.7041
-14.4903           -0.7151
-14.5903           -0.7262
-14.6903           -0.7374
-14.7902           -0.7487
-14.8902           -0.7602
-14.9901           -0.7718
-15.09           -0.7835
-15.1899           -0.7953
-15.2898           -0.8073
-15.3896           -0.8194
-15.4895           -0.8316
-15.5893           -0.8439
-15.6891           -0.8564
-15.7889           -0.869
-15.8887           -0.8817
-15.9885           -0.8946
-16.0882           -0.9075
-16.1879           -0.9206
-16.2877           -0.9338
-16.3874           -0.9472
-16.487           -0.9607
-16.5867           -0.9743
-16.6864           -0.988
-16.786           -1.0018
-16.8856           -1.0158
-16.9852           -1.0299
-17.0848           -1.0441
-17.1843           -1.0585
-17.2839           -1.0729
-17.3834           -1.0875
-17.4829           -1.1022
-17.5824           -1.1171
-17.6819           -1.1321
-17.7813           -1.1472
-17.8807           -1.1624
-17.9802           -1.1777
-18.0796           -1.1932
-18.1789           -1.2088
-18.2783           -1.2245
-18.3776           -1.2404
-18.4769           -1.2563
-18.5762           -1.2724
-18.6755           -1.2887
-18.7747           -1.305
-18.874           -1.3215
-18.9732           -1.3381
-19.0724           -1.3548
-19.1715           -1.3716
-19.2707           -1.3886
-19.3698           -1.4057
-19.4689           -1.4229
-19.568           -1.4403
-19.6671           -1.4577
-19.7661           -1.4753
-19.8651           -1.4931
-19.9641           -1.5109
-20.0631           -1.5289
-20.162           -1.547
-20.261           -1.5652
-20.3599           -1.5835
-20.4588           -1.602
-20.5576           -1.6206
-20.6564           -1.6393
-20.7553           -1.6581
-20.854           -1.6771
-20.9528           -1.6962
-21.0515           -1.7154
-21.1503           -1.7347
-21.2489           -1.7542
-21.3476           -1.7737
-21.4463           -1.7934
-21.5449           -1.8133
-21.6435           -1.8332
-21.742           -1.8533
-21.8406           -1.8735
-21.9391           -1.8938
-22.0376           -1.9143
-22.136           -1.9349
-22.2345           -1.9556
-22.3329           -1.9764
-22.4313           -1.9973
-22.5296           -2.0184
-22.628           -2.0396
-22.7263           -2.0609
-22.8245           -2.0823
-22.9228           -2.1039
-23.021           -2.1256
-23.1192           -2.1474
-23.2174           -2.1693
-23.3155           -2.1914
-23.4136           -2.2136
-23.5117           -2.2359
-23.6098           -2.2583
-23.7078           -2.2808
-23.8058           -2.3035
-23.9038           -2.3263
-24.0017           -2.3492
-24.0996           -2.3723
-24.1975           -2.3954
-24.2954           -2.4187
-24.3932           -2.4421
-24.491           -2.4657
-24.5888           -2.4893
-24.6865           -2.5131
-24.7842           -2.537
-24.8819           -2.561
-24.9795           -2.5852
-25.0772           -2.6095
-25.1747           -2.6339
-25.2723           -2.6584
-25.3698           -2.683
-25.4673           -2.7078
-25.5648           -2.7327
-25.6622           -2.7577
-25.7596           -2.7828
-25.8568           -2.8086
-25.9539           -2.8351
-26.0507           -2.8623
-26.1473           -2.8903
-26.2437           -2.9191
-26.3399           -2.9486
-26.4358           -2.9788
-26.5315           -3.0098
-26.627           -3.0415
-26.7222           -3.074
-26.8171           -3.1072
-26.9118           -3.1411
-27.0063           -3.1758
-27.1004           -3.2111
-27.1943           -3.2473
-27.2879           -3.2841
-27.3812           -3.3217
-27.4742           -3.3599
-27.567           -3.3989
-27.6594           -3.4387
-27.7515           -3.4791
-27.8433           -3.5202
-27.9347           -3.5621
-28.0259           -3.6047
-28.1167           -3.6479
-28.2072           -3.6919
-28.2973           -3.7365
-28.3871           -3.7819
-28.4765           -3.828
-28.5656           -3.8747
-28.6543           -3.9221
-28.7426           -3.9703
-28.8306           -4.019
-28.9182           -4.0685
-29.0053           -4.1187
-29.0922           -4.1695
-29.1786           -4.221
-29.2646           -4.2732
-29.3502           -4.326
-29.4354           -4.3795
-29.5201           -4.4336
-29.6045           -4.4884
-29.6884           -4.5439
-29.7719           -4.6
-29.855           -4.6567
-29.9376           -4.7141
-30.0197           -4.7721
-30.1015           -4.8308
-30.1827           -4.8901
-30.2635           -4.95
-30.3438           -5.0105
-30.4237           -5.0717
-30.5031           -5.1335
-30.582           -5.1958
-30.6604           -5.2588
-30.7384           -5.3224
-30.8158           -5.3866
-30.8927           -5.4514
-30.9692           -5.5168
-31.0451           -5.5828
-31.1205           -5.6494
-31.1954           -5.7165
-31.2698           -5.7842
-31.3436           -5.8525
-31.4169           -5.9214
-31.4897           -5.9908
-31.562           -6.0608
-31.6337           -6.1314
-31.7048           -6.2025
-31.7754           -6.2741
-31.8455           -6.3463
-31.9149           -6.4191
-31.9839           -6.4923
-32.0522           -6.5661
-32.12           -6.6405
-32.1872           -6.7153
-32.2538           -6.7907
-32.3198           -6.8666
-32.3853           -6.943
-32.4501           -7.0199
-32.5144           -7.0973
-32.578           -7.1751
-32.6411           -7.2535
-32.7035           -7.3324
-32.7653           -7.4117
-32.8266           -7.4916
-32.8871           -7.5718
-32.9471           -7.6526
-33.0065           -7.7338
-33.0652           -7.8155
-33.1232           -7.8976
-33.1807           -7.9802
-33.2375           -8.0632
-33.2936           -8.1467
-33.3491           -8.2306
-33.404           -8.3149
-33.4582           -8.3996
-33.5118           -8.4848
-33.5646           -8.5703
-33.6169           -8.6563
-33.6684           -8.7427
-33.7193           -8.8295
-33.7695           -8.9166
-33.819           -9.0042
-33.8679           -9.0921
-33.9161           -9.1804
-33.9636           -9.2691
-34.0104           -9.3581
-34.0565           -9.4475
-34.1019           -9.5372
-34.1466           -9.6273
-34.1907           -9.7178
-34.234           -9.8086
-34.2766           -9.8997
-34.3185           -9.9911
-34.3597           -10.0829
-34.4002           -10.175
-34.44           -10.2674
-34.4791           -10.36
-34.5174           -10.453
-34.555           -10.5463
-34.5919           -10.6399
-34.6281           -10.7338
-34.6636           -10.8279
-34.6983           -10.9223
-34.7323           -11.017
-34.7655           -11.1119
-34.7981           -11.2071
-34.8298           -11.3025
-34.8609           -11.3982
-34.8912           -11.4941
-34.9207           -11.5903
-34.9496           -11.6867
-34.9776           -11.7832
-35.0049           -11.8801
-35.0315           -11.9771
-35.0573           -12.0743
-35.0824           -12.1717
-35.1067           -12.2693
-35.1303           -12.3671
-35.1531           -12.4651
-35.1751           -12.5632
-35.1964           -12.6615
-35.2169           -12.76
-35.2367           -12.8586
-35.2556           -12.9574
-35.2739           -13.0563
-35.2913           -13.1554
-35.308           -13.2546
-35.3239           -13.3539
-35.3391           -13.4534
-35.3535           -13.5529
-35.3671           -13.6526
-35.3799           -13.7523
-35.392           -13.8522
-35.4033           -13.9522
-35.4138           -14.0522
-35.4236           -14.1523
-35.4326           -14.2525
-35.4408           -14.3528
-35.4482           -14.4531
-35.4548           -14.5534
-35.4607           -14.6539
-35.4658           -14.7543
-35.4701           -14.8548
-35.4737           -14.9553
-35.4764           -15.0559
-35.4789           -15.1565
-35.4814           -15.257
-35.484           -15.3576
-35.4865           -15.4581
-35.489           -15.5587
-35.4915           -15.6592
-35.494           -15.7598
-35.4965           -15.8604
-35.499           -15.9609
-35.5015           -16.0615
-35.504           -16.162
-35.5066           -16.2626
-35.5091           -16.3632
-35.5116           -16.4637
-35.5141           -16.5643
-35.5166           -16.6648
-35.5191           -16.7654
-35.5216           -16.8659
-35.5241           -16.9665
-35.5266           -17.0671
-35.5292           -17.1676
-35.5317           -17.2682
-35.5342           -17.3687
-35.5367           -17.4693
-35.5392           -17.5699
-35.5417           -17.6704
-35.5442           -17.771
-35.5467           -17.8715
-35.5492           -17.9721
-35.5518           -18.0726
-35.5543           -18.1732
-35.5568           -18.2738
-35.5593           -18.3743
-35.5618           -18.4749
-35.5643           -18.5754
-35.5668           -18.676
-35.5693           -18.7766
-35.5718           -18.8771
-35.5743           -18.9777
-35.5769           -19.0782
-35.5794           -19.1788
-35.5819           -19.2793
-35.5844           -19.3799
-35.5869           -19.4805
-35.5894           -19.581
-35.5919           -19.6816
-35.5944           -19.7821
-35.5969           -19.8827
-35.5995           -19.9833
-35.602           -20.0838
-35.6045           -20.1844
-35.607           -20.2849
-35.6095           -20.3855
-35.612           -20.486
-35.6145           -20.5866
-35.617           -20.6872
-35.6195           -20.7877
-35.6221           -20.8883
-35.6246           -20.9888
-35.6271           -21.0894
-35.6296           -21.19
-35.6321           -21.2905
-35.6346           -21.3911
-35.6371           -21.4916
-35.6396           -21.5922
-35.6421           -21.6927
-35.6447           -21.7933
-35.6472           -21.8939
-35.6497           -21.9944
-35.6522           -22.095
-35.6547           -22.1955
-35.6572           -22.2961
-35.6597           -22.3967
-35.6622           -22.4972
-35.6647           -22.5978
-35.6672           -22.6983
-35.6698           -22.7989
-35.6723           -22.8994
36.053           -23
-0.4319           0.045
-35.6748           -23
