 -0.03725000   0.02300000
 -0.03723900   0.02295610
 -0.03722807   0.02291220
 -0.03721710   0.02286827
 -0.03720610   0.02282437
 -0.03719510   0.02278047
 -0.03718417   0.02273657
 -0.03717317   0.02269263
 -0.03716220   0.02264873
 -0.03715120   0.02260483
 -0.03714027   0.02256093
 -0.03712927   0.02251703
 -0.03711827   0.02247310
 -0.03710730   0.02242920
 -0.03709637   0.02238530
 -0.03708537   0.02234140
 -0.03707437   0.02229747
 -0.03706337   0.02225357
 -0.03705247   0.02220967
 -0.03704147   0.02216583
 -0.03703047   0.02212193
 -0.03701947   0.02207800
 -0.03700853   0.02203410
 -0.03699753   0.02199020
 -0.03698657   0.02194630
 -0.03697557   0.02190237
 -0.03696463   0.02185847
 -0.03695363   0.02181457
 -0.03694263   0.02177067
 -0.03693167   0.02172677
 -0.03692073   0.02168283
 -0.03690973   0.02163893
 -0.03689873   0.02159503
 -0.03688773   0.02155113
 -0.03687683   0.02150723
 -0.03686583   0.02146330
 -0.03685483   0.02141940
 -0.03684383   0.02137550
 -0.03683290   0.02133160
 -0.03682193   0.02128767
 -0.03681093   0.02124377
 -0.03680000   0.02119987
 -0.03678900   0.02115597
 -0.03677800   0.02111207
 -0.03676703   0.02106813
 -0.03675610   0.02102423
 -0.03674510   0.02098033
 -0.03673410   0.02093643
 -0.03672310   0.02089250
 -0.03671220   0.02084860
 -0.03670120   0.02080470
 -0.03669020   0.02076080
 -0.03667920   0.02071690
 -0.03666827   0.02067297
 -0.03665723   0.02062907
 -0.03664623   0.02058517
 -0.03663517   0.02054130
 -0.03662420   0.02049747
 -0.03661313   0.02045357
 -0.03660207   0.02040967
 -0.03659100   0.02036580
 -0.03658000   0.02032190
 -0.03656890   0.02027803
 -0.03655780   0.02023413
 -0.03654667   0.02019027
 -0.03653563   0.02014640
 -0.03652450   0.02010253
 -0.03651333   0.02005867
 -0.03650220   0.02001480
 -0.03649110   0.01997093
 -0.03647993   0.01992707
 -0.03646873   0.01988320
 -0.03645757   0.01983937
 -0.03644643   0.01979550
 -0.03643520   0.01975167
 -0.03642400   0.01970780
 -0.03641283   0.01966397
 -0.03640160   0.01962013
 -0.03639033   0.01957630
 -0.03637910   0.01953243
 -0.03636790   0.01948860
 -0.03635660   0.01944480
 -0.03634533   0.01940097
 -0.03633403   0.01935713
 -0.03632280   0.01931330
 -0.03631147   0.01926950
 -0.03630017   0.01922567
 -0.03628883   0.01918187
 -0.03627753   0.01913807
 -0.03626620   0.01909427
 -0.03625483   0.01905043
 -0.03624347   0.01900663
 -0.03623213   0.01896283
 -0.03622077   0.01891907
 -0.03620937   0.01887533
 -0.03619797   0.01883153
 -0.03618660   0.01878777
 -0.03617517   0.01874397
 -0.03616373   0.01870020
 -0.03615230   0.01865640
 -0.03614090   0.01861263
 -0.03612943   0.01856887
 -0.03611797   0.01852510
 -0.03610647   0.01848133
 -0.03609503   0.01843757
 -0.03608353   0.01839383
 -0.03607203   0.01835007
 -0.03606050   0.01830630
 -0.03604903   0.01826257
 -0.03603750   0.01821883
 -0.03602597   0.01817507
 -0.03601440   0.01813133
 -0.03600290   0.01808760
 -0.03599130   0.01804387
 -0.03597973   0.01800013
 -0.03596820   0.01795643
 -0.03595660   0.01791270
 -0.03594497   0.01786897
 -0.03593337   0.01782527
 -0.03592180   0.01778153
 -0.03591013   0.01773783
 -0.03589850   0.01769413
 -0.03588683   0.01765043
 -0.03587523   0.01760673
 -0.03586353   0.01756303
 -0.03585183   0.01751933
 -0.03584013   0.01747567
 -0.03582850   0.01743197
 -0.03581680   0.01738830
 -0.03580507   0.01734463
 -0.03579333   0.01730093
 -0.03578163   0.01725727
 -0.03576990   0.01721367
 -0.03575813   0.01717000
 -0.03574637   0.01712637
 -0.03573463   0.01708270
 -0.03572283   0.01703903
 -0.03571103   0.01699540
 -0.03569923   0.01695173
 -0.03568747   0.01690810
 -0.03567567   0.01686447
 -0.03566380   0.01682083
 -0.03565197   0.01677720
 -0.03564017   0.01673357
 -0.03562830   0.01668997
 -0.03561643   0.01664633
 -0.03560453   0.01660273
 -0.03559273   0.01655910
 -0.03558083   0.01651550
 -0.03556890   0.01647190
 -0.03555707   0.01642830
 -0.03554513   0.01638470
 -0.03553320   0.01634110
 -0.03552123   0.01629750
 -0.03550933   0.01625393
 -0.03549737   0.01621033
 -0.03548540   0.01616677
 -0.03547340   0.01612320
 -0.03546150   0.01607963
 -0.03544950   0.01603607
 -0.03543747   0.01599250
 -0.03542547   0.01594893
 -0.03541350   0.01590540
 -0.03540143   0.01586183
 -0.03538933   0.01581837
 -0.03537707   0.01577480
 -0.03536460   0.01573140
 -0.03535200   0.01568800
 -0.03533923   0.01564467
 -0.03532630   0.01560143
 -0.03531310   0.01555817
 -0.03529980   0.01551497
 -0.03528627   0.01547180
 -0.03527263   0.01542877
 -0.03525880   0.01538573
 -0.03524480   0.01534277
 -0.03523057   0.01529980
 -0.03521620   0.01525697
 -0.03520163   0.01521413
 -0.03518697   0.01517140
 -0.03517207   0.01512870
 -0.03515700   0.01508603
 -0.03514177   0.01504350
 -0.03512637   0.01500097
 -0.03511080   0.01495850
 -0.03509503   0.01491610
 -0.03507910   0.01487380
 -0.03506303   0.01483153
 -0.03504680   0.01478930
 -0.03503030   0.01474717
 -0.03501377   0.01470507
 -0.03499693   0.01466310
 -0.03498003   0.01462117
 -0.03496293   0.01457927
 -0.03494560   0.01453743
 -0.03492813   0.01449570
 -0.03491053   0.01445407
 -0.03489273   0.01441247
 -0.03487477   0.01437093
 -0.03485667   0.01432947
 -0.03483837   0.01428807
 -0.03481993   0.01424677
 -0.03480127   0.01420557
 -0.03478247   0.01416440
 -0.03476353   0.01412330
 -0.03474440   0.01408233
 -0.03472510   0.01404137
 -0.03470567   0.01400053
 -0.03468603   0.01395970
 -0.03466623   0.01391900
 -0.03464630   0.01387840
 -0.03462617   0.01383787
 -0.03460590   0.01379740
 -0.03458547   0.01375707
 -0.03456483   0.01371673
 -0.03454407   0.01367653
 -0.03452317   0.01363640
 -0.03450203   0.01359637
 -0.03448077   0.01355640
 -0.03445937   0.01351653
 -0.03443783   0.01347677
 -0.03441607   0.01343710
 -0.03439417   0.01339747
 -0.03437213   0.01335790
 -0.03434987   0.01331850
 -0.03432757   0.01327917
 -0.03430503   0.01323993
 -0.03428233   0.01320073
 -0.03425947   0.01316170
 -0.03423643   0.01312277
 -0.03421327   0.01308383
 -0.03418997   0.01304507
 -0.03416650   0.01300637
 -0.03414287   0.01296777
 -0.03411910   0.01292927
 -0.03409517   0.01289087
 -0.03407110   0.01285257
 -0.03404680   0.01281433
 -0.03402243   0.01277627
 -0.03399783   0.01273827
 -0.03397313   0.01270040
 -0.03394827   0.01266253
 -0.03392327   0.01262487
 -0.03389810   0.01258720
 -0.03387283   0.01254977
 -0.03384733   0.01251233
 -0.03382177   0.01247507
 -0.03379597   0.01243783
 -0.03377007   0.01240080
 -0.03374400   0.01236380
 -0.03371780   0.01232697
 -0.03369143   0.01229017
 -0.03366487   0.01225357
 -0.03363827   0.01221693
 -0.03361147   0.01218053
 -0.03358450   0.01214423
 -0.03355743   0.01210797
 -0.03353017   0.01207193
 -0.03350283   0.01203587
 -0.03347530   0.01200003
 -0.03344760   0.01196427
 -0.03341983   0.01192857
 -0.03339187   0.01189303
 -0.03336373   0.01185760
 -0.03333557   0.01182233
 -0.03330717   0.01178713
 -0.03327860   0.01175203
 -0.03325000   0.01171707
 -0.03322117   0.01168227
 -0.03319227   0.01164753
 -0.03316317   0.01161290
 -0.03313400   0.01157840
 -0.03310460   0.01154403
 -0.03307513   0.01150980
 -0.03304553   0.01147570
 -0.03301577   0.01144167
 -0.03298590   0.01140780
 -0.03295587   0.01137407
 -0.03292567   0.01134040
 -0.03289537   0.01130693
 -0.03286497   0.01127353
 -0.03283437   0.01124027
 -0.03280370   0.01120710
 -0.03277290   0.01117413
 -0.03274193   0.01114123
 -0.03271083   0.01110847
 -0.03267960   0.01107583
 -0.03264830   0.01104333
 -0.03261677   0.01101100
 -0.03258517   0.01097880
 -0.03255343   0.01094667
 -0.03252160   0.01091467
 -0.03248960   0.01088287
 -0.03245750   0.01085113
 -0.03242527   0.01081957
 -0.03239287   0.01078813
 -0.03236043   0.01075677
 -0.03232783   0.01072560
 -0.03229510   0.01069457
 -0.03226220   0.01066360
 -0.03222927   0.01063287
 -0.03219617   0.01060227
 -0.03216293   0.01057173
 -0.03212963   0.01054140
 -0.03209617   0.01051113
 -0.03206257   0.01048103
 -0.03202883   0.01045110
 -0.03199503   0.01042127
 -0.03196113   0.01039163
 -0.03192707   0.01036210
 -0.03189290   0.01033273
 -0.03185863   0.01030347
 -0.03182427   0.01027437
 -0.03178973   0.01024537
 -0.03175513   0.01021657
 -0.03172040   0.01018793
 -0.03168550   0.01015933
 -0.03165057   0.01013097
 -0.03161553   0.01010270
 -0.03158037   0.01007460
 -0.03154503   0.01004667
 -0.03150967   0.01001883
 -0.03147413   0.00999120
 -0.03143853   0.00996367
 -0.03140283   0.00993633
 -0.03136703   0.00990907
 -0.03133107   0.00988200
 -0.03129503   0.00985510
 -0.03125893   0.00982830
 -0.03122267   0.00980167
 -0.03118630   0.00977523
 -0.03114990   0.00974887
 -0.03111327   0.00972273
 -0.03107667   0.00969670
 -0.03103990   0.00967083
 -0.03100300   0.00964510
 -0.03096610   0.00961957
 -0.03092907   0.00959410
 -0.03089187   0.00956887
 -0.03085460   0.00954373
 -0.03081727   0.00951883
 -0.03077987   0.00949400
 -0.03074230   0.00946937
 -0.03070470   0.00944490
 -0.03066700   0.00942053
 -0.03062913   0.00939640
 -0.03059123   0.00937240
 -0.03055323   0.00934853
 -0.03051510   0.00932483
 -0.03047697   0.00930123
 -0.03043870   0.00927787
 -0.03040033   0.00925463
 -0.03036183   0.00923160
 -0.03032333   0.00920870
 -0.03028470   0.00918597
 -0.03024600   0.00916337
 -0.03020720   0.00914093
 -0.03016833   0.00911863
 -0.03012933   0.00909657
 -0.03009030   0.00907457
 -0.03005117   0.00905280
 -0.03001193   0.00903117
 -0.02997263   0.00900973
 -0.02993323   0.00898843
 -0.02989380   0.00896730
 -0.02985427   0.00894633
 -0.02981467   0.00892553
 -0.02977493   0.00890487
 -0.02973517   0.00888440
 -0.02969537   0.00886410
 -0.02965540   0.00884397
 -0.02961543   0.00882400
 -0.02957530   0.00880417
 -0.02953520   0.00878447
 -0.02949500   0.00876507
 -0.02945467   0.00874570
 -0.02941433   0.00872657
 -0.02937390   0.00870757
 -0.02933337   0.00868877
 -0.02929280   0.00867013
 -0.02925217   0.00865163
 -0.02921147   0.00863330
 -0.02917067   0.00861520
 -0.02912980   0.00859727
 -0.02908893   0.00857943
 -0.02904793   0.00856177
 -0.02900693   0.00854433
 -0.02896583   0.00852703
 -0.02892467   0.00850990
 -0.02888343   0.00849297
 -0.02884213   0.00847620
 -0.02880080   0.00845957
 -0.02875937   0.00844313
 -0.02871790   0.00842683
 -0.02867643   0.00841073
 -0.02863480   0.00839487
 -0.02859320   0.00837907
 -0.02855150   0.00836353
 -0.02850973   0.00834807
 -0.02846797   0.00833290
 -0.02842603   0.00831780
 -0.02838420   0.00830293
 -0.02834220   0.00828820
 -0.02830020   0.00827370
 -0.02825810   0.00825927
 -0.02821603   0.00824513
 -0.02817387   0.00823100
 -0.02813170   0.00821693
 -0.02808953   0.00820290
 -0.02804737   0.00818883
 -0.02800517   0.00817487
 -0.02796300   0.00816090
 -0.02792073   0.00814700
 -0.02787850   0.00813313
 -0.02783623   0.00811930
 -0.02779400   0.00810550
 -0.02775173   0.00809170
 -0.02770943   0.00807800
 -0.02766710   0.00806427
 -0.02762480   0.00805063
 -0.02758247   0.00803700
 -0.02754013   0.00802337
 -0.02749780   0.00800980
 -0.02745540   0.00799627
 -0.02741307   0.00798280
 -0.02737063   0.00796933
 -0.02732820   0.00795587
 -0.02728577   0.00794247
 -0.02724340   0.00792910
 -0.02720087   0.00791580
 -0.02715843   0.00790250
 -0.02711597   0.00788920
 -0.02707350   0.00787600
 -0.02703100   0.00786283
 -0.02698847   0.00784963
 -0.02694590   0.00783650
 -0.02690340   0.00782347
 -0.02686083   0.00781040
 -0.02681827   0.00779737
 -0.02677567   0.00778440
 -0.02673310   0.00777147
 -0.02669050   0.00775857
 -0.02664790   0.00774570
 -0.02660520   0.00773283
 -0.02656260   0.00772003
 -0.02651997   0.00770723
 -0.02647727   0.00769453
 -0.02643457   0.00768183
 -0.02639187   0.00766913
 -0.02634920   0.00765650
 -0.02630650   0.00764393
 -0.02626377   0.00763133
 -0.02622097   0.00761880
 -0.02617820   0.00760633
 -0.02613547   0.00759387
 -0.02609263   0.00758143
 -0.02604987   0.00756907
 -0.02600703   0.00755670
 -0.02596427   0.00754440
 -0.02592140   0.00753213
 -0.02587857   0.00751983
 -0.02583570   0.00750763
 -0.02579283   0.00749547
 -0.02574997   0.00748333
 -0.02570707   0.00747123
 -0.02566420   0.00745910
 -0.02562123   0.00744710
 -0.02557833   0.00743513
 -0.02553537   0.00742310
 -0.02549243   0.00741117
 -0.02544947   0.00739930
 -0.02540647   0.00738743
 -0.02536347   0.00737560
 -0.02532047   0.00736383
 -0.02527747   0.00735203
 -0.02523443   0.00734037
 -0.02519140   0.00732867
 -0.02514837   0.00731700
 -0.02510527   0.00730537
 -0.02506223   0.00729380
 -0.02501913   0.00728227
 -0.02497607   0.00727073
 -0.02493293   0.00725923
 -0.02488980   0.00724780
 -0.02484673   0.00723643
 -0.02480357   0.00722503
 -0.02476043   0.00721377
 -0.02471727   0.00720240
 -0.02467403   0.00719117
 -0.02463087   0.00717990
 -0.02458770   0.00716873
 -0.02454450   0.00715757
 -0.02450127   0.00714647
 -0.02445807   0.00713537
 -0.02441480   0.00712437
 -0.02437150   0.00711327
 -0.02432823   0.00710233
 -0.02428500   0.00709137
 -0.02424173   0.00708043
 -0.02419843   0.00706960
 -0.02415513   0.00705877
 -0.02405350   0.00702973
 -0.02394963   0.00700903
 -0.02384417   0.00699697
 -0.02373783   0.00699357
 -0.02363143   0.00699893
 -0.02352560   0.00701303
 -0.02342120   0.00703583
 -0.02331880   0.00706713
 -0.02321920   0.00710683
 -0.02312303   0.00715463
 -0.02303107   0.00721023
 -0.02294390   0.00727327
 -0.02286210   0.00734333
 -0.02278623   0.00741997
 -0.02271693   0.00750263
 -0.02265463   0.00759073
 -0.02259973   0.00768373
 -0.02255267   0.00778097
 -0.02251377   0.00788173
 -0.02248330   0.00798540
 -0.02247543   0.00801673
 -0.02246763   0.00804797
 -0.02245983   0.00807930
 -0.02245197   0.00811053
 -0.02244417   0.00814180
 -0.02243637   0.00817313
 -0.02242850   0.00820437
 -0.02242070   0.00823570
 -0.02241287   0.00826697
 -0.02240507   0.00829820
 -0.02239727   0.00832953
 -0.02238940   0.00836077
 -0.02238160   0.00839203
 -0.02237380   0.00842337
 -0.02236593   0.00845460
 -0.02235813   0.00848593
 -0.02235033   0.00851720
 -0.02234247   0.00854843
 -0.02233470   0.00857977
 -0.02232690   0.00861100
 -0.02231903   0.00864233
 -0.02231123   0.00867360
 -0.02230343   0.00870483
 -0.02229557   0.00873617
 -0.02228777   0.00876740
 -0.02227997   0.00879873
 -0.02227210   0.00883000
 -0.02226430   0.00886123
 -0.02225650   0.00889257
 -0.02224867   0.00892383
 -0.02224087   0.00895513
 -0.02223300   0.00898640
 -0.02222520   0.00901763
 -0.02221740   0.00904897
 -0.02220953   0.00908023
 -0.02220173   0.00911153
 -0.02219393   0.00914280
 -0.02218607   0.00917407
 -0.02217827   0.00920537
 -0.02217050   0.00923663
 -0.02216263   0.00926793
 -0.02215483   0.00929920
 -0.02214703   0.00933047
 -0.02213917   0.00936177
 -0.02213137   0.00939303
 -0.02212357   0.00942437
 -0.02211570   0.00945560
 -0.02210790   0.00948687
 -0.02210010   0.00951817
 -0.02209223   0.00954943
 -0.02208447   0.00958070
 -0.02207660   0.00961200
 -0.02206880   0.00964327
 -0.02206100   0.00967457
 -0.02205313   0.00970583
 -0.02204533   0.00973710
 -0.02203753   0.00976840
 -0.02202967   0.00979967
 -0.02202187   0.00983100
 -0.02201407   0.00986223
 -0.02200620   0.00989350
 -0.02199843   0.00992480
 -0.02199063   0.00995607
 -0.02198277   0.00998740
 -0.02197497   0.01001863
 -0.02196717   0.01004990
 -0.02195930   0.01008123
 -0.02195150   0.01011247
 -0.02194370   0.01014380
 -0.02193583   0.01017503
 -0.02192803   0.01020630
 -0.02192027   0.01023763
 -0.02191240   0.01026887
 -0.02190460   0.01030020
 -0.02189673   0.01033147
 -0.02188893   0.01036270
 -0.02188113   0.01039403
 -0.02187327   0.01042527
 -0.02186547   0.01045660
 -0.02185767   0.01048787
 -0.02184980   0.01051910
 -0.02184200   0.01055043
 -0.02183423   0.01058170
 -0.02182637   0.01061300
 -0.02181857   0.01064427
 -0.02181077   0.01067550
 -0.02180290   0.01070683
 -0.02179510   0.01073810
 -0.02178730   0.01076940
 -0.02177943   0.01080067
 -0.02177163   0.01083190
 -0.02176383   0.01086323
 -0.02175600   0.01089450
 -0.02174820   0.01092573
 -0.02174033   0.01095707
 -0.02173253   0.01098833
 -0.02172473   0.01101963
 -0.02171687   0.01105090
 -0.02170907   0.01108213
 -0.02170127   0.01111347
 -0.02169340   0.01114473
 -0.02168560   0.01117603
 -0.02167780   0.01120730
 -0.02166997   0.01123857
 -0.02166217   0.01126987
 -0.02165437   0.01130113
 -0.02164650   0.01133243
 -0.02163870   0.01136370
 -0.02163090   0.01139497
 -0.02162303   0.01142627
 -0.02161523   0.01145753
 -0.02160743   0.01148887
 -0.02159957   0.01152010
 -0.02159180   0.01155137
 -0.02158400   0.01158267
 -0.02157613   0.01161393
 -0.02156833   0.01164527
 -0.02156047   0.01167650
 -0.02155267   0.01170777
 -0.02154487   0.01173907
 -0.02153700   0.01177033
 -0.02152920   0.01180167
 -0.02152140   0.01183290
 -0.02151353   0.01186417
 -0.02150577   0.01189550
 -0.02149797   0.01192673
 -0.02149010   0.01195807
 -0.02148230   0.01198930
 -0.02147450   0.01202057
 -0.02146663   0.01205190
 -0.02145883   0.01208313
 -0.02145103   0.01211440
 -0.02144317   0.01214573
 -0.02143537   0.01217697
 -0.02142760   0.01220830
 -0.02141973   0.01223953
 -0.02141193   0.01227080
 -0.02140407   0.01230213
 -0.02139627   0.01233337
 -0.02138847   0.01236470
 -0.02138060   0.01239597
 -0.02137280   0.01242720
 -0.02136500   0.01245853
 -0.02135713   0.01248977
 -0.02134933   0.01252110
 -0.02134157   0.01255237
 -0.02133370   0.01258360
 -0.02132590   0.01261493
 -0.02131810   0.01264617
 -0.02131023   0.01267750
 -0.02130243   0.01270877
 -0.02129463   0.01274000
 -0.02128677   0.01277133
 -0.02127897   0.01280260
 -0.02127117   0.01283390
 -0.02126333   0.01286517
 -0.02125553   0.01289640
 -0.02124773   0.01292773
 -0.02123987   0.01295900
 -0.02123207   0.01299030
 -0.02122420   0.01302157
 -0.02121640   0.01305283
 -0.02120860   0.01308413
 -0.02120073   0.01311540
 -0.02119293   0.01314670
 -0.02118513   0.01317797
 -0.02117730   0.01320923
 -0.02116950   0.01324053
 -0.02116170   0.01327180
 -0.02115383   0.01330313
 -0.02114603   0.01333437
 -0.02113823   0.01336563
 -0.02113037   0.01339693
 -0.02112257   0.01342820
 -0.02111477   0.01345947
 -0.02110690   0.01349077
 -0.02109910   0.01352203
 -0.02109133   0.01355333
 -0.02108347   0.01358460
 -0.02107567   0.01361587
 -0.02106780   0.01364717
 -0.02106000   0.01367843
 -0.02105220   0.01370977
 -0.02104433   0.01374100
 -0.02103653   0.01377227
 -0.02102873   0.01380357
 -0.02102087   0.01383483
 -0.02101310   0.01386617
 -0.02100530   0.01389740
 -0.02099743   0.01392867
 -0.02098963   0.01396000
 -0.02098183   0.01399123
 -0.02097397   0.01402257
 -0.02096617   0.01405380
 -0.02095837   0.01408507
 -0.02095050   0.01411640
 -0.02094270   0.01414763
 -0.02093490   0.01417897
 -0.02092707   0.01421023
 -0.02091927   0.01424147
 -0.02091147   0.01427280
 -0.02090360   0.01430403
 -0.02089580   0.01433537
 -0.02088793   0.01436663
 -0.02088013   0.01439787
 -0.02087233   0.01442920
 -0.02086447   0.01446043
 -0.02085667   0.01449177
 -0.02084890   0.01452303
 -0.02084103   0.01455427
 -0.02083323   0.01458560
 -0.02082543   0.01461687
 -0.02081757   0.01464817
 -0.02080977   0.01467943
 -0.02080197   0.01471067
 -0.02079410   0.01474200
 -0.02078630   0.01477327
 -0.02077850   0.01480450
 -0.02077063   0.01483583
 -0.02076287   0.01486710
 -0.02075507   0.01489840
 -0.02074720   0.01492967
 -0.02073940   0.01496090
 -0.02073153   0.01499223
 -0.02072373   0.01502350
 -0.02071593   0.01505480
 -0.02070807   0.01508607
 -0.02070027   0.01511733
 -0.02069247   0.01514863
 -0.02068463   0.01517990
 -0.02067683   0.01521120
 -0.02066903   0.01524247
 -0.02066117   0.01527373
 -0.02065337   0.01530503
 -0.02064557   0.01533630
 -0.02063770   0.01536763
 -0.02062990   0.01539887
 -0.02062210   0.01543013
 -0.02061423   0.01546143
 -0.02060643   0.01549270
 -0.02059867   0.01552403
 -0.02059080   0.01555527
 -0.02058300   0.01558653
 -0.02057520   0.01561783
 -0.02056733   0.01564910
 -0.02055953   0.01568043
 -0.02055167   0.01571167
 -0.02054387   0.01574293
 -0.02053607   0.01577427
 -0.02052820   0.01580550
 -0.02052043   0.01583683
 -0.02051263   0.01586807
 -0.02050477   0.01589933
 -0.02049697   0.01593067
 -0.02048917   0.01596190
 -0.02048130   0.01599317
 -0.02047350   0.01602450
 -0.02046570   0.01605573
 -0.02045783   0.01608707
 -0.02045003   0.01611830
 -0.02044223   0.01614957
 -0.02043440   0.01618090
 -0.02042660   0.01621213
 -0.02041880   0.01624347
 -0.02041093   0.01627473
 -0.02040313   0.01630597
 -0.02039527   0.01633730
 -0.02038747   0.01636853
 -0.02037967   0.01639987
 -0.02037180   0.01643113
 -0.02036400   0.01646237
 -0.02035620   0.01649370
 -0.02034837   0.01652493
 -0.02034057   0.01655627
 -0.02033277   0.01658753
 -0.02032490   0.01661877
 -0.02031710   0.01665010
 -0.02030930   0.01668137
 -0.02030143   0.01671267
 -0.02029363   0.01674393
 -0.02028583   0.01677517
 -0.02027797   0.01680650
 -0.02027020   0.01683777
 -0.02026240   0.01686907
 -0.02025453   0.01690033
 -0.02024673   0.01693160
 -0.02023893   0.01696290
 -0.02023107   0.01699417
 -0.02022327   0.01702547
 -0.02021540   0.01705673
 -0.02020760   0.01708800
 -0.02019980   0.01711930
 -0.02019193   0.01715057
 -0.02018417   0.01718190
 -0.02017637   0.01721313
 -0.02016850   0.01724440
 -0.02016070   0.01727570
 -0.02015290   0.01730697
 -0.02014503   0.01733823
 -0.02013723   0.01736953
 -0.02012943   0.01740080
 -0.02012157   0.01743210
 -0.02011377   0.01746337
 -0.02010600   0.01749463
 -0.02009813   0.01752593
 -0.02009033   0.01755720
 -0.02008253   0.01758853
 -0.02007467   0.01761977
 -0.02006687   0.01765103
 -0.02005907   0.01768233
 -0.02005120   0.01771360
 -0.02004340   0.01774493
 -0.02003553   0.01777617
 -0.02002773   0.01780743
 -0.02001997   0.01783877
 -0.02001210   0.01787000
 -0.02000430   0.01790133
 -0.01999650   0.01793257
 -0.01998863   0.01796383
 -0.01998083   0.01799517
 -0.01997303   0.01802640
 -0.01996517   0.01805773
 -0.01995737   0.01808900
 -0.01994957   0.01812023
 -0.01994173   0.01815157
 -0.01993393   0.01818280
 -0.01992613   0.01821413
 -0.01991827   0.01824540
 -0.01991047   0.01827663
 -0.01990267   0.01830797
 -0.01989480   0.01833920
 -0.01988700   0.01837053
 -0.01987913   0.01840180
 -0.01987133   0.01843303
 -0.01986353   0.01846437
 -0.01985570   0.01849563
 -0.01984790   0.01852687
 -0.01984010   0.01855820
 -0.01983223   0.01858943
 -0.01982443   0.01862077
 -0.01981663   0.01865203
 -0.01980877   0.01868327
 -0.01980097   0.01871460
 -0.01979317   0.01874587
 -0.01978530   0.01877717
 -0.01977753   0.01880843
 -0.01976973   0.01883967
 -0.01976187   0.01887100
 -0.01975407   0.01890227
 -0.01974627   0.01893357
 -0.01973840   0.01896483
 -0.01973060   0.01899610
 -0.01972280   0.01902740
 -0.01971493   0.01905867
 -0.01970713   0.01908997
 -0.01969927   0.01912123
 -0.01969150   0.01915250
 -0.01968370   0.01918380
 -0.01967583   0.01921507
 -0.01966803   0.01924637
 -0.01966023   0.01927763
 -0.01965237   0.01930890
 -0.01964457   0.01934020
 -0.01963677   0.01937147
 -0.01962890   0.01940280
 -0.01962110   0.01943403
 -0.01961330   0.01946530
 -0.01960547   0.01949660
 -0.01959767   0.01952787
 -0.01958987   0.01955920
 -0.01958200   0.01959043
 -0.01957420   0.01962170
 -0.01956640   0.01965303
 -0.01955853   0.01968427
 -0.01955073   0.01971560
 -0.01954287   0.01974683
 -0.01953507   0.01977810
 -0.01952730   0.01980943
 -0.01951943   0.01984067
 -0.01951163   0.01987193
 -0.01950383   0.01990327
 -0.01949597   0.01993450
 -0.01948817   0.01996583
 -0.01948037   0.01999707
 -0.01947250   0.02002833
 -0.01946470   0.02005967
 -0.01945690   0.02009090
 -0.01944903   0.02012223
 -0.01944127   0.02015347
 -0.01943347   0.02018473
 -0.01942560   0.02021607
 -0.01941780   0.02024730
 -0.01941000   0.02027863
 -0.01940213   0.02030990
 -0.01939433   0.02034113
 -0.01938653   0.02037247
 -0.01937867   0.02040370
 -0.01937087   0.02043503
 -0.01936303   0.02046630
 -0.01935523   0.02049753
 -0.01934743   0.02052887
 -0.01933957   0.02056013
 -0.01933177   0.02059143
 -0.01932397   0.02062270
 -0.01931610   0.02065393
 -0.01930830   0.02068527
 -0.01930050   0.02071653
 -0.01929263   0.02074783
 -0.01928483   0.02077910
 -0.01927707   0.02081037
 -0.01926920   0.02084167
 -0.01926140   0.02087293
 -0.01925360   0.02090423
 -0.01924573   0.02093550
 -0.01923793   0.02096677
 -0.01923013   0.02099807
 -0.01922227   0.02102933
 -0.01921447   0.02106067
 -0.01920660   0.02109190
 -0.01919883   0.02112317
 -0.01919103   0.02115447
 -0.01918317   0.02118573
 -0.01917537   0.02121700
 -0.01916757   0.02124830
 -0.01915970   0.02127957
 -0.01915190   0.02131087
 -0.01914410   0.02134213
 -0.01913623   0.02137340
 -0.01912843   0.02140470
 -0.01912063   0.02143597
 -0.01911280   0.02146730
 -0.01910500   0.02149853
 -0.01909720   0.02152980
 -0.01908933   0.02156110
 -0.01908153   0.02159237
 -0.01907373   0.02162370
 -0.01906587   0.02165493
 -0.01905807   0.02168620
 -0.01905027   0.02171753
 -0.01904240   0.02174877
 -0.01903463   0.02178010
 -0.01902677   0.02181133
 -0.01901897   0.02184260
 -0.01901117   0.02187393
 -0.01900330   0.02190517
 -0.01899550   0.02193650
 -0.01898770   0.02196777
 -0.01897983   0.02199900
 -0.01897203   0.02203033
 -0.01896423   0.02206157
 -0.01895637   0.02209290
 -0.01894860   0.02212417
 -0.01894080   0.02215540
 -0.01893293   0.02218673
 -0.01892513   0.02221797
 -0.01891733   0.02224930
 -0.01890947   0.02228057
 -0.01890167   0.02231180
 -0.01889387   0.02234313
 -0.01888600   0.02237440
 -0.01887820   0.02240563
 -0.01887037   0.02243697
 -0.01886257   0.02246820
 -0.01885477   0.02249953
 -0.01884690   0.02253080
 -0.01883910   0.02256203
 -0.01883130   0.02259337
 -0.01882343   0.02262463
 -0.01881563   0.02265593
 -0.01880783   0.02268720
 -0.01879997   0.02271843
 -0.01879217   0.02274977
 -0.01878440   0.02278103
 -0.01877653   0.02281233
 -0.01876873   0.02284360
 -0.01876093   0.02287487
 -0.01875307   0.02290617
 -0.01874527   0.02293743
 -0.01873747   0.02296873
 -0.01872960   0.02300000
