 -0.03725000   0.02300000
 -0.03723219   0.02292884
 -0.03721447   0.02285769
 -0.03719666   0.02278653
 -0.03717884   0.02271538
 -0.03716104   0.02264422
 -0.03714331   0.02257307
 -0.03712551   0.02250191
 -0.03710769   0.02243086
 -0.03708988   0.02235970
 -0.03707216   0.02228855
 -0.03705435   0.02221739
 -0.03703653   0.02214624
 -0.03701873   0.02207508
 -0.03700100   0.02200393
 -0.03698319   0.02193277
 -0.03696538   0.02186162
 -0.03694766   0.02179046
 -0.03692985   0.02171931
 -0.03691204   0.02164815
 -0.03689422   0.02157699
 -0.03687651   0.02150584
 -0.03685869   0.02143478
 -0.03684088   0.02136362
 -0.03682307   0.02129247
 -0.03680535   0.02122132
 -0.03678754   0.02115016
 -0.03676973   0.02107901
 -0.03675191   0.02100785
 -0.03673420   0.02093670
 -0.03671638   0.02086554
 -0.03669857   0.02079439
 -0.03668086   0.02072323
 -0.03666304   0.02065208
 -0.03664523   0.02058092
 -0.03662742   0.02050977
 -0.03660970   0.02043870
 -0.03659189   0.02036755
 -0.03657408   0.02029639
 -0.03655626   0.02022524
 -0.03653855   0.02015409
 -0.03652073   0.02008293
 -0.03650292   0.02001178
 -0.03648520   0.01994062
 -0.03646739   0.01986947
 -0.03644958   0.01979831
 -0.03643177   0.01972716
 -0.03641404   0.01965600
 -0.03639624   0.01958485
 -0.03637842   0.01951369
 -0.03636061   0.01944263
 -0.03634289   0.01937147
 -0.03632508   0.01930032
 -0.03630727   0.01922916
 -0.03628946   0.01915802
 -0.03627173   0.01908686
 -0.03625393   0.01901571
 -0.03623611   0.01894455
 -0.03621839   0.01887339
 -0.03620058   0.01880224
 -0.03618277   0.01873108
 -0.03616496   0.01865993
 -0.03614724   0.01858877
 -0.03612943   0.01851762
 -0.03611162   0.01844656
 -0.03609381   0.01837540
 -0.03607608   0.01830424
 -0.03605828   0.01823309
 -0.03604046   0.01816193
 -0.03602265   0.01809078
 -0.03600493   0.01801963
 -0.03598712   0.01794848
 -0.03596931   0.01787732
 -0.03595159   0.01780617
 -0.03593377   0.01773501
 -0.03591597   0.01766386
 -0.03589815   0.01759270
 -0.03588043   0.01752154
 -0.03586262   0.01745048
 -0.03584481   0.01737933
 -0.03582699   0.01730817
 -0.03580928   0.01723702
 -0.03579146   0.01716586
 -0.03577366   0.01709471
 -0.03575584   0.01702355
 -0.03573812   0.01695240
 -0.03572031   0.01688125
 -0.03570250   0.01681009
 -0.03568478   0.01673894
 -0.03566697   0.01666778
 -0.03564915   0.01659663
 -0.03563134   0.01652547
 -0.03561362   0.01645441
 -0.03559581   0.01638325
 -0.03557801   0.01631210
 -0.03556019   0.01624094
 -0.03554247   0.01616979
 -0.03552466   0.01609863
 -0.03550685   0.01602748
 -0.03548913   0.01595632
 -0.03547132   0.01588517
 -0.03545350   0.01581402
 -0.03543569   0.01574286
 -0.03541797   0.01567171
 -0.03540016   0.01560055
 -0.03538235   0.01552940
 -0.03536454   0.01545833
 -0.03534682   0.01538718
 -0.03532901   0.01531602
 -0.03531119   0.01524487
 -0.03529338   0.01517371
 -0.03527566   0.01510256
 -0.03525785   0.01503140
 -0.03524004   0.01496025
 -0.03522229   0.01488910
 -0.03520440   0.01481797
 -0.03518647   0.01474684
 -0.03516849   0.01467574
 -0.03515056   0.01460464
 -0.03513248   0.01453355
 -0.03511437   0.01446258
 -0.03509620   0.01439152
 -0.03507809   0.01432047
 -0.03505956   0.01424944
 -0.03504062   0.01417861
 -0.03502136   0.01410789
 -0.03500168   0.01403727
 -0.03498159   0.01396677
 -0.03496108   0.01389637
 -0.03494017   0.01382607
 -0.03491884   0.01375589
 -0.03489719   0.01368591
 -0.03487513   0.01361594
 -0.03485265   0.01354618
 -0.03482976   0.01347653
 -0.03480646   0.01340698
 -0.03478283   0.01333755
 -0.03475871   0.01326832
 -0.03473427   0.01319921
 -0.03470950   0.01313019
 -0.03468424   0.01306139
 -0.03465865   0.01299270
 -0.03463265   0.01292412
 -0.03460624   0.01285574
 -0.03457942   0.01278748
 -0.03455228   0.01271942
 -0.03452472   0.01265148
 -0.03449685   0.01258365
 -0.03446848   0.01251603
 -0.03443979   0.01244860
 -0.03441068   0.01238130
 -0.03438126   0.01231420
 -0.03435143   0.01224722
 -0.03432120   0.01218045
 -0.03429064   0.01211379
 -0.03425967   0.01204734
 -0.03422829   0.01198109
 -0.03419660   0.01191497
 -0.03416450   0.01184914
 -0.03413199   0.01178334
 -0.03409916   0.01171785
 -0.03406601   0.01165247
 -0.03403237   0.01158738
 -0.03399850   0.01152243
 -0.03396413   0.01145758
 -0.03392945   0.01139304
 -0.03389445   0.01132862
 -0.03385905   0.01126451
 -0.03382323   0.01120051
 -0.03378710   0.01113672
 -0.03375065   0.01107314
 -0.03371380   0.01100979
 -0.03367664   0.01094663
 -0.03363907   0.01088370
 -0.03360109   0.01082098
 -0.03356289   0.01075856
 -0.03352429   0.01069626
 -0.03348527   0.01063418
 -0.03344595   0.01057231
 -0.03340632   0.01051075
 -0.03336627   0.01044931
 -0.03332592   0.01038818
 -0.03328516   0.01032726
 -0.03324409   0.01026656
 -0.03320271   0.01020608
 -0.03316101   0.01014580
 -0.03311891   0.01008584
 -0.03307651   0.01002609
 -0.03303378   0.00996657
 -0.03299066   0.00990735
 -0.03294723   0.00984835
 -0.03290348   0.00978956
 -0.03285942   0.00973099
 -0.03281497   0.00967273
 -0.03277020   0.00961479
 -0.03272513   0.00955696
 -0.03267974   0.00949945
 -0.03263404   0.00944225
 -0.03258795   0.00938526
 -0.03254164   0.00932850
 -0.03249492   0.00927205
 -0.03244790   0.00921591
 -0.03240067   0.00915999
 -0.03235303   0.00910429
 -0.03230509   0.00904890
 -0.03225674   0.00899382
 -0.03220819   0.00893897
 -0.03215933   0.00888442
 -0.03211015   0.00883011
 -0.03206068   0.00877619
 -0.03201090   0.00872240
 -0.03196081   0.00866902
 -0.03191042   0.00861587
 -0.03185971   0.00856302
 -0.03180872   0.00851039
 -0.03175740   0.00845818
 -0.03170579   0.00840619
 -0.03165397   0.00835450
 -0.03160175   0.00830305
 -0.03154932   0.00825200
 -0.03149658   0.00820118
 -0.03144354   0.00815066
 -0.03139021   0.00810047
 -0.03133666   0.00805059
 -0.03128271   0.00800094
 -0.03122855   0.00795169
 -0.03117419   0.00790267
 -0.03111943   0.00785406
 -0.03106446   0.00780568
 -0.03100920   0.00775761
 -0.03095372   0.00770994
 -0.03089795   0.00766250
 -0.03084186   0.00761539
 -0.03078549   0.00756868
 -0.03072891   0.00752219
 -0.03067212   0.00747603
 -0.03061503   0.00743027
 -0.03055764   0.00738474
 -0.03050004   0.00733962
 -0.03044215   0.00729473
 -0.03038406   0.00725025
 -0.03032566   0.00720609
 -0.03026706   0.00716224
 -0.03020816   0.00711872
 -0.03014906   0.00707561
 -0.03008975   0.00703272
 -0.03003015   0.00699025
 -0.02997034   0.00694809
 -0.02991024   0.00690626
 -0.02984994   0.00686484
 -0.02978943   0.00682365
 -0.02972863   0.00678286
 -0.02966763   0.00674240
 -0.02960643   0.00670235
 -0.02954502   0.00666262
 -0.02948332   0.00662322
 -0.02942151   0.00658413
 -0.02935941   0.00654545
 -0.02929702   0.00650710
 -0.02923452   0.00646916
 -0.02917181   0.00643154
 -0.02910882   0.00639425
 -0.02904563   0.00635727
 -0.02898233   0.00632071
 -0.02891874   0.00628456
 -0.02885496   0.00624873
 -0.02879097   0.00621323
 -0.02872679   0.00617813
 -0.02866241   0.00614337
 -0.02859783   0.00610901
 -0.02853306   0.00607498
 -0.02846818   0.00604136
 -0.02840302   0.00600806
 -0.02833767   0.00597513
 -0.02827223   0.00594249
 -0.02820660   0.00591022
 -0.02814078   0.00587825
 -0.02807477   0.00584664
 -0.02800859   0.00581532
 -0.02794230   0.00578438
 -0.02787574   0.00575381
 -0.02780909   0.00572352
 -0.02774234   0.00569361
 -0.02767532   0.00566398
 -0.02760819   0.00563473
 -0.02754098   0.00560586
 -0.02747348   0.00557727
 -0.02740590   0.00554906
 -0.02733822   0.00552122
 -0.02727036   0.00549367
 -0.02720230   0.00546649
 -0.02713415   0.00543968
 -0.02706582   0.00541317
 -0.02699740   0.00538712
 -0.02692888   0.00536126
 -0.02686008   0.00533587
 -0.02679128   0.00531076
 -0.02672230   0.00528603
 -0.02665322   0.00526167
 -0.02658395   0.00523760
 -0.02651459   0.00521400
 -0.02644514   0.00519068
 -0.02637550   0.00516764
 -0.02630577   0.00514508
 -0.02623594   0.00512279
 -0.02616593   0.00510088
 -0.02609592   0.00507935
 -0.02602572   0.00505820
 -0.02595543   0.00503742
 -0.02588504   0.00501692
 -0.02581447   0.00499681
 -0.02574389   0.00497706
 -0.02567314   0.00495770
 -0.02560238   0.00493870
 -0.02553143   0.00492009
 -0.02546048   0.00490176
 -0.02538935   0.00488380
 -0.02531812   0.00486622
 -0.02524698   0.00484864
 -0.02517575   0.00483118
 -0.02510452   0.00481380
 -0.02503329   0.00479644
 -0.02496196   0.00477917
 -0.02489072   0.00476200
 -0.02481939   0.00474485
 -0.02474806   0.00472779
 -0.02467673   0.00471074
 -0.02460539   0.00469378
 -0.02453406   0.00467693
 -0.02446272   0.00466009
 -0.02439129   0.00464334
 -0.02431986   0.00462670
 -0.02424843   0.00461006
 -0.02417699   0.00459352
 -0.02410555   0.00457699
 -0.02403412   0.00456057
 -0.02396268   0.00454424
 -0.02389114   0.00452792
 -0.02381961   0.00451169
 -0.02374807   0.00449557
 -0.02367654   0.00447945
 -0.02360501   0.00446343
 -0.02353346   0.00444752
 -0.02346183   0.00443161
 -0.02339029   0.00441580
 -0.02331865   0.00439999
 -0.02324702   0.00438430
 -0.02317538   0.00436869
 -0.02310374   0.00435310
 -0.02303201   0.00433761
 -0.02296037   0.00432221
 -0.02288863   0.00430682
 -0.02281690   0.00429154
 -0.02274525   0.00427626
 -0.02267351   0.00426107
 -0.02260168   0.00424599
 -0.02252994   0.00423092
 -0.02245819   0.00421594
 -0.02238636   0.00420107
 -0.02231453   0.00418621
 -0.02224269   0.00417144
 -0.02217085   0.00415677
 -0.02209901   0.00414212
 -0.02202717   0.00412756
 -0.02195532   0.00411301
 -0.02188339   0.00409856
 -0.02181155   0.00408420
 -0.02173961   0.00406995
 -0.02166767   0.00405571
 -0.02159573   0.00404147
 -0.02152379   0.00402742
 -0.02145175   0.00401330
 -0.02137981   0.00399936
 -0.02130778   0.00398543
 -0.02123583   0.00397159
 -0.02116379   0.00395778
 -0.02109176   0.00394414
 -0.02101972   0.00393042
 -0.02094767   0.00391691
 -0.02087563   0.00390339
 -0.02080350   0.00388988
 -0.02073146   0.00387657
 -0.02065931   0.00386326
 -0.02058718   0.00384995
 -0.02051504   0.00383675
 -0.02044289   0.00382366
 -0.02037076   0.00381065
 -0.02029862   0.00379766
 -0.02022638   0.00378467
 -0.02015423   0.00377188
 -0.02008200   0.00375909
 -0.02000986   0.00374631
 -0.01993762   0.00373372
 -0.01986537   0.00372114
 -0.01979314   0.00370857
 -0.01972081   0.00369610
 -0.01964856   0.00368373
 -0.01957632   0.00367145
 -0.01950398   0.00365919
 -0.01943174   0.00364703
 -0.01935940   0.00363487
 -0.01928706   0.00362281
 -0.01921473   0.00361085
 -0.01914238   0.00359891
 -0.01907004   0.00358705
 -0.01899761   0.00357530
 -0.01892527   0.00356356
 -0.01885283   0.00355192
 -0.01878049   0.00354028
 -0.01870806   0.00352884
 -0.01863561   0.00351731
 -0.01856318   0.00350597
 -0.01849074   0.00349464
 -0.01841829   0.00348342
 -0.01834586   0.00347219
 -0.01827333   0.00346107
 -0.01820088   0.00345006
 -0.01812835   0.00343904
 -0.01805591   0.00342812
 -0.01798337   0.00341722
 -0.01791083   0.00340651
 -0.01783830   0.00339580
 -0.01776576   0.00338510
 -0.01769322   0.00337450
 -0.01762069   0.00336400
 -0.01754805   0.00335351
 -0.01747551   0.00334312
 -0.01740288   0.00333282
 -0.01733034   0.00332254
 -0.01725771   0.00331236
 -0.01718507   0.00330227
 -0.01711243   0.00329219
 -0.01703980   0.00328222
 -0.01696716   0.00327234
 -0.01689453   0.00326247
 -0.01682179   0.00325271
 -0.01674916   0.00324294
 -0.01667653   0.00323328
 -0.01660379   0.00322372
 -0.01653106   0.00321426
 -0.01645842   0.00320479
 -0.01638569   0.00319535
 -0.01631296   0.00318609
 -0.01624022   0.00317684
 -0.01616749   0.00316758
 -0.01609476   0.00315851
 -0.01602193   0.00314935
 -0.01594920   0.00314038
 -0.01587637   0.00313141
 -0.01580364   0.00312253
 -0.01573082   0.00311366
 -0.01565809   0.00310497
 -0.01558526   0.00309619
 -0.01551243   0.00308760
 -0.01543961   0.00307901
 -0.01536678   0.00307051
 -0.01529396   0.00306202
 -0.01522113   0.00305362
 -0.01514830   0.00304531
 -0.01507538   0.00303701
 -0.01500256   0.00302881
 -0.01492964   0.00302060
 -0.01485681   0.00301248
 -0.01478389   0.00300447
 -0.01471107   0.00299654
 -0.01463815   0.00298862
 -0.01456523   0.00298079
 -0.01449231   0.00297296
 -0.01441939   0.00296523
 -0.01434647   0.00295759
 -0.01427355   0.00294995
 -0.01420063   0.00294241
 -0.01412762   0.00293497
 -0.01405469   0.00292752
 -0.01398178   0.00292017
 -0.01390877   0.00291292
 -0.01383585   0.00290566
 -0.01376283   0.00289850
 -0.01368982   0.00289143
 -0.01361681   0.00288436
 -0.01354389   0.00287739
 -0.01347087   0.00287043
 -0.01339786   0.00286355
 -0.01332485   0.00285677
 -0.01325183   0.00284999
 -0.01317882   0.00284331
 -0.01310572   0.00283672
 -0.01303270   0.00283013
 -0.01295969   0.00282364
 -0.01288658   0.00281724
 -0.01281357   0.00281084
 -0.01274055   0.00280454
 -0.01266745   0.00279833
 -0.01259434   0.00279212
 -0.01252133   0.00278601
 -0.01244822   0.00277989
 -0.01237511   0.00277388
 -0.01230201   0.00276796
 -0.01222890   0.00276213
 -0.01215589   0.00275631
 -0.01208278   0.00275057
 -0.01197751   0.00274590
 -0.01187225   0.00274869
 -0.01176741   0.00275885
 -0.01166359   0.00277637
 -0.01156118   0.00280115
 -0.01146077   0.00283300
 -0.01136287   0.00287181
 -0.01126797   0.00291749
 -0.01117647   0.00296963
 -0.01108886   0.00302804
 -0.01100553   0.00309252
 -0.01092699   0.00316267
 -0.01085355   0.00323818
 -0.01078558   0.00331857
 -0.01072339   0.00340363
 -0.01066737   0.00349278
 -0.01061773   0.00358569
 -0.01057476   0.00368181
 -0.01053857   0.00378078
 -0.01050944   0.00388197
 -0.01049947   0.00392182
 -0.01048951   0.00396168
 -0.01047964   0.00400144
 -0.01046968   0.00404130
 -0.01045971   0.00408115
 -0.01044975   0.00412100
 -0.01043979   0.00416076
 -0.01042982   0.00420062
 -0.01041986   0.00424048
 -0.01040990   0.00428024
 -0.01039993   0.00432009
 -0.01038996   0.00435995
 -0.01038000   0.00439980
 -0.01037004   0.00443956
 -0.01036007   0.00447942
 -0.01035011   0.00451928
 -0.01034015   0.00455913
 -0.01033028   0.00459889
 -0.01032031   0.00463874
 -0.01031035   0.00467859
 -0.01030039   0.00471836
 -0.01029042   0.00475822
 -0.01028046   0.00479807
 -0.01027050   0.00483792
 -0.01026053   0.00487769
 -0.01025057   0.00491754
 -0.01024060   0.00495739
 -0.01023064   0.00499716
 -0.01022067   0.00503702
 -0.01021071   0.00507687
 -0.01020075   0.00511672
 -0.01019088   0.00515648
 -0.01018091   0.00519634
 -0.01017095   0.00523619
 -0.01016099   0.00527605
 -0.01015102   0.00531581
 -0.01014106   0.00535567
 -0.01013110   0.00539552
 -0.01012113   0.00543528
 -0.01011117   0.00547513
 -0.01010121   0.00551499
 -0.01009124   0.00555485
 -0.01008128   0.00559461
 -0.01007131   0.00563446
 -0.01006135   0.00567432
 -0.01005138   0.00571417
 -0.01004151   0.00575393
 -0.01003155   0.00579379
 -0.01002159   0.00583365
 -0.01001162   0.00587341
 -0.01000166   0.00591326
 -0.00999170   0.00595311
 -0.00998173   0.00599297
 -0.00997177   0.00603273
 -0.00996181   0.00607259
 -0.00995184   0.00611244
 -0.00994188   0.00615230
 -0.00993192   0.00619206
 -0.00992196   0.00623191
 -0.00991198   0.00627177
 -0.00990211   0.00631153
 -0.00989215   0.00635139
 -0.00988219   0.00639124
 -0.00987222   0.00643109
 -0.00986226   0.00647085
 -0.00985230   0.00651071
 -0.00984233   0.00655057
 -0.00983237   0.00659033
 -0.00982241   0.00663018
 -0.00981244   0.00667004
 -0.00980248   0.00670989
 -0.00979252   0.00674965
 -0.00978256   0.00678951
 -0.00977259   0.00682937
 -0.00976263   0.00686922
 -0.00975275   0.00690898
 -0.00974279   0.00694883
 -0.00973282   0.00698869
 -0.00972286   0.00702845
 -0.00971290   0.00706831
 -0.00970293   0.00710816
 -0.00969297   0.00714802
 -0.00968301   0.00718778
 -0.00967304   0.00722763
 -0.00966308   0.00726748
 -0.00965312   0.00730734
 -0.00964316   0.00734711
 -0.00963319   0.00738696
 -0.00962323   0.00742681
 -0.00961336   0.00746658
 -0.00960339   0.00750643
 -0.00959343   0.00754628
 -0.00958346   0.00758614
 -0.00957350   0.00762591
 -0.00956353   0.00766576
 -0.00955357   0.00770561
 -0.00954361   0.00774537
 -0.00953364   0.00778523
 -0.00952368   0.00782508
 -0.00951372   0.00786494
 -0.00950376   0.00790470
 -0.00949379   0.00794456
 -0.00948383   0.00798441
 -0.00947387   0.00802426
 -0.00946399   0.00806402
 -0.00945403   0.00810388
 -0.00944407   0.00814374
 -0.00943411   0.00818350
 -0.00942413   0.00822335
 -0.00941417   0.00826320
 -0.00940421   0.00830306
 -0.00939424   0.00834282
 -0.00938428   0.00838268
 -0.00937432   0.00842253
 -0.00936436   0.00846239
 -0.00935439   0.00850215
 -0.00934443   0.00854200
 -0.00933447   0.00858186
 -0.00932459   0.00862162
 -0.00931463   0.00866148
 -0.00930467   0.00870133
 -0.00929471   0.00874118
 -0.00928474   0.00878095
 -0.00927478   0.00882080
 -0.00926481   0.00886066
 -0.00925484   0.00890042
 -0.00924488   0.00894028
 -0.00923492   0.00898013
 -0.00922496   0.00901998
 -0.00921499   0.00905974
 -0.00920503   0.00909960
 -0.00919507   0.00913946
 -0.00918510   0.00917931
 -0.00917523   0.00921907
 -0.00916527   0.00925893
 -0.00915531   0.00929878
 -0.00914534   0.00933854
 -0.00913538   0.00937839
 -0.00912542   0.00941826
 -0.00911545   0.00945811
 -0.00910549   0.00949787
 -0.00909552   0.00953772
 -0.00908556   0.00957758
 -0.00907559   0.00961743
 -0.00906563   0.00965719
 -0.00905567   0.00969705
 -0.00904570   0.00973691
 -0.00903583   0.00977667
 -0.00902587   0.00981652
 -0.00901591   0.00985637
 -0.00900594   0.00989623
 -0.00899598   0.00993599
 -0.00898602   0.00997585
 -0.00897605   0.01001570
 -0.00896609   0.01005556
 -0.00895613   0.01009532
 -0.00894616   0.01013517
 -0.00893619   0.01017503
 -0.00892623   0.01021479
 -0.00891627   0.01025465
 -0.00890630   0.01029450
 -0.00889634   0.01033435
 -0.00888647   0.01037411
 -0.00887651   0.01041397
 -0.00886654   0.01045383
 -0.00885658   0.01049359
 -0.00884662   0.01053344
 -0.00883665   0.01057330
 -0.00882669   0.01061315
 -0.00881673   0.01065291
 -0.00880676   0.01069277
 -0.00879680   0.01073263
 -0.00878684   0.01077248
 -0.00877687   0.01081224
 -0.00876690   0.01085209
 -0.00875694   0.01089195
 -0.00874698   0.01093171
 -0.00873711   0.01097157
 -0.00872714   0.01101142
 -0.00871718   0.01105128
 -0.00870722   0.01109104
 -0.00869725   0.01113089
 -0.00868729   0.01117074
 -0.00867733   0.01121061
 -0.00866736   0.01125037
 -0.00865740   0.01129022
 -0.00864744   0.01133007
 -0.00863747   0.01136984
 -0.00862751   0.01140969
 -0.00861755   0.01144954
 -0.00860758   0.01148940
 -0.00859771   0.01152917
 -0.00858774   0.01156902
 -0.00857778   0.01160887
 -0.00856782   0.01164863
 -0.00855785   0.01168849
 -0.00854789   0.01172834
 -0.00853793   0.01176820
 -0.00852796   0.01180796
 -0.00851800   0.01184782
 -0.00850804   0.01188767
 -0.00849807   0.01192752
 -0.00848811   0.01196728
 -0.00847815   0.01200714
 -0.00846818   0.01204700
 -0.00845822   0.01208676
 -0.00844834   0.01212661
 -0.00843838   0.01216646
 -0.00842842   0.01220632
 -0.00841845   0.01224608
 -0.00840849   0.01228594
 -0.00839853   0.01232579
 -0.00838856   0.01236565
 -0.00837860   0.01240541
 -0.00836864   0.01244526
 -0.00835867   0.01248512
 -0.00834871   0.01252488
 -0.00833875   0.01256474
 -0.00832878   0.01260459
 -0.00831882   0.01264444
 -0.00830895   0.01268421
 -0.00829899   0.01272406
 -0.00828902   0.01276392
 -0.00827905   0.01280377
 -0.00826909   0.01284354
 -0.00825913   0.01288339
 -0.00824916   0.01292324
 -0.00823920   0.01296300
 -0.00822924   0.01300286
 -0.00821927   0.01304272
 -0.00820931   0.01308257
 -0.00819935   0.01312233
 -0.00818938   0.01316219
 -0.00817942   0.01320204
 -0.00816946   0.01324180
 -0.00815959   0.01328166
 -0.00814962   0.01332152
 -0.00813966   0.01336137
 -0.00812970   0.01340113
 -0.00811973   0.01344098
 -0.00810976   0.01348084
 -0.00809980   0.01352069
 -0.00808984   0.01356046
 -0.00807987   0.01360031
 -0.00806991   0.01364017
 -0.00805995   0.01367993
 -0.00804998   0.01371978
 -0.00804002   0.01375963
 -0.00803006   0.01379949
 -0.00802019   0.01383926
 -0.00801022   0.01387911
 -0.00800026   0.01391896
 -0.00799030   0.01395881
 -0.00798033   0.01399858
 -0.00797037   0.01403843
 -0.00796040   0.01407829
 -0.00795044   0.01411805
 -0.00794047   0.01415791
 -0.00793051   0.01419776
 -0.00792055   0.01423761
 -0.00791058   0.01427737
 -0.00790062   0.01431723
 -0.00789066   0.01435709
 -0.00788069   0.01439685
 -0.00787082   0.01443670
 -0.00786086   0.01447656
 -0.00785090   0.01451641
 -0.00784093   0.01455617
 -0.00783097   0.01459603
 -0.00782101   0.01463589
 -0.00781104   0.01467574
 -0.00780108   0.01471550
 -0.00779111   0.01475535
 -0.00778115   0.01479521
 -0.00777118   0.01483497
 -0.00776122   0.01487483
 -0.00775126   0.01491468
 -0.00774129   0.01495454
 -0.00773142   0.01499430
 -0.00772146   0.01503415
 -0.00771150   0.01507401
 -0.00770153   0.01511387
 -0.00769157   0.01515363
 -0.00768161   0.01519348
 -0.00767164   0.01523333
 -0.00766168   0.01527310
 -0.00765172   0.01531295
 -0.00764176   0.01535281
 -0.00763178   0.01539266
 -0.00762182   0.01543243
 -0.00761186   0.01547228
 -0.00760189   0.01551213
 -0.00759193   0.01555198
 -0.00758206   0.01559175
 -0.00757210   0.01563161
 -0.00756213   0.01567146
 -0.00755217   0.01571122
 -0.00754221   0.01575107
 -0.00753224   0.01579093
 -0.00752228   0.01583078
 -0.00751232   0.01587054
 -0.00750236   0.01591040
 -0.00749239   0.01595026
 -0.00748243   0.01599002
 -0.00747246   0.01602987
 -0.00746249   0.01606972
 -0.00745253   0.01610958
 -0.00744266   0.01614934
 -0.00743270   0.01618920
 -0.00742273   0.01622905
 -0.00741277   0.01626891
 -0.00740281   0.01630867
 -0.00739284   0.01634852
 -0.00738288   0.01638838
 -0.00737292   0.01642814
 -0.00736296   0.01646800
 -0.00735299   0.01650785
 -0.00734303   0.01654770
 -0.00733307   0.01658747
 -0.00732310   0.01662732
 -0.00731314   0.01666718
 -0.00730317   0.01670703
 -0.00729330   0.01674680
 -0.00728333   0.01678665
 -0.00727337   0.01682650
 -0.00726341   0.01686626
 -0.00725344   0.01690612
 -0.00724348   0.01694598
 -0.00723352   0.01698583
 -0.00722356   0.01702559
 -0.00721359   0.01706545
 -0.00720363   0.01710530
 -0.00719367   0.01714506
 -0.00718370   0.01718492
 -0.00717374   0.01722478
 -0.00716378   0.01726463
 -0.00715391   0.01730439
 -0.00714393   0.01734424
 -0.00713397   0.01738410
 -0.00712401   0.01742396
 -0.00711404   0.01746372
 -0.00710408   0.01750357
 -0.00709412   0.01754342
 -0.00708416   0.01758319
 -0.00707419   0.01762304
 -0.00706423   0.01766289
 -0.00705427   0.01770275
 -0.00704430   0.01774252
 -0.00703434   0.01778237
 -0.00702438   0.01782222
 -0.00701441   0.01786207
 -0.00700454   0.01790184
 -0.00699458   0.01794169
 -0.00698461   0.01798155
 -0.00697464   0.01802131
 -0.00696468   0.01806117
 -0.00695472   0.01810102
 -0.00694476   0.01814087
 -0.00693479   0.01818063
 -0.00692483   0.01822049
 -0.00691487   0.01826035
 -0.00690490   0.01830011
 -0.00689494   0.01833996
 -0.00688498   0.01837982
 -0.00687501   0.01841967
 -0.00686514   0.01845943
 -0.00685518   0.01849929
 -0.00684522   0.01853915
 -0.00683525   0.01857900
 -0.00682529   0.01861876
 -0.00681532   0.01865861
 -0.00680536   0.01869847
 -0.00679539   0.01873823
 -0.00678543   0.01877809
 -0.00677547   0.01881794
 -0.00676550   0.01885780
 -0.00675554   0.01889756
 -0.00674558   0.01893741
 -0.00673561   0.01897727
 -0.00672565   0.01901713
 -0.00671578   0.01905689
 -0.00670582   0.01909674
 -0.00669585   0.01913659
 -0.00668589   0.01917636
 -0.00667593   0.01921621
 -0.00666596   0.01925607
 -0.00665599   0.01929592
 -0.00664603   0.01933568
 -0.00663607   0.01937554
 -0.00662610   0.01941539
 -0.00661614   0.01945524
 -0.00660618   0.01949501
 -0.00659621   0.01953487
 -0.00658625   0.01957472
 -0.00657638   0.01961448
 -0.00656642   0.01965433
 -0.00655645   0.01969419
 -0.00654649   0.01973404
 -0.00653653   0.01977381
 -0.00652656   0.01981366
 -0.00651660   0.01985352
 -0.00650664   0.01989328
 -0.00649667   0.01993313
 -0.00648670   0.01997298
 -0.00647674   0.02001284
 -0.00646678   0.02005261
 -0.00645681   0.02009246
 -0.00644685   0.02013231
 -0.00643689   0.02017217
 -0.00642702   0.02021193
 -0.00641705   0.02025178
 -0.00640709   0.02029164
 -0.00639713   0.02033141
 -0.00638716   0.02037126
 -0.00637720   0.02041111
 -0.00636724   0.02045096
 -0.00635727   0.02049073
 -0.00634731   0.02053058
 -0.00633735   0.02057044
 -0.00632738   0.02061029
 -0.00631741   0.02065006
 -0.00630745   0.02068991
 -0.00629749   0.02072976
 -0.00628762   0.02076952
 -0.00627765   0.02080938
 -0.00626769   0.02084924
 -0.00625773   0.02088909
 -0.00624776   0.02092885
 -0.00623780   0.02096871
 -0.00622784   0.02100856
 -0.00621787   0.02104832
 -0.00620791   0.02108818
 -0.00619795   0.02112804
 -0.00618798   0.02116789
 -0.00617802   0.02120765
 -0.00616805   0.02124750
 -0.00615809   0.02128736
 -0.00614812   0.02132722
 -0.00613825   0.02136698
 -0.00612829   0.02140683
 -0.00611833   0.02144668
 -0.00610836   0.02148645
 -0.00609840   0.02152630
 -0.00608844   0.02156616
 -0.00607847   0.02160601
 -0.00606851   0.02164578
 -0.00605855   0.02168563
 -0.00604858   0.02172548
 -0.00603862   0.02176533
 -0.00602866   0.02180510
 -0.00601869   0.02184496
 -0.00600872   0.02188481
 -0.00599885   0.02192457
 -0.00598889   0.02196443
 -0.00597893   0.02200428
 -0.00596896   0.02204413
 -0.00595900   0.02208389
 -0.00594904   0.02212376
 -0.00593907   0.02216361
 -0.00592911   0.02220346
 -0.00591915   0.02224322
 -0.00590918   0.02228308
 -0.00589922   0.02232293
 -0.00588926   0.02236269
 -0.00587929   0.02240255
 -0.00586933   0.02244241
 -0.00585937   0.02248226
 -0.00584950   0.02252202
 -0.00583953   0.02256187
 -0.00582956   0.02260173
 -0.00581960   0.02264149
 -0.00580964   0.02268135
 -0.00579967   0.02272120
 -0.00578971   0.02276106
 -0.00577975   0.02280082
 -0.00576978   0.02284067
 -0.00575982   0.02288053
 -0.00574986   0.02292039
 -0.00573989   0.02296015
 -0.00572993   0.02300000
