 -0.03725000   0.02300000
 -0.03722860   0.02291420
 -0.03720710   0.02282840
 -0.03718570   0.02274260
 -0.03716420   0.02265680
 -0.03714280   0.02257100
 -0.03712130   0.02248520
 -0.03709990   0.02239940
 -0.03707840   0.02231370
 -0.03705700   0.02222790
 -0.03703550   0.02214210
 -0.03701410   0.02205630
 -0.03699260   0.02197050
 -0.03697120   0.02188470
 -0.03694970   0.02179890
 -0.03692830   0.02171310
 -0.03690680   0.02162730
 -0.03688540   0.02154150
 -0.03686390   0.02145570
 -0.03684250   0.02136990
 -0.03682100   0.02128410
 -0.03679960   0.02119830
 -0.03677810   0.02111250
 -0.03675670   0.02102670
 -0.03673520   0.02094100
 -0.03671380   0.02085520
 -0.03669230   0.02076940
 -0.03667090   0.02068360
 -0.03664940   0.02059780
 -0.03662800   0.02051200
 -0.03660650   0.02042620
 -0.03658510   0.02034040
 -0.03656370   0.02025460
 -0.03654220   0.02016880
 -0.03652080   0.02008300
 -0.03649930   0.01999720
 -0.03647790   0.01991140
 -0.03645640   0.01982560
 -0.03643500   0.01973980
 -0.03641350   0.01965410
 -0.03639210   0.01956830
 -0.03637060   0.01948250
 -0.03634920   0.01939670
 -0.03632770   0.01931090
 -0.03630630   0.01922510
 -0.03628480   0.01913930
 -0.03626340   0.01905350
 -0.03624190   0.01896770
 -0.03622050   0.01888190
 -0.03619900   0.01879610
 -0.03617760   0.01871030
 -0.03615610   0.01862450
 -0.03613470   0.01853870
 -0.03611320   0.01845290
 -0.03609180   0.01836720
 -0.03607030   0.01828140
 -0.03604890   0.01819560
 -0.03602740   0.01810980
 -0.03600600   0.01802400
 -0.03598450   0.01793820
 -0.03596310   0.01785240
 -0.03594160   0.01776660
 -0.03592020   0.01768080
 -0.03589880   0.01759500
 -0.03587730   0.01750920
 -0.03585590   0.01742340
 -0.03583440   0.01733760
 -0.03581300   0.01725180
 -0.03579150   0.01716600
 -0.03577010   0.01708020
 -0.03574860   0.01699450
 -0.03572720   0.01690870
 -0.03570570   0.01682290
 -0.03568430   0.01673710
 -0.03566280   0.01665130
 -0.03564140   0.01656550
 -0.03561990   0.01647970
 -0.03559850   0.01639390
 -0.03557700   0.01630810
 -0.03555560   0.01622230
 -0.03553410   0.01613650
 -0.03551270   0.01605070
 -0.03549120   0.01596490
 -0.03546980   0.01587910
 -0.03544830   0.01579330
 -0.03542690   0.01570760
 -0.03540540   0.01562180
 -0.03538400   0.01553600
 -0.03536250   0.01545020
 -0.03534110   0.01536440
 -0.03531960   0.01527860
 -0.03529820   0.01519280
 -0.03527670   0.01510700
 -0.03525530   0.01502120
 -0.03523390   0.01493540
 -0.03521240   0.01484960
 -0.03519100   0.01476380
 -0.03516950   0.01467800
 -0.03514810   0.01459220
 -0.03512660   0.01450640
 -0.03510520   0.01442060
 -0.03508370   0.01433490
 -0.03506230   0.01424910
 -0.03504080   0.01416330
 -0.03501940   0.01407750
 -0.03499790   0.01399170
 -0.03497650   0.01390590
 -0.03495500   0.01382010
 -0.03493360   0.01373430
 -0.03491210   0.01364850
 -0.03489070   0.01356270
 -0.03486920   0.01347690
 -0.03484780   0.01339110
 -0.03482630   0.01330530
 -0.03480450   0.01321960
 -0.03478210   0.01313410
 -0.03475910   0.01304870
 -0.03473550   0.01296350
 -0.03471140   0.01287840
 -0.03468660   0.01279350
 -0.03466130   0.01270880
 -0.03463540   0.01262420
 -0.03460900   0.01253980
 -0.03458190   0.01245560
 -0.03455430   0.01237160
 -0.03452620   0.01228780
 -0.03449740   0.01220410
 -0.03446810   0.01212070
 -0.03443820   0.01203750
 -0.03440780   0.01195440
 -0.03437680   0.01187160
 -0.03434520   0.01178900
 -0.03431310   0.01170660
 -0.03428040   0.01162450
 -0.03424710   0.01154250
 -0.03421330   0.01146080
 -0.03417890   0.01137930
 -0.03414400   0.01129810
 -0.03410860   0.01121710
 -0.03407250   0.01113630
 -0.03403600   0.01105580
 -0.03399890   0.01097550
 -0.03396120   0.01089550
 -0.03392300   0.01081570
 -0.03388430   0.01073620
 -0.03384500   0.01065700
 -0.03380510   0.01057810
 -0.03376480   0.01049940
 -0.03372390   0.01042100
 -0.03368250   0.01034280
 -0.03364050   0.01026500
 -0.03359800   0.01018740
 -0.03355500   0.01011010
 -0.03351150   0.01003320
 -0.03346740   0.00995650
 -0.03342280   0.00988010
 -0.03337770   0.00980400
 -0.03333210   0.00972830
 -0.03328600   0.00965280
 -0.03323940   0.00957770
 -0.03319220   0.00950290
 -0.03314450   0.00942840
 -0.03309640   0.00935420
 -0.03304770   0.00928040
 -0.03299850   0.00920690
 -0.03294890   0.00913370
 -0.03289870   0.00906090
 -0.03284810   0.00898840
 -0.03279690   0.00891630
 -0.03274530   0.00884450
 -0.03269310   0.00877300
 -0.03264050   0.00870200
 -0.03258740   0.00863120
 -0.03253390   0.00856090
 -0.03247980   0.00849090
 -0.03242530   0.00842130
 -0.03237030   0.00835200
 -0.03231480   0.00828310
 -0.03225890   0.00821460
 -0.03220250   0.00814650
 -0.03214560   0.00807880
 -0.03208830   0.00801150
 -0.03203050   0.00794450
 -0.03197230   0.00787790
 -0.03191360   0.00781180
 -0.03185450   0.00774600
 -0.03179490   0.00768070
 -0.03173490   0.00761570
 -0.03167440   0.00755120
 -0.03161350   0.00748710
 -0.03155220   0.00742340
 -0.03149040   0.00736010
 -0.03142820   0.00729720
 -0.03136560   0.00723480
 -0.03130250   0.00717280
 -0.03123910   0.00711120
 -0.03117520   0.00705000
 -0.03111090   0.00698930
 -0.03104620   0.00692900
 -0.03098110   0.00686920
 -0.03091550   0.00680980
 -0.03084960   0.00675090
 -0.03078330   0.00669240
 -0.03071660   0.00663430
 -0.03064950   0.00657670
 -0.03058190   0.00651960
 -0.03051410   0.00646290
 -0.03044580   0.00640670
 -0.03037710   0.00635100
 -0.03030810   0.00629570
 -0.03023870   0.00624090
 -0.03016890   0.00618660
 -0.03009880   0.00613280
 -0.03002820   0.00607940
 -0.02995740   0.00602650
 -0.02988610   0.00597410
 -0.02981450   0.00592220
 -0.02974260   0.00587070
 -0.02967030   0.00581980
 -0.02959770   0.00576930
 -0.02952470   0.00571940
 -0.02945140   0.00566990
 -0.02937780   0.00562100
 -0.02930380   0.00557250
 -0.02922950   0.00552460
 -0.02915480   0.00547710
 -0.02907990   0.00543020
 -0.02900460   0.00538380
 -0.02892900   0.00533790
 -0.02885320   0.00529250
 -0.02877700   0.00524760
 -0.02870050   0.00520320
 -0.02862360   0.00515940
 -0.02854650   0.00511610
 -0.02846920   0.00507330
 -0.02839150   0.00503100
 -0.02831350   0.00498930
 -0.02823530   0.00494810
 -0.02815670   0.00490740
 -0.02807790   0.00486730
 -0.02799890   0.00482770
 -0.02791950   0.00478860
 -0.02783990   0.00475010
 -0.02776000   0.00471210
 -0.02767990   0.00467470
 -0.02759950   0.00463780
 -0.02751890   0.00460150
 -0.02743800   0.00456570
 -0.02735690   0.00453050
 -0.02727560   0.00449580
 -0.02719400   0.00446170
 -0.02711220   0.00442810
 -0.02703020   0.00439510
 -0.02694790   0.00436260
 -0.02686540   0.00433070
 -0.02678270   0.00429940
 -0.02669980   0.00426860
 -0.02661670   0.00423840
 -0.02653340   0.00420880
 -0.02644990   0.00417970
 -0.02636610   0.00415120
 -0.02628220   0.00412330
 -0.02619810   0.00409590
 -0.02611390   0.00406910
 -0.02602940   0.00404290
 -0.02594480   0.00401720
 -0.02586000   0.00399220
 -0.02577500   0.00396770
 -0.02568980   0.00394380
 -0.02560450   0.00392050
 -0.02551910   0.00389770
 -0.02543350   0.00387550
 -0.02534770   0.00385390
 -0.02526200   0.00383230
 -0.02517620   0.00381090
 -0.02509040   0.00378950
 -0.02500450   0.00376830
 -0.02491860   0.00374710
 -0.02483280   0.00372600
 -0.02474680   0.00370510
 -0.02466090   0.00368420
 -0.02457500   0.00366340
 -0.02448900   0.00364270
 -0.02440300   0.00362210
 -0.02431690   0.00360160
 -0.02423090   0.00358120
 -0.02414480   0.00356090
 -0.02405870   0.00354070
 -0.02397260   0.00352060
 -0.02388650   0.00350060
 -0.02380030   0.00348070
 -0.02371410   0.00346080
 -0.02362790   0.00344110
 -0.02354170   0.00342150
 -0.02345550   0.00340190
 -0.02336920   0.00338250
 -0.02328290   0.00336310
 -0.02319660   0.00334390
 -0.02311030   0.00332470
 -0.02302390   0.00330560
 -0.02293750   0.00328670
 -0.02285110   0.00326780
 -0.02276470   0.00324900
 -0.02267830   0.00323030
 -0.02259180   0.00321170
 -0.02250530   0.00319320
 -0.02241880   0.00317480
 -0.02233230   0.00315650
 -0.02224580   0.00313830
 -0.02215920   0.00312020
 -0.02207260   0.00310220
 -0.02198600   0.00308430
 -0.02189940   0.00306650
 -0.02181280   0.00304870
 -0.02172610   0.00303110
 -0.02163940   0.00301360
 -0.02155280   0.00299610
 -0.02146600   0.00297880
 -0.02137930   0.00296150
 -0.02129250   0.00294440
 -0.02120580   0.00292730
 -0.02111900   0.00291040
 -0.02103220   0.00289350
 -0.02094530   0.00287670
 -0.02085850   0.00286010
 -0.02077160   0.00284350
 -0.02068470   0.00282700
 -0.02059780   0.00281060
 -0.02051090   0.00279430
 -0.02042400   0.00277810
 -0.02033700   0.00276200
 -0.02025000   0.00274600
 -0.02016310   0.00273010
 -0.02007600   0.00271430
 -0.01998900   0.00269860
 -0.01990200   0.00268300
 -0.01981490   0.00266750
 -0.01972780   0.00265210
 -0.01964070   0.00263670
 -0.01955360   0.00262150
 -0.01946650   0.00260640
 -0.01937940   0.00259130
 -0.01929220   0.00257640
 -0.01920500   0.00256150
 -0.01911780   0.00254680
 -0.01903060   0.00253210
 -0.01894340   0.00251760
 -0.01885610   0.00250310
 -0.01876890   0.00248880
 -0.01868160   0.00247450
 -0.01859430   0.00246030
 -0.01850700   0.00244620
 -0.01841970   0.00243230
 -0.01833230   0.00241840
 -0.01824500   0.00240460
 -0.01815760   0.00239090
 -0.01807020   0.00237730
 -0.01798280   0.00236380
 -0.01789540   0.00235040
 -0.01780800   0.00233710
 -0.01772060   0.00232390
 -0.01763310   0.00231080
 -0.01754560   0.00229780
 -0.01745810   0.00228490
 -0.01737060   0.00227210
 -0.01728310   0.00225940
 -0.01719560   0.00224670
 -0.01710810   0.00223420
 -0.01702050   0.00222180
 -0.01693290   0.00220940
 -0.01684530   0.00219720
 -0.01675770   0.00218510
 -0.01667010   0.00217300
 -0.01658250   0.00216110
 -0.01649490   0.00214920
 -0.01640720   0.00213750
 -0.01631960   0.00212580
 -0.01623190   0.00211420
 -0.01614420   0.00210280
 -0.01605650   0.00209140
 -0.01596880   0.00208020
 -0.01588110   0.00206900
 -0.01579330   0.00205790
 -0.01570560   0.00204690
 -0.01561780   0.00203600
 -0.01553000   0.00202530
 -0.01544230   0.00201460
 -0.01535450   0.00200400
 -0.01526660   0.00199350
 -0.01517880   0.00198310
 -0.01509100   0.00197280
 -0.01500320   0.00196260
 -0.01491530   0.00195250
 -0.01482740   0.00194250
 -0.01473960   0.00193260
 -0.01465170   0.00192280
 -0.01456380   0.00191310
 -0.01447590   0.00190340
 -0.01438790   0.00189390
 -0.01430000   0.00188450
 -0.01421210   0.00187520
 -0.01412410   0.00186590
 -0.01403620   0.00185680
 -0.01394820   0.00184780
 -0.01386020   0.00183880
 -0.01377220   0.00183000
 -0.01368420   0.00182120
 -0.01359620   0.00181260
 -0.01350820   0.00180410
 -0.01342020   0.00179560
 -0.01333210   0.00178720
 -0.01324410   0.00177900
 -0.01315600   0.00177080
 -0.01306790   0.00176280
 -0.01297990   0.00175480
 -0.01289180   0.00174690
 -0.01280370   0.00173920
 -0.01271560   0.00173150
 -0.01262750   0.00172390
 -0.01253940   0.00171640
 -0.01245120   0.00170910
 -0.01236310   0.00170180
 -0.01227500   0.00169460
 -0.01218680   0.00168750
 -0.01209870   0.00168050
 -0.01201050   0.00167360
 -0.01192230   0.00166680
 -0.01183410   0.00166010
 -0.01174600   0.00165350
 -0.01165780   0.00164700
 -0.01156960   0.00164060
 -0.01148130   0.00163430
 -0.01139310   0.00162810
 -0.01130490   0.00162200
 -0.01121670   0.00161600
 -0.01112840   0.00161010
 -0.01104020   0.00160420
 -0.01095200   0.00159850
 -0.01086370   0.00159290
 -0.01077540   0.00158740
 -0.01068720   0.00158190
 -0.01059890   0.00157660
 -0.01051060   0.00157130
 -0.01042230   0.00156610
 -0.01033410   0.00156080
 -0.01024580   0.00155560
 -0.01015750   0.00155040
 -0.01006920   0.00154530
 -0.00998090   0.00154020
 -0.00989260   0.00153510
 -0.00980440   0.00153000
 -0.00971610   0.00152490
 -0.00962780   0.00151990
 -0.00953950   0.00151490
 -0.00945120   0.00150990
 -0.00936290   0.00150500
 -0.00927460   0.00150010
 -0.00918630   0.00149520
 -0.00909800   0.00149030
 -0.00900970   0.00148550
 -0.00892140   0.00148070
 -0.00883310   0.00147590
 -0.00874480   0.00147110
 -0.00865650   0.00146640
 -0.00856820   0.00146170
 -0.00847990   0.00145700
 -0.00839160   0.00145230
 -0.00830320   0.00144770
 -0.00821490   0.00144310
 -0.00812660   0.00143850
 -0.00803830   0.00143390
 -0.00795000   0.00142940
 -0.00786170   0.00142490
 -0.00777330   0.00142040
 -0.00768500   0.00141600
 -0.00759670   0.00141160
 -0.00750840   0.00140720
 -0.00742000   0.00140280
 -0.00733170   0.00139840
 -0.00724340   0.00139410
 -0.00715510   0.00138980
 -0.00706670   0.00138560
 -0.00697840   0.00138130
 -0.00689010   0.00137710
 -0.00680170   0.00137290
 -0.00671340   0.00136880
 -0.00662510   0.00136460
 -0.00653670   0.00136050
 -0.00644840   0.00135640
 -0.00636000   0.00135240
 -0.00627170   0.00134830
 -0.00618330   0.00134430
 -0.00609500   0.00134030
 -0.00600670   0.00133640
 -0.00591830   0.00133240
 -0.00583000   0.00132850
 -0.00574160   0.00132470
 -0.00565330   0.00132080
 -0.00556490   0.00131700
 -0.00547660   0.00131320
 -0.00538820   0.00130940
 -0.00528560   0.00130860
 -0.00518320   0.00131470
 -0.00508140   0.00132790
 -0.00498080   0.00134800
 -0.00488180   0.00137490
 -0.00478480   0.00140850
 -0.00469040   0.00144860
 -0.00459900   0.00149520
 -0.00451090   0.00154780
 -0.00442670   0.00160640
 -0.00434660   0.00167060
 -0.00427110   0.00174010
 -0.00420060   0.00181460
 -0.00413530   0.00189370
 -0.00407560   0.00197720
 -0.00402170   0.00206450
 -0.00397390   0.00215530
 -0.00393240   0.00224920
 -0.00389750   0.00234560
 -0.00386920   0.00244430
 -0.00385850   0.00248710
 -0.00384780   0.00252990
 -0.00383710   0.00257270
 -0.00382640   0.00261560
 -0.00381570   0.00265840
 -0.00380500   0.00270120
 -0.00379430   0.00274400
 -0.00378360   0.00278690
 -0.00377290   0.00282970
 -0.00376220   0.00287250
 -0.00375140   0.00291530
 -0.00374070   0.00295820
 -0.00373000   0.00300100
 -0.00371930   0.00304380
 -0.00370860   0.00308660
 -0.00369790   0.00312950
 -0.00368720   0.00317230
 -0.00367650   0.00321510
 -0.00366580   0.00325790
 -0.00365510   0.00330070
 -0.00364440   0.00334360
 -0.00363370   0.00338640
 -0.00362300   0.00342920
 -0.00361230   0.00347200
 -0.00360160   0.00351490
 -0.00359090   0.00355770
 -0.00358010   0.00360050
 -0.00356940   0.00364330
 -0.00355870   0.00368620
 -0.00354800   0.00372900
 -0.00353730   0.00377180
 -0.00352660   0.00381460
 -0.00351590   0.00385750
 -0.00350520   0.00390030
 -0.00349450   0.00394310
 -0.00348380   0.00398590
 -0.00347310   0.00402880
 -0.00346240   0.00407160
 -0.00345170   0.00411440
 -0.00344100   0.00415720
 -0.00343030   0.00420010
 -0.00341960   0.00424290
 -0.00340890   0.00428570
 -0.00339810   0.00432850
 -0.00338740   0.00437140
 -0.00337670   0.00441420
 -0.00336600   0.00445700
 -0.00335530   0.00449980
 -0.00334460   0.00454270
 -0.00333390   0.00458550
 -0.00332320   0.00462830
 -0.00331250   0.00467110
 -0.00330180   0.00471400
 -0.00329110   0.00475680
 -0.00328040   0.00479960
 -0.00326970   0.00484240
 -0.00325900   0.00488530
 -0.00324830   0.00492810
 -0.00323760   0.00497090
 -0.00322680   0.00501370
 -0.00321610   0.00505660
 -0.00320540   0.00509940
 -0.00319470   0.00514220
 -0.00318400   0.00518500
 -0.00317330   0.00522780
 -0.00316260   0.00527070
 -0.00315190   0.00531350
 -0.00314120   0.00535630
 -0.00313050   0.00539910
 -0.00311980   0.00544200
 -0.00310910   0.00548480
 -0.00309840   0.00552760
 -0.00308770   0.00557040
 -0.00307700   0.00561330
 -0.00306630   0.00565610
 -0.00305550   0.00569890
 -0.00304480   0.00574170
 -0.00303410   0.00578460
 -0.00302340   0.00582740
 -0.00301270   0.00587020
 -0.00300200   0.00591300
 -0.00299130   0.00595590
 -0.00298060   0.00599870
 -0.00296990   0.00604150
 -0.00295920   0.00608430
 -0.00294850   0.00612720
 -0.00293780   0.00617000
 -0.00292710   0.00621280
 -0.00291640   0.00625560
 -0.00290570   0.00629850
 -0.00289500   0.00634130
 -0.00288430   0.00638410
 -0.00287350   0.00642690
 -0.00286280   0.00646980
 -0.00285210   0.00651260
 -0.00284140   0.00655540
 -0.00283070   0.00659820
 -0.00282000   0.00664110
 -0.00280930   0.00668390
 -0.00279860   0.00672670
 -0.00278790   0.00676950
 -0.00277720   0.00681240
 -0.00276650   0.00685520
 -0.00275580   0.00689800
 -0.00274510   0.00694080
 -0.00273440   0.00698370
 -0.00272370   0.00702650
 -0.00271300   0.00706930
 -0.00270220   0.00711210
 -0.00269150   0.00715490
 -0.00268080   0.00719780
 -0.00267010   0.00724060
 -0.00265940   0.00728340
 -0.00264870   0.00732620
 -0.00263800   0.00736910
 -0.00262730   0.00741190
 -0.00261660   0.00745470
 -0.00260590   0.00749750
 -0.00259520   0.00754040
 -0.00258450   0.00758320
 -0.00257380   0.00762600
 -0.00256310   0.00766880
 -0.00255240   0.00771170
 -0.00254170   0.00775450
 -0.00253090   0.00779730
 -0.00252020   0.00784010
 -0.00250950   0.00788300
 -0.00249880   0.00792580
 -0.00248810   0.00796860
 -0.00247740   0.00801140
 -0.00246670   0.00805430
 -0.00245600   0.00809710
 -0.00244530   0.00813990
 -0.00243460   0.00818270
 -0.00242390   0.00822560
 -0.00241320   0.00826840
 -0.00240250   0.00831120
 -0.00239180   0.00835400
 -0.00238110   0.00839690
 -0.00237040   0.00843970
 -0.00235970   0.00848250
 -0.00234890   0.00852530
 -0.00233820   0.00856820
 -0.00232750   0.00861100
 -0.00231680   0.00865380
 -0.00230610   0.00869660
 -0.00229540   0.00873950
 -0.00228470   0.00878230
 -0.00227400   0.00882510
 -0.00226330   0.00886790
 -0.00225260   0.00891080
 -0.00224190   0.00895360
 -0.00223120   0.00899640
 -0.00222050   0.00903920
 -0.00220980   0.00908210
 -0.00219910   0.00912490
 -0.00218840   0.00916770
 -0.00217760   0.00921050
 -0.00216690   0.00925330
 -0.00215620   0.00929620
 -0.00214550   0.00933900
 -0.00213480   0.00938180
 -0.00212410   0.00942460
 -0.00211340   0.00946750
 -0.00210270   0.00951030
 -0.00209200   0.00955310
 -0.00208130   0.00959590
 -0.00207060   0.00963880
 -0.00205990   0.00968160
 -0.00204920   0.00972440
 -0.00203850   0.00976720
 -0.00202780   0.00981010
 -0.00201710   0.00985290
 -0.00200630   0.00989570
 -0.00199560   0.00993850
 -0.00198490   0.00998140
 -0.00197420   0.01002420
 -0.00196350   0.01006700
 -0.00195280   0.01010980
 -0.00194210   0.01015270
 -0.00193140   0.01019550
 -0.00192070   0.01023830
 -0.00191000   0.01028110
 -0.00189930   0.01032400
 -0.00188860   0.01036680
 -0.00187790   0.01040960
 -0.00186720   0.01045240
 -0.00185650   0.01049530
 -0.00184580   0.01053810
 -0.00183510   0.01058090
 -0.00182430   0.01062370
 -0.00181360   0.01066660
 -0.00180290   0.01070940
 -0.00179220   0.01075220
 -0.00178150   0.01079500
 -0.00177080   0.01083790
 -0.00176010   0.01088070
 -0.00174940   0.01092350
 -0.00173870   0.01096630
 -0.00172800   0.01100920
 -0.00171730   0.01105200
 -0.00170660   0.01109480
 -0.00169590   0.01113760
 -0.00168520   0.01118040
 -0.00167450   0.01122330
 -0.00166380   0.01126610
 -0.00165300   0.01130890
 -0.00164230   0.01135170
 -0.00163160   0.01139460
 -0.00162090   0.01143740
 -0.00161020   0.01148020
 -0.00159950   0.01152300
 -0.00158880   0.01156590
 -0.00157810   0.01160870
 -0.00156740   0.01165150
 -0.00155670   0.01169430
 -0.00154600   0.01173720
 -0.00153530   0.01178000
 -0.00152460   0.01182280
 -0.00151390   0.01186560
 -0.00150320   0.01190850
 -0.00149250   0.01195130
 -0.00148180   0.01199410
 -0.00147100   0.01203690
 -0.00146030   0.01207980
 -0.00144960   0.01212260
 -0.00143890   0.01216540
 -0.00142820   0.01220820
 -0.00141750   0.01225110
 -0.00140680   0.01229390
 -0.00139610   0.01233670
 -0.00138540   0.01237950
 -0.00137470   0.01242240
 -0.00136400   0.01246520
 -0.00135330   0.01250800
 -0.00134260   0.01255080
 -0.00133190   0.01259370
 -0.00132120   0.01263650
 -0.00131050   0.01267930
 -0.00129970   0.01272210
 -0.00128900   0.01276500
 -0.00127830   0.01280780
 -0.00126760   0.01285060
 -0.00125690   0.01289340
 -0.00124620   0.01293630
 -0.00123550   0.01297910
 -0.00122480   0.01302190
 -0.00121410   0.01306470
 -0.00120340   0.01310750
 -0.00119270   0.01315040
 -0.00118200   0.01319320
 -0.00117130   0.01323600
 -0.00116060   0.01327880
 -0.00114990   0.01332170
 -0.00113920   0.01336450
 -0.00112840   0.01340730
 -0.00111770   0.01345010
 -0.00110700   0.01349300
 -0.00109630   0.01353580
 -0.00108560   0.01357860
 -0.00107490   0.01362140
 -0.00106420   0.01366430
 -0.00105350   0.01370710
 -0.00104280   0.01374990
 -0.00103210   0.01379270
 -0.00102140   0.01383560
 -0.00101070   0.01387840
 -0.00100000   0.01392120
 -0.00098930   0.01396400
 -0.00097860   0.01400690
 -0.00096790   0.01404970
 -0.00095720   0.01409250
 -0.00094640   0.01413530
 -0.00093570   0.01417820
 -0.00092500   0.01422100
 -0.00091430   0.01426380
 -0.00090360   0.01430660
 -0.00089290   0.01434950
 -0.00088220   0.01439230
 -0.00087150   0.01443510
 -0.00086080   0.01447790
 -0.00085010   0.01452080
 -0.00083940   0.01456360
 -0.00082870   0.01460640
 -0.00081800   0.01464920
 -0.00080730   0.01469210
 -0.00079660   0.01473490
 -0.00078590   0.01477770
 -0.00077510   0.01482050
 -0.00076440   0.01486340
 -0.00075370   0.01490620
 -0.00074300   0.01494900
 -0.00073230   0.01499180
 -0.00072160   0.01503470
 -0.00071090   0.01507750
 -0.00070020   0.01512030
 -0.00068950   0.01516310
 -0.00067880   0.01520590
 -0.00066810   0.01524880
 -0.00065740   0.01529160
 -0.00064670   0.01533440
 -0.00063600   0.01537720
 -0.00062530   0.01542010
 -0.00061460   0.01546290
 -0.00060380   0.01550570
 -0.00059310   0.01554850
 -0.00058240   0.01559140
 -0.00057170   0.01563420
 -0.00056100   0.01567700
 -0.00055030   0.01571980
 -0.00053960   0.01576270
 -0.00052890   0.01580550
 -0.00051820   0.01584830
 -0.00050750   0.01589110
 -0.00049680   0.01593400
 -0.00048610   0.01597680
 -0.00047540   0.01601960
 -0.00046470   0.01606240
 -0.00045400   0.01610530
 -0.00044330   0.01614810
 -0.00043260   0.01619090
 -0.00042180   0.01623370
 -0.00041110   0.01627660
 -0.00040040   0.01631940
 -0.00038970   0.01636220
 -0.00037900   0.01640500
 -0.00036830   0.01644790
 -0.00035760   0.01649070
 -0.00034690   0.01653350
 -0.00033620   0.01657630
 -0.00032550   0.01661920
 -0.00031480   0.01666200
 -0.00030410   0.01670480
 -0.00029340   0.01674760
 -0.00028270   0.01679050
 -0.00027200   0.01683330
 -0.00026130   0.01687610
 -0.00025050   0.01691890
 -0.00023980   0.01696180
 -0.00022910   0.01700460
 -0.00021840   0.01704740
 -0.00020770   0.01709020
 -0.00019700   0.01713300
 -0.00018630   0.01717590
 -0.00017560   0.01721870
 -0.00016490   0.01726150
 -0.00015420   0.01730430
 -0.00014350   0.01734720
 -0.00013280   0.01739000
 -0.00012210   0.01743280
 -0.00011140   0.01747560
 -0.00010070   0.01751850
 -0.00009000   0.01756130
 -0.00007920   0.01760410
 -0.00006850   0.01764690
 -0.00005780   0.01768980
 -0.00004710   0.01773260
 -0.00003640   0.01777540
 -0.00002570   0.01781820
 -0.00001500   0.01786110
 -0.00000430   0.01790390
  0.00000640   0.01794670
  0.00001710   0.01798950
  0.00002780   0.01803240
  0.00003850   0.01807520
  0.00004920   0.01811800
  0.00005990   0.01816080
  0.00007060   0.01820370
  0.00008130   0.01824650
  0.00009200   0.01828930
  0.00010280   0.01833210
  0.00011350   0.01837500
  0.00012420   0.01841780
  0.00013490   0.01846060
  0.00014560   0.01850340
  0.00015630   0.01854630
  0.00016700   0.01858910
  0.00017770   0.01863190
  0.00018840   0.01867470
  0.00019910   0.01871760
  0.00020980   0.01876040
  0.00022050   0.01880320
  0.00023120   0.01884600
  0.00024190   0.01888890
  0.00025260   0.01893170
  0.00026330   0.01897450
  0.00027410   0.01901730
  0.00028480   0.01906010
  0.00029550   0.01910300
  0.00030620   0.01914580
  0.00031690   0.01918860
  0.00032760   0.01923140
  0.00033830   0.01927430
  0.00034900   0.01931710
  0.00035970   0.01935990
  0.00037040   0.01940270
  0.00038110   0.01944560
  0.00039180   0.01948840
  0.00040250   0.01953120
  0.00041320   0.01957400
  0.00042390   0.01961690
  0.00043460   0.01965970
  0.00044540   0.01970250
  0.00045610   0.01974530
  0.00046680   0.01978820
  0.00047750   0.01983100
  0.00048820   0.01987380
  0.00049890   0.01991660
  0.00050960   0.01995950
  0.00052030   0.02000230
  0.00053100   0.02004510
  0.00054170   0.02008790
  0.00055240   0.02013080
  0.00056310   0.02017360
  0.00057380   0.02021640
  0.00058450   0.02025920
  0.00059520   0.02030210
  0.00060590   0.02034490
  0.00061660   0.02038770
  0.00062740   0.02043050
  0.00063810   0.02047340
  0.00064880   0.02051620
  0.00065950   0.02055900
  0.00067020   0.02060180
  0.00068090   0.02064470
  0.00069160   0.02068750
  0.00070230   0.02073030
  0.00071300   0.02077310
  0.00072370   0.02081600
  0.00073440   0.02085880
  0.00074510   0.02090160
  0.00075580   0.02094440
  0.00076650   0.02098730
  0.00077720   0.02103010
  0.00078790   0.02107290
  0.00079870   0.02111570
  0.00080940   0.02115850
  0.00082010   0.02120140
  0.00083080   0.02124420
  0.00084150   0.02128700
  0.00085220   0.02132980
  0.00086290   0.02137270
  0.00087360   0.02141550
  0.00088430   0.02145830
  0.00089500   0.02150110
  0.00090570   0.02154400
  0.00091640   0.02158680
  0.00092710   0.02162960
  0.00093780   0.02167240
  0.00094850   0.02171530
  0.00095920   0.02175810
  0.00097000   0.02180090
  0.00098070   0.02184370
  0.00099140   0.02188660
  0.00100210   0.02192940
  0.00101280   0.02197220
  0.00102350   0.02201500
  0.00103420   0.02205790
  0.00104490   0.02210070
  0.00105560   0.02214350
  0.00106630   0.02218630
  0.00107700   0.02222920
  0.00108770   0.02227200
  0.00109840   0.02231480
  0.00110910   0.02235760
  0.00111980   0.02240050
  0.00113050   0.02244330
  0.00114120   0.02248610
  0.00115200   0.02252890
  0.00116270   0.02257180
  0.00117340   0.02261460
  0.00118410   0.02265740
  0.00119480   0.02270020
  0.00120550   0.02274310
  0.00121620   0.02278590
  0.00122690   0.02282870
  0.00123760   0.02287150
  0.00124830   0.02291440
  0.00125900   0.02295720
  0.00126970   0.02300000
