 -0.03725000   0.02300000
 -0.03723314   0.02293267
 -0.03721639   0.02286535
 -0.03719953   0.02279802
 -0.03718267   0.02273069
 -0.03716582   0.02266336
 -0.03714906   0.02259604
 -0.03713220   0.02252871
 -0.03711535   0.02246146
 -0.03709849   0.02239414
 -0.03708173   0.02232681
 -0.03706488   0.02225948
 -0.03704802   0.02219216
 -0.03703116   0.02212483
 -0.03701441   0.02205750
 -0.03699755   0.02199018
 -0.03698069   0.02192285
 -0.03696392   0.02185552
 -0.03694708   0.02178819
 -0.03693022   0.02172089
 -0.03691336   0.02165356
 -0.03689659   0.02158623
 -0.03687975   0.02151899
 -0.03686289   0.02145166
 -0.03684604   0.02138433
 -0.03682926   0.02131701
 -0.03681242   0.02124968
 -0.03679557   0.02118235
 -0.03677871   0.02111502
 -0.03676194   0.02104770
 -0.03674510   0.02098037
 -0.03672824   0.02091304
 -0.03671146   0.02084572
 -0.03669461   0.02077839
 -0.03667777   0.02071106
 -0.03666091   0.02064374
 -0.03664414   0.02057649
 -0.03662728   0.02050916
 -0.03661044   0.02044184
 -0.03659359   0.02037451
 -0.03657681   0.02030718
 -0.03655997   0.02023985
 -0.03654312   0.02017253
 -0.03652634   0.02010520
 -0.03650948   0.02003787
 -0.03649265   0.01997055
 -0.03647579   0.01990322
 -0.03645901   0.01983589
 -0.03644216   0.01976856
 -0.03642532   0.01970124
 -0.03640846   0.01963399
 -0.03639169   0.01956666
 -0.03637483   0.01949934
 -0.03635799   0.01943201
 -0.03634114   0.01936468
 -0.03632436   0.01929736
 -0.03630750   0.01923003
 -0.03629066   0.01916272
 -0.03627389   0.01909539
 -0.03625703   0.01902807
 -0.03624018   0.01896074
 -0.03622334   0.01889341
 -0.03620656   0.01882609
 -0.03618971   0.01875876
 -0.03617285   0.01869151
 -0.03615601   0.01862419
 -0.03613924   0.01855686
 -0.03612238   0.01848953
 -0.03610552   0.01842221
 -0.03608868   0.01835488
 -0.03607191   0.01828755
 -0.03605505   0.01822022
 -0.03603819   0.01815290
 -0.03602144   0.01808557
 -0.03600458   0.01801824
 -0.03598772   0.01795092
 -0.03597089   0.01788359
 -0.03595411   0.01781626
 -0.03593725   0.01774902
 -0.03592040   0.01768169
 -0.03590356   0.01761436
 -0.03588678   0.01754704
 -0.03586993   0.01747971
 -0.03585307   0.01741238
 -0.03583623   0.01734505
 -0.03581946   0.01727773
 -0.03580260   0.01721040
 -0.03578574   0.01714307
 -0.03576899   0.01707575
 -0.03575213   0.01700842
 -0.03573527   0.01694109
 -0.03571842   0.01687376
 -0.03570166   0.01680652
 -0.03568480   0.01673919
 -0.03566795   0.01667188
 -0.03565109   0.01660456
 -0.03563433   0.01653723
 -0.03561748   0.01646990
 -0.03560062   0.01640258
 -0.03558384   0.01633525
 -0.03556701   0.01626792
 -0.03555015   0.01620059
 -0.03553329   0.01613327
 -0.03551652   0.01606594
 -0.03549968   0.01599861
 -0.03548282   0.01593129
 -0.03546596   0.01586404
 -0.03544919   0.01579671
 -0.03543235   0.01572939
 -0.03541549   0.01566206
 -0.03539864   0.01559473
 -0.03538186   0.01552741
 -0.03536502   0.01546008
 -0.03534817   0.01539275
 -0.03533139   0.01532542
 -0.03531455   0.01525810
 -0.03529770   0.01519077
 -0.03528084   0.01512344
 -0.03526406   0.01505612
 -0.03524723   0.01498879
 -0.03523037   0.01492154
 -0.03521351   0.01485422
 -0.03519674   0.01478689
 -0.03517966   0.01471956
 -0.03516223   0.01465240
 -0.03514456   0.01458531
 -0.03512657   0.01451831
 -0.03510828   0.01445139
 -0.03508964   0.01438455
 -0.03507067   0.01431779
 -0.03505138   0.01425111
 -0.03503187   0.01418459
 -0.03501201   0.01411810
 -0.03499183   0.01405174
 -0.03497132   0.01398547
 -0.03495051   0.01391928
 -0.03492944   0.01385317
 -0.03490796   0.01378722
 -0.03488624   0.01372135
 -0.03486429   0.01365556
 -0.03484192   0.01358994
 -0.03481931   0.01352440
 -0.03479637   0.01345894
 -0.03477313   0.01339364
 -0.03474954   0.01332842
 -0.03472571   0.01326336
 -0.03470156   0.01319838
 -0.03467718   0.01313349
 -0.03465238   0.01306876
 -0.03462733   0.01300419
 -0.03460198   0.01293970
 -0.03457637   0.01287537
 -0.03455043   0.01281112
 -0.03452417   0.01274704
 -0.03449768   0.01268304
 -0.03447085   0.01261920
 -0.03444370   0.01255552
 -0.03441630   0.01249192
 -0.03438860   0.01242857
 -0.03436055   0.01236521
 -0.03433226   0.01230210
 -0.03430373   0.01223907
 -0.03427481   0.01217629
 -0.03424571   0.01211358
 -0.03421619   0.01205098
 -0.03418638   0.01198859
 -0.03415628   0.01192633
 -0.03412581   0.01186431
 -0.03409498   0.01180239
 -0.03406385   0.01174066
 -0.03403242   0.01167908
 -0.03400063   0.01161769
 -0.03396854   0.01155645
 -0.03393608   0.01149542
 -0.03390326   0.01143455
 -0.03387023   0.01137394
 -0.03383681   0.01131342
 -0.03380304   0.01125309
 -0.03376896   0.01119292
 -0.03373462   0.01113302
 -0.03369988   0.01107322
 -0.03366485   0.01101366
 -0.03362947   0.01095430
 -0.03359379   0.01089510
 -0.03355782   0.01083609
 -0.03352156   0.01077725
 -0.03348493   0.01071868
 -0.03344802   0.01066029
 -0.03341081   0.01060206
 -0.03337322   0.01054411
 -0.03333537   0.01048632
 -0.03329720   0.01042874
 -0.03325877   0.01037131
 -0.03321996   0.01031415
 -0.03318084   0.01025725
 -0.03314145   0.01020045
 -0.03310177   0.01014393
 -0.03306180   0.01008765
 -0.03302146   0.01003156
 -0.03298092   0.00997565
 -0.03294000   0.00991999
 -0.03289880   0.00986461
 -0.03285738   0.00980942
 -0.03281560   0.00975439
 -0.03277354   0.00969962
 -0.03273110   0.00964514
 -0.03268845   0.00959082
 -0.03264553   0.00953678
 -0.03260231   0.00948290
 -0.03255880   0.00942938
 -0.03251501   0.00937597
 -0.03247093   0.00932289
 -0.03242656   0.00927000
 -0.03238191   0.00921739
 -0.03233696   0.00916494
 -0.03229173   0.00911286
 -0.03224622   0.00906095
 -0.03220049   0.00900931
 -0.03215440   0.00895785
 -0.03210811   0.00890675
 -0.03206154   0.00885583
 -0.03201466   0.00880517
 -0.03196751   0.00875478
 -0.03192015   0.00870464
 -0.03187242   0.00865471
 -0.03182450   0.00860512
 -0.03177637   0.00855573
 -0.03172787   0.00850667
 -0.03167915   0.00845780
 -0.03163016   0.00840922
 -0.03158096   0.00836096
 -0.03153148   0.00831290
 -0.03148172   0.00826510
 -0.03143166   0.00821767
 -0.03138142   0.00817041
 -0.03133096   0.00812342
 -0.03128022   0.00807679
 -0.03122918   0.00803034
 -0.03117796   0.00798426
 -0.03112644   0.00793835
 -0.03107472   0.00789281
 -0.03102271   0.00784751
 -0.03097051   0.00780251
 -0.03091803   0.00775775
 -0.03086534   0.00771338
 -0.03081244   0.00766916
 -0.03075928   0.00762533
 -0.03070589   0.00758174
 -0.03065223   0.00753845
 -0.03059836   0.00749549
 -0.03054430   0.00745274
 -0.03048995   0.00741032
 -0.03043539   0.00736820
 -0.03038064   0.00732640
 -0.03032569   0.00728490
 -0.03027045   0.00724367
 -0.03021510   0.00720269
 -0.03015946   0.00716210
 -0.03010355   0.00712175
 -0.03004750   0.00708179
 -0.02999126   0.00704208
 -0.02993475   0.00700264
 -0.02987802   0.00696348
 -0.02982118   0.00692468
 -0.02976407   0.00688624
 -0.02970674   0.00684806
 -0.02964921   0.00681017
 -0.02959151   0.00677262
 -0.02953358   0.00673536
 -0.02947547   0.00669846
 -0.02941714   0.00666181
 -0.02935872   0.00662553
 -0.02929999   0.00658952
 -0.02924108   0.00655388
 -0.02918205   0.00651852
 -0.02912283   0.00648351
 -0.02906340   0.00644877
 -0.02900377   0.00641440
 -0.02894395   0.00638029
 -0.02888400   0.00634656
 -0.02882379   0.00631317
 -0.02876345   0.00628007
 -0.02870300   0.00624731
 -0.02864227   0.00621484
 -0.02858143   0.00618272
 -0.02852046   0.00615097
 -0.02845922   0.00611949
 -0.02839787   0.00608838
 -0.02833639   0.00605763
 -0.02827472   0.00602716
 -0.02821286   0.00599703
 -0.02815089   0.00596726
 -0.02808871   0.00593780
 -0.02802642   0.00590876
 -0.02796402   0.00587992
 -0.02790134   0.00585152
 -0.02783864   0.00582339
 -0.02777573   0.00579563
 -0.02771271   0.00576824
 -0.02764949   0.00574111
 -0.02758617   0.00571444
 -0.02752273   0.00568806
 -0.02745909   0.00566193
 -0.02739535   0.00563627
 -0.02733149   0.00561087
 -0.02726743   0.00558583
 -0.02720333   0.00556118
 -0.02713905   0.00553686
 -0.02707467   0.00551293
 -0.02701016   0.00548926
 -0.02694546   0.00546597
 -0.02688074   0.00544302
 -0.02681583   0.00542046
 -0.02675087   0.00539824
 -0.02668574   0.00537640
 -0.02662056   0.00535484
 -0.02655519   0.00533362
 -0.02648972   0.00531279
 -0.02642431   0.00529199
 -0.02635878   0.00527131
 -0.02629321   0.00525075
 -0.02622762   0.00523023
 -0.02616192   0.00520985
 -0.02609628   0.00518956
 -0.02603053   0.00516934
 -0.02596475   0.00514921
 -0.02589893   0.00512914
 -0.02583309   0.00510919
 -0.02576724   0.00508935
 -0.02570134   0.00506956
 -0.02563533   0.00504990
 -0.02556932   0.00503035
 -0.02550325   0.00501085
 -0.02543718   0.00499146
 -0.02537107   0.00497212
 -0.02530492   0.00495290
 -0.02523878   0.00493381
 -0.02517251   0.00491474
 -0.02510621   0.00489581
 -0.02503989   0.00487700
 -0.02497355   0.00485825
 -0.02490719   0.00483959
 -0.02484079   0.00482108
 -0.02477429   0.00480260
 -0.02470786   0.00478424
 -0.02464130   0.00476594
 -0.02457473   0.00474775
 -0.02450814   0.00472969
 -0.02444151   0.00471166
 -0.02437480   0.00469375
 -0.02430813   0.00467598
 -0.02424136   0.00465825
 -0.02417456   0.00464066
 -0.02410783   0.00462310
 -0.02404099   0.00460566
 -0.02397405   0.00458834
 -0.02390716   0.00457108
 -0.02384026   0.00455392
 -0.02377325   0.00453691
 -0.02370623   0.00451993
 -0.02363917   0.00450308
 -0.02357209   0.00448635
 -0.02350500   0.00446968
 -0.02343789   0.00445312
 -0.02337075   0.00443661
 -0.02330352   0.00442023
 -0.02323635   0.00440397
 -0.02316906   0.00438783
 -0.02310177   0.00437174
 -0.02303446   0.00435570
 -0.02296712   0.00433987
 -0.02289969   0.00432400
 -0.02283231   0.00430833
 -0.02276484   0.00429270
 -0.02269744   0.00427722
 -0.02262992   0.00426176
 -0.02256240   0.00424653
 -0.02249486   0.00423125
 -0.02242728   0.00421618
 -0.02235970   0.00420116
 -0.02229202   0.00418617
 -0.02222441   0.00417141
 -0.02215669   0.00415669
 -0.02208895   0.00414202
 -0.02202122   0.00412747
 -0.02195345   0.00411303
 -0.02188567   0.00409875
 -0.02181788   0.00408449
 -0.02174999   0.00407029
 -0.02168216   0.00405631
 -0.02161423   0.00404236
 -0.02154638   0.00402845
 -0.02147841   0.00401476
 -0.02141045   0.00400111
 -0.02134248   0.00398752
 -0.02127439   0.00397406
 -0.02120639   0.00396071
 -0.02113836   0.00394751
 -0.02107024   0.00393432
 -0.02100219   0.00392130
 -0.02093403   0.00390829
 -0.02086589   0.00389545
 -0.02079771   0.00388270
 -0.02072953   0.00387002
 -0.02066133   0.00385745
 -0.02059305   0.00384504
 -0.02052483   0.00383262
 -0.02045653   0.00382030
 -0.02038831   0.00380799
 -0.02032001   0.00379583
 -0.02025171   0.00378362
 -0.02018341   0.00377156
 -0.02011509   0.00375953
 -0.02004679   0.00374757
 -0.01997847   0.00373564
 -0.01991009   0.00372378
 -0.01984177   0.00371201
 -0.01977337   0.00370026
 -0.01970505   0.00368858
 -0.01963665   0.00367693
 -0.01956825   0.00366544
 -0.01949985   0.00365395
 -0.01943145   0.00364247
 -0.01936303   0.00363108
 -0.01929463   0.00361979
 -0.01922613   0.00360850
 -0.01915771   0.00359729
 -0.01908921   0.00358618
 -0.01902081   0.00357506
 -0.01895229   0.00356405
 -0.01888379   0.00355312
 -0.01881529   0.00354219
 -0.01874679   0.00353136
 -0.01867829   0.00352064
 -0.01860978   0.00350989
 -0.01854118   0.00349924
 -0.01847268   0.00348861
 -0.01840416   0.00347806
 -0.01833556   0.00346759
 -0.01826696   0.00345722
 -0.01819844   0.00344686
 -0.01812984   0.00343651
 -0.01806124   0.00342632
 -0.01799262   0.00341614
 -0.01792402   0.00340597
 -0.01785542   0.00339596
 -0.01778672   0.00338589
 -0.01771810   0.00337599
 -0.01764940   0.00336608
 -0.01758080   0.00335628
 -0.01751210   0.00334649
 -0.01744348   0.00333685
 -0.01737476   0.00332714
 -0.01730606   0.00331762
 -0.01723736   0.00330809
 -0.01716864   0.00329865
 -0.01709994   0.00328923
 -0.01703122   0.00327988
 -0.01696252   0.00327064
 -0.01689372   0.00326140
 -0.01682501   0.00325224
 -0.01675621   0.00324309
 -0.01668749   0.00323403
 -0.01661869   0.00322507
 -0.01654997   0.00321619
 -0.01648117   0.00320731
 -0.01641235   0.00319852
 -0.01634355   0.00318976
 -0.01627473   0.00318106
 -0.01620593   0.00317246
 -0.01613711   0.00316388
 -0.01606829   0.00315538
 -0.01599939   0.00314696
 -0.01593057   0.00313856
 -0.01586175   0.00313024
 -0.01579285   0.00312202
 -0.01572404   0.00311381
 -0.01565514   0.00310567
 -0.01558622   0.00309763
 -0.01551732   0.00308959
 -0.01544848   0.00308165
 -0.01537958   0.00307372
 -0.01531066   0.00306586
 -0.01524174   0.00305810
 -0.01517284   0.00305036
 -0.01510392   0.00304269
 -0.01503492   0.00303513
 -0.01496600   0.00302756
 -0.01489706   0.00302008
 -0.01482806   0.00301269
 -0.01475915   0.00300531
 -0.01469023   0.00299802
 -0.01462121   0.00299082
 -0.01455221   0.00298363
 -0.01448327   0.00297653
 -0.01441425   0.00296942
 -0.01434523   0.00296242
 -0.01427623   0.00295549
 -0.01420721   0.00294866
 -0.01413828   0.00294185
 -0.01406926   0.00293511
 -0.01396258   0.00292807
 -0.01385576   0.00292870
 -0.01374920   0.00293693
 -0.01364353   0.00295278
 -0.01353921   0.00297613
 -0.01343680   0.00300681
 -0.01333688   0.00304471
 -0.01323992   0.00308971
 -0.01314638   0.00314145
 -0.01305676   0.00319969
 -0.01297151   0.00326423
 -0.01289112   0.00333468
 -0.01281593   0.00341069
 -0.01274633   0.00349182
 -0.01268268   0.00357778
 -0.01262536   0.00366798
 -0.01257460   0.00376211
 -0.01253071   0.00385956
 -0.01249380   0.00395997
 -0.01246418   0.00406268
 -0.01245430   0.00410216
 -0.01244444   0.00414163
 -0.01243466   0.00418104
 -0.01242478   0.00422050
 -0.01241492   0.00425997
 -0.01240505   0.00429946
 -0.01239517   0.00433884
 -0.01238531   0.00437833
 -0.01237543   0.00441780
 -0.01236557   0.00445718
 -0.01235571   0.00449667
 -0.01234582   0.00453614
 -0.01233596   0.00457561
 -0.01232610   0.00461501
 -0.01231622   0.00465448
 -0.01230636   0.00469396
 -0.01229649   0.00473343
 -0.01228669   0.00477282
 -0.01227683   0.00481231
 -0.01226697   0.00485177
 -0.01225709   0.00489118
 -0.01224723   0.00493065
 -0.01223736   0.00497011
 -0.01222748   0.00500960
 -0.01221762   0.00504899
 -0.01220776   0.00508847
 -0.01219788   0.00512794
 -0.01218802   0.00516733
 -0.01217815   0.00520681
 -0.01216827   0.00524628
 -0.01215841   0.00528577
 -0.01214861   0.00532515
 -0.01213875   0.00536462
 -0.01212889   0.00540411
 -0.01211901   0.00544358
 -0.01210914   0.00548298
 -0.01209928   0.00552245
 -0.01208940   0.00556192
 -0.01207954   0.00560132
 -0.01206968   0.00564079
 -0.01205979   0.00568028
 -0.01204993   0.00571974
 -0.01204007   0.00575913
 -0.01203019   0.00579862
 -0.01202033   0.00583808
 -0.01201046   0.00587757
 -0.01200066   0.00591696
 -0.01199080   0.00595642
 -0.01198094   0.00599591
 -0.01197106   0.00603530
 -0.01196120   0.00607476
 -0.01195132   0.00611425
 -0.01194145   0.00615372
 -0.01193159   0.00619312
 -0.01192171   0.00623259
 -0.01191185   0.00627206
 -0.01190199   0.00631155
 -0.01189211   0.00635093
 -0.01188224   0.00639042
 -0.01187238   0.00642989
 -0.01186258   0.00646927
 -0.01185272   0.00650876
 -0.01184286   0.00654823
 -0.01183298   0.00658771
 -0.01182311   0.00662710
 -0.01181325   0.00666657
 -0.01180337   0.00670605
 -0.01179351   0.00674544
 -0.01178365   0.00678493
 -0.01177376   0.00682439
 -0.01176390   0.00686386
 -0.01175404   0.00690327
 -0.01174416   0.00694274
 -0.01173430   0.00698222
 -0.01172442   0.00702169
 -0.01171464   0.00706108
 -0.01170477   0.00710056
 -0.01169489   0.00714003
 -0.01168503   0.00717944
 -0.01167517   0.00721890
 -0.01166529   0.00725837
 -0.01165542   0.00729786
 -0.01164556   0.00733724
 -0.01163568   0.00737673
 -0.01162582   0.00741620
 -0.01161596   0.00745566
 -0.01160608   0.00749507
 -0.01159621   0.00753454
 -0.01158635   0.00757402
 -0.01157655   0.00761341
 -0.01156669   0.00765288
 -0.01155683   0.00769236
 -0.01154695   0.00773183
 -0.01153708   0.00777122
 -0.01152720   0.00781071
 -0.01151734   0.00785017
 -0.01150748   0.00788958
 -0.01149760   0.00792905
 -0.01148774   0.00796851
 -0.01147787   0.00800800
 -0.01146799   0.00804739
 -0.01145813   0.00808687
 -0.01144827   0.00812634
 -0.01143839   0.00816581
 -0.01142861   0.00820521
 -0.01141874   0.00824468
 -0.01140886   0.00828417
 -0.01139900   0.00832355
 -0.01138914   0.00836302
 -0.01137926   0.00840251
 -0.01136939   0.00844198
 -0.01135953   0.00848138
 -0.01134965   0.00852085
 -0.01133979   0.00856032
 -0.01132993   0.00859980
 -0.01132005   0.00863919
 -0.01131018   0.00867868
 -0.01130030   0.00871814
 -0.01129052   0.00875753
 -0.01128066   0.00879702
 -0.01127078   0.00883648
 -0.01126092   0.00887597
 -0.01125105   0.00891536
 -0.01124117   0.00895482
 -0.01123131   0.00899431
 -0.01122145   0.00903370
 -0.01121157   0.00907318
 -0.01120171   0.00911265
 -0.01119184   0.00915212
 -0.01118196   0.00919152
 -0.01117210   0.00923099
 -0.01116224   0.00927046
 -0.01115236   0.00930995
 -0.01114258   0.00934933
 -0.01113271   0.00938882
 -0.01112283   0.00942829
 -0.01111297   0.00946767
 -0.01110309   0.00950716
 -0.01109323   0.00954663
 -0.01108336   0.00958611
 -0.01107348   0.00962550
 -0.01106362   0.00966497
 -0.01105376   0.00970445
 -0.01104388   0.00974392
 -0.01103402   0.00978333
 -0.01102415   0.00982279
 -0.01101427   0.00986226
 -0.01100449   0.00990167
 -0.01099463   0.00994114
 -0.01098475   0.00998062
 -0.01097489   0.01002009
 -0.01096502   0.01005948
 -0.01095514   0.01009896
 -0.01094528   0.01013843
 -0.01093542   0.01017792
 -0.01092554   0.01021730
 -0.01091568   0.01025677
 -0.01090581   0.01029626
 -0.01089593   0.01033564
 -0.01088607   0.01037513
 -0.01087619   0.01041460
 -0.01086633   0.01045406
 -0.01085655   0.01049347
 -0.01084666   0.01053294
 -0.01083680   0.01057242
 -0.01082694   0.01061181
 -0.01081706   0.01065128
 -0.01080720   0.01069076
 -0.01079734   0.01073023
 -0.01078745   0.01076964
 -0.01077759   0.01080911
 -0.01076773   0.01084857
 -0.01075785   0.01088806
 -0.01074799   0.01092745
 -0.01073812   0.01096691
 -0.01072824   0.01100640
 -0.01071838   0.01104579
 -0.01070860   0.01108527
 -0.01069872   0.01112474
 -0.01068886   0.01116421
 -0.01067898   0.01120361
 -0.01066911   0.01124308
 -0.01065925   0.01128257
 -0.01064937   0.01132204
 -0.01063951   0.01136142
 -0.01062965   0.01140091
 -0.01061976   0.01144038
 -0.01060990   0.01147978
 -0.01060004   0.01151925
 -0.01059016   0.01155872
 -0.01058030   0.01159820
 -0.01057052   0.01163759
 -0.01056064   0.01167708
 -0.01055077   0.01171654
 -0.01054091   0.01175593
 -0.01053103   0.01179542
 -0.01052117   0.01183488
 -0.01051131   0.01187437
 -0.01050142   0.01191376
 -0.01049156   0.01195322
 -0.01048170   0.01199271
 -0.01047182   0.01203218
 -0.01046196   0.01207158
 -0.01045208   0.01211105
 -0.01044221   0.01215052
 -0.01043235   0.01218992
 -0.01042255   0.01222939
 -0.01041269   0.01226888
 -0.01040283   0.01230835
 -0.01039295   0.01234773
 -0.01038308   0.01238722
 -0.01037322   0.01242669
 -0.01036334   0.01246617
 -0.01035348   0.01250556
 -0.01034362   0.01254503
 -0.01033374   0.01258451
 -0.01032387   0.01262390
 -0.01031401   0.01266337
 -0.01030413   0.01270285
 -0.01029427   0.01274232
 -0.01028449   0.01278173
 -0.01027461   0.01282119
 -0.01026474   0.01286066
 -0.01025486   0.01290015
 -0.01024500   0.01293954
 -0.01023514   0.01297902
 -0.01022526   0.01301849
 -0.01021539   0.01305788
 -0.01020553   0.01309736
 -0.01019565   0.01313683
 -0.01018579   0.01317632
 -0.01017593   0.01321570
 -0.01016605   0.01325517
 -0.01015618   0.01329466
 -0.01014632   0.01333404
 -0.01013652   0.01337353
 -0.01012666   0.01341300
 -0.01011680   0.01345246
 -0.01010692   0.01349187
 -0.01009705   0.01353134
 -0.01008719   0.01357082
 -0.01007731   0.01361029
 -0.01006745   0.01364968
 -0.01005759   0.01368916
 -0.01004771   0.01372863
 -0.01003784   0.01376804
 -0.01002796   0.01380751
 -0.01001810   0.01384697
 -0.01000824   0.01388646
 -0.00999844   0.01392585
 -0.00998858   0.01396533
 -0.00997871   0.01400480
 -0.00996883   0.01404427
 -0.00995897   0.01408367
 -0.00994911   0.01412314
 -0.00993923   0.01416261
 -0.00992936   0.01420201
 -0.00991950   0.01424148
 -0.00990962   0.01428097
 -0.00989976   0.01432044
 -0.00988990   0.01435982
 -0.00988002   0.01439931
 -0.00987015   0.01443878
 -0.00986029   0.01447818
 -0.00985049   0.01451765
 -0.00984063   0.01455712
 -0.00983075   0.01459660
 -0.00982089   0.01463599
 -0.00981102   0.01467548
 -0.00980114   0.01471494
 -0.00979128   0.01475441
 -0.00978142   0.01479382
 -0.00977154   0.01483328
 -0.00976168   0.01487277
 -0.00975181   0.01491216
 -0.00974193   0.01495162
 -0.00973207   0.01499111
 -0.00972221   0.01503058
 -0.00971241   0.01506998
 -0.00970255   0.01510945
 -0.00969268   0.01514892
 -0.00968280   0.01518841
 -0.00967294   0.01522779
 -0.00966308   0.01526728
 -0.00965320   0.01530675
 -0.00964334   0.01534613
 -0.00963347   0.01538562
 -0.00962359   0.01542509
 -0.00961373   0.01546457
 -0.00960385   0.01550396
 -0.00959399   0.01554343
 -0.00958412   0.01558291
 -0.00957424   0.01562238
 -0.00956446   0.01566179
 -0.00955460   0.01570125
 -0.00954472   0.01574072
 -0.00953486   0.01578013
 -0.00952499   0.01581959
 -0.00951511   0.01585906
 -0.00950525   0.01589855
 -0.00949539   0.01593794
 -0.00948551   0.01597742
 -0.00947565   0.01601689
 -0.00946578   0.01605628
 -0.00945590   0.01609576
 -0.00944604   0.01613523
 -0.00943618   0.01617472
 -0.00942638   0.01621410
 -0.00941652   0.01625357
 -0.00940665   0.01629306
 -0.00939677   0.01633252
 -0.00938691   0.01637193
 -0.00937703   0.01641140
 -0.00936717   0.01645086
 -0.00935731   0.01649027
 -0.00934742   0.01652974
 -0.00933756   0.01656922
 -0.00932770   0.01660869
 -0.00931782   0.01664808
 -0.00930796   0.01668756
 -0.00929809   0.01672703
 -0.00928821   0.01676652
 -0.00927843   0.01680591
 -0.00926857   0.01684537
 -0.00925869   0.01688486
 -0.00924883   0.01692425
 -0.00923896   0.01696373
 -0.00922908   0.01700320
 -0.00921922   0.01704267
 -0.00920936   0.01708207
 -0.00919948   0.01712154
 -0.00918962   0.01716103
 -0.00917974   0.01720041
 -0.00916987   0.01723988
 -0.00916001   0.01727937
 -0.00915013   0.01731884
 -0.00914035   0.01735822
 -0.00913049   0.01739771
 -0.00912061   0.01743718
 -0.00911074   0.01747666
 -0.00910088   0.01751605
 -0.00909100   0.01755552
 -0.00908114   0.01759500
 -0.00907128   0.01763439
 -0.00906139   0.01767388
 -0.00905153   0.01771334
 -0.00904167   0.01775281
 -0.00903179   0.01779222
 -0.00902193   0.01783168
 -0.00901206   0.01787117
 -0.00900218   0.01791064
 -0.00899240   0.01795002
 -0.00898254   0.01798951
 -0.00897266   0.01802898
 -0.00896280   0.01806838
 -0.00895292   0.01810785
 -0.00894305   0.01814732
 -0.00893319   0.01818681
 -0.00892331   0.01822619
 -0.00891345   0.01826568
 -0.00890359   0.01830515
 -0.00889371   0.01834453
 -0.00888384   0.01838402
 -0.00887398   0.01842349
 -0.00886410   0.01846297
 -0.00885432   0.01850236
 -0.00884446   0.01854183
 -0.00883458   0.01858131
 -0.00882471   0.01862078
 -0.00881485   0.01866019
 -0.00880497   0.01869965
 -0.00879511   0.01873912
 -0.00878525   0.01877853
 -0.00877536   0.01881799
 -0.00876550   0.01885748
 -0.00875562   0.01889695
 -0.00874576   0.01893634
 -0.00873590   0.01897582
 -0.00872602   0.01901529
 -0.00871615   0.01905476
 -0.00870637   0.01909416
 -0.00869649   0.01913363
 -0.00868663   0.01917312
 -0.00867677   0.01921250
 -0.00866689   0.01925197
 -0.00865702   0.01929146
 -0.00864716   0.01933092
 -0.00863728   0.01937033
 -0.00862742   0.01940980
 -0.00861756   0.01944926
 -0.00860768   0.01948875
 -0.00859781   0.01952814
 -0.00858795   0.01956762
 -0.00857807   0.01960709
 -0.00856829   0.01964648
 -0.00855843   0.01968596
 -0.00854855   0.01972543
 -0.00853868   0.01976492
 -0.00852880   0.01980431
 -0.00851894   0.01984377
 -0.00850908   0.01988326
 -0.00849920   0.01992265
 -0.00848934   0.01996213
 -0.00847947   0.02000160
 -0.00846959   0.02004107
 -0.00845973   0.02008047
 -0.00844987   0.02011994
 -0.00843999   0.02015943
 -0.00843012   0.02019889
 -0.00842034   0.02023828
 -0.00841046   0.02027777
 -0.00840060   0.02031724
 -0.00839074   0.02035664
 -0.00838086   0.02039611
 -0.00837099   0.02043558
 -0.00836113   0.02047506
 -0.00835125   0.02051445
 -0.00834139   0.02055394
 -0.00833151   0.02059340
 -0.00832165   0.02063287
 -0.00831178   0.02067228
 -0.00830190   0.02071174
 -0.00829204   0.02075121
 -0.00828226   0.02079062
 -0.00827238   0.02083008
 -0.00826252   0.02086957
 -0.00825265   0.02090904
 -0.00824277   0.02094842
 -0.00823291   0.02098791
 -0.00822305   0.02102738
 -0.00821317   0.02106678
 -0.00820331   0.02110625
 -0.00819344   0.02114572
 -0.00818356   0.02118521
 -0.00817370   0.02122459
 -0.00816384   0.02126408
 -0.00815396   0.02130355
 -0.00814409   0.02134301
 -0.00813431   0.02138242
 -0.00812443   0.02142189
 -0.00811457   0.02146137
 -0.00810469   0.02150076
 -0.00809483   0.02154023
 -0.00808496   0.02157971
 -0.00807508   0.02161918
 -0.00806522   0.02165859
 -0.00805536   0.02169805
 -0.00804548   0.02173752
 -0.00803562   0.02177701
 -0.00802575   0.02181639
 -0.00801587   0.02185588
 -0.00800601   0.02189535
 -0.00799623   0.02193474
 -0.00798635   0.02197422
 -0.00797649   0.02201369
 -0.00796662   0.02205318
 -0.00795674   0.02209256
 -0.00794688   0.02213203
 -0.00793702   0.02217152
 -0.00792714   0.02221098
 -0.00791728   0.02225037
 -0.00790739   0.02228986
 -0.00789753   0.02232932
 -0.00788767   0.02236873
 -0.00787779   0.02240820
 -0.00786793   0.02244766
 -0.00785806   0.02248715
 -0.00784826   0.02252654
 -0.00783840   0.02256602
 -0.00782854   0.02260549
 -0.00781866   0.02264488
 -0.00780880   0.02268436
 -0.00779894   0.02272383
 -0.00778905   0.02276332
 -0.00777919   0.02280271
 -0.00776933   0.02284217
 -0.00775945   0.02288166
 -0.00774959   0.02292113
 -0.00773972   0.02296053
 -0.00772984   0.02300000
