-30.7296           -23
-31.8772           -18.4095
-33.0628           -17.6756
-37.25           -23
-30.732           -22.9904
-30.7344           -22.9809
-30.7368           -22.9713
-30.7392           -22.9617
-30.7416           -22.9522
-30.744           -22.9426
-30.7464           -22.9331
-30.7487           -22.9235
-30.7511           -22.9139
-30.7535           -22.9044
-30.7559           -22.8948
-30.7583           -22.8852
-30.7607           -22.8757
-30.7631           -22.8661
-30.7655           -22.8565
-30.7679           -22.847
-30.7703           -22.8374
-30.7727           -22.8279
-30.775           -22.8183
-30.7774           -22.8087
-30.7798           -22.7992
-30.7822           -22.7896
-30.7846           -22.78
-30.787           -22.7705
-30.7894           -22.7609
-30.7918           -22.7514
-30.7942           -22.7418
-30.7966           -22.7322
-30.799           -22.7227
-30.8013           -22.7131
-30.8037           -22.7035
-30.8061           -22.694
-30.8085           -22.6844
-30.8109           -22.6748
-30.8133           -22.6653
-30.8157           -22.6557
-30.8181           -22.6462
-30.8205           -22.6366
-30.8229           -22.627
-30.8253           -22.6175
-30.8276           -22.6079
-30.83           -22.5983
-30.8324           -22.5888
-30.8348           -22.5792
-30.8372           -22.5696
-30.8396           -22.5601
-30.842           -22.5505
-30.8444           -22.541
-30.8468           -22.5314
-30.8492           -22.5218
-30.8516           -22.5123
-30.8539           -22.5027
-30.8563           -22.4931
-30.8587           -22.4836
-30.8611           -22.474
-30.8635           -22.4644
-30.8659           -22.4549
-30.8683           -22.4453
-30.8707           -22.4358
-30.8731           -22.4262
-30.8755           -22.4166
-30.8779           -22.4071
-30.8802           -22.3975
-30.8826           -22.3879
-30.885           -22.3784
-30.8874           -22.3688
-30.8898           -22.3592
-30.8922           -22.3497
-30.8946           -22.3401
-30.897           -22.3306
-30.8994           -22.321
-30.9018           -22.3114
-30.9042           -22.3019
-30.9065           -22.2923
-30.9089           -22.2827
-30.9113           -22.2732
-30.9137           -22.2636
-30.9161           -22.2541
-30.9185           -22.2445
-30.9209           -22.2349
-30.9233           -22.2254
-30.9257           -22.2158
-30.9281           -22.2062
-30.9305           -22.1967
-30.9328           -22.1871
-30.9352           -22.1775
-30.9376           -22.168
-30.94           -22.1584
-30.9424           -22.1489
-30.9448           -22.1393
-30.9472           -22.1297
-30.9496           -22.1202
-30.952           -22.1106
-30.9544           -22.101
-30.9568           -22.0915
-30.9591           -22.0819
-30.9615           -22.0723
-30.9639           -22.0628
-30.9663           -22.0532
-30.9687           -22.0437
-30.9711           -22.0341
-30.9735           -22.0245
-30.9759           -22.015
-30.9783           -22.0054
-30.9807           -21.9958
-30.9831           -21.9863
-30.9854           -21.9767
-30.9878           -21.9671
-30.9902           -21.9576
-30.9926           -21.948
-30.995           -21.9385
-30.9974           -21.9289
-30.9998           -21.9193
-31.0022           -21.9098
-31.0046           -21.9002
-31.007           -21.8906
-31.0094           -21.8811
-31.0117           -21.8715
-31.0141           -21.8619
-31.0165           -21.8524
-31.0189           -21.8428
-31.0213           -21.8333
-31.0237           -21.8237
-31.0261           -21.8141
-31.0285           -21.8046
-31.0309           -21.795
-31.0333           -21.7854
-31.0357           -21.7759
-31.038           -21.7663
-31.0404           -21.7568
-31.0428           -21.7472
-31.0452           -21.7376
-31.0476           -21.7281
-31.05           -21.7185
-31.0524           -21.7089
-31.0548           -21.6994
-31.0572           -21.6898
-31.0596           -21.6802
-31.062           -21.6707
-31.0643           -21.6611
-31.0667           -21.6516
-31.0691           -21.642
-31.0715           -21.6324
-31.0739           -21.6229
-31.0763           -21.6133
-31.0787           -21.6037
-31.0811           -21.5942
-31.0835           -21.5846
-31.0859           -21.575
-31.0883           -21.5655
-31.0906           -21.5559
-31.093           -21.5464
-31.0954           -21.5368
-31.0978           -21.5272
-31.1002           -21.5177
-31.1026           -21.5081
-31.105           -21.4985
-31.1074           -21.489
-31.1098           -21.4794
-31.1122           -21.4698
-31.1145           -21.4603
-31.1169           -21.4507
-31.1193           -21.4412
-31.1217           -21.4316
-31.1241           -21.422
-31.1265           -21.4125
-31.1289           -21.4029
-31.1313           -21.3933
-31.1337           -21.3838
-31.1361           -21.3742
-31.1385           -21.3647
-31.1408           -21.3551
-31.1432           -21.3455
-31.1456           -21.336
-31.148           -21.3264
-31.1504           -21.3168
-31.1528           -21.3073
-31.1552           -21.2977
-31.1576           -21.2881
-31.16           -21.2786
-31.1624           -21.269
-31.1648           -21.2595
-31.1671           -21.2499
-31.1695           -21.2403
-31.1719           -21.2308
-31.1743           -21.2212
-31.1767           -21.2116
-31.1791           -21.2021
-31.1815           -21.1925
-31.1839           -21.1829
-31.1863           -21.1734
-31.1887           -21.1638
-31.1911           -21.1543
-31.1934           -21.1447
-31.1958           -21.1351
-31.1982           -21.1256
-31.2006           -21.116
-31.203           -21.1064
-31.2054           -21.0969
-31.2078           -21.0873
-31.2102           -21.0777
-31.2126           -21.0682
-31.215           -21.0586
-31.2174           -21.0491
-31.2197           -21.0395
-31.2221           -21.0299
-31.2245           -21.0204
-31.2269           -21.0108
-31.2293           -21.0012
-31.2317           -20.9917
-31.2341           -20.9821
-31.2365           -20.9725
-31.2389           -20.963
-31.2413           -20.9534
-31.2437           -20.9439
-31.246           -20.9343
-31.2484           -20.9247
-31.2508           -20.9152
-31.2532           -20.9056
-31.2556           -20.896
-31.258           -20.8865
-31.2604           -20.8769
-31.2628           -20.8674
-31.2652           -20.8578
-31.2676           -20.8482
-31.27           -20.8387
-31.2723           -20.8291
-31.2747           -20.8195
-31.2771           -20.81
-31.2795           -20.8004
-31.2819           -20.7908
-31.2843           -20.7813
-31.2867           -20.7717
-31.2891           -20.7622
-31.2915           -20.7526
-31.2939           -20.743
-31.2963           -20.7335
-31.2986           -20.7239
-31.301           -20.7143
-31.3034           -20.7048
-31.3058           -20.6952
-31.3082           -20.6856
-31.3106           -20.6761
-31.313           -20.6665
-31.3154           -20.657
-31.3178           -20.6474
-31.3202           -20.6378
-31.3226           -20.6283
-31.3249           -20.6187
-31.3273           -20.6091
-31.3297           -20.5996
-31.3321           -20.59
-31.3345           -20.5804
-31.3369           -20.5709
-31.3393           -20.5613
-31.3417           -20.5518
-31.3441           -20.5422
-31.3465           -20.5326
-31.3489           -20.5231
-31.3512           -20.5135
-31.3536           -20.5039
-31.356           -20.4944
-31.3584           -20.4848
-31.3608           -20.4752
-31.3632           -20.4657
-31.3656           -20.4561
-31.368           -20.4466
-31.3704           -20.437
-31.3728           -20.4274
-31.3752           -20.4179
-31.3775           -20.4083
-31.3799           -20.3987
-31.3823           -20.3892
-31.3847           -20.3796
-31.3871           -20.3701
-31.3895           -20.3605
-31.3919           -20.3509
-31.3943           -20.3414
-31.3967           -20.3318
-31.3991           -20.3222
-31.4015           -20.3127
-31.4038           -20.3031
-31.4062           -20.2935
-31.4086           -20.284
-31.411           -20.2744
-31.4134           -20.2649
-31.4158           -20.2553
-31.4182           -20.2457
-31.4206           -20.2362
-31.423           -20.2266
-31.4254           -20.217
-31.4278           -20.2075
-31.4301           -20.1979
-31.4325           -20.1883
-31.4349           -20.1788
-31.4373           -20.1692
-31.4397           -20.1597
-31.4421           -20.1501
-31.4445           -20.1405
-31.4469           -20.131
-31.4493           -20.1214
-31.4517           -20.1118
-31.4541           -20.1023
-31.4564           -20.0927
-31.4588           -20.0831
-31.4612           -20.0736
-31.4636           -20.064
-31.466           -20.0545
-31.4684           -20.0449
-31.4708           -20.0353
-31.4732           -20.0258
-31.4756           -20.0162
-31.478           -20.0066
-31.4804           -19.9971
-31.4827           -19.9875
-31.4851           -19.9779
-31.4875           -19.9684
-31.4899           -19.9588
-31.4923           -19.9493
-31.4947           -19.9397
-31.4971           -19.9301
-31.4995           -19.9206
-31.5019           -19.911
-31.5043           -19.9014
-31.5067           -19.8919
-31.509           -19.8823
-31.5114           -19.8728
-31.5138           -19.8632
-31.5162           -19.8536
-31.5186           -19.8441
-31.521           -19.8345
-31.5234           -19.8249
-31.5258           -19.8154
-31.5282           -19.8058
-31.5306           -19.7962
-31.533           -19.7867
-31.5353           -19.7771
-31.5377           -19.7676
-31.5401           -19.758
-31.5425           -19.7484
-31.5449           -19.7389
-31.5473           -19.7293
-31.5497           -19.7197
-31.5521           -19.7102
-31.5545           -19.7006
-31.5569           -19.691
-31.5593           -19.6815
-31.5616           -19.6719
-31.564           -19.6624
-31.5664           -19.6528
-31.5688           -19.6432
-31.5712           -19.6337
-31.5736           -19.6241
-31.576           -19.6145
-31.5784           -19.605
-31.5808           -19.5954
-31.5832           -19.5858
-31.5855           -19.5763
-31.5879           -19.5667
-31.5903           -19.5572
-31.5927           -19.5476
-31.5951           -19.538
-31.5975           -19.5285
-31.5999           -19.5189
-31.6023           -19.5093
-31.6047           -19.4998
-31.6071           -19.4902
-31.6095           -19.4807
-31.6118           -19.4711
-31.6142           -19.4615
-31.6166           -19.452
-31.619           -19.4424
-31.6214           -19.4328
-31.6238           -19.4233
-31.6262           -19.4137
-31.6286           -19.4041
-31.631           -19.3946
-31.6334           -19.385
-31.6358           -19.3755
-31.6381           -19.3659
-31.6405           -19.3563
-31.6429           -19.3468
-31.6453           -19.3372
-31.6477           -19.3276
-31.6501           -19.3181
-31.6525           -19.3085
-31.6549           -19.2989
-31.6573           -19.2894
-31.6597           -19.2798
-31.6621           -19.2703
-31.6644           -19.2607
-31.6668           -19.2511
-31.6692           -19.2416
-31.6716           -19.232
-31.674           -19.2224
-31.6764           -19.2129
-31.6788           -19.2033
-31.6812           -19.1937
-31.6836           -19.1842
-31.686           -19.1746
-31.6884           -19.1651
-31.6907           -19.1555
-31.6931           -19.1459
-31.6955           -19.1364
-31.6979           -19.1268
-31.7003           -19.1172
-31.7027           -19.1077
-31.7051           -19.0981
-31.7075           -19.0885
-31.7099           -19.079
-31.7123           -19.0694
-31.7147           -19.0599
-31.717           -19.0503
-31.7194           -19.0407
-31.7218           -19.0312
-31.7242           -19.0216
-31.7266           -19.012
-31.729           -19.0025
-31.7314           -18.9929
-31.7338           -18.9834
-31.7362           -18.9738
-31.7386           -18.9642
-31.741           -18.9547
-31.7433           -18.9451
-31.7457           -18.9355
-31.7481           -18.926
-31.7505           -18.9164
-31.7529           -18.9068
-31.7553           -18.8973
-31.7577           -18.8877
-31.7601           -18.8782
-31.7625           -18.8686
-31.7649           -18.859
-31.7673           -18.8495
-31.7696           -18.8399
-31.772           -18.8303
-31.7744           -18.8208
-31.7768           -18.8112
-31.7792           -18.8016
-31.7816           -18.7921
-31.784           -18.7825
-31.7864           -18.773
-31.7888           -18.7634
-31.7912           -18.7538
-31.7936           -18.7443
-31.7959           -18.7347
-31.7983           -18.7251
-31.8007           -18.7156
-31.8031           -18.706
-31.8055           -18.6964
-31.8079           -18.6869
-31.8103           -18.6773
-31.8127           -18.6678
-31.8151           -18.6582
-31.8175           -18.6486
-31.8199           -18.6391
-31.8222           -18.6295
-31.8246           -18.6199
-31.827           -18.6104
-31.8294           -18.6008
-31.8318           -18.5912
-31.8342           -18.5817
-31.8366           -18.5721
-31.839           -18.5626
-31.8414           -18.553
-31.8438           -18.5434
-31.8462           -18.5339
-31.8485           -18.5243
-31.8509           -18.5147
-31.8533           -18.5052
-31.8557           -18.4956
-31.8581           -18.4861
-31.8605           -18.4765
-31.8629           -18.4669
-31.8653           -18.4574
-31.8677           -18.4478
-31.8701           -18.4382
-31.8725           -18.4287
-31.8748           -18.4191
-32.9869           -17.6619
-32.9102           -17.6541
-32.8331           -17.6522
-32.756           -17.6563
-32.6796           -17.6663
-32.6041           -17.6821
-32.5301           -17.7038
-32.4579           -17.731
-32.3881           -17.7638
-32.321           -17.8018
-32.257           -17.8449
-32.1966           -17.8928
-32.14           -17.9452
-32.0876           -18.0019
-32.0398           -18.0624
-31.9967           -18.1264
-31.9587           -18.1935
-31.926           -18.2633
-31.8988           -18.3355
-37.2465           -22.9859
-37.243           -22.9719
-37.2395           -22.9578
-37.2359           -22.9437
-37.2324           -22.9297
-37.2289           -22.9156
-37.2254           -22.9015
-37.2219           -22.8875
-37.2184           -22.8734
-37.2148           -22.8594
-37.2113           -22.8453
-37.2078           -22.8312
-37.2043           -22.8172
-37.2008           -22.8031
-37.1973           -22.789
-37.1937           -22.775
-37.1902           -22.7609
-37.1867           -22.7468
-37.1832           -22.7328
-37.1797           -22.7187
-37.1762           -22.7046
-37.1726           -22.6906
-37.1691           -22.6765
-37.1656           -22.6624
-37.1621           -22.6484
-37.1586           -22.6343
-37.1551           -22.6202
-37.1515           -22.6062
-37.148           -22.5921
-37.1445           -22.5781
-37.141           -22.564
-37.1375           -22.5499
-37.134           -22.5359
-37.1304           -22.5218
-37.1269           -22.5077
-37.1234           -22.4937
-37.1199           -22.4796
-37.1164           -22.4655
-37.1129           -22.4515
-37.1094           -22.4374
-37.1058           -22.4233
-37.1023           -22.4093
-37.0988           -22.3952
-37.0953           -22.3811
-37.0918           -22.3671
-37.0883           -22.353
-37.0847           -22.339
-37.0812           -22.3249
-37.0777           -22.3108
-37.0742           -22.2968
-37.0707           -22.2827
-37.0672           -22.2686
-37.0636           -22.2546
-37.0601           -22.2405
-37.0566           -22.2264
-37.0531           -22.2124
-37.0496           -22.1983
-37.0461           -22.1842
-37.0425           -22.1702
-37.039           -22.1561
-37.0355           -22.142
-37.032           -22.128
-37.0285           -22.1139
-37.025           -22.0998
-37.0214           -22.0858
-37.0179           -22.0717
-37.0144           -22.0577
-37.0109           -22.0436
-37.0074           -22.0295
-37.0039           -22.0155
-37.0003           -22.0014
-36.9968           -21.9873
-36.9933           -21.9733
-36.9898           -21.9592
-36.9863           -21.9451
-36.9828           -21.9311
-36.9793           -21.917
-36.9757           -21.9029
-36.9722           -21.8889
-36.9687           -21.8748
-36.9652           -21.8607
-36.9617           -21.8467
-36.9582           -21.8326
-36.9546           -21.8186
-36.9511           -21.8045
-36.9476           -21.7904
-36.9441           -21.7764
-36.9406           -21.7623
-36.9371           -21.7482
-36.9335           -21.7342
-36.93           -21.7201
-36.9265           -21.706
-36.923           -21.692
-36.9195           -21.6779
-36.916           -21.6638
-36.9124           -21.6498
-36.9089           -21.6357
-36.9054           -21.6216
-36.9019           -21.6076
-36.8984           -21.5935
-36.8949           -21.5794
-36.8913           -21.5654
-36.8878           -21.5513
-36.8843           -21.5373
-36.8808           -21.5232
-36.8773           -21.5091
-36.8738           -21.4951
-36.8702           -21.481
-36.8667           -21.4669
-36.8632           -21.4529
-36.8597           -21.4388
-36.8562           -21.4247
-36.8527           -21.4107
-36.8492           -21.3966
-36.8456           -21.3825
-36.8421           -21.3685
-36.8386           -21.3544
-36.8351           -21.3403
-36.8315           -21.3263
-36.8279           -21.3122
-36.8243           -21.2982
-36.8206           -21.2842
-36.8169           -21.2702
-36.8132           -21.2562
-36.8094           -21.2422
-36.8055           -21.2282
-36.8017           -21.2142
-36.7977           -21.2003
-36.7938           -21.1863
-36.7898           -21.1724
-36.7857           -21.1585
-36.7817           -21.1445
-36.7775           -21.1306
-36.7734           -21.1168
-36.7692           -21.1029
-36.7649           -21.089
-36.7607           -21.0752
-36.7563           -21.0613
-36.752           -21.0475
-36.7476           -21.0337
-36.7431           -21.0199
-36.7387           -21.0061
-36.7341           -20.9923
-36.7296           -20.9786
-36.725           -20.9648
-36.7203           -20.9511
-36.7157           -20.9374
-36.7109           -20.9236
-36.7062           -20.91
-36.7014           -20.8963
-36.6966           -20.8826
-36.6917           -20.869
-36.6868           -20.8553
-36.6818           -20.8417
-36.6768           -20.8281
-36.6718           -20.8145
-36.6667           -20.8009
-36.6616           -20.7873
-36.6564           -20.7738
-36.6512           -20.7603
-36.646           -20.7467
-36.6407           -20.7332
-36.6354           -20.7197
-36.6301           -20.7063
-36.6247           -20.6928
-36.6192           -20.6794
-36.6138           -20.6659
-36.6083           -20.6525
-36.6027           -20.6391
-36.5971           -20.6258
-36.5915           -20.6124
-36.5859           -20.599
-36.5802           -20.5857
-36.5744           -20.5724
-36.5686           -20.5591
-36.5628           -20.5458
-36.557           -20.5326
-36.5511           -20.5193
-36.5452           -20.5061
-36.5392           -20.4929
-36.5332           -20.4797
-36.5271           -20.4665
-36.521           -20.4533
-36.5149           -20.4402
-36.5088           -20.4271
-36.5026           -20.414
-36.4963           -20.4009
-36.4901           -20.3878
-36.4837           -20.3748
-36.4774           -20.3617
-36.471           -20.3487
-36.4646           -20.3357
-36.4581           -20.3227
-36.4516           -20.3098
-36.4451           -20.2968
-36.4385           -20.2839
-36.4319           -20.271
-36.4252           -20.2581
-36.4186           -20.2453
-36.4118           -20.2324
-36.4051           -20.2196
-36.3983           -20.2068
-36.3914           -20.194
-36.3846           -20.1812
-36.3776           -20.1685
-36.3707           -20.1558
-36.3637           -20.1431
-36.3567           -20.1304
-36.3496           -20.1177
-36.3425           -20.1051
-36.3354           -20.0925
-36.3282           -20.0799
-36.321           -20.0673
-36.3138           -20.0547
-36.3065           -20.0422
-36.2992           -20.0297
-36.2919           -20.0172
-36.2845           -20.0047
-36.277           -19.9922
-36.2696           -19.9798
-36.2621           -19.9674
-36.2546           -19.955
-36.247           -19.9426
-36.2394           -19.9303
-36.2318           -19.918
-36.2241           -19.9057
-36.2164           -19.8934
-36.2086           -19.8811
-36.2009           -19.8689
-36.193           -19.8567
-36.1852           -19.8445
-36.1773           -19.8323
-36.1694           -19.8202
-36.1614           -19.8081
-36.1534           -19.796
-36.1454           -19.7839
-36.1373           -19.7719
-36.1292           -19.7598
-36.1211           -19.7478
-36.113           -19.7358
-36.1048           -19.7239
-36.0965           -19.712
-36.0882           -19.7001
-36.0799           -19.6882
-36.0716           -19.6763
-36.0632           -19.6645
-36.0548           -19.6527
-36.0464           -19.6409
-36.0379           -19.6291
-36.0294           -19.6174
-36.0208           -19.6057
-36.0123           -19.594
-36.0037           -19.5823
-35.995           -19.5707
-35.9863           -19.5591
-35.9776           -19.5475
-35.9689           -19.5359
-35.9601           -19.5244
-35.9513           -19.5129
-35.9424           -19.5014
-35.9336           -19.4899
-35.9246           -19.4785
-35.9157           -19.4671
-35.9067           -19.4557
-35.8977           -19.4443
-35.8887           -19.433
-35.8796           -19.4217
-35.8705           -19.4104
-35.8613           -19.3992
-35.8522           -19.388
-35.8429           -19.3768
-35.8337           -19.3656
-35.8244           -19.3544
-35.8151           -19.3433
-35.8058           -19.3322
-35.7964           -19.3212
-35.787           -19.3101
-35.7776           -19.2991
-35.7681           -19.2881
-35.7586           -19.2772
-35.7491           -19.2663
-35.7395           -19.2554
-35.7299           -19.2445
-35.7203           -19.2336
-35.7107           -19.2228
-35.701           -19.212
-35.6913           -19.2013
-35.6815           -19.1906
-35.6717           -19.1799
-35.6619           -19.1692
-35.6521           -19.1585
-35.6422           -19.1479
-35.6323           -19.1373
-35.6224           -19.1268
-35.6124           -19.1162
-35.6024           -19.1057
-35.5924           -19.0953
-35.5823           -19.0848
-35.5722           -19.0744
-35.5621           -19.064
-35.552           -19.0537
-35.5418           -19.0433
-35.5316           -19.0331
-35.5214           -19.0228
-35.5111           -19.0125
-35.5008           -19.0023
-35.4905           -18.9922
-35.4801           -18.982
-35.4697           -18.9719
-35.4593           -18.9618
-35.4489           -18.9518
-35.4384           -18.9417
-35.4279           -18.9317
-35.4174           -18.9218
-35.4068           -18.9118
-35.3962           -18.9019
-35.3856           -18.8921
-35.375           -18.8822
-35.3643           -18.8724
-35.3536           -18.8626
-35.3429           -18.8529
-35.3321           -18.8431
-35.3213           -18.8335
-35.3105           -18.8238
-35.2997           -18.8142
-35.2888           -18.8046
-35.2779           -18.795
-35.267           -18.7855
-35.256           -18.776
-35.245           -18.7665
-35.234           -18.7571
-35.223           -18.7477
-35.2119           -18.7383
-35.2008           -18.729
-35.1897           -18.7197
-35.1786           -18.7104
-35.1674           -18.7012
-35.1562           -18.6919
-35.145           -18.6828
-35.1337           -18.6736
-35.1225           -18.6645
-35.1112           -18.6554
-35.0998           -18.6464
-35.0885           -18.6374
-35.0771           -18.6284
-35.0657           -18.6195
-35.0543           -18.6105
-35.0428           -18.6017
-35.0313           -18.5928
-35.0198           -18.584
-35.0083           -18.5752
-34.9967           -18.5665
-34.9851           -18.5578
-34.9735           -18.5491
-34.9619           -18.5404
-34.9502           -18.5318
-34.9385           -18.5232
-34.9268           -18.5147
-34.9151           -18.5062
-34.9033           -18.4977
-34.8915           -18.4893
-34.8797           -18.4808
-34.8679           -18.4725
-34.856           -18.4641
-34.8441           -18.4558
-34.8322           -18.4476
-34.8203           -18.4393
-34.8083           -18.4311
-34.7964           -18.423
-34.7844           -18.4148
-34.7723           -18.4067
-34.7603           -18.3987
-34.7482           -18.3906
-34.7361           -18.3826
-34.724           -18.3747
-34.7119           -18.3668
-34.6997           -18.3589
-34.6875           -18.351
-34.6753           -18.3432
-34.6631           -18.3354
-34.6508           -18.3277
-34.6385           -18.32
-34.6262           -18.3123
-34.6139           -18.3047
-34.6016           -18.2971
-34.5892           -18.2895
-34.5768           -18.282
-34.5644           -18.2745
-34.552           -18.267
-34.5395           -18.2596
-34.527           -18.2522
-34.5145           -18.2448
-34.502           -18.2375
-34.4895           -18.2302
-34.4769           -18.223
-34.4644           -18.2158
-34.4517           -18.2086
-34.4391           -18.2015
-34.4265           -18.1944
-34.4138           -18.1873
-34.4011           -18.1803
-34.3884           -18.1733
-34.3757           -18.1664
-34.363           -18.1595
-34.3502           -18.1526
-34.3374           -18.1458
-34.3246           -18.139
-34.3118           -18.1322
-34.2989           -18.1255
-34.2861           -18.1188
-34.2732           -18.1121
-34.2603           -18.1055
-34.2474           -18.0989
-34.2344           -18.0924
-34.2215           -18.0859
-34.2085           -18.0794
-34.1955           -18.073
-34.1825           -18.0666
-34.1695           -18.0603
-34.1564           -18.054
-34.1433           -18.0477
-34.1303           -18.0414
-34.1172           -18.0352
-34.104           -18.0291
-34.0909           -18.023
-34.0777           -18.0169
-34.0646           -18.0108
-34.0514           -18.0048
-34.0381           -17.9988
-34.0249           -17.9929
-34.0117           -17.987
-33.9984           -17.9812
-33.9851           -17.9754
-33.9718           -17.9696
-33.9585           -17.9638
-33.9452           -17.9581
-33.9318           -17.9525
-33.9185           -17.9468
-33.9051           -17.9413
-33.8917           -17.9357
-33.8783           -17.9302
-33.8649           -17.9247
-33.8514           -17.9193
-33.838           -17.9139
-33.8245           -17.9086
-33.811           -17.9033
-33.7975           -17.898
-33.784           -17.8927
-33.7704           -17.8876
-33.7569           -17.8824
-33.7433           -17.8773
-33.7298           -17.8722
-33.7162           -17.8672
-33.7025           -17.8622
-33.6889           -17.8572
-33.6753           -17.8523
-33.6616           -17.8474
-33.648           -17.8426
-33.6343           -17.8378
-33.6206           -17.833
-33.6069           -17.8283
-33.5932           -17.8236
-33.5794           -17.819
-33.5657           -17.8144
-33.5519           -17.8098
-33.5381           -17.8053
-33.5244           -17.8008
-33.5106           -17.7964
-33.4967           -17.792
-33.4829           -17.7876
-33.4691           -17.7833
-33.4552           -17.779
-33.4414           -17.7748
-33.4275           -17.7706
-33.4136           -17.7664
-33.3997           -17.7623
-33.3858           -17.7582
-33.3719           -17.7542
-33.3579           -17.7502
-33.344           -17.7462
-33.33           -17.7423
-33.3161           -17.7384
-33.3021           -17.7346
-33.2881           -17.7308
-33.2741           -17.727
-33.2601           -17.7233
-33.246           -17.7196
-33.232           -17.716
-33.218           -17.7124
-33.2039           -17.7088
-33.1898           -17.7053
-33.1758           -17.7019
-33.1617           -17.6984
-33.1476           -17.695
-33.1335           -17.6917
-33.1194           -17.6884
-33.1052           -17.6851
-33.0911           -17.6819
-33.077           -17.6787
