-28.7336           -22.984
-28.7376           -22.9681
-28.7416           -22.9521
-28.7456           -22.9362
-28.7496           -22.9202
-28.7536           -22.9042
-28.7576           -22.8883
-28.7615           -22.8723
-28.7655           -22.8563
-28.7695           -22.8404
-28.7735           -22.8244
-28.7775           -22.8085
-28.7815           -22.7925
-28.7855           -22.7765
-28.7895           -22.7606
-28.7935           -22.7446
-28.7975           -22.7286
-28.8015           -22.7127
-28.8054           -22.6967
-28.8094           -22.6808
-28.8134           -22.6648
-28.8174           -22.6488
-28.8214           -22.6329
-28.8254           -22.6169
-28.8294           -22.6009
-28.8334           -22.585
-28.8374           -22.569
-28.8414           -22.5531
-28.8453           -22.5371
-28.8493           -22.5211
-28.8533           -22.5052
-28.8573           -22.4892
-28.8613           -22.4733
-28.8653           -22.4573
-28.8693           -22.4413
-28.8733           -22.4254
-28.8773           -22.4094
-28.8813           -22.3934
-28.8853           -22.3775
-28.8892           -22.3615
-28.8932           -22.3456
-28.8972           -22.3296
-28.9012           -22.3136
-28.9052           -22.2977
-28.9092           -22.2817
-28.9132           -22.2657
-28.9172           -22.2498
-28.9212           -22.2338
-28.9252           -22.2179
-28.9291           -22.2019
-28.9331           -22.1859
-28.9371           -22.17
-28.9411           -22.154
-28.9451           -22.138
-28.9491           -22.1221
-28.9531           -22.1061
-28.9571           -22.0902
-28.9611           -22.0742
-28.9651           -22.0582
-28.9691           -22.0423
-28.973           -22.0263
-28.977           -22.0104
-28.981           -21.9944
-28.985           -21.9784
-28.989           -21.9625
-28.993           -21.9465
-28.997           -21.9305
-29.001           -21.9146
-29.005           -21.8986
-29.009           -21.8827
-29.0129           -21.8667
-29.0169           -21.8507
-29.0209           -21.8348
-29.0249           -21.8188
-29.0289           -21.8028
-29.0329           -21.7869
-29.0369           -21.7709
-29.0409           -21.755
-29.0449           -21.739
-29.0489           -21.723
-29.0529           -21.7071
-29.0568           -21.6911
-29.0608           -21.6751
-29.0648           -21.6592
-29.0688           -21.6432
-29.0728           -21.6273
-29.0768           -21.6113
-29.0808           -21.5953
-29.0848           -21.5794
-29.0888           -21.5634
-29.0928           -21.5474
-29.0967           -21.5315
-29.1007           -21.5155
-29.1047           -21.4996
-29.1087           -21.4836
-29.1127           -21.4676
-29.1167           -21.4517
-29.1207           -21.4357
-29.1247           -21.4198
-29.1287           -21.4038
-29.1327           -21.3878
-29.1367           -21.3719
-29.1406           -21.3559
-29.1446           -21.3399
-29.1486           -21.324
-29.1526           -21.308
-29.1566           -21.2921
-29.1606           -21.2761
-29.1646           -21.2601
-29.1686           -21.2442
-29.1726           -21.2282
-29.1766           -21.2122
-29.1805           -21.1963
-29.1845           -21.1803
-29.1885           -21.1644
-29.1925           -21.1484
-29.1965           -21.1324
-29.2005           -21.1165
-29.2045           -21.1005
-29.2085           -21.0845
-29.2125           -21.0686
-29.2165           -21.0526
-29.2205           -21.0367
-29.2244           -21.0207
-29.2284           -21.0047
-29.2324           -20.9888
-29.2364           -20.9728
-29.2404           -20.9569
-29.2444           -20.9409
-29.2484           -20.9249
-29.2524           -20.909
-29.2564           -20.893
-29.2604           -20.877
-29.2644           -20.8611
-29.2683           -20.8451
-29.2723           -20.8292
-29.2763           -20.8132
-29.2803           -20.7972
-29.2843           -20.7813
-29.2883           -20.7653
-29.2923           -20.7493
-29.2963           -20.7334
-29.3003           -20.7174
-29.3043           -20.7015
-29.3082           -20.6855
-29.3122           -20.6695
-29.3162           -20.6536
-29.3202           -20.6376
-29.3242           -20.6216
-29.3282           -20.6057
-29.3322           -20.5897
-29.3362           -20.5738
-29.3402           -20.5578
-29.3442           -20.5418
-29.3482           -20.5259
-29.3521           -20.5099
-29.3561           -20.494
-29.3601           -20.478
-29.3641           -20.462
-29.3681           -20.4461
-29.3721           -20.4301
-29.3761           -20.4141
-29.3801           -20.3982
-29.3841           -20.3822
-29.3881           -20.3663
-29.392           -20.3503
-29.396           -20.3343
-29.4           -20.3184
-29.404           -20.3024
-29.408           -20.2864
-29.412           -20.2705
-29.416           -20.2545
-29.42           -20.2386
-29.424           -20.2226
-29.428           -20.2066
-29.432           -20.1907
-29.4359           -20.1747
-29.4399           -20.1587
-29.4439           -20.1428
-29.4479           -20.1268
-29.4519           -20.1109
-29.4559           -20.0949
-29.4599           -20.0789
-29.4639           -20.063
-29.4679           -20.047
-29.4719           -20.0311
-29.4758           -20.0151
-29.4798           -19.9991
-29.4838           -19.9832
-29.4878           -19.9672
-29.4918           -19.9512
-29.4958           -19.9353
-29.4998           -19.9193
-29.5038           -19.9034
-29.5078           -19.8874
-29.5118           -19.8714
-29.5158           -19.8555
-29.5197           -19.8395
-29.5237           -19.8235
-29.5277           -19.8076
-29.5317           -19.7916
-29.5357           -19.7757
-29.5397           -19.7597
-29.5437           -19.7437
-29.5477           -19.7278
-29.5517           -19.7118
-29.5557           -19.6958
-29.5596           -19.6799
-29.5636           -19.6639
-29.5676           -19.648
-29.5716           -19.632
-29.5756           -19.616
-29.5796           -19.6001
-29.5836           -19.5841
-29.5876           -19.5682
-29.5916           -19.5522
-29.5956           -19.5362
-29.5996           -19.5203
-29.6035           -19.5043
-29.6075           -19.4883
-29.6115           -19.4724
-29.6155           -19.4564
-29.6195           -19.4405
-29.6235           -19.4245
-29.6275           -19.4085
-29.6315           -19.3926
-29.6355           -19.3766
-29.6395           -19.3606
-29.6435           -19.3447
-29.6474           -19.3287
-29.6514           -19.3128
-29.6554           -19.2968
-29.6594           -19.2808
-29.6634           -19.2649
-29.6674           -19.2489
-29.6714           -19.2329
-29.6754           -19.217
-29.6794           -19.201
-29.6834           -19.1851
-29.6873           -19.1691
-29.6913           -19.1531
-29.6953           -19.1372
-29.6993           -19.1212
-29.7033           -19.1053
-29.7073           -19.0893
-29.7113           -19.0733
-29.7153           -19.0574
-29.7193           -19.0414
-29.7233           -19.0254
-29.7273           -19.0095
-29.7312           -18.9935
-29.7352           -18.9776
-29.7392           -18.9616
-29.7432           -18.9456
-29.7472           -18.9297
-29.7512           -18.9137
-29.7552           -18.8977
-29.7592           -18.8818
-29.7632           -18.8658
-29.7672           -18.8499
-29.7711           -18.8339
-29.7751           -18.8179
-29.7791           -18.802
-29.7831           -18.786
-29.7871           -18.77
-29.7911           -18.7541
-29.7951           -18.7381
-29.7991           -18.7222
-29.8031           -18.7062
-29.8071           -18.6902
-29.8111           -18.6743
-29.815           -18.6583
-29.819           -18.6423
-29.823           -18.6264
-29.827           -18.6104
-29.831           -18.5945
-29.835           -18.5785
-29.839           -18.5625
-29.843           -18.5466
-29.847           -18.5306
-29.851           -18.5147
-29.8549           -18.4987
-29.8589           -18.4827
-29.8629           -18.4668
-29.8669           -18.4508
-29.8709           -18.4348
-29.8749           -18.4189
-29.8789           -18.4029
-29.8829           -18.387
-29.8869           -18.371
-29.8909           -18.355
-29.8949           -18.3391
-29.8988           -18.3231
-29.9028           -18.3071
-29.9068           -18.2912
-29.9108           -18.2752
-29.9148           -18.2593
-29.9188           -18.2433
-29.9228           -18.2273
-29.9268           -18.2114
-29.9308           -18.1954
-29.9348           -18.1794
-29.9387           -18.1635
-29.9427           -18.1475
-29.9467           -18.1316
-29.9507           -18.1156
-29.9547           -18.0996
-29.9587           -18.0837
-29.9627           -18.0677
-29.9667           -18.0518
-29.9707           -18.0358
-29.9747           -18.0198
-29.9787           -18.0039
-29.9826           -17.9879
-29.9866           -17.9719
-29.9906           -17.956
-29.9946           -17.94
-29.9986           -17.9241
-30.0026           -17.9081
-30.0066           -17.8921
-30.0106           -17.8762
-30.0146           -17.8602
-30.0186           -17.8442
-30.0226           -17.8283
-30.0265           -17.8123
-30.0305           -17.7964
-30.0345           -17.7804
-30.0385           -17.7644
-30.0425           -17.7485
-30.0465           -17.7325
-30.0505           -17.7165
-30.0545           -17.7006
-30.0585           -17.6846
-30.0625           -17.6687
-30.0664           -17.6527
-30.0704           -17.6367
-30.0744           -17.6208
-30.0784           -17.6048
-30.0824           -17.5889
-30.0864           -17.5729
-30.0904           -17.5569
-30.0944           -17.541
-30.0984           -17.525
-30.1024           -17.509
-30.1064           -17.4931
-30.1103           -17.4771
-30.1143           -17.4612
-30.1183           -17.4452
-30.1223           -17.4292
-30.1263           -17.4133
-30.1303           -17.3973
-30.1343           -17.3813
-30.1383           -17.3654
-30.1423           -17.3494
-30.1463           -17.3335
-30.1502           -17.3175
-30.1542           -17.3015
-30.1582           -17.2856
-30.1622           -17.2696
-30.1662           -17.2536
-30.1702           -17.2377
-30.1742           -17.2217
-30.1782           -17.2058
-30.1822           -17.1898
-30.1862           -17.1738
-30.1902           -17.1579
-30.1941           -17.1419
-30.1981           -17.126
-30.2021           -17.11
-30.2061           -17.094
-30.2101           -17.0781
-30.2141           -17.0621
-30.2181           -17.0461
-30.2221           -17.0302
-30.2261           -17.0142
-30.2301           -16.9983
-30.234           -16.9823
-30.238           -16.9663
-30.242           -16.9504
-30.246           -16.9344
-30.25           -16.9184
-30.254           -16.9025
-30.258           -16.8865
-30.262           -16.8706
-30.266           -16.8546
-30.27           -16.8386
-30.274           -16.8227
-30.2779           -16.8067
-30.2819           -16.7907
-30.2859           -16.7748
-30.2899           -16.7588
-30.2939           -16.7429
-30.2979           -16.7269
-30.3019           -16.7109
-30.3059           -16.695
-30.3099           -16.679
-30.3139           -16.6631
-30.3178           -16.6471
-30.3218           -16.6311
-30.3258           -16.6152
-30.3298           -16.5992
-30.3338           -16.5832
-30.3378           -16.5673
-30.3418           -16.5513
-30.3458           -16.5354
-30.3498           -16.5194
-30.3538           -16.5034
-30.3578           -16.4875
-30.3617           -16.4715
-30.3657           -16.4555
-30.3697           -16.4396
-30.3737           -16.4236
-30.3777           -16.4077
-30.3817           -16.3917
-30.3857           -16.3757
-30.3897           -16.3598
-30.3937           -16.3438
-30.3977           -16.3278
-30.4016           -16.3119
-30.4056           -16.2959
-30.4096           -16.28
-30.4136           -16.264
-30.4176           -16.248
-30.4216           -16.2321
-30.4256           -16.2161
-30.4296           -16.2001
-30.4336           -16.1842
-30.4376           -16.1682
-30.4416           -16.1523
-30.4455           -16.1363
-30.4495           -16.1203
-30.4535           -16.1044
-30.4575           -16.0884
-30.4615           -16.0725
-30.4655           -16.0565
-30.4695           -16.0405
-30.4735           -16.0246
-30.4775           -16.0086
-30.4815           -15.9926
-30.4855           -15.9767
-30.4894           -15.9607
-30.4934           -15.9448
-30.4974           -15.9288
-30.5014           -15.9128
-30.5054           -15.8969
-30.5094           -15.8809
-30.5134           -15.8649
-30.5174           -15.849
-30.5214           -15.833
-30.5254           -15.8171
-30.5293           -15.8011
-30.5333           -15.7851
-30.5373           -15.7692
-30.5413           -15.7532
-30.5453           -15.7372
-30.5493           -15.7213
-30.5533           -15.7053
-30.5573           -15.6894
-30.5613           -15.6734
-30.5653           -15.6574
-30.5693           -15.6415
-30.5732           -15.6255
-30.5772           -15.6096
-30.5812           -15.5936
-30.5852           -15.5776
-30.5892           -15.5617
-30.5932           -15.5457
-30.5972           -15.5297
-30.6012           -15.5138
-30.6052           -15.4978
-30.6092           -15.4819
-30.6131           -15.4659
-30.6171           -15.4499
-30.6211           -15.434
-30.6251           -15.418
-30.6291           -15.402
-30.6331           -15.3861
-30.6371           -15.3701
-30.6411           -15.3542
-32.1369           -14.7276
-32.0503           -14.6803
-31.9595           -14.6419
-31.8653           -14.6125
-31.7687           -14.5926
-31.6706           -14.5823
-31.572           -14.5817
-31.4738           -14.5908
-31.377           -14.6095
-31.2825           -14.6377
-31.1912           -14.6751
-31.1041           -14.7212
-31.0219           -14.7758
-30.9455           -14.8381
-30.8756           -14.9077
-30.8129           -14.9838
-30.758           -15.0658
-30.7114           -15.1527
-30.6737           -15.2438
-37.2452           -22.9809
-37.2404           -22.9618
-37.2357           -22.9426
-37.2309           -22.9235
-37.2261           -22.9044
-37.2213           -22.8853
-37.2165           -22.8661
-37.2118           -22.847
-37.207           -22.8279
-37.2022           -22.8088
-37.1974           -22.7897
-37.1926           -22.7705
-37.1879           -22.7514
-37.1831           -22.7323
-37.1783           -22.7132
-37.1735           -22.694
-37.1687           -22.6749
-37.164           -22.6558
-37.1592           -22.6367
-37.1544           -22.6176
-37.1496           -22.5984
-37.1448           -22.5793
-37.14           -22.5602
-37.1353           -22.5411
-37.1305           -22.5219
-37.1257           -22.5028
-37.1209           -22.4837
-37.1161           -22.4646
-37.1114           -22.4455
-37.1066           -22.4263
-37.1018           -22.4072
-37.097           -22.3881
-37.0922           -22.369
-37.0875           -22.3499
-37.0827           -22.3307
-37.0779           -22.3116
-37.0731           -22.2925
-37.0683           -22.2734
-37.0636           -22.2542
-37.0588           -22.2351
-37.054           -22.216
-37.0492           -22.1969
-37.0444           -22.1778
-37.0397           -22.1586
-37.0349           -22.1395
-37.0301           -22.1204
-37.0253           -22.1013
-37.0205           -22.0821
-37.0158           -22.063
-37.011           -22.0439
-37.0062           -22.0248
-37.0014           -22.0057
-36.9966           -21.9865
-36.9917           -21.9674
-36.9869           -21.9483
-36.9819           -21.9293
-36.977           -21.9102
-36.972           -21.8911
-36.967           -21.872
-36.962           -21.853
-36.957           -21.8339
-36.9519           -21.8149
-36.9468           -21.7958
-36.9416           -21.7768
-36.9365           -21.7578
-36.9313           -21.7388
-36.926           -21.7198
-36.9208           -21.7008
-36.9155           -21.6818
-36.9102           -21.6628
-36.9048           -21.6438
-36.8995           -21.6249
-36.8941           -21.6059
-36.8886           -21.587
-36.8832           -21.568
-36.8777           -21.5491
-36.8722           -21.5302
-36.8666           -21.5113
-36.8611           -21.4923
-36.8555           -21.4734
-36.8498           -21.4546
-36.8442           -21.4357
-36.8385           -21.4168
-36.8328           -21.3979
-36.827           -21.3791
-36.8213           -21.3602
-36.8155           -21.3414
-36.8096           -21.3226
-36.8038           -21.3038
-36.7979           -21.2849
-36.792           -21.2661
-36.786           -21.2473
-36.7801           -21.2286
-36.7741           -21.2098
-36.7681           -21.191
-36.762           -21.1723
-36.7559           -21.1535
-36.7498           -21.1348
-36.7437           -21.116
-36.7375           -21.0973
-36.7313           -21.0786
-36.7251           -21.0599
-36.7188           -21.0412
-36.7125           -21.0225
-36.7062           -21.0039
-36.6999           -20.9852
-36.6935           -20.9665
-36.6871           -20.9479
-36.6807           -20.9293
-36.6743           -20.9106
-36.6678           -20.892
-36.6613           -20.8734
-36.6547           -20.8548
-36.6482           -20.8362
-36.6416           -20.8177
-36.635           -20.7991
-36.6283           -20.7805
-36.6217           -20.762
-36.615           -20.7434
-36.6082           -20.7249
-36.6015           -20.7064
-36.5947           -20.6879
-36.5879           -20.6694
-36.581           -20.6509
-36.5741           -20.6324
-36.5672           -20.614
-36.5603           -20.5955
-36.5534           -20.5771
-36.5464           -20.5587
-36.5394           -20.5402
-36.5323           -20.5218
-36.5253           -20.5034
-36.5182           -20.485
-36.5111           -20.4667
-36.5039           -20.4483
-36.4967           -20.4299
-36.4895           -20.4116
-36.4823           -20.3932
-36.475           -20.3749
-36.4678           -20.3566
-36.4604           -20.3383
-36.4531           -20.32
-36.4457           -20.3017
-36.4383           -20.2835
-36.4309           -20.2652
-36.4234           -20.247
-36.416           -20.2287
-36.4085           -20.2105
-36.4009           -20.1923
-36.3934           -20.1741
-36.3858           -20.1559
-36.3782           -20.1377
-36.3705           -20.1195
-36.3628           -20.1014
-36.3551           -20.0832
-36.3474           -20.0651
-36.3396           -20.047
-36.3319           -20.0289
-36.3241           -20.0108
-36.3162           -19.9927
-36.3084           -19.9746
-36.3005           -19.9566
-36.2925           -19.9385
-36.2846           -19.9205
-36.2766           -19.9024
-36.2686           -19.8844
-36.2606           -19.8664
-36.2525           -19.8484
-36.2445           -19.8305
-36.2363           -19.8125
-36.2282           -19.7945
-36.22           -19.7766
-36.2119           -19.7587
-36.2036           -19.7408
-36.1954           -19.7229
-36.1871           -19.705
-36.1788           -19.6871
-36.1705           -19.6692
-36.1621           -19.6514
-36.1538           -19.6335
-36.1454           -19.6157
-36.1369           -19.5979
-36.1285           -19.5801
-36.12           -19.5623
-36.1115           -19.5445
-36.1029           -19.5268
-36.0943           -19.509
-36.0858           -19.4913
-36.0771           -19.4735
-36.0685           -19.4558
-36.0598           -19.4381
-36.0511           -19.4205
-36.0424           -19.4028
-36.0336           -19.3851
-36.0248           -19.3675
-36.016           -19.3498
-36.0072           -19.3322
-35.9983           -19.3146
-35.9894           -19.297
-35.9805           -19.2794
-35.9716           -19.2619
-35.9626           -19.2443
-35.9536           -19.2268
-35.9446           -19.2093
-35.9356           -19.1918
-35.9265           -19.1743
-35.9174           -19.1568
-35.9083           -19.1393
-35.8991           -19.1218
-35.8899           -19.1044
-35.8807           -19.087
-35.8715           -19.0696
-35.8622           -19.0522
-35.8529           -19.0348
-35.8436           -19.0174
-35.8343           -19
-35.8249           -18.9827
-35.8155           -18.9654
-35.8061           -18.948
-35.7967           -18.9307
-35.7872           -18.9135
-35.7777           -18.8962
-35.7682           -18.8789
-35.7586           -18.8617
-35.7491           -18.8445
-35.7395           -18.8272
-35.7298           -18.81
-35.7202           -18.7929
-35.7105           -18.7757
-35.7008           -18.7585
-35.6911           -18.7414
-35.6813           -18.7243
-35.6716           -18.7071
-35.6617           -18.69
-35.6519           -18.673
-35.6421           -18.6559
-35.6322           -18.6388
-35.6223           -18.6218
-35.6123           -18.6048
-35.6024           -18.5878
-35.5924           -18.5708
-35.5824           -18.5538
-35.5723           -18.5368
-35.5623           -18.5199
-35.5522           -18.503
-35.5421           -18.486
-35.5319           -18.4691
-35.5218           -18.4522
-35.5116           -18.4354
-35.5014           -18.4185
-35.4911           -18.4017
-35.4808           -18.3849
-35.4706           -18.368
-35.4602           -18.3512
-35.4499           -18.3345
-35.4395           -18.3177
-35.4291           -18.301
-35.4187           -18.2842
-35.4083           -18.2675
-35.3978           -18.2508
-35.3873           -18.2341
-35.3768           -18.2175
-35.3662           -18.2008
-35.3557           -18.1842
-35.3451           -18.1676
-35.3344           -18.1509
-35.3238           -18.1344
-35.3131           -18.1178
-35.3024           -18.1012
-35.2917           -18.0847
-35.281           -18.0682
-35.2702           -18.0517
-35.2594           -18.0352
-35.2486           -18.0187
-35.2377           -18.0022
-35.2269           -17.9858
-35.216           -17.9694
-35.205           -17.953
-35.1941           -17.9366
-35.1831           -17.9202
-35.1721           -17.9038
-35.1611           -17.8875
-35.1501           -17.8712
-35.139           -17.8549
-35.1279           -17.8386
-35.1168           -17.8223
-35.1057           -17.806
-35.0945           -17.7898
-35.0833           -17.7736
-35.0721           -17.7574
-35.0608           -17.7412
-35.0496           -17.725
-35.0383           -17.7088
-35.027           -17.6927
-35.0156           -17.6766
-35.0043           -17.6605
-34.9929           -17.6444
-34.9815           -17.6283
-34.97           -17.6122
-34.9586           -17.5962
-34.9471           -17.5802
-34.9356           -17.5642
-34.9241           -17.5482
-34.9125           -17.5322
-34.9009           -17.5163
-34.8893           -17.5003
-34.8777           -17.4844
-34.866           -17.4685
-34.8544           -17.4527
-34.8427           -17.4368
-34.8309           -17.421
-34.8192           -17.4051
-34.8074           -17.3893
-34.7956           -17.3735
-34.7838           -17.3578
-34.7719           -17.342
-34.7601           -17.3263
-34.7482           -17.3105
-34.7363           -17.2948
-34.7243           -17.2792
-34.7124           -17.2635
-34.7004           -17.2478
-34.6884           -17.2322
-34.6763           -17.2166
-34.6643           -17.201
-34.6522           -17.1854
-34.6401           -17.1699
-34.628           -17.1543
-34.6158           -17.1388
-34.6037           -17.1233
-34.5915           -17.1078
-34.5792           -17.0924
-34.567           -17.0769
-34.5547           -17.0615
-34.5424           -17.0461
-34.5301           -17.0307
-34.5178           -17.0153
-34.5054           -17
-34.493           -16.9846
-34.4806           -16.9693
-34.4682           -16.954
-34.4557           -16.9387
-34.4433           -16.9235
-34.4308           -16.9082
-34.4182           -16.893
-34.4057           -16.8778
-34.3931           -16.8626
-34.3805           -16.8475
-34.3679           -16.8323
-34.3553           -16.8172
-34.3426           -16.8021
-34.3299           -16.787
-34.3172           -16.7719
-34.3045           -16.7569
-34.2918           -16.7419
-34.279           -16.7268
-34.2662           -16.7119
-34.2534           -16.6969
-34.2405           -16.6819
-34.2277           -16.667
-34.2148           -16.6521
-34.2019           -16.6372
-34.1889           -16.6223
-34.176           -16.6075
-34.163           -16.5926
-34.15           -16.5778
-34.137           -16.563
-34.1239           -16.5482
-34.1109           -16.5335
-34.0978           -16.5187
-34.0847           -16.504
-34.0715           -16.4893
-34.0584           -16.4746
-34.0452           -16.46
-34.032           -16.4453
-34.0188           -16.4307
-34.0055           -16.4161
-33.9923           -16.4015
-33.979           -16.387
-33.9657           -16.3725
-33.9524           -16.3579
-33.939           -16.3434
-33.9256           -16.329
-33.9122           -16.3145
-33.8988           -16.3001
-33.8854           -16.2856
-33.8719           -16.2713
-33.8584           -16.2569
-33.8449           -16.2425
-33.8314           -16.2282
-33.8178           -16.2139
-33.8043           -16.1996
-33.7907           -16.1853
-33.7771           -16.171
-33.7634           -16.1568
-33.7498           -16.1426
-33.7361           -16.1284
-33.7224           -16.1142
-33.7087           -16.1001
-33.6949           -16.086
-33.6812           -16.0718
-33.6674           -16.0578
-33.6536           -16.0437
-33.6397           -16.0296
-33.6259           -16.0156
-33.612           -16.0016
-33.5981           -15.9876
-33.5842           -15.9737
-33.5703           -15.9597
-33.5563           -15.9458
-33.5424           -15.9319
-33.5284           -15.918
-33.5143           -15.9042
-33.5003           -15.8903
-33.4862           -15.8765
-33.4722           -15.8627
-33.4581           -15.849
-33.4439           -15.8352
-33.4298           -15.8215
-33.4156           -15.8078
-33.4014           -15.7941
-33.3872           -15.7804
-33.373           -15.7668
-33.3588           -15.7532
-33.3445           -15.7396
-33.3302           -15.726
-33.3159           -15.7124
-33.3016           -15.6989
-33.2872           -15.6854
-33.2729           -15.6719
-33.2585           -15.6584
-33.2441           -15.645
-33.2296           -15.6315
-33.2152           -15.6181
-33.2007           -15.6047
-33.1862           -15.5914
-33.1717           -15.578
-33.1572           -15.5647
-33.1426           -15.5514
-33.1281           -15.5382
-33.1135           -15.5249
-33.0989           -15.5117
-33.0842           -15.4985
-33.0696           -15.4853
-33.0549           -15.4721
-33.0402           -15.459
-33.0255           -15.4459
-33.0108           -15.4328
-32.996           -15.4197
-32.9813           -15.4066
-32.9665           -15.3936
-32.9517           -15.3806
-32.9368           -15.3676
-32.922           -15.3546
-32.9071           -15.3417
-32.8922           -15.3288
-32.8773           -15.3159
-32.8624           -15.303
-32.8474           -15.2902
-32.8325           -15.2773
-32.8175           -15.2645
-32.8025           -15.2518
-32.7875           -15.239
-32.7724           -15.2263
-32.7574           -15.2135
-32.7423           -15.2009
-32.7272           -15.1882
-32.7121           -15.1755
-32.6969           -15.1629
-32.6818           -15.1503
-32.6666           -15.1377
-32.6514           -15.1252
-32.6362           -15.1127
-32.621           -15.1001
-32.6057           -15.0877
-32.5904           -15.0752
-32.5751           -15.0628
-32.5598           -15.0503
-32.5445           -15.038
-32.5292           -15.0256
-32.5138           -15.0132
-32.4984           -15.0009
-32.483           -14.9886
-32.4676           -14.9763
-32.4521           -14.9641
-32.4367           -14.9519
-32.4212           -14.9396
-32.4057           -14.9275
-32.3902           -14.9153
-32.3747           -14.9032
-32.3591           -14.8911
-32.3436           -14.879
-32.328           -14.8669
-32.3124           -14.8549
-32.2967           -14.8428
-32.2811           -14.8308
-32.2654           -14.8189
-32.2498           -14.8069
-32.2341           -14.795
-28.7296           -23
-30.6451           -15.3382
-32.2184           -14.7831
-37.25           -23
