55.2653           -.0006
55.7766           -.0021
56.2878           -.0045
56.799           -.0077
57.3103           -.0118
57.8215           -.0167
58.3327           -.0226
58.8439           -.0292
59.3551           -.0368
59.8662           -.0452
60.3774           -.0545
60.8885           -.0647
61.3997           -.0757
61.9108           -.0876
62.4218           -.1004
62.9329           -.114
63.4439           -.1285
63.9549           -.1438
64.4659           -.1601
64.9769           -.1774
65.4877           -.1977
65.9984           -.2213
66.5089           -.2481
67.0193           -.2781
67.5294           -.3115
68.0394           -.3481
68.549           -.3879
69.0585           -.431
69.5676           -.4774
70.0764           -.527
70.5849           -.5799
71.0931           -.636
71.6009           -.6953
72.1082           -.7579
72.6152           -.8238
73.1218           -.8929
73.6279           -.9652
74.1335           -1.0407
74.6386           -1.1195
75.1432           -1.2015
75.6473           -1.2868
76.1509           -1.3752
76.6538           -1.4669
77.1562           -1.5618
77.6579           -1.6598
78.159           -1.7611
78.6595           -1.8656
79.1592           -1.9733
79.6583           -2.0842
80.1566           -2.1984
80.6517           -2.3258
81.1414           -2.4726
81.6249           -2.6386
82.1015           -2.8234
82.5705           -3.0268
83.0311           -3.2486
83.4827           -3.4882
83.9245           -3.7454
84.3558           -4.0198
84.776           -4.3109
85.1844           -4.6184
85.5805           -4.9416
85.9635           -5.2802
86.3329           -5.6336
86.6881           -6.0012
87.0286           -6.3825
87.3539           -6.7769
87.6634           -7.1837
87.9566           -7.6025
88.2332           -8.0324
88.4927           -8.4729
88.7346           -8.9232
88.9586           -9.3827
89.1644           -9.8507
89.3517           -10.3263
89.5201           -10.809
89.6694           -11.2979
89.7993           -11.7923
89.9097           -12.2915
90.0004           -12.7946
90.0713           -13.3009
90.1222           -13.8095
90.1536           -14.3198
90.1791           -14.8304
90.2046           -15.341
90.2302           -15.8516
90.2557           -16.3622
90.2812           -16.8728
90.3068           -17.3834
90.3323           -17.894
90.3578           -18.4046
90.3834           -18.9152
90.4089           -19.4258
90.4344           -19.9364
90.4599           -20.447
90.4855           -20.9576
90.511           -21.4682
90.5365           -21.9788
90.5621           -22.4894
40.8307           0
40.9006           0
40.9706           0
41.0406           0
41.1105           0
41.1805           0
41.2505           0
41.3204           0
41.3904           0
41.4604           0
41.5303           0
41.6003           0
41.6703           0
41.7402           0
41.8102           0
41.8802           0
41.9501           0
42.0201           0
42.0901           0
42.16           0
42.23           0
42.3           0
42.3699           0
42.4399           0
42.5099           0
42.5798           0
42.6498           0
42.7198           0
42.7897           0
42.8597           0
42.9297           0
42.9996           0
43.0696           0
43.1396           0
43.2095           0
43.2795           0
43.3495           0
43.4194           0
43.4894           0
43.5594           0
43.6293           0
43.6993           0
43.7693           0
43.8392           0
43.9092           0
43.9792           0
44.0491           0
44.1191           0
44.1891           0
44.259           0
44.329           0
44.399           0
44.4689           0
44.5389           0
44.6089           0
44.6788           0
44.7488           0
44.8188           0
44.8887           0
44.9587           0
45.0287           0
45.0986           0
45.1686           0
45.2386           0
45.3085           0
45.3785           0
45.4485           0
45.5184           0
45.5884           0
45.6584           0
45.7284           0
45.7983           0
45.8683           0
45.9383           0
46.0082           0
46.0782           0
46.1482           0
46.2181           0
46.2881           0
46.3581           0
46.428           0
46.498           0
46.568           0
46.6379           0
46.7079           0
46.7779           0
46.8478           0
46.9178           0
46.9878           0
47.0577           0
47.1277           0
47.1977           0
47.2676           0
47.3376           0
47.4076           0
47.4775           0
47.5475           0
47.6175           0
47.6874           0
47.7574           0
47.8274           0
47.8973           0
47.9673           0
48.0373           0
48.1072           0
48.1772           0
48.2472           0
48.3171           0
48.3871           0
48.4571           0
48.527           0
48.597           0
48.667           0
48.7369           0
48.8069           0
48.8769           0
48.9468           0
49.0168           0
49.0868           0
49.1567           0
49.2267           0
49.2967           0
49.3666           0
49.4366           0
49.5066           0
49.5765           0
49.6465           0
49.7165           0
49.7864           0
49.8564           0
49.9264           0
49.9963           0
50.0663           0
50.1363           0
50.2062           0
50.2762           0
50.3462           0
50.4161           0
50.4861           0
50.5561           0
50.626           0
50.696           0
50.766           0
50.8359           0
50.9059           0
50.9759           0
51.0458           0
51.1158           0
51.1858           0
51.2557           0
51.3257           0
51.3957           0
51.4656           0
51.5356           0
51.6056           0
51.6755           0
51.7455           0
51.8155           0
51.8855           0
51.9554           0
52.0254           0
52.0954           0
52.1653           0
52.2353           0
52.3053           0
52.3752           0
52.4452           0
52.5152           0
52.5851           0
52.6551           0
52.7251           0
52.795           0
52.865           0
52.935           0
53.0049           0
53.0749           0
53.1449           0
53.2148           0
53.2848           0
53.3548           0
53.4247           0
53.4947           0
53.5647           0
53.6346           0
53.7046           0
53.7746           0
53.8445           0
53.9145           0
53.9845           0
54.0544           0
54.1244           0
54.1944           0
54.2643           0
54.3343           0
54.4043           0
54.4742           0
54.5442           0
54.6142           0
54.6841           0
40.6762           -.0021
40.5918           -.0041
40.5073           -.0062
40.4228           -.0083
40.3384           -.0103
40.2539           -.0124
40.1694           -.0145
40.085           -.0166
40.0005           -.0186
39.916           -.0207
39.8316           -.0228
39.7471           -.0248
39.6626           -.0269
39.5782           -.029
39.4937           -.031
39.4092           -.0331
39.3248           -.0352
39.2403           -.0373
39.1558           -.0393
39.0714           -.0414
38.9869           -.0435
38.9025           -.0455
38.818           -.0476
38.7335           -.0497
38.6491           -.0517
38.5646           -.0538
38.4801           -.0559
38.3957           -.0579
38.3112           -.06
38.2267           -.0621
38.1423           -.0642
38.0578           -.0662
37.9733           -.0683
37.8889           -.0704
37.8044           -.0724
37.7199           -.0745
37.6355           -.0766
37.551           -.0786
37.4665           -.0807
37.3821           -.0828
37.2976           -.0849
37.2131           -.0869
37.1287           -.089
37.0442           -.0911
36.9597           -.0931
36.8753           -.0952
36.7908           -.0973
36.7063           -.0993
36.6219           -.1014
36.5374           -.1035
36.453           -.1055
36.3685           -.1076
36.284           -.1097
36.1996           -.1118
36.1151           -.1138
36.0306           -.1159
35.9462           -.118
35.8617           -.12
35.7772           -.1221
35.6928           -.1242
35.6083           -.1262
35.5238           -.1283
35.4394           -.1304
35.3549           -.1325
35.2704           -.1345
35.186           -.1366
35.1015           -.1387
35.017           -.1407
34.9326           -.1428
34.8481           -.1449
34.7636           -.1469
34.6792           -.149
34.5947           -.1511
34.5102           -.1531
34.4258           -.1552
34.3413           -.1573
34.2569           -.1594
34.1724           -.1614
34.0879           -.1635
34.0035           -.1656
33.919           -.1676
33.8345           -.1697
33.7501           -.1718
33.6656           -.1738
33.5811           -.1759
33.4967           -.178
33.4122           -.18
33.3277           -.1821
33.2433           -.1842
33.1588           -.1863
33.0743           -.1883
32.9899           -.1904
32.9054           -.1925
32.8209           -.1945
32.7365           -.1966
32.652           -.1987
32.5675           -.2007
32.4831           -.2028
32.3986           -.2049
32.3141           -.207
32.2297           -.209
32.1452           -.2111
32.0607           -.2132
31.9763           -.2152
31.8918           -.2173
31.8074           -.2194
31.7229           -.2214
31.6384           -.2235
31.554           -.2256
31.4695           -.2276
31.385           -.2297
31.3006           -.2318
31.2161           -.2339
31.1316           -.2359
31.0472           -.238
30.9627           -.2401
30.8782           -.2421
30.7938           -.2442
30.7093           -.2463
30.6248           -.2483
30.5404           -.2504
30.4559           -.2525
30.3714           -.2546
30.287           -.2566
30.2025           -.2587
30.118           -.2608
30.0336           -.2628
29.9491           -.2649
29.8646           -.267
29.7802           -.269
29.6957           -.2711
29.6113           -.2732
29.5268           -.2752
29.4423           -.2773
29.3579           -.2794
29.2734           -.2815
29.1889           -.2835
29.1045           -.2856
29.02           -.2877
28.9355           -.2897
28.8511           -.2918
28.7666           -.2939
28.6821           -.2959
28.5977           -.298
28.5132           -.3001
28.4287           -.3022
28.3443           -.3042
28.2598           -.3063
28.1753           -.3084
28.0909           -.3104
28.0064           -.3125
27.9219           -.3146
27.8375           -.3166
27.753           -.3187
27.6685           -.3208
27.5841           -.3228
27.4996           -.3249
27.4151           -.327
27.3307           -.3291
27.2462           -.3311
27.1618           -.3332
27.0773           -.3353
26.9928           -.3373
26.9084           -.3394
26.8239           -.3415
26.7394           -.3435
26.655           -.3456
26.5705           -.3477
26.486           -.3498
26.4016           -.3518
26.3171           -.3539
26.2326           -.356
26.1482           -.358
26.0637           -.3601
25.9792           -.3622
25.8948           -.3642
25.8103           -.3663
25.7258           -.3684
25.6414           -.3704
25.5569           -.3725
25.4724           -.3746
25.388           -.3767
25.3035           -.3787
25.219           -.3808
25.1346           -.3829
25.0501           -.3849
24.9657           -.387
24.8812           -.3891
24.7967           -.3911
24.7123           -.3932
24.6278           -.3953
24.5433           -.3974
24.4589           -.3994
24.3744           -.4015
24.2899           -.4036
24.2055           -.4056
24.121           -.4077
24.0365           -.4098
23.9521           -.4118
-12.677           -22.8908
-12.6738           -22.7816
-12.6707           -22.6724
-12.6676           -22.5631
-12.6645           -22.4539
-12.6614           -22.3447
-12.6582           -22.2355
-12.6551           -22.1263
-12.652           -22.0171
-12.6489           -21.9078
-12.6458           -21.7986
-12.6426           -21.6894
-12.6395           -21.5802
-12.6364           -21.471
-12.6333           -21.3618
-12.6302           -21.2525
-12.627           -21.1433
-12.6239           -21.0341
-12.6208           -20.9249
-12.6177           -20.8157
-12.6146           -20.7065
-12.6114           -20.5972
-12.6083           -20.488
-12.6052           -20.3788
-12.6021           -20.2696
-12.599           -20.1604
-12.5958           -20.0512
-12.5927           -19.9419
-12.5896           -19.8327
-12.5865           -19.7235
-12.5834           -19.6143
-12.5802           -19.5051
-12.5771           -19.3959
-12.574           -19.2866
-12.5709           -19.1774
-12.5678           -19.0682
-12.5646           -18.959
-12.5615           -18.8498
-12.5584           -18.7406
-12.5553           -18.6313
-12.5521           -18.5221
-12.549           -18.4129
-12.5459           -18.3037
-12.5428           -18.1945
-12.5397           -18.0853
-12.5365           -17.9761
-12.5334           -17.8668
-12.5303           -17.7576
-12.5272           -17.6484
-12.5241           -17.5392
-12.5209           -17.43
-12.5178           -17.3208
-12.5147           -17.2115
-12.5116           -17.1023
-12.5085           -16.9931
-12.5053           -16.8839
-12.5022           -16.7747
-12.4991           -16.6655
-12.496           -16.5562
-12.4929           -16.447
-12.4897           -16.3378
-12.4866           -16.2286
-12.4835           -16.1194
-12.4804           -16.0102
-12.4773           -15.9009
-12.4741           -15.7917
-12.471           -15.6825
-12.4679           -15.5733
-12.4648           -15.4641
-12.4617           -15.3549
-12.4585           -15.2456
-12.4554           -15.1364
-12.4523           -15.0272
-12.4492           -14.918
-12.4461           -14.8088
-12.4429           -14.6996
-12.4398           -14.5903
-12.4367           -14.4811
-12.4336           -14.3719
-12.4304           -14.2627
-12.4273           -14.1535
-12.4242           -14.0443
-12.4211           -13.9351
-12.418           -13.8258
-12.4148           -13.7166
-12.4117           -13.6074
-12.4086           -13.4982
-12.4055           -13.389
-12.4024           -13.2798
-12.3992           -13.1705
-12.3961           -13.0613
-12.393           -12.9521
-12.3899           -12.8429
-12.3868           -12.7337
-12.3836           -12.6245
-12.3805           -12.5152
-12.3774           -12.406
-12.3743           -12.2968
-12.3712           -12.1876
-12.368           -12.0784
-12.3649           -11.9692
-12.3618           -11.8599
-12.3587           -11.7507
-12.3556           -11.6415
-12.3524           -11.5323
-12.3493           -11.4231
-12.3462           -11.3139
-12.3431           -11.2046
-12.34           -11.0954
-12.3368           -10.9862
-12.3337           -10.877
-12.3306           -10.7678
-12.3275           -10.6586
-12.3244           -10.5493
-12.3212           -10.4401
-12.3181           -10.3309
-12.315           -10.2217
-12.3119           -10.1125
-12.3088           -10.0033
-12.3056           -9.894
-12.3025           -9.7848
-12.2993           -9.6756
-12.2952           -9.5664
-12.2898           -9.4573
-12.2833           -9.3482
-12.2756           -9.2393
-12.2667           -9.1304
-12.2566           -9.0216
-12.2453           -8.9129
-12.2328           -8.8043
-12.2192           -8.6959
-12.2043           -8.5877
-12.1883           -8.4796
-12.1711           -8.3717
-12.1527           -8.264
-12.1332           -8.1565
-12.1125           -8.0492
-12.0906           -7.9422
-12.0675           -7.8354
-12.0433           -7.7289
-12.0179           -7.6226
-11.9913           -7.5166
-11.9636           -7.4109
-11.9347           -7.3055
-11.9047           -7.2005
-11.8736           -7.0958
-11.8413           -6.9914
-11.8078           -6.8874
-11.7732           -6.7837
-11.7375           -6.6805
-11.7007           -6.5776
-11.6627           -6.4751
-11.6237           -6.3731
-11.5835           -6.2715
-11.5422           -6.1703
-11.4998           -6.0696
-11.4563           -5.9694
-11.4117           -5.8697
-11.3661           -5.7704
-11.3193           -5.6717
-11.2715           -5.5734
-11.2226           -5.4757
-11.1726           -5.3785
-11.1216           -5.2819
-11.0695           -5.1859
-11.0164           -5.0904
-10.9622           -4.9955
-10.907           -4.9012
-10.8508           -4.8075
-10.7936           -4.7145
-10.7353           -4.622
-10.6761           -4.5302
-10.6158           -4.4391
-10.5545           -4.3486
-10.4923           -4.2588
-10.4291           -4.1697
-10.3649           -4.0813
-10.2998           -3.9936
-10.2337           -3.9066
-10.1666           -3.8203
-10.0986           -3.7348
-10.0297           -3.65
-9.9599           -3.566
-9.8891           -3.4827
-9.8174           -3.4002
-9.7449           -3.3185
-9.6714           -3.2377
-9.5971           -3.1576
-9.5219           -3.0783
-9.4459           -2.9999
-9.369           -2.9223
-9.2912           -2.8455
-9.2126           -2.7696
-9.1332           -2.6945
-9.053           -2.6204
-8.972           -2.5471
-8.8901           -2.4747
-8.8075           -2.4032
-8.7241           -2.3326
-8.64           -2.2629
-8.5546           -2.1947
-8.4678           -2.1283
-8.3795           -2.0639
-8.2899           -2.0015
-8.1989           -1.941
-8.1067           -1.8825
-8.0131           -1.826
-7.9184           -1.7716
-7.8225           -1.7192
-7.7254           -1.669
-7.6273           -1.6209
-7.5282           -1.575
-7.4281           -1.5312
-7.327           -1.4897
-7.2251           -1.4503
-7.1223           -1.4132
-7.0188           -1.3784
-6.9145           -1.3458
-6.8095           -1.3155
-6.7039           -1.2875
-6.5977           -1.2619
-6.491           -1.2385
-6.3838           -1.2175
-6.2761           -1.1988
-6.1681           -1.1825
-6.0597           -1.1686
-5.9511           -1.157
-5.8422           -1.1478
-5.7331           -1.141
-5.624           -1.1366
-5.5147           -1.1338
-5.4055           -1.1311
-5.2963           -1.1285
-5.1871           -1.1258
-5.0778           -1.1231
-4.9686           -1.1204
-4.8594           -1.1178
-4.7501           -1.1151
-4.6409           -1.1124
-4.5317           -1.1097
-4.4225           -1.1071
-4.3132           -1.1044
-4.204           -1.1017
-4.0948           -1.099
-3.9856           -1.0964
-3.8763           -1.0937
-3.7671           -1.091
-3.6579           -1.0883
-3.5486           -1.0856
-3.4394           -1.083
-3.3302           -1.0803
-3.221           -1.0776
-3.1117           -1.0749
-3.0025           -1.0723
-2.8933           -1.0696
-2.784           -1.0669
-2.6748           -1.0642
-2.5656           -1.0616
-2.4564           -1.0589
-2.3471           -1.0562
-2.2379           -1.0535
-2.1287           -1.0509
-2.0194           -1.0482
-1.9102           -1.0455
-1.801           -1.0428
-1.6918           -1.0402
-1.5825           -1.0375
-1.4733           -1.0348
-1.3641           -1.0321
-1.2548           -1.0294
-1.1456           -1.0268
-1.0364           -1.0241
-.9272           -1.0214
-.8179           -1.0187
-.7087           -1.0161
-.5995           -1.0134
-.4903           -1.0107
-.381           -1.008
-.2718           -1.0054
-.1626           -1.0027
-.0533           -1
.0559           -.9973
.1651           -.9947
.2743           -.992
.3836           -.9893
.4928           -.9866
.602           -.984
.7113           -.9813
.8205           -.9786
.9297           -.9759
1.0389           -.9732
1.1482           -.9706
1.2574           -.9679
1.3666           -.9652
1.4759           -.9625
1.5851           -.9599
1.6943           -.9572
1.8035           -.9545
1.9128           -.9518
2.022           -.9492
2.1312           -.9465
2.2404           -.9438
2.3497           -.9411
2.4589           -.9385
2.5681           -.9358
2.6774           -.9331
2.7866           -.9304
2.8958           -.9278
3.005           -.9251
3.1143           -.9224
3.2235           -.9197
3.3327           -.917
3.442           -.9144
3.5512           -.9117
3.6604           -.909
3.7696           -.9063
3.8789           -.9037
3.9881           -.901
4.0973           -.8983
4.2066           -.8956
4.3158           -.893
4.425           -.8903
4.5342           -.8876
4.6435           -.8849
4.7527           -.8823
4.8619           -.8796
4.9711           -.8769
5.0804           -.8742
5.1896           -.8715
5.2988           -.8689
5.4081           -.8662
5.5173           -.8635
5.6265           -.8608
5.7357           -.8582
5.845           -.8555
5.9542           -.8528
6.0634           -.8501
6.1727           -.8475
6.2819           -.8448
6.3911           -.8421
6.5003           -.8394
6.6096           -.8368
6.7188           -.8341
6.828           -.8314
6.9373           -.8287
7.0465           -.8261
7.1557           -.8234
7.2649           -.8207
7.3742           -.818
7.4834           -.8153
7.5926           -.8127
7.7019           -.81
7.8111           -.8073
7.9203           -.8046
8.0295           -.802
8.1388           -.7993
8.248           -.7966
8.3572           -.7939
8.4664           -.7913
8.5757           -.7886
8.6849           -.7859
8.7941           -.7832
8.9034           -.7806
9.0126           -.7779
9.1218           -.7752
9.231           -.7725
9.3403           -.7699
9.4495           -.7672
9.5587           -.7645
9.668           -.7618
9.7772           -.7591
9.8864           -.7565
9.9956           -.7538
10.1049           -.7511
10.2141           -.7484
10.3233           -.7458
10.4326           -.7431
10.5418           -.7404
10.651           -.7377
10.7602           -.7351
10.8695           -.7324
10.9787           -.7297
11.0879           -.727
11.1971           -.7244
11.3064           -.7217
11.4156           -.719
11.5248           -.7163
11.6341           -.7136
11.7433           -.711
11.8525           -.7083
11.9617           -.7056
12.071           -.7029
12.1802           -.7003
12.2894           -.6976
12.3987           -.6949
12.5079           -.6922
12.6171           -.6896
12.7263           -.6869
12.8356           -.6842
12.9448           -.6815
13.054           -.6789
13.1633           -.6762
13.2725           -.6735
13.3817           -.6708
13.4909           -.6682
13.6002           -.6655
13.7094           -.6628
13.8186           -.6601
13.9278           -.6574
14.0371           -.6548
14.1463           -.6521
14.2555           -.6494
14.3648           -.6467
14.474           -.6441
14.5832           -.6414
14.6924           -.6387
14.8017           -.636
14.9109           -.6334
15.0201           -.6307
15.1294           -.628
15.2386           -.6253
15.3478           -.6227
15.457           -.62
15.5663           -.6173
15.6755           -.6146
15.7847           -.612
15.894           -.6093
16.0032           -.6066
16.1124           -.6039
16.2216           -.6012
16.3309           -.5986
16.4401           -.5959
16.5493           -.5932
16.6585           -.5905
16.7678           -.5879
16.877           -.5852
16.9862           -.5825
17.0955           -.5798
17.2047           -.5772
17.3139           -.5745
17.4231           -.5718
17.5324           -.5691
17.6416           -.5665
17.7508           -.5638
17.8601           -.5611
17.9693           -.5584
18.0785           -.5557
18.1877           -.5531
18.297           -.5504
18.4062           -.5477
18.5154           -.545
18.6247           -.5424
18.7339           -.5397
18.8431           -.537
18.9523           -.5343
19.0616           -.5317
19.1708           -.529
19.28           -.5263
19.3893           -.5236
19.4985           -.521
19.6077           -.5183
19.7169           -.5156
19.8262           -.5129
19.9354           -.5103
20.0446           -.5076
20.1538           -.5049
20.2631           -.5022
20.3723           -.4995
20.4815           -.4969
20.5908           -.4942
20.7           -.4915
20.8092           -.4888
20.9184           -.4862
21.0277           -.4835
21.1369           -.4808
21.2461           -.4781
21.3554           -.4755
21.4646           -.4728
21.5738           -.4701
21.683           -.4674
21.7923           -.4648
21.9015           -.4621
22.0107           -.4594
22.12           -.4567
22.2292           -.4541
22.3384           -.4514
22.4476           -.4487
22.5569           -.446
22.6661           -.4433
22.7753           -.4407
22.8845           -.438
22.9938           -.4353
23.103           -.4326
23.2122           -.43
23.3215           -.4273
23.4307           -.4246
23.5399           -.4219
23.6491           -.4193
23.7584           -.4166
90.5876           -23
54.7541           0
40.7607           0
23.8676           -.4139
-12.6801           -23
