85.7675           -12.3924
85.7873           -12.498
85.8063           -12.6037
85.8244           -12.7096
85.8417           -12.8156
85.858           -12.9217
85.8735           -13.028
85.8881           -13.1344
85.9019           -13.2409
85.9147           -13.3476
85.9267           -13.4543
85.9378           -13.5611
85.948           -13.6681
85.9573           -13.7751
85.9657           -13.8821
85.9733           -13.9893
85.9799           -14.0965
85.9857           -14.2037
85.991           -14.311
85.9964           -14.4183
86.0018           -14.5255
86.0071           -14.6328
86.0125           -14.7401
86.0179           -14.8474
86.0232           -14.9546
86.0286           -15.0619
86.034           -15.1692
86.0393           -15.2764
86.0447           -15.3837
86.05           -15.491
86.0554           -15.5983
86.0608           -15.7055
86.0661           -15.8128
86.0715           -15.9201
86.0769           -16.0273
86.0822           -16.1346
86.0876           -16.2419
86.093           -16.3492
86.0983           -16.4564
86.1037           -16.5637
86.109           -16.671
86.1144           -16.7782
86.1198           -16.8855
86.1251           -16.9928
86.1305           -17.1001
86.1359           -17.2073
86.1412           -17.3146
86.1466           -17.4219
86.152           -17.5291
86.1573           -17.6364
86.1627           -17.7437
86.168           -17.851
86.1734           -17.9582
86.1788           -18.0655
86.1841           -18.1728
86.1895           -18.28
86.1949           -18.3873
86.2002           -18.4946
86.2056           -18.6019
86.211           -18.7091
86.2163           -18.8164
86.2217           -18.9237
86.227           -19.0309
86.2324           -19.1382
86.2378           -19.2455
86.2431           -19.3528
86.2485           -19.46
86.2539           -19.5673
86.2592           -19.6746
86.2646           -19.7818
86.27           -19.8891
86.2753           -19.9964
86.2807           -20.1037
86.286           -20.2109
86.2914           -20.3182
86.2968           -20.4255
86.3021           -20.5328
86.3075           -20.64
86.3129           -20.7473
86.3182           -20.8546
86.3236           -20.9618
86.329           -21.0691
86.3343           -21.1764
86.3397           -21.2837
86.345           -21.3909
86.3504           -21.4982
86.3558           -21.6055
86.3611           -21.7127
86.3665           -21.82
86.3719           -21.9273
86.3772           -22.0346
86.3826           -22.1418
86.388           -22.2491
86.3933           -22.3564
86.3987           -22.4636
86.404           -22.5709
86.4094           -22.6782
86.4148           -22.7855
86.4201           -22.8927
36.5818           -.0166
36.8328           -.0588
37.0799           -.1203
37.3269           -.1821
37.574           -.2438
37.821           -.3056
38.068           -.3674
38.3151           -.4291
38.5621           -.4909
38.8092           -.5526
39.0562           -.6144
39.3032           -.6762
39.5503           -.7379
39.7973           -.7997
40.0444           -.8614
40.2914           -.9232
40.5384           -.985
40.7855           -1.0467
41.0325           -1.1085
41.2796           -1.1702
41.5266           -1.232
41.7736           -1.2938
42.0207           -1.3555
42.2677           -1.4173
42.5148           -1.479
42.7618           -1.5408
43.0088           -1.6026
43.2559           -1.6643
43.5029           -1.7261
43.75           -1.7878
43.997           -1.8496
44.244           -1.9114
44.4911           -1.9731
44.7381           -2.0349
44.9852           -2.0966
45.2322           -2.1584
45.4792           -2.2202
45.7263           -2.2819
45.9733           -2.3437
46.2204           -2.4054
46.4674           -2.4672
46.7144           -2.529
46.9615           -2.5907
47.2085           -2.6525
47.4556           -2.7142
47.7026           -2.776
47.9496           -2.8378
48.1967           -2.8995
48.4437           -2.9613
48.6907           -3.023
48.9378           -3.0848
49.1848           -3.1466
49.4319           -3.2083
49.6789           -3.2701
49.9259           -3.3318
50.173           -3.3936
50.42           -3.4554
50.6671           -3.5171
50.9141           -3.5789
51.1611           -3.6406
51.4082           -3.7024
51.6552           -3.7642
51.9023           -3.8259
52.1493           -3.8877
52.3963           -3.9494
52.6434           -4.0112
52.8904           -4.073
53.1375           -4.1347
53.3845           -4.1965
53.6315           -4.2582
53.8786           -4.32
54.1256           -4.3818
54.3727           -4.4435
54.6197           -4.5053
54.8667           -4.567
55.1138           -4.6288
55.3608           -4.6906
55.6079           -4.7523
55.8549           -4.8141
56.1019           -4.8758
56.349           -4.9376
56.596           -4.9994
56.8431           -5.0611
57.0901           -5.1229
57.3371           -5.1846
57.5842           -5.2464
57.8312           -5.3082
58.0783           -5.3699
58.3253           -5.4317
58.5723           -5.4934
58.8194           -5.5552
59.0664           -5.617
59.3135           -5.6787
59.5605           -5.7405
59.8075           -5.8022
60.0546           -5.864
60.3016           -5.9258
60.5487           -5.9875
60.7957           -6.0493
61.0427           -6.111
61.2898           -6.1728
61.5368           -6.2346
61.7839           -6.2963
62.0309           -6.3581
62.2779           -6.4198
62.525           -6.4816
62.772           -6.5434
63.0191           -6.6051
63.2661           -6.6669
63.5131           -6.7286
63.7602           -6.7904
64.0072           -6.8522
64.2543           -6.9139
64.5013           -6.9757
64.7483           -7.0374
64.9954           -7.0992
65.2424           -7.161
65.4895           -7.2227
65.7365           -7.2845
65.9835           -7.3462
66.2306           -7.408
66.4776           -7.4698
66.7247           -7.5315
66.9717           -7.5933
67.2187           -7.655
67.4658           -7.7168
67.7128           -7.7786
67.9599           -7.8403
68.2069           -7.9021
68.4539           -7.9638
68.701           -8.0256
68.948           -8.0874
69.1951           -8.1491
69.4421           -8.2109
69.6891           -8.2726
69.9362           -8.3344
70.1832           -8.3962
70.4303           -8.4579
70.6773           -8.5197
70.9243           -8.5814
71.1714           -8.6432
71.4184           -8.705
71.6655           -8.7667
71.9125           -8.8285
72.1595           -8.8902
72.4066           -8.952
72.6536           -9.0138
72.9007           -9.0755
73.1477           -9.1373
73.3947           -9.199
73.6418           -9.2608
73.8888           -9.3226
74.1359           -9.3843
74.3829           -9.4461
74.6299           -9.5078
74.877           -9.5696
75.124           -9.6314
75.3711           -9.6931
75.6181           -9.7549
75.8651           -9.8166
76.1122           -9.8784
76.3592           -9.9402
76.6063           -10.0019
76.8533           -10.0637
77.1003           -10.1254
77.3474           -10.1872
77.5944           -10.249
77.8415           -10.3107
78.0885           -10.3725
78.3355           -10.4342
78.5826           -10.496
78.8296           -10.5578
79.0767           -10.6195
79.3237           -10.6813
79.5707           -10.743
79.8178           -10.8048
80.0648           -10.8666
80.3119           -10.9283
80.5589           -10.9901
80.8059           -11.0518
81.053           -11.1136
81.3           -11.1754
81.5471           -11.2371
81.7941           -11.2989
82.0411           -11.3606
82.2882           -11.4224
82.5352           -11.4842
82.7823           -11.5459
83.0293           -11.6077
83.2763           -11.6694
83.5234           -11.7312
83.7704           -11.793
84.0175           -11.8547
84.2645           -11.9165
84.5115           -11.9782
84.7586           -12.04
85.0056           -12.1018
85.2527           -12.1635
85.4997           -12.2253
36.2444           -.0087
36.1613           -.0107
36.0782           -.0127
35.9951           -.0148
35.912           -.0168
35.8289           -.0189
35.7458           -.0209
35.6627           -.0229
35.5796           -.025
35.4965           -.027
35.4133           -.029
35.3302           -.0311
35.2471           -.0331
35.164           -.0351
35.0809           -.0372
34.9978           -.0392
34.9147           -.0413
34.8316           -.0433
34.7485           -.0453
34.6653           -.0474
34.5822           -.0494
34.4991           -.0514
34.416           -.0535
34.3329           -.0555
34.2498           -.0575
34.1667           -.0596
34.0836           -.0616
34.0005           -.0637
33.9174           -.0657
33.8342           -.0677
33.7511           -.0698
33.668           -.0718
33.5849           -.0738
33.5018           -.0759
33.4187           -.0779
33.3356           -.0799
33.2525           -.082
33.1694           -.084
33.0863           -.0861
33.0031           -.0881
32.92           -.0901
32.8369           -.0922
32.7538           -.0942
32.6707           -.0962
32.5876           -.0983
32.5045           -.1003
32.4214           -.1023
32.3383           -.1044
32.2552           -.1064
32.172           -.1085
32.0889           -.1105
32.0058           -.1125
31.9227           -.1146
31.8396           -.1166
31.7565           -.1186
31.6734           -.1207
31.5903           -.1227
31.5072           -.1247
31.424           -.1268
31.3409           -.1288
31.2578           -.1309
31.1747           -.1329
31.0916           -.1349
31.0085           -.137
30.9254           -.139
30.8423           -.141
30.7592           -.1431
30.6761           -.1451
30.5929           -.1471
30.5098           -.1492
30.4267           -.1512
30.3436           -.1533
30.2605           -.1553
30.1774           -.1573
30.0943           -.1594
30.0112           -.1614
29.9281           -.1634
29.845           -.1655
29.7618           -.1675
29.6787           -.1695
29.5956           -.1716
29.5125           -.1736
29.4294           -.1757
29.3463           -.1777
29.2632           -.1797
29.1801           -.1818
29.097           -.1838
29.0138           -.1858
28.9307           -.1879
28.8476           -.1899
28.7645           -.1919
28.6814           -.194
28.5983           -.196
28.5152           -.1981
28.4321           -.2001
28.349           -.2021
28.2659           -.2042
28.1827           -.2062
28.0996           -.2082
28.0165           -.2103
27.9334           -.2123
27.8503           -.2143
27.7672           -.2164
27.6841           -.2184
27.601           -.2205
27.5179           -.2225
27.4348           -.2245
27.3516           -.2266
27.2685           -.2286
27.1854           -.2306
27.1023           -.2327
27.0192           -.2347
26.9361           -.2367
26.853           -.2388
26.7699           -.2408
26.6868           -.2429
26.6037           -.2449
26.5205           -.2469
26.4374           -.249
26.3543           -.251
26.2712           -.253
26.1881           -.2551
26.105           -.2571
26.0219           -.2591
25.9388           -.2612
25.8557           -.2632
25.7725           -.2653
25.6894           -.2673
25.6063           -.2693
25.5232           -.2714
25.4401           -.2734
25.357           -.2754
25.2739           -.2775
25.1908           -.2795
25.1077           -.2815
25.0246           -.2836
24.9414           -.2856
24.8583           -.2877
24.7752           -.2897
24.6921           -.2917
24.609           -.2938
24.5259           -.2958
24.4428           -.2978
24.3597           -.2999
24.2766           -.3019
24.1935           -.3039
24.1103           -.306
24.0272           -.308
23.9441           -.3101
23.861           -.3121
23.7779           -.3141
23.6948           -.3162
23.6117           -.3182
23.5286           -.3202
23.4455           -.3223
23.3624           -.3243
23.2792           -.3263
23.1961           -.3284
23.113           -.3304
23.0299           -.3325
22.9468           -.3345
22.8637           -.3365
22.7806           -.3386
22.6975           -.3406
22.6144           -.3426
22.5312           -.3447
22.4481           -.3467
22.365           -.3487
22.2819           -.3508
22.1988           -.3528
22.1157           -.3549
22.0326           -.3569
21.9495           -.3589
21.8664           -.361
21.7833           -.363
21.7001           -.365
21.617           -.3671
21.5339           -.3691
21.4508           -.3711
21.3677           -.3732
21.2846           -.3752
21.2015           -.3773
21.1184           -.3793
21.0353           -.3813
20.9522           -.3834
20.869           -.3854
20.7859           -.3874
20.7028           -.3895
20.6197           -.3915
20.5366           -.3935
20.4535           -.3956
20.3704           -.3976
20.2873           -.3997
20.2042           -.4017
20.1211           -.4037
20.0379           -.4058
19.9548           -.4078
19.8717           -.4098
19.7886           -.4119
-16.8391           -22.8908
-16.8359           -22.7816
-16.8328           -22.6724
-16.8297           -22.5631
-16.8266           -22.4539
-16.8235           -22.3447
-16.8203           -22.2355
-16.8172           -22.1263
-16.8141           -22.0171
-16.811           -21.9078
-16.8079           -21.7986
-16.8047           -21.6894
-16.8016           -21.5802
-16.7985           -21.471
-16.7954           -21.3618
-16.7923           -21.2525
-16.7891           -21.1433
-16.786           -21.0341
-16.7829           -20.9249
-16.7798           -20.8157
-16.7767           -20.7065
-16.7735           -20.5972
-16.7704           -20.488
-16.7673           -20.3788
-16.7642           -20.2696
-16.7611           -20.1604
-16.7579           -20.0512
-16.7548           -19.9419
-16.7517           -19.8327
-16.7486           -19.7235
-16.7455           -19.6143
-16.7423           -19.5051
-16.7392           -19.3959
-16.7361           -19.2866
-16.733           -19.1774
-16.7299           -19.0682
-16.7267           -18.959
-16.7236           -18.8498
-16.7205           -18.7406
-16.7174           -18.6313
-16.7142           -18.5221
-16.7111           -18.4129
-16.708           -18.3037
-16.7049           -18.1945
-16.7018           -18.0853
-16.6986           -17.9761
-16.6955           -17.8668
-16.6924           -17.7576
-16.6893           -17.6484
-16.6862           -17.5392
-16.683           -17.43
-16.6799           -17.3208
-16.6768           -17.2115
-16.6737           -17.1023
-16.6706           -16.9931
-16.6674           -16.8839
-16.6643           -16.7747
-16.6612           -16.6655
-16.6581           -16.5562
-16.655           -16.447
-16.6518           -16.3378
-16.6487           -16.2286
-16.6456           -16.1194
-16.6425           -16.0102
-16.6394           -15.9009
-16.6362           -15.7917
-16.6331           -15.6825
-16.63           -15.5733
-16.6269           -15.4641
-16.6238           -15.3549
-16.6206           -15.2456
-16.6175           -15.1364
-16.6144           -15.0272
-16.6113           -14.918
-16.6082           -14.8088
-16.605           -14.6996
-16.6019           -14.5903
-16.5988           -14.4811
-16.5957           -14.3719
-16.5925           -14.2627
-16.5894           -14.1535
-16.5863           -14.0443
-16.5832           -13.9351
-16.5801           -13.8258
-16.5769           -13.7166
-16.5738           -13.6074
-16.5707           -13.4982
-16.5676           -13.389
-16.5645           -13.2798
-16.5613           -13.1705
-16.5582           -13.0613
-16.5551           -12.9521
-16.552           -12.8429
-16.5489           -12.7337
-16.5457           -12.6245
-16.5426           -12.5152
-16.5395           -12.406
-16.5364           -12.2968
-16.5333           -12.1876
-16.5301           -12.0784
-16.527           -11.9692
-16.5239           -11.8599
-16.5208           -11.7507
-16.5177           -11.6415
-16.5145           -11.5323
-16.5114           -11.4231
-16.5083           -11.3139
-16.5052           -11.2046
-16.5021           -11.0954
-16.4989           -10.9862
-16.4958           -10.877
-16.4927           -10.7678
-16.4896           -10.6586
-16.4865           -10.5493
-16.4833           -10.4401
-16.4802           -10.3309
-16.4771           -10.2217
-16.474           -10.1125
-16.4709           -10.0033
-16.4677           -9.894
-16.4646           -9.7848
-16.4614           -9.6756
-16.4573           -9.5664
-16.4519           -9.4573
-16.4454           -9.3482
-16.4377           -9.2393
-16.4288           -9.1304
-16.4187           -9.0216
-16.4074           -8.9129
-16.3949           -8.8043
-16.3813           -8.6959
-16.3664           -8.5877
-16.3504           -8.4796
-16.3332           -8.3717
-16.3148           -8.264
-16.2953           -8.1565
-16.2746           -8.0492
-16.2527           -7.9422
-16.2296           -7.8354
-16.2054           -7.7289
-16.18           -7.6226
-16.1534           -7.5166
-16.1257           -7.4109
-16.0968           -7.3055
-16.0668           -7.2005
-16.0357           -7.0958
-16.0034           -6.9914
-15.9699           -6.8874
-15.9353           -6.7837
-15.8996           -6.6805
-15.8628           -6.5776
-15.8248           -6.4751
-15.7858           -6.3731
-15.7456           -6.2715
-15.7043           -6.1703
-15.6619           -6.0696
-15.6184           -5.9694
-15.5738           -5.8697
-15.5282           -5.7704
-15.4814           -5.6717
-15.4336           -5.5734
-15.3847           -5.4757
-15.3347           -5.3785
-15.2837           -5.2819
-15.2316           -5.1859
-15.1785           -5.0904
-15.1243           -4.9955
-15.0691           -4.9012
-15.0129           -4.8075
-14.9557           -4.7145
-14.8974           -4.622
-14.8382           -4.5302
-14.7779           -4.4391
-14.7166           -4.3486
-14.6544           -4.2588
-14.5912           -4.1697
-14.527           -4.0813
-14.4619           -3.9936
-14.3958           -3.9066
-14.3287           -3.8203
-14.2607           -3.7348
-14.1918           -3.65
-14.122           -3.566
-14.0512           -3.4827
-13.9795           -3.4002
-13.907           -3.3185
-13.8335           -3.2377
-13.7592           -3.1576
-13.684           -3.0783
-13.608           -2.9999
-13.5311           -2.9223
-13.4533           -2.8455
-13.3747           -2.7696
-13.2953           -2.6945
-13.2151           -2.6204
-13.1341           -2.5471
-13.0522           -2.4747
-12.9696           -2.4032
-12.8862           -2.3326
-12.8021           -2.2629
-12.7167           -2.1947
-12.6299           -2.1283
-12.5416           -2.0639
-12.452           -2.0015
-12.361           -1.941
-12.2688           -1.8825
-12.1752           -1.826
-12.0805           -1.7716
-11.9846           -1.7192
-11.8875           -1.669
-11.7894           -1.6209
-11.6903           -1.575
-11.5902           -1.5312
-11.4891           -1.4897
-11.3872           -1.4503
-11.2844           -1.4132
-11.1809           -1.3784
-11.0766           -1.3458
-10.9716           -1.3155
-10.866           -1.2875
-10.7598           -1.2619
-10.6531           -1.2385
-10.5459           -1.2175
-10.4382           -1.1988
-10.3302           -1.1825
-10.2218           -1.1686
-10.1132           -1.157
-10.0043           -1.1478
-9.8952           -1.141
-9.7861           -1.1366
-9.6768           -1.1338
-9.5676           -1.1311
-9.4584           -1.1285
-9.3492           -1.1258
-9.2399           -1.1231
-9.1307           -1.1204
-9.0215           -1.1178
-8.9122           -1.1151
-8.803           -1.1124
-8.6938           -1.1097
-8.5846           -1.1071
-8.4753           -1.1044
-8.3661           -1.1017
-8.2569           -1.099
-8.1477           -1.0964
-8.0384           -1.0937
-7.9292           -1.091
-7.82           -1.0883
-7.7107           -1.0856
-7.6015           -1.083
-7.4923           -1.0803
-7.3831           -1.0776
-7.2738           -1.0749
-7.1646           -1.0723
-7.0554           -1.0696
-6.9461           -1.0669
-6.8369           -1.0642
-6.7277           -1.0616
-6.6185           -1.0589
-6.5092           -1.0562
-6.4           -1.0535
-6.2908           -1.0509
-6.1815           -1.0482
-6.0723           -1.0455
-5.9631           -1.0428
-5.8539           -1.0402
-5.7446           -1.0375
-5.6354           -1.0348
-5.5262           -1.0321
-5.4169           -1.0294
-5.3077           -1.0268
-5.1985           -1.0241
-5.0893           -1.0214
-4.98           -1.0187
-4.8708           -1.0161
-4.7616           -1.0134
-4.6524           -1.0107
-4.5431           -1.008
-4.4339           -1.0054
-4.3247           -1.0027
-4.2154           -1
-4.1062           -.9973
-3.997           -.9947
-3.8878           -.992
-3.7785           -.9893
-3.6693           -.9866
-3.5601           -.984
-3.4508           -.9813
-3.3416           -.9786
-3.2324           -.9759
-3.1232           -.9732
-3.0139           -.9706
-2.9047           -.9679
-2.7955           -.9652
-2.6862           -.9625
-2.577           -.9599
-2.4678           -.9572
-2.3586           -.9545
-2.2493           -.9518
-2.1401           -.9492
-2.0309           -.9465
-1.9217           -.9438
-1.8124           -.9411
-1.7032           -.9385
-1.594           -.9358
-1.4847           -.9331
-1.3755           -.9304
-1.2663           -.9278
-1.1571           -.9251
-1.0478           -.9224
-.9386           -.9197
-.8294           -.917
-.7201           -.9144
-.6109           -.9117
-.5017           -.909
-.3925           -.9063
-.2832           -.9037
-.174           -.901
-.0648           -.8983
.0445           -.8956
.1537           -.893
.2629           -.8903
.3721           -.8876
.4814           -.8849
.5906           -.8823
.6998           -.8796
.809           -.8769
.9183           -.8742
1.0275           -.8715
1.1367           -.8689
1.246           -.8662
1.3552           -.8635
1.4644           -.8608
1.5736           -.8582
1.6829           -.8555
1.7921           -.8528
1.9013           -.8501
2.0106           -.8475
2.1198           -.8448
2.229           -.8421
2.3382           -.8394
2.4475           -.8368
2.5567           -.8341
2.6659           -.8314
2.7752           -.8287
2.8844           -.8261
2.9936           -.8234
3.1028           -.8207
3.2121           -.818
3.3213           -.8153
3.4305           -.8127
3.5398           -.81
3.649           -.8073
3.7582           -.8046
3.8674           -.802
3.9767           -.7993
4.0859           -.7966
4.1951           -.7939
4.3043           -.7913
4.4136           -.7886
4.5228           -.7859
4.632           -.7832
4.7413           -.7806
4.8505           -.7779
4.9597           -.7752
5.0689           -.7725
5.1782           -.7699
5.2874           -.7672
5.3966           -.7645
5.5059           -.7618
5.6151           -.7591
5.7243           -.7565
5.8335           -.7538
5.9428           -.7511
6.052           -.7484
6.1612           -.7458
6.2705           -.7431
6.3797           -.7404
6.4889           -.7377
6.5981           -.7351
6.7074           -.7324
6.8166           -.7297
6.9258           -.727
7.035           -.7244
7.1443           -.7217
7.2535           -.719
7.3627           -.7163
7.472           -.7136
7.5812           -.711
7.6904           -.7083
7.7996           -.7056
7.9089           -.7029
8.0181           -.7003
8.1273           -.6976
8.2366           -.6949
8.3458           -.6922
8.455           -.6896
8.5642           -.6869
8.6735           -.6842
8.7827           -.6815
8.8919           -.6789
9.0012           -.6762
9.1104           -.6735
9.2196           -.6708
9.3288           -.6682
9.4381           -.6655
9.5473           -.6628
9.6565           -.6601
9.7657           -.6574
9.875           -.6548
9.9842           -.6521
10.0934           -.6494
10.2027           -.6467
10.3119           -.6441
10.4211           -.6414
10.5303           -.6387
10.6396           -.636
10.7488           -.6334
10.858           -.6307
10.9673           -.628
11.0765           -.6253
11.1857           -.6227
11.2949           -.62
11.4042           -.6173
11.5134           -.6146
11.6226           -.612
11.7319           -.6093
11.8411           -.6066
11.9503           -.6039
12.0595           -.6012
12.1688           -.5986
12.278           -.5959
12.3872           -.5932
12.4964           -.5905
12.6057           -.5879
12.7149           -.5852
12.8241           -.5825
12.9334           -.5798
13.0426           -.5772
13.1518           -.5745
13.261           -.5718
13.3703           -.5691
13.4795           -.5665
13.5887           -.5638
13.698           -.5611
13.8072           -.5584
13.9164           -.5557
14.0256           -.5531
14.1349           -.5504
14.2441           -.5477
14.3533           -.545
14.4626           -.5424
14.5718           -.5397
14.681           -.537
14.7902           -.5343
14.8995           -.5317
15.0087           -.529
15.1179           -.5263
15.2272           -.5236
15.3364           -.521
15.4456           -.5183
15.5548           -.5156
15.6641           -.5129
15.7733           -.5103
15.8825           -.5076
15.9917           -.5049
16.101           -.5022
16.2102           -.4995
16.3194           -.4969
16.4287           -.4942
16.5379           -.4915
16.6471           -.4888
16.7563           -.4862
16.8656           -.4835
16.9748           -.4808
17.084           -.4781
17.1933           -.4755
17.3025           -.4728
17.4117           -.4701
17.5209           -.4674
17.6302           -.4648
17.7394           -.4621
17.8486           -.4594
17.9579           -.4567
18.0671           -.4541
18.1763           -.4514
18.2855           -.4487
18.3948           -.446
18.504           -.4433
18.6132           -.4407
18.7224           -.438
18.8317           -.4353
18.9409           -.4326
19.0501           -.43
19.1594           -.4273
19.2686           -.4246
19.3778           -.4219
19.487           -.4193
19.5963           -.4166
86.4255           -23
85.7467           -12.287
36.3276           -.0066
19.7055           -.4139
-16.8422           -23
